% f evaluations | g evaluations | best noise-free fitness - Fopt (-4.620900000000e+002) + sum g_i+ | measured fitness | best measured fitness or single-digit g-values | x1 | x2...
1 0 +1.181909657e+002 -3.438990343e+002 -3.438990343e+002 +0.0000e+000 +0.0000e+000 +0.0000e+000 +0.0000e+000 +0.0000e+000
66 0 +1.039412420e+002 -3.581487580e+002 -3.581487580e+002 -3.0108e+000 +1.2532e+000 -2.3375e-001 +1.3828e+000 +2.2417e+000
92 0 +1.021205217e+002 -3.599694783e+002 -3.599694783e+002 +2.2908e+000 +4.0992e+000 -1.7391e-001 +2.8661e+000 +8.0899e-001
184 0 +8.312032133e+001 -3.789696787e+002 -3.789696787e+002 +1.2091e+000 -5.8843e-002 +1.2594e+000 +1.6147e+000 +5.7833e-001
248 0 +6.559012629e+001 -3.964998737e+002 -3.964998737e+002 +2.2497e+000 +1.3079e+000 +1.5758e+000 +1.1063e+000 +4.0199e-001
263 0 +5.747868638e+001 -4.046113136e+002 -4.046113136e+002 +9.3882e-001 -8.5155e-002 +1.1581e+000 +1.5888e+000 +1.3108e+000
293 0 +3.488159406e+001 -4.272084059e+002 -4.272084059e+002 -2.7598e+000 +2.2760e+000 +2.1318e+000 +1.1301e+000 +2.2560e+000
768 0 +2.838102323e+001 -4.337089768e+002 -4.337089768e+002 -1.7706e+000 +3.1060e+000 +1.6163e+000 +7.5803e-001 +1.6478e+000
918 0 +2.250895793e+001 -4.395810421e+002 -4.395810421e+002 +5.0802e-001 +3.5755e+000 +2.2183e+000 +1.6064e+000 +1.9685e+000
1154 0 +2.173024582e+001 -4.403597542e+002 -4.403597542e+002 -6.0362e-001 +3.1351e+000 +2.2031e+000 +3.7489e-001 +1.5876e+000
1865 0 +2.038174457e+001 -4.417082554e+002 -4.417082554e+002 -6.0491e-001 +3.1341e+000 +2.2028e+000 +3.5821e-001 +1.5825e+000
1965 0 +1.950650587e+001 -4.425834941e+002 -4.425834941e+002 -6.3551e-001 +3.1220e+000 +2.2017e+000 +3.5928e-001 +1.5800e+000
2063 0 +1.906931137e+001 -4.430206886e+002 -4.430206886e+002 -6.8496e-001 +3.1298e+000 +2.2017e+000 +3.1767e-001 +1.5623e+000
2196 0 +1.847301182e+001 -4.436169882e+002 -4.436169882e+002 -7.5791e-001 +3.0830e+000 +2.1884e+000 +3.6191e-001 +1.5914e+000
2252 0 +1.749638908e+001 -4.445936109e+002 -4.445936109e+002 -7.2491e-001 +3.0822e+000 +2.2096e+000 +3.5343e-001 +1.5839e+000
2553 0 +1.707271695e+001 -4.450172831e+002 -4.450172831e+002 -7.4267e-001 +3.0705e+000 +2.2113e+000 +3.3655e-001 +1.5816e+000
2728 0 +1.627071862e+001 -4.458192814e+002 -4.458192814e+002 -7.2577e-001 +3.0444e+000 +2.2040e+000 +3.3333e-001 +1.5907e+000
2802 0 +1.601960696e+001 -4.460703930e+002 -4.460703930e+002 -7.1347e-001 +3.0401e+000 +2.1986e+000 +3.3188e-001 +1.5958e+000
2828 0 +1.571635023e+001 -4.463736498e+002 -4.463736498e+002 -7.2497e-001 +3.0496e+000 +2.2007e+000 +3.1728e-001 +1.5990e+000
3253 0 +1.529601001e+001 -4.467939900e+002 -4.467939900e+002 -7.0955e-001 +3.0681e+000 +2.2085e+000 +3.1811e-001 +1.6045e+000
3862 0 +1.511498276e+001 -4.469750172e+002 -4.469750172e+002 -7.0291e-001 +3.1329e+000 +2.1997e+000 +3.1872e-001 +1.6131e+000
% f evaluations | g evaluations | best noise-free fitness - Fopt (7.766000000000e+001) + sum g_i+ | measured fitness | best measured fitness or single-digit g-values | x1 | x2...
1 0 +1.918840342e+002 +2.695440342e+002 +2.695440342e+002 +0.0000e+000 +0.0000e+000 +0.0000e+000 +0.0000e+000 +0.0000e+000
3 0 +1.298351075e+002 +2.074951075e+002 +2.074951075e+002 -4.8027e-001 +2.0837e+000 -6.1908e-001 +4.8333e+000 +1.1043e+000
14 0 +1.083851348e+002 +1.860451348e+002 +1.860451348e+002 +2.2832e+000 -4.1995e+000 +3.4662e-001 +2.7052e+000 +2.5739e+000
83 0 +9.566951896e+001 +1.733295190e+002 +1.733295190e+002 -5.3363e-001 -2.9902e+000 -7.2932e-001 +3.7682e+000 +2.6537e+000
223 0 +8.942424655e+001 +1.670842465e+002 +1.670842465e+002 -4.8127e-001 -3.0368e+000 -7.4325e-001 +3.6737e+000 +2.6270e+000
235 0 +6.491988568e+001 +1.425798857e+002 +1.425798857e+002 +2.6702e+000 -1.6442e+000 +1.0244e-001 +3.0732e+000 +2.0604e+000
331 0 +3.711444818e+001 +1.147744482e+002 +1.147744482e+002 +1.3141e+000 +4.1058e-001 +1.4356e+000 +2.4358e+000 +1.5094e+000
531 0 +2.945939357e+001 +1.071193936e+002 +1.071193936e+002 +6.7255e-001 -7.3550e-001 +7.3411e-001 +2.7653e+000 +2.1662e+000
752 0 +2.244622488e+001 +1.001062249e+002 +1.001062249e+002 +2.3872e+000 -1.3280e-001 -3.7805e-001 +2.8460e+000 +2.1815e+000
856 0 +2.066304359e+001 +9.832304359e+001 +9.832304359e+001 +2.5040e+000 -7.7413e-001 +6.4420e-001 +2.4564e+000 +1.7232e+000
1480 0 +1.574666542e+001 +9.340666542e+001 +9.340666542e+001 +2.2996e+000 -1.7764e-001 +7.2004e-001 +2.4605e+000 +1.7400e+000
1854 0 +1.388136029e+001 +9.154136029e+001 +9.154136029e+001 +2.2871e+000 -1.7132e-001 +7.1820e-001 +2.4475e+000 +1.7633e+000
1949 0 +1.289145503e+001 +9.055145503e+001 +9.055145503e+001 +2.3629e+000 -2.1552e-001 +6.3154e-001 +2.4554e+000 +1.7620e+000
2102 0 +1.279250570e+001 +9.045250570e+001 +9.045250570e+001 +2.3800e+000 -1.8993e-001 +6.1147e-001 +2.4547e+000 +1.7668e+000
2193 0 +1.255485888e+001 +9.021485888e+001 +9.021485888e+001 +2.3485e+000 -2.2235e-001 +6.7617e-001 +2.4468e+000 +1.7580e+000
2202 0 +1.213923133e+001 +8.979923133e+001 +8.979923133e+001 +2.3815e+000 -2.1801e-001 +6.8069e-001 +2.4451e+000 +1.7552e+000
2246 0 +1.146083751e+001 +8.912083751e+001 +8.912083751e+001 +2.3965e+000 -1.3832e-001 +6.9503e-001 +2.4590e+000 +1.7626e+000
2356 0 +1.100290196e+001 +8.866290196e+001 +8.866290196e+001 +2.3852e+000 -1.4864e-001 +6.7322e-001 +2.4435e+000 +1.7603e+000
2499 0 +1.092074373e+001 +8.858074373e+001 +8.858074373e+001 +2.3820e+000 -1.4258e-001 +6.5418e-001 +2.4443e+000 +1.7881e+000
2593 0 +1.069262961e+001 +8.835262961e+001 +8.835262961e+001 +2.3950e+000 -1.3325e-001 +6.8418e-001 +2.4483e+000 +1.7683e+000
2894 0 +1.040412522e+001 +8.806412522e+001 +8.806412522e+001 +2.3994e+000 -1.0209e-001 +6.9107e-001 +2.4431e+000 +1.7787e+000
2908 0 +1.020768892e+001 +8.786768892e+001 +8.786768892e+001 +2.3840e+000 -7.4829e-002 +6.7248e-001 +2.4404e+000 +1.7716e+000
3700 0 +9.993324687e+000 +8.765332469e+001 +8.765332469e+001 +2.3921e+000 -3.8065e-002 +6.8664e-001 +2.4419e+000 +1.7759e+000
% f evaluations | g evaluations | best noise-free fitness - Fopt (1.156800000000e+002) + sum g_i+ | measured fitness | best measured fitness or single-digit g-values | x1 | x2...
1 0 +2.457187506e+002 +3.613987506e+002 +3.613987506e+002 +0.0000e+000 +0.0000e+000 +0.0000e+000 +0.0000e+000 +0.0000e+000
12 0 +1.658854117e+002 +2.815654117e+002 +2.815654117e+002 -3.0435e+000 +5.1486e-001 +7.6055e-003 +3.0553e+000 +3.2555e-001
14 0 +9.247749321e+001 +2.081574932e+002 +2.081574932e+002 +1.7895e+000 -6.3859e-001 -1.5814e+000 +2.8478e+000 +3.5402e+000
72 0 +6.931407835e+001 +1.849940783e+002 +1.849940783e+002 +1.0022e+000 +2.0861e+000 -1.9380e+000 +2.5969e+000 +3.4007e+000
385 0 +6.835311346e+001 +1.840331135e+002 +1.840331135e+002 +1.3124e+000 +1.7885e+000 -2.5329e+000 +3.5802e+000 +3.3025e+000
440 0 +6.458913585e+001 +1.802691359e+002 +1.802691359e+002 +6.3981e-001 +1.9485e+000 -2.0524e+000 +3.4046e+000 +3.2618e+000
461 0 +6.311047533e+001 +1.787904753e+002 +1.787904753e+002 +2.1399e+000 +7.4346e-001 -9.8282e-001 +2.9837e+000 +2.5729e+000
519 0 +5.992750265e+001 +1.756075026e+002 +1.756075026e+002 +5.0985e-001 +7.6484e-001 -5.5630e-001 +2.9304e+000 +3.2518e+000
569 0 +3.942547607e+001 +1.551054761e+002 +1.551054761e+002 +1.0158e+000 -1.1616e+000 +1.4977e-001 +3.4503e+000 +3.3607e+000
649 0 +3.540426213e+001 +1.510842621e+002 +1.510842621e+002 +1.1088e+000 +2.5066e-001 -8.7393e-002 +2.6802e+000 +3.6086e+000
862 0 +2.266094160e+001 +1.383409416e+002 +1.383409416e+002 +2.1587e+000 -9.7485e-001 -3.2560e-001 +2.6197e+000 +2.6987e+000
1041 0 +2.101323339e+001 +1.366932334e+002 +1.366932334e+002 +2.1698e+000 -1.0320e+000 -2.6115e-001 +2.5945e+000 +2.6669e+000
1419 0 +1.922832881e+001 +1.349083288e+002 +1.349083288e+002 +1.0751e+000 -9.4668e-001 +1.1321e-001 +3.0457e+000 +3.2820e+000
1619 0 +1.858467067e+001 +1.342646707e+002 +1.342646707e+002 +1.0639e+000 -9.4857e-001 +1.1782e-001 +3.0511e+000 +3.2881e+000
2067 0 +1.656827650e+001 +1.322482765e+002 +1.322482765e+002 +1.1322e+000 -9.9506e-001 +1.1614e-001 +3.0474e+000 +3.2665e+000
2115 0 +1.609470988e+001 +1.317747099e+002 +1.317747099e+002 +1.1954e+000 -1.0190e+000 +2.3205e-001 +2.9649e+000 +3.2948e+000
2169 0 +1.268095342e+001 +1.283609534e+002 +1.283609534e+002 +1.1366e+000 -9.9531e-001 +1.1740e-001 +3.0690e+000 +3.2862e+000
2370 0 +1.134834661e+001 +1.270283466e+002 +1.270283466e+002 +1.1612e+000 -1.0223e+000 +1.3402e-001 +3.1226e+000 +3.3123e+000
2423 0 +1.074826000e+001 +1.264282600e+002 +1.264282600e+002 +1.1478e+000 -1.0166e+000 +1.4071e-001 +3.1297e+000 +3.3068e+000
2515 0 +1.059857220e+001 +1.262785722e+002 +1.262785722e+002 +1.3040e+000 -1.0300e+000 +1.6873e-001 +3.0855e+000 +3.2932e+000
2569 0 +9.726054373e+000 +1.254060544e+002 +1.254060544e+002 +1.1459e+000 -9.9517e-001 +1.3936e-001 +3.1146e+000 +3.3064e+000
2669 0 +8.973252699e+000 +1.246532527e+002 +1.246532527e+002 +1.1432e+000 -9.7003e-001 +1.4333e-001 +3.1079e+000 +3.3090e+000
2715 0 +6.309963740e+000 +1.219899637e+002 +1.219899637e+002 +1.2118e+000 -9.7037e-001 +1.6057e-001 +3.0731e+000 +3.3021e+000
2781 0 +5.272858248e+000 +1.209528582e+002 +1.209528582e+002 +1.1650e+000 -1.0349e+000 +1.9039e-001 +3.0910e+000 +3.3077e+000
2823 0 +4.472192172e+000 +1.201521922e+002 +1.201521922e+002 +1.1321e+000 -1.0496e+000 +2.4595e-001 +3.0975e+000 +3.2956e+000
2924 0 +4.049624801e+000 +1.197296248e+002 +1.197296248e+002 +1.1378e+000 -1.0291e+000 +2.2281e-001 +3.0983e+000 +3.2997e+000
3226 0 +3.252572239e+000 +1.189325722e+002 +1.189325722e+002 +1.1705e+000 -1.0240e+000 +2.1711e-001 +3.0865e+000 +3.2993e+000
3377 0 +3.179084319e+000 +1.188590843e+002 +1.188590843e+002 +1.1645e+000 -1.0281e+000 +2.2383e-001 +3.0863e+000 +3.2956e+000
3388 0 +2.423553994e+000 +1.181035540e+002 +1.181035540e+002 +1.2090e+000 -9.9205e-001 +2.4074e-001 +3.0878e+000 +3.2884e+000
3475 0 +2.097513028e+000 +1.177775130e+002 +1.177775130e+002 +1.1867e+000 -9.9303e-001 +2.3795e-001 +3.0922e+000 +3.2915e+000
3888 0 +2.083726569e+000 +1.177637266e+002 +1.177637266e+002 +1.1935e+000 -9.7551e-001 +2.4448e-001 +3.0926e+000 +3.2959e+000
4103 0 +2.027287691e+000 +1.177072877e+002 +1.177072877e+002 +1.1869e+000 -9.8983e-001 +2.4368e-001 +3.0912e+000 +3.2935e+000
4690 0 +1.995219728e+000 +1.176752197e+002 +1.176752197e+002 +1.1829e+000 -9.8270e-001 +2.4298e-001 +3.0872e+000 +3.2949e+000
% f evaluations | g evaluations | best noise-free fitness - Fopt (-3.710000000000e+000) + sum g_i+ | measured fitness | best measured fitness or single-digit g-values | x1 | x2...
1 0 +2.580895641e+002 +2.543795641e+002 +2.543795641e+002 +0.0000e+000 +0.0000e+000 +0.0000e+000 +0.0000e+000 +0.0000e+000
3 0 +2.487864525e+002 +2.450764525e+002 +2.450764525e+002 -1.0110e+000 -4.2795e+000 +1.4742e+000 -8.0454e-001 +5.4681e-001
13 0 +1.884060157e+002 +1.846960157e+002 +1.846960157e+002 -2.8644e-001 -2.6194e+000 -1.5038e+000 +2.8213e+000 +6.9786e-001
16 0 +1.467251964e+002 +1.430151964e+002 +1.430151964e+002 +1.8022e+000 -2.4380e+000 -3.3719e+000 +2.7643e+000 +2.3124e+000
30 0 +1.384644329e+002 +1.347544329e+002 +1.347544329e+002 +2.2068e+000 +3.4580e-001 +1.1005e+000 +2.6371e+000 +4.5027e-001
92 0 +1.332371670e+002 +1.295271670e+002 +1.295271670e+002 -2.0253e+000 -2.7096e+000 -1.3680e+000 +4.1106e+000 +2.6094e+000
137 0 +9.202587876e+001 +8.831587876e+001 +8.831587876e+001 -2.3706e+000 -3.4666e+000 +6.1210e-001 +5.0362e+000 +3.2416e+000
289 0 +8.054496413e+001 +7.683496413e+001 +7.683496413e+001 -3.4590e+000 -3.1767e+000 +1.1079e+000 +4.3163e+000 +3.2349e+000
402 0 +7.593468477e+001 +7.222468477e+001 +7.222468477e+001 -1.9792e+000 -3.4886e+000 +2.5939e-001 +3.4202e+000 +3.2384e+000
413 0 +6.210393022e+001 +5.839393022e+001 +5.839393022e+001 -3.0642e+000 -3.0499e+000 +6.9920e-001 +4.7197e+000 +3.1042e+000
579 0 +5.169849861e+001 +4.798849861e+001 +4.798849861e+001 +8.7011e-001 -1.8683e+000 +7.0630e-001 +3.0346e+000 +2.7716e+000
613 0 +3.827484220e+001 +3.456484220e+001 +3.456484220e+001 +1.0138e+000 -1.6234e+000 +3.5328e-001 +3.0812e+000 +2.5066e+000
736 0 +3.593804578e+001 +3.222804578e+001 +3.222804578e+001 +1.1075e+000 -1.5999e+000 +3.7110e-001 +3.0615e+000 +2.5098e+000
1055 0 +2.907204364e+001 +2.536204364e+001 +2.536204364e+001 +2.2004e+000 -7.7556e-001 +6.0234e-001 +2.9966e+000 +2.8349e+000
1282 0 +2.054011265e+001 +1.683011265e+001 +1.683011265e+001 +2.2141e+000 -1.6119e+000 +2.1054e-001 +4.2795e+000 +2.8469e+000
1641 0 +1.756830118e+001 +1.385830118e+001 +1.385830118e+001 +2.1412e+000 -1.6641e+000 +1.9062e-001 +4.3413e+000 +2.8164e+000
1709 0 +1.693660150e+001 +1.322660150e+001 +1.322660150e+001 +2.1551e+000 -1.6679e+000 +2.1276e-001 +4.3188e+000 +2.8300e+000
2176 0 +1.634462916e+001 +1.263462916e+001 +1.263462916e+001 +2.1510e+000 -1.6771e+000 +1.9177e-001 +4.3625e+000 +2.8386e+000
2275 0 +1.592108881e+001 +1.221108881e+001 +1.221108881e+001 +2.1250e+000 -1.6812e+000 +2.4530e-001 +4.3683e+000 +2.8544e+000
2435 0 +1.578301019e+001 +1.207301019e+001 +1.207301019e+001 +2.1366e+000 -1.6699e+000 +2.3628e-001 +4.3246e+000 +2.8368e+000
2438 0 +1.526590268e+001 +1.155590268e+001 +1.155590268e+001 +2.1322e+000 -1.6633e+000 +2.5131e-001 +4.3403e+000 +2.8552e+000
2560 0 +1.482026415e+001 +1.111026415e+001 +1.111026415e+001 +2.1165e+000 -1.4939e+000 +2.4718e-001 +4.3437e+000 +2.8179e+000
2592 0 +1.412332899e+001 +1.041332899e+001 +1.041332899e+001 +2.0971e+000 -1.5358e+000 +6.4683e-001 +3.9233e+000 +2.8090e+000
2632 0 +1.165703150e+001 +7.947031500e+000 +7.947031500e+000 +2.1150e+000 -1.5193e+000 +6.5358e-001 +3.9509e+000 +2.8365e+000
2995 0 +1.041546584e+001 +6.705465836e+000 +6.705465836e+000 +2.1128e+000 -1.5221e+000 +6.5598e-001 +3.9145e+000 +2.8264e+000
3029 0 +1.017185009e+001 +6.461850090e+000 +6.461850090e+000 +2.1015e+000 -1.5307e+000 +6.6165e-001 +3.9244e+000 +2.8275e+000
3067 0 +7.861529588e+000 +4.151529588e+000 +4.151529588e+000 +2.1266e+000 -1.5162e+000 +6.8464e-001 +3.8944e+000 +2.8369e+000
3102 0 +7.450578589e+000 +3.740578589e+000 +3.740578589e+000 +2.1136e+000 -1.5151e+000 +6.9181e-001 +3.8990e+000 +2.8391e+000
3258 0 +7.291603205e+000 +3.581603205e+000 +3.581603205e+000 +2.1151e+000 -1.4901e+000 +6.8778e-001 +3.9037e+000 +2.8403e+000
3432 0 +7.195712138e+000 +3.485712138e+000 +3.485712138e+000 +2.1241e+000 -1.4548e+000 +7.0421e-001 +3.9052e+000 +2.8376e+000
3804 0 +7.058708085e+000 +3.348708085e+000 +3.348708085e+000 +2.1252e+000 -1.4571e+000 +6.9784e-001 +3.9090e+000 +2.8441e+000
% f evaluations | g evaluations | best noise-free fitness - Fopt (1.321800000000e+002) + sum g_i+ | measured fitness | best measured fitness or single-digit g-values | x1 | x2...
1 0 +1.867275087e+002 +3.189075087e+002 +3.189075087e+002 +0.0000e+000 +0.0000e+000 +0.0000e+000 +0.0000e+000 +0.0000e+000
18 0 +1.785842690e+002 +3.107642690e+002 +3.107642690e+002 +4.8080e-001 +4.4116e-001 +3.9665e+000 -4.2174e+000 +1.2922e+000
19 0 +1.027447488e+002 +2.349247488e+002 +2.349247488e+002 -1.6455e+000 +1.6563e+000 +2.9962e+000 -1.0656e+000 +2.4448e-001
32 0 +7.608095694e+001 +2.082609569e+002 +2.082609569e+002 -9.6236e-002 -6.2847e-001 +2.4267e+000 -3.7003e+000 +2.4595e+000
227 0 +6.352256443e+001 +1.957025644e+002 +1.957025644e+002 +5.3599e-001 -6.1431e-001 +2.8954e+000 -1.9191e+000 +2.6327e+000
407 0 +6.136490774e+001 +1.935449077e+002 +1.935449077e+002 +1.4617e+000 +3.6869e-001 +2.8400e+000 -2.9480e+000 +1.8098e+000
410 0 +4.931875072e+001 +1.814987507e+002 +1.814987507e+002 +2.0633e-002 -6.6181e-001 +3.0346e+000 -1.5510e+000 +2.1691e+000
589 0 +3.512260217e+001 +1.673026022e+002 +1.673026022e+002 -2.7453e-001 +7.1992e-001 +2.8501e+000 -3.1723e+000 +2.4976e+000
862 0 +2.801103123e+001 +1.601910312e+002 +1.601910312e+002 -2.7234e-001 +6.8012e-001 +2.8860e+000 -3.1460e+000 +2.4840e+000
965 0 +2.751123526e+001 +1.596912353e+002 +1.596912353e+002 -3.0645e-001 +6.3147e-001 +2.8622e+000 -2.8423e+000 +2.4576e+000
1028 0 +2.456843519e+001 +1.567484352e+002 +1.567484352e+002 -2.7209e-001 +6.3111e-001 +2.8470e+000 -2.8306e+000 +2.4835e+000
1342 0 +2.382223939e+001 +1.560022394e+002 +1.560022394e+002 -2.8737e-001 +6.6216e-001 +2.8305e+000 -2.8474e+000 +2.4853e+000
2693 0 +2.324971897e+001 +1.554297190e+002 +1.554297190e+002 -2.6630e-001 +6.6484e-001 +2.8550e+000 -2.8633e+000 +2.4882e+000
2934 0 +2.286108662e+001 +1.550410866e+002 +1.550410866e+002 -2.5771e-001 +6.5388e-001 +2.8600e+000 -2.8556e+000 +2.4889e+000
3178 0 +2.225427152e+001 +1.544342715e+002 +1.544342715e+002 -2.3205e-001 +6.5632e-001 +2.8642e+000 -2.8494e+000 +2.4917e+000
% f evaluations | g evaluations | best noise-free fitness - Fopt (-3.930000000000e+001) + sum g_i+ | measured fitness | best measured fitness or single-digit g-values | x1 | x2...
1 0 +1.324979894e+002 +9.319798943e+001 +9.319798943e+001 +0.0000e+000 +0.0000e+000 +0.0000e+000 +0.0000e+000 +0.0000e+000
171 0 +8.675681202e+001 +4.745681202e+001 +4.745681202e+001 +3.8187e-001 +2.4393e+000 +9.3415e-001 +2.4954e+000 +1.4923e-001
233 0 +8.439037004e+001 +4.509037004e+001 +4.509037004e+001 -1.0579e-001 +2.1136e+000 +9.3082e-001 +2.8950e+000 +7.0131e-001
245 0 +7.562341427e+001 +3.632341427e+001 +3.632341427e+001 -5.0834e-001 +1.5762e+000 +1.1156e+000 +4.3511e+000 +1.0769e+000
414 0 +6.223083038e+001 +2.293083038e+001 +2.293083038e+001 -4.4346e-001 -3.8226e-001 +3.2999e-001 +4.0593e+000 +9.7546e-001
468 0 +5.648119583e+001 +1.718119583e+001 +1.718119583e+001 -1.5609e-001 +1.8285e+000 +1.2330e+000 +3.7320e+000 +7.4438e-001
575 0 +5.463778183e+001 +1.533778183e+001 +1.533778183e+001 +5.3954e-001 +8.9729e-001 +1.5286e+000 +3.0013e+000 +5.3334e-001
636 0 +4.797705762e+001 +8.677057623e+000 +8.677057623e+000 +2.7238e+000 +5.3501e-001 +7.7831e-001 +2.6496e+000 +6.7497e-001
753 0 +4.434602746e+001 +5.046027456e+000 +5.046027456e+000 +1.6047e+000 +8.6441e-002 +1.6038e+000 +2.6552e+000 +6.5081e-001
806 0 +3.810006329e+001 -1.199936709e+000 -1.199936709e+000 +7.1704e-001 +5.2291e-001 +1.7714e+000 +1.8571e+000 +3.0039e-001
840 0 +3.677069925e+001 -2.529300748e+000 -2.529300748e+000 +1.5094e+000 +1.9974e-001 +1.8341e+000 +2.8875e+000 +5.6069e-001
946 0 +3.487970475e+001 -4.420295250e+000 -4.420295250e+000 +1.4395e+000 +5.3693e-001 +1.5736e+000 +3.7039e+000 +6.7956e-001
972 0 +3.433585307e+001 -4.964146930e+000 -4.964146930e+000 +1.6067e+000 +4.6173e-001 +1.7295e+000 +3.6552e+000 +4.0252e-001
1006 0 +2.297927861e+001 -1.632072139e+001 -1.632072139e+001 +1.4718e+000 +4.7868e-001 +1.7613e+000 +3.4373e+000 +3.8333e-001
1237 0 +2.119293530e+001 -1.810706470e+001 -1.810706470e+001 +1.4798e+000 +4.2454e-001 +1.8777e+000 +3.3144e+000 +3.4248e-001
1304 0 +2.034692603e+001 -1.895307397e+001 -1.895307397e+001 +1.5723e+000 +5.1799e-001 +1.7425e+000 +3.3060e+000 +2.8935e-001
1325 0 +1.946154579e+001 -1.983845421e+001 -1.983845421e+001 +1.4588e+000 +4.6237e-001 +1.7780e+000 +3.3797e+000 +3.8468e-001
1505 0 +1.681424916e+001 -2.248575084e+001 -2.248575084e+001 +1.5264e+000 +4.7089e-001 +1.7764e+000 +3.3183e+000 +3.5224e-001
1588 0 +1.267532215e+001 -2.662467785e+001 -2.662467785e+001 +1.5312e+000 +3.7930e-001 +1.7498e+000 +3.3536e+000 +3.6052e-001
1725 0 +1.170222090e+001 -2.759777910e+001 -2.759777910e+001 +1.5672e+000 +3.5391e-001 +1.7416e+000 +3.3473e+000 +3.4011e-001
1739 0 +1.114696573e+001 -2.815303427e+001 -2.815303427e+001 +1.5363e+000 +3.4772e-001 +1.7693e+000 +3.3697e+000 +3.3939e-001
2096 0 +1.060285042e+001 -2.869714958e+001 -2.869714958e+001 +1.5307e+000 +3.4100e-001 +1.7556e+000 +3.3674e+000 +3.3094e-001
2104 0 +1.042837138e+001 -2.887162862e+001 -2.887162862e+001 +1.5197e+000 +3.4189e-001 +1.7484e+000 +3.3641e+000 +3.2257e-001
2628 0 +1.019823217e+001 -2.910176783e+001 -2.910176783e+001 +1.5325e+000 +3.4329e-001 +1.7407e+000 +3.3703e+000 +3.2097e-001
3430 0 +9.974054722e+000 -2.932594528e+001 -2.932594528e+001 +1.5385e+000 +3.7460e-001 +1.7341e+000 +3.3690e+000 +3.1951e-001
% f evaluations | g evaluations | best noise-free fitness - Fopt (4.296000000000e+001) + sum g_i+ | measured fitness | best measured fitness or single-digit g-values | x1 | x2...
1 0 +1.213836096e+002 +1.643436096e+002 +1.643436096e+002 +0.0000e+000 +0.0000e+000 +0.0000e+000 +0.0000e+000 +0.0000e+000
98 0 +8.547540561e+001 +1.284354056e+002 +1.284354056e+002 -1.3916e+000 +4.3534e+000 +2.0568e+000 -4.8904e-001 +7.0954e-001
202 0 +8.097648296e+001 +1.239364830e+002 +1.239364830e+002 -2.9193e-001 +2.6640e+000 +1.8170e+000 +2.3283e-001 -9.0828e-001
234 0 +6.854714208e+001 +1.115071421e+002 +1.115071421e+002 -1.3487e+000 +3.1112e+000 +1.9470e+000 +1.3598e+000 +9.0095e-002
245 0 +5.092720346e+001 +9.388720346e+001 +9.388720346e+001 -2.6019e+000 +3.0634e+000 +2.6679e+000 +6.5010e-001 -2.9705e-001
548 0 +4.720737478e+001 +9.016737478e+001 +9.016737478e+001 -1.1536e-001 +2.3825e+000 +2.6577e+000 +8.1226e-001 +2.2473e-001
592 0 +3.996131693e+001 +8.292131693e+001 +8.292131693e+001 -1.8397e+000 +3.1549e+000 +2.8790e+000 +1.2333e-001 +8.8496e-001
894 0 +3.340701646e+001 +7.636701646e+001 +7.636701646e+001 -2.4240e+000 +1.7130e+000 +1.6106e+000 +6.1132e-001 +1.7510e-001
1110 0 +2.794812809e+001 +7.090812809e+001 +7.090812809e+001 -2.3827e+000 +1.7901e+000 +1.6900e+000 +5.8313e-001 +2.1028e-001
1310 0 +2.692999422e+001 +6.988999422e+001 +6.988999422e+001 -2.3925e+000 +1.7656e+000 +1.6680e+000 +5.9146e-001 +1.9979e-001
1814 0 +2.636430709e+001 +6.932430709e+001 +6.932430709e+001 -2.3749e+000 +1.7439e+000 +1.6778e+000 +6.0934e-001 +2.1120e-001
1839 0 +2.629877955e+001 +6.925877955e+001 +6.925877955e+001 -2.3993e+000 +1.7526e+000 +1.6702e+000 +6.2134e-001 +1.9166e-001
2030 0 +2.563532150e+001 +6.859532150e+001 +6.859532150e+001 -1.5279e+000 +2.3161e+000 +2.1885e+000 -1.5579e-001 +5.7565e-001
2569 0 +2.123107400e+001 +6.419107400e+001 +6.419107400e+001 -1.5347e+000 +2.4718e+000 +2.2277e+000 +1.8330e-001 +5.6469e-001
2729 0 +1.996353922e+001 +6.292353922e+001 +6.292353922e+001 -1.5545e+000 +2.4914e+000 +2.1599e+000 +1.2662e-001 +5.4536e-001
2730 0 +1.959630802e+001 +6.255630802e+001 +6.255630802e+001 -1.5725e+000 +2.4103e+000 +2.1949e+000 +1.3043e-001 +5.5152e-001
2951 0 +1.882713434e+001 +6.178713434e+001 +6.178713434e+001 -1.5494e+000 +2.4755e+000 +2.2448e+000 +1.5667e-001 +5.6871e-001
2958 0 +1.860893862e+001 +6.156893862e+001 +6.156893862e+001 -1.5610e+000 +2.4194e+000 +2.2016e+000 +1.3168e-001 +5.5761e-001
3178 0 +1.775860518e+001 +6.071860518e+001 +6.071860518e+001 -1.5990e+000 +2.4949e+000 +2.1335e+000 +5.7530e-001 +5.5490e-001
3418 0 +1.698078403e+001 +5.994078403e+001 +5.994078403e+001 -1.5798e+000 +2.5258e+000 +2.1665e+000 +5.5525e-001 +5.6350e-001
3547 0 +1.457238344e+001 +5.753238344e+001 +5.753238344e+001 -1.5409e+000 +2.5832e+000 +2.1353e+000 +6.2207e-001 +5.6371e-001
3576 0 +1.322800256e+001 +5.618800256e+001 +5.618800256e+001 -1.5603e+000 +2.5705e+000 +2.1850e+000 +6.1135e-001 +5.7560e-001
3873 0 +1.312892518e+001 +5.608892518e+001 +5.608892518e+001 -1.5387e+000 +2.5497e+000 +2.1998e+000 +6.1323e-001 +5.8272e-001
8984 0 +1.257165574e+001 +5.553165574e+001 +5.553165574e+001 -1.5386e+000 +2.5908e+000 +2.1577e+000 +1.0243e+000 +5.9096e-001
% f evaluations | g evaluations | best noise-free fitness - Fopt (2.842200000000e+002) + sum g_i+ | measured fitness | best measured fitness or single-digit g-values | x1 | x2...
1 0 +9.418868072e+001 +3.784086807e+002 +3.784086807e+002 +0.0000e+000 +0.0000e+000 +0.0000e+000 +0.0000e+000 +0.0000e+000
42 0 +6.502767803e+001 +3.492476780e+002 +3.492476780e+002 +9.4790e-003 -1.5754e+000 -1.8894e+000 +3.0182e+000 +1.2558e+000
386 0 +6.110000877e+001 +3.453200088e+002 +3.453200088e+002 +1.9924e+000 -1.5801e+000 -1.2529e+000 +2.0504e+000 +1.3107e+000
392 0 +5.855026653e+001 +3.427702665e+002 +3.427702665e+002 +8.8829e-002 -9.8223e-001 -1.7012e+000 +1.6397e+000 +1.1494e+000
591 0 +5.476292947e+001 +3.389829295e+002 +3.389829295e+002 +1.0324e+000 -2.7284e-001 -2.3797e+000 +2.6921e+000 +1.2424e+000
663 0 +4.806569779e+001 +3.322856978e+002 +3.322856978e+002 +6.2933e-002 -2.7515e-001 -1.3912e+000 +1.8606e+000 +1.0732e+000
821 0 +4.481359616e+001 +3.290335962e+002 +3.290335962e+002 -1.5469e-002 -3.1481e-001 -1.4230e+000 +1.8457e+000 +1.1343e+000
1015 0 +4.397791112e+001 +3.281979111e+002 +3.281979111e+002 -8.9211e-002 -3.1491e-001 -1.3354e+000 +1.7915e+000 +1.0926e+000
1074 0 +2.566206231e+001 +3.098820623e+002 +3.098820623e+002 -9.1446e-001 -2.5556e+000 +1.1083e+000 +2.3029e+000 +1.8373e+000
1731 0 +2.005377273e+001 +3.042737727e+002 +3.042737727e+002 -9.1936e-001 -2.5252e+000 +1.0205e+000 +2.2285e+000 +1.8742e+000
2424 0 +1.995004129e+001 +3.041700413e+002 +3.041700413e+002 -9.6304e-001 -2.5404e+000 +1.0425e+000 +2.2045e+000 +1.8769e+000
2607 0 +1.947333348e+001 +3.036933335e+002 +3.036933335e+002 -9.4023e-001 -2.5336e+000 +1.0338e+000 +2.2158e+000 +1.8759e+000
4652 0 +1.861609845e+001 +3.028360985e+002 +3.028360985e+002 -9.0245e-001 -2.5068e+000 +1.0506e+000 +2.2242e+000 +1.8333e+000
4889 0 +1.813773341e+001 +3.023577334e+002 +3.023577334e+002 -9.4612e-001 -2.4789e+000 +1.0488e+000 +2.2206e+000 +1.8401e+000
% f evaluations | g evaluations | best noise-free fitness - Fopt (-3.217000000000e+001) + sum g_i+ | measured fitness | best measured fitness or single-digit g-values | x1 | x2...
1 0 +2.171020752e+002 +1.849320752e+002 +1.849320752e+002 +0.0000e+000 +0.0000e+000 +0.0000e+000 +0.0000e+000 +0.0000e+000
2 0 +1.646248610e+002 +1.324548610e+002 +1.324548610e+002 +2.8141e-001 +3.5209e+000 -3.3463e+000 -3.5905e+000 +2.2865e+000
7 0 +1.492437602e+002 +1.170737602e+002 +1.170737602e+002 +1.3629e+000 +1.9085e+000 -4.6545e+000 -2.8600e+000 +2.5075e+000
57 0 +1.072711917e+002 +7.510119167e+001 +7.510119167e+001 -3.0798e+000 +6.1604e-001 -1.7174e+000 +2.7160e-001 +2.3325e+000
63 0 +8.302710406e+001 +5.085710406e+001 +5.085710406e+001 +2.2332e-001 +3.0334e+000 -2.8850e+000 -1.0707e+000 +3.6275e+000
194 0 +6.549498335e+001 +3.332498335e+001 +3.332498335e+001 -2.1362e+000 +2.4640e+000 +3.7175e-001 +6.8058e-001 +3.4865e+000
259 0 +6.127271361e+001 +2.910271361e+001 +2.910271361e+001 -2.4565e+000 +2.5524e+000 +2.9366e-001 +8.6752e-001 +3.0411e+000
292 0 +5.294716465e+001 +2.077716465e+001 +2.077716465e+001 -3.7380e-001 +1.7295e+000 +4.3577e-001 +1.4681e+000 +2.7331e+000
501 0 +5.197667255e+001 +1.980667255e+001 +1.980667255e+001 -2.3258e+000 +5.0525e-001 +4.6208e-001 -7.2544e-001 +2.7552e+000
607 0 +4.176008779e+001 +9.590087788e+000 +9.590087788e+000 -7.1840e-001 +9.5969e-001 -1.1847e-001 -6.4154e-001 +2.5559e+000
857 0 +4.143201580e+001 +9.262015802e+000 +9.262015802e+000 -1.5949e+000 +9.9041e-001 +4.6735e-001 +3.9959e-001 +2.7256e+000
869 0 +3.834943967e+001 +6.179439674e+000 +6.179439674e+000 -2.7482e-001 +1.1048e+000 -2.3832e-001 -4.7764e-001 +2.5114e+000
958 0 +3.777916698e+001 +5.609166982e+000 +5.609166982e+000 -7.0308e-001 +1.0420e+000 -1.5100e-001 -6.3166e-001 +2.5625e+000
1016 0 +2.899041250e+001 -3.179587504e+000 -3.179587504e+000 -1.5636e+000 +1.7844e+000 -6.3956e-001 +8.0136e-001 +2.9722e+000
1432 0 +2.614660791e+001 -6.023392093e+000 -6.023392093e+000 -1.7020e+000 +1.9267e+000 -6.2522e-001 +7.7319e-001 +2.9830e+000
2108 0 +2.506605693e+001 -7.103943072e+000 -7.103943072e+000 -1.6912e+000 +1.9182e+000 -6.2844e-001 +7.7909e-001 +2.9921e+000
2265 0 +2.442213112e+001 -7.747868879e+000 -7.747868879e+000 -1.6676e+000 +1.9157e+000 -6.3905e-001 +7.8248e-001 +2.9987e+000
2408 0 +2.229574220e+001 -9.874257803e+000 -9.874257803e+000 -1.6546e+000 +1.8482e+000 -6.3642e-001 +7.6480e-001 +2.9944e+000
3422 0 +2.184327708e+001 -1.032672292e+001 -1.032672292e+001 -1.6159e+000 +1.8301e+000 -6.3062e-001 +7.5136e-001 +3.0024e+000
3434 0 +2.137800334e+001 -1.079199666e+001 -1.079199666e+001 -1.6065e+000 +1.8494e+000 -6.1302e-001 +7.7271e-001 +3.0003e+000
% f evaluations | g evaluations | best noise-free fitness - Fopt (-5.858000000000e+001) + sum g_i+ | measured fitness | best measured fitness or single-digit g-values | x1 | x2...
1 0 +2.560737752e+002 +1.974937752e+002 +1.974937752e+002 +0.0000e+000 +0.0000e+000 +0.0000e+000 +0.0000e+000 +0.0000e+000
2 0 +1.607854481e+002 +1.022054481e+002 +1.022054481e+002 +7.7492e-002 -3.5316e+000 +5.4628e-001 -4.4936e-001 +1.5340e+000
8 0 +1.152566859e+002 +5.667668592e+001 +5.667668592e+001 -5.3274e-001 -3.9625e+000 +4.8863e-001 +4.1455e+000 +1.3550e+000
75 0 +1.078077020e+002 +4.922770204e+001 +4.922770204e+001 -2.6777e+000 +8.2815e-001 -2.3972e+000 +2.7279e+000 +3.6258e+000
357 0 +8.802620217e+001 +2.944620217e+001 +2.944620217e+001 -2.3849e+000 +3.2101e-001 -3.7345e-001 +2.1462e+000 +3.5733e+000
376 0 +5.850892200e+001 -7.107800233e-002 -7.107800233e-002 -5.7402e-001 -7.8467e-001 -2.6506e-001 +1.5692e+000 +3.6571e+000
495 0 +4.576739466e+001 -1.281260534e+001 -1.281260534e+001 +1.5351e+000 -1.8568e+000 -8.4235e-001 +1.8482e+000 +2.6635e+000
528 0 +4.007039241e+001 -1.850960759e+001 -1.850960759e+001 +1.6032e+000 -2.7848e+000 +2.3468e-001 +2.3394e+000 +2.8345e+000
635 0 +3.790382295e+001 -2.067617705e+001 -2.067617705e+001 +2.6129e+000 -3.4262e+000 +1.0666e+000 +2.3122e+000 +3.3380e+000
643 0 +2.803258233e+001 -3.054741767e+001 -3.054741767e+001 +1.5806e+000 -3.0875e+000 +9.3696e-001 +1.3298e+000 +2.8975e+000
943 0 +2.503741169e+001 -3.354258831e+001 -3.354258831e+001 +1.5997e+000 -3.1080e+000 +9.3789e-001 +1.3490e+000 +2.8885e+000
1043 0 +2.259951299e+001 -3.598048701e+001 -3.598048701e+001 +1.7226e+000 -3.2392e+000 +9.4391e-001 +1.4724e+000 +2.8307e+000
1243 0 +2.069375597e+001 -3.788624403e+001 -3.788624403e+001 +1.6394e+000 -3.1504e+000 +9.3984e-001 +1.3889e+000 +2.8698e+000
1395 0 +1.767686884e+001 -4.090313116e+001 -4.090313116e+001 +1.6062e+000 -3.1322e+000 +9.2636e-001 +1.4542e+000 +2.8747e+000
1459 0 +1.537817197e+001 -4.320182803e+001 -4.320182803e+001 +1.6848e+000 -3.2157e+000 +9.7303e-001 +1.4480e+000 +2.8634e+000
1683 0 +1.468380965e+001 -4.389619035e+001 -4.389619035e+001 +1.6531e+000 -3.1996e+000 +9.7548e-001 +1.4115e+000 +2.9024e+000
1755 0 +1.106497286e+001 -4.751502714e+001 -4.751502714e+001 +1.6013e+000 -3.2249e+000 +9.5607e-001 +1.4259e+000 +2.9132e+000
1947 0 +1.095754342e+001 -4.762245658e+001 -4.762245658e+001 +1.5635e+000 -3.2433e+000 +9.4669e-001 +1.4302e+000 +2.9227e+000
2047 0 +8.934929568e+000 -4.964507043e+001 -4.964507043e+001 +1.5591e+000 -3.2700e+000 +9.5165e-001 +1.4546e+000 +2.9191e+000
2086 0 +7.695272815e+000 -5.088472718e+001 -5.088472718e+001 +1.5816e+000 -3.3004e+000 +9.4478e-001 +1.4557e+000 +2.8928e+000
2447 0 +7.566233622e+000 -5.101376638e+001 -5.101376638e+001 +1.5772e+000 -3.3054e+000 +9.4733e-001 +1.4637e+000 +2.8950e+000
2495 0 +7.398249931e+000 -5.118175007e+001 -5.118175007e+001 +1.6036e+000 -3.3167e+000 +9.6826e-001 +1.4486e+000 +2.8876e+000
2525 0 +7.227999569e+000 -5.135200043e+001 -5.135200043e+001 +1.5828e+000 -3.3167e+000 +9.6275e-001 +1.4473e+000 +2.8987e+000
3053 0 +7.063398688e+000 -5.151660131e+001 -5.151660131e+001 +1.5914e+000 -3.3236e+000 +9.7253e-001 +1.4552e+000 +2.8971e+000
% f evaluations | g evaluations | best noise-free fitness - Fopt (-6.049200000000e+002) + sum g_i+ | measured fitness | best measured fitness or single-digit g-values | x1 | x2...
1 0 +9.358817336e+001 -5.113318266e+002 -5.113318266e+002 +0.0000e+000 +0.0000e+000 +0.0000e+000 +0.0000e+000 +0.0000e+000
3 0 +4.480643112e+001 -5.601135689e+002 -5.601135689e+002 -1.6879e-002 -1.0418e+000 -3.2088e-001 +1.0485e+000 -4.1008e-002
269 0 +3.838397510e+001 -5.665360249e+002 -5.665360249e+002 -7.3620e-002 -4.3904e-001 -2.1509e-001 +7.1732e-001 -3.3844e-001
707 0 +3.528704779e+001 -5.696329522e+002 -5.696329522e+002 -5.4596e-002 -4.0189e-001 -2.4223e-001 +7.0296e-001 -3.4409e-001
880 0 +3.334103505e+001 -5.715789649e+002 -5.715789649e+002 +2.4821e-002 -1.1576e+000 +1.3860e+000 +1.3338e+000 -5.9751e-001
1059 0 +2.789258034e+001 -5.770274197e+002 -5.770274197e+002 +5.4283e-002 -1.6511e+000 +2.0806e+000 +1.8065e+000 -5.9477e-001
1108 0 +2.694685236e+001 -5.779731476e+002 -5.779731476e+002 +7.9907e-002 -1.6731e+000 +2.1229e+000 +1.8219e+000 -5.7059e-001
1183 0 +2.550054120e+001 -5.794194588e+002 -5.794194588e+002 +8.0447e-002 -1.6951e+000 +2.0824e+000 +1.8405e+000 -6.0389e-001
1283 0 +2.021555938e+001 -5.847044406e+002 -5.847044406e+002 +9.8038e-002 -1.7398e+000 +2.0393e+000 +1.9210e+000 -5.7494e-001
1467 0 +1.712845273e+001 -5.877915473e+002 -5.877915473e+002 +9.4783e-002 -1.7661e+000 +2.0565e+000 +1.8948e+000 -6.1916e-001
1723 0 +1.530600287e+001 -5.896139971e+002 -5.896139971e+002 +9.6020e-002 -1.7790e+000 +2.0691e+000 +1.8982e+000 -6.0823e-001
1975 0 +1.498258926e+001 -5.899374107e+002 -5.899374107e+002 +6.6204e-002 -1.8465e+000 +2.0698e+000 +1.8984e+000 -5.7365e-001
2092 0 +1.376135470e+001 -5.911586453e+002 -5.911586453e+002 +7.0216e-002 -1.8374e+000 +2.0685e+000 +1.8947e+000 -5.8209e-001
2250 0 +1.219027181e+001 -5.927297282e+002 -5.927297282e+002 +5.5737e-002 -1.8165e+000 +2.0635e+000 +1.8927e+000 -5.9372e-001
2375 0 +1.152672352e+001 -5.933932765e+002 -5.933932765e+002 -9.2879e-003 -1.8292e+000 +2.0600e+000 +1.8729e+000 -5.9224e-001
2405 0 +1.135255259e+001 -5.935674474e+002 -5.935674474e+002 -7.8654e-003 -1.8360e+000 +2.0662e+000 +1.8741e+000 -5.9701e-001
2538 0 +1.119277321e+001 -5.937272268e+002 -5.937272268e+002 +1.4055e-003 -1.8219e+000 +2.0747e+000 +1.8836e+000 -6.0352e-001
3677 0 +1.094967443e+001 -5.939703256e+002 -5.939703256e+002 +1.0765e-003 -1.8225e+000 +2.0727e+000 +1.8887e+000 -5.9839e-001
% f evaluations | g evaluations | best noise-free fitness - Fopt (1.337000000000e+002) + sum g_i+ | measured fitness | best measured fitness or single-digit g-values | x1 | x2...
1 0 +2.379222058e+002 +3.716222058e+002 +3.716222058e+002 +0.0000e+000 +0.0000e+000 +0.0000e+000 +0.0000e+000 +0.0000e+000
8 0 +2.132790207e+002 +3.469790207e+002 +3.469790207e+002 +3.2070e-001 +8.3550e-001 -1.0477e-001 -4.8986e-001 -4.5382e-002
11 0 +1.040898885e+002 +2.377898885e+002 +2.377898885e+002 -3.6857e+000 +1.8899e+000 -1.8693e+000 -3.4455e-001 +3.3499e+000
303 0 +6.876498265e+001 +2.024649826e+002 +2.024649826e+002 -9.6567e-001 +1.5217e+000 +4.7798e-001 +1.9259e+000 +2.8429e+000
513 0 +6.684024044e+001 +2.005402404e+002 +2.005402404e+002 -1.4021e+000 +2.3837e+000 -1.1936e+000 +1.3183e+000 +3.5669e+000
524 0 +6.524680572e+001 +1.989468057e+002 +1.989468057e+002 -1.2871e+000 +1.9173e+000 +3.0793e-001 +2.0528e+000 +3.2898e+000
536 0 +5.620344177e+001 +1.899034418e+002 +1.899034418e+002 -5.4369e-001 +1.6063e+000 +6.5716e-001 +1.8550e+000 +2.7714e+000
579 0 +4.973282418e+001 +1.834328242e+002 +1.834328242e+002 -5.0815e-001 +3.1635e+000 -2.2649e-001 +2.2286e+000 +3.7072e+000
660 0 +4.043110306e+001 +1.741311031e+002 +1.741311031e+002 -3.3544e-001 +2.6468e+000 -5.1825e-002 +1.9393e+000 +3.0492e+000
726 0 +2.884381031e+001 +1.625438103e+002 +1.625438103e+002 +6.7286e-001 +2.7205e+000 -6.5238e-001 +1.9226e+000 +2.9800e+000
1002 0 +2.173456274e+001 +1.554345627e+002 +1.554345627e+002 +1.5954e+000 +2.5737e+000 -8.0186e-002 +2.3266e+000 +3.0002e+000
1320 0 +1.808974034e+001 +1.517897403e+002 +1.517897403e+002 +1.4339e+000 +2.3112e+000 -1.4548e-001 +2.3518e+000 +3.3290e+000
1367 0 +1.494625375e+001 +1.486462537e+002 +1.486462537e+002 +1.3940e+000 +2.5752e+000 -1.7839e-001 +2.3386e+000 +3.0129e+000
1551 0 +1.262746073e+001 +1.463274607e+002 +1.463274607e+002 +1.4323e+000 +2.5456e+000 -1.6879e-001 +2.3595e+000 +2.9925e+000
1920 0 +1.251646016e+001 +1.462164602e+002 +1.462164602e+002 +1.4398e+000 +2.5522e+000 -1.7415e-001 +2.3573e+000 +2.9838e+000
1974 0 +1.159178662e+001 +1.452917866e+002 +1.452917866e+002 +1.4677e+000 +2.5456e+000 -1.9661e-001 +2.3548e+000 +2.9841e+000
2078 0 +1.134749770e+001 +1.450474977e+002 +1.450474977e+002 +1.4873e+000 +2.5477e+000 -2.0657e-001 +2.3563e+000 +2.9865e+000
2420 0 +1.114926829e+001 +1.448492683e+002 +1.448492683e+002 +1.4812e+000 +2.5520e+000 -2.1479e-001 +2.3555e+000 +2.9900e+000
3315 0 +1.096122693e+001 +1.446612269e+002 +1.446612269e+002 +1.4839e+000 +2.5666e+000 -2.2050e-001 +2.3582e+000 +2.9986e+000
% f evaluations | g evaluations | best noise-free fitness - Fopt (-2.098000000000e+001) + sum g_i+ | measured fitness | best measured fitness or single-digit g-values | x1 | x2...
1 0 +1.257910081e+002 +1.048110081e+002 +1.048110081e+002 +0.0000e+000 +0.0000e+000 +0.0000e+000 +0.0000e+000 +0.0000e+000
102 0 +1.045478231e+002 +8.356782309e+001 +8.356782309e+001 +1.9905e+000 +3.4091e+000 -2.3853e+000 -1.9900e+000 +1.8673e+000
147 0 +9.376805982e+001 +7.278805982e+001 +7.278805982e+001 -1.0922e+000 -9.4922e-001 -4.4960e-001 -1.8075e+000 +1.5993e+000
242 0 +9.248697910e+001 +7.150697910e+001 +7.150697910e+001 -2.0279e+000 +3.7540e+000 -2.8803e+000 -5.0683e-001 +2.4708e+000
245 0 +8.416045637e+001 +6.318045637e+001 +6.318045637e+001 -1.4970e-001 -8.2142e-001 -3.5688e-001 +1.4077e+000 +2.3855e+000
402 0 +5.672320138e+001 +3.574320138e+001 +3.574320138e+001 +1.0394e+000 +1.5936e+000 -1.4864e+000 -4.9553e-001 +2.1176e+000
463 0 +5.221504554e+001 +3.123504554e+001 +3.123504554e+001 +1.9544e+000 -1.4335e+000 -1.2663e+000 -3.1403e-002 +2.1937e+000
765 0 +3.898347986e+001 +1.800347986e+001 +1.800347986e+001 +1.4825e-001 +1.8746e+000 -1.2470e+000 -1.8507e-001 +1.5502e+000
933 0 +3.347911131e+001 +1.249911131e+001 +1.249911131e+001 -7.6077e-001 +2.5833e+000 -3.9362e-001 -1.3897e-001 +2.5192e+000
1158 0 +2.748650535e+001 +6.506505351e+000 +6.506505351e+000 -1.1346e+000 +2.6092e+000 -3.4235e-001 -4.2626e-001 +2.4758e+000
1267 0 +2.584449390e+001 +4.864493902e+000 +4.864493902e+000 -1.1331e+000 +2.6615e+000 -3.5286e-001 -4.5568e-001 +2.4518e+000
1309 0 +2.351310726e+001 +2.533107264e+000 +2.533107264e+000 +2.1335e-001 +2.5024e+000 -7.8238e-001 -1.2098e-001 +2.4809e+000
1489 0 +2.311565389e+001 +2.135653892e+000 +2.135653892e+000 +1.3933e-001 +3.1906e+000 -7.9580e-001 -3.5276e-002 +2.4394e+000
1667 0 +2.218025587e+001 +1.200255870e+000 +1.200255870e+000 +2.6055e-001 +3.2617e+000 -8.2480e-001 +2.7916e-002 +2.4611e+000
1784 0 +1.708607924e+001 -3.893920759e+000 -3.893920759e+000 +2.1241e-001 +3.6127e+000 -7.9900e-001 -4.5773e-002 +2.4759e+000
2033 0 +1.698056170e+001 -3.999438297e+000 -3.999438297e+000 +1.5628e-001 +3.4091e+000 -7.7887e-001 -2.6763e-002 +2.4722e+000
2184 0 +1.623534203e+001 -4.744657969e+000 -4.744657969e+000 +1.7912e-001 +3.5283e+000 -7.8508e-001 -5.7874e-002 +2.4822e+000
2325 0 +1.528211248e+001 -5.697887524e+000 -5.697887524e+000 +1.3381e-001 +3.4616e+000 -8.0006e-001 -3.6068e-002 +2.4668e+000
2437 0 +1.379773981e+001 -7.182260187e+000 -7.182260187e+000 +1.6949e-001 +3.4969e+000 -8.1909e-001 -1.3209e-002 +2.4793e+000
2792 0 +1.346465181e+001 -7.515348190e+000 -7.515348190e+000 +1.5826e-001 +3.5192e+000 -8.1148e-001 -2.7043e-002 +2.4826e+000
3036 0 +1.312844210e+001 -7.851557897e+000 -7.851557897e+000 +1.2697e-001 +3.5213e+000 -8.1838e-001 -2.3894e-002 +2.4822e+000
% f evaluations | g evaluations | best noise-free fitness - Fopt (1.353300000000e+002) + sum g_i+ | measured fitness | best measured fitness or single-digit g-values | x1 | x2...
1 0 +1.969743684e+002 +3.323043684e+002 +3.323043684e+002 +0.0000e+000 +0.0000e+000 +0.0000e+000 +0.0000e+000 +0.0000e+000
2 0 +1.949869901e+002 +3.303169901e+002 +3.303169901e+002 +4.8443e-001 -1.2296e+000 -7.6531e-001 +2.5684e-002 +3.4842e+000
61 0 +1.892729506e+002 +3.246029506e+002 +3.246029506e+002 +9.2261e-001 +8.5024e-001 -3.5471e+000 -1.4566e-001 +9.5829e-001
66 0 +1.415966486e+002 +2.769266486e+002 +2.769266486e+002 -4.4431e+000 +2.2556e+000 -9.4428e-001 -2.4636e+000 +1.2143e+000
86 0 +1.266798423e+002 +2.620098423e+002 +2.620098423e+002 -3.4755e-001 +4.3014e+000 -3.5733e-001 -1.0279e+000 +2.3823e+000
211 0 +1.159835008e+002 +2.513135008e+002 +2.513135008e+002 +6.1085e-002 +3.9004e+000 +1.7562e-001 -5.7404e-001 +2.0467e+000
250 0 +1.127910847e+002 +2.481210847e+002 +2.481210847e+002 -9.8013e-001 +3.1902e+000 -8.7935e-001 -1.7671e+000 +1.4033e+000
262 0 +9.655692247e+001 +2.318869225e+002 +2.318869225e+002 -9.1381e-001 +4.3998e+000 +2.9029e-001 -8.9801e-001 +2.2344e+000
315 0 +9.365254355e+001 +2.289825436e+002 +2.289825436e+002 -4.0985e+000 +3.0477e+000 -3.6224e-001 -2.2882e+000 +2.5332e+000
366 0 +8.998406223e+001 +2.253140622e+002 +2.253140622e+002 -2.5676e+000 +3.6450e+000 -1.3676e-001 -3.5936e+000 +1.7485e+000
368 0 +8.396910815e+001 +2.192991081e+002 +2.192991081e+002 -3.3261e+000 -1.7978e+000 -1.4407e+000 -8.4328e-001 +3.1603e+000
418 0 +8.138598287e+001 +2.167159829e+002 +2.167159829e+002 -3.5654e+000 -9.2577e-001 +6.7862e-001 -1.8927e+000 +2.5939e+000
420 0 +8.076211230e+001 +2.160921123e+002 +2.160921123e+002 -2.6410e+000 +6.7233e-001 +3.1917e-001 -5.9447e-001 +1.8121e+000
438 0 +5.355875697e+001 +1.888887570e+002 +1.888887570e+002 -2.5454e+000 -7.2145e-001 -1.2083e+000 -8.8119e-001 +2.8490e+000
743 0 +4.427737309e+001 +1.796073731e+002 +1.796073731e+002 -2.3337e+000 -8.0013e-001 -5.4990e-001 -1.6560e+000 +2.4563e+000
895 0 +3.489537523e+001 +1.702253752e+002 +1.702253752e+002 +4.4465e-001 +1.6470e+000 +4.8124e-001 -2.8950e+000 +2.8059e+000
1017 0 +1.715752225e+001 +1.524875223e+002 +1.524875223e+002 +5.3447e-001 +2.0444e-002 -1.4783e-001 -3.0940e+000 +2.5373e+000
1321 0 +1.284215060e+001 +1.481721506e+002 +1.481721506e+002 +4.9338e-001 -8.3163e-003 -1.5584e-001 -2.6052e+000 +2.4690e+000
1521 0 +1.074897877e+001 +1.460789788e+002 +1.460789788e+002 +4.7936e-001 +4.4973e-003 -1.4189e-001 -2.6116e+000 +2.4777e+000
1721 0 +1.068333253e+001 +1.460133325e+002 +1.460133325e+002 +4.3699e-001 +4.3208e-002 -9.9767e-002 -2.6310e+000 +2.5039e+000
1821 0 +9.959786755e+000 +1.452897868e+002 +1.452897868e+002 +4.4490e-001 +3.5979e-002 -1.0763e-001 -2.6274e+000 +2.4990e+000
1921 0 +9.710503885e+000 +1.450405039e+002 +1.450405039e+002 +4.4886e-001 +3.2365e-002 -1.1157e-001 -2.6256e+000 +2.4966e+000
2019 0 +8.946714968e+000 +1.442767150e+002 +1.442767150e+002 +4.7230e-001 +3.1699e-002 -1.1104e-001 -2.6263e+000 +2.4953e+000
2121 0 +8.852723131e+000 +1.441827231e+002 +1.441827231e+002 +4.7678e-001 +3.0981e-002 -1.1161e-001 -2.6262e+000 +2.4947e+000
2215 0 +8.660909517e+000 +1.439909095e+002 +1.439909095e+002 +4.9042e-001 +3.5486e-002 -1.1107e-001 -2.6218e+000 +2.4945e+000
2454 0 +8.320056602e+000 +1.436500566e+002 +1.436500566e+002 +5.0979e-001 +2.3421e-002 -1.1268e-001 -2.6270e+000 +2.4904e+000
2507 0 +8.130590077e+000 +1.434605901e+002 +1.434605901e+002 +5.2533e-001 +1.9165e-002 -1.1133e-001 -2.6211e+000 +2.4946e+000
2801 0 +8.087220984e+000 +1.434172210e+002 +1.434172210e+002 +5.3220e-001 +2.5017e-002 -1.0969e-001 -2.6264e+000 +2.4951e+000
% f evaluations | g evaluations | best noise-free fitness - Fopt (4.066000000000e+001) + sum g_i+ | measured fitness | best measured fitness or single-digit g-values | x1 | x2...
1 0 +1.724702693e+002 +2.131302693e+002 +2.131302693e+002 +0.0000e+000 +0.0000e+000 +0.0000e+000 +0.0000e+000 +0.0000e+000
19 0 +1.137675233e+002 +1.544275233e+002 +1.544275233e+002 +1.3533e+000 -3.5304e+000 +3.9693e+000 -4.5053e+000 +1.7667e+000
92 0 +1.064182491e+002 +1.470782491e+002 +1.470782491e+002 +2.4373e-001 -4.4746e-001 +1.3093e+000 -3.1582e+000 +1.5687e+000
213 0 +1.022318150e+002 +1.428918150e+002 +1.428918150e+002 +4.8307e-001 -1.4852e-001 +4.0035e-001 -2.3112e+000 +1.5848e+000
219 0 +5.562013678e+001 +9.628013678e+001 +9.628013678e+001 -1.3059e+000 -9.4078e-001 +3.9034e+000 -2.3224e+000 +1.0712e+000
319 0 +5.011429539e+001 +9.077429539e+001 +9.077429539e+001 -1.6694e-001 -1.5940e+000 +3.3322e+000 -3.1580e+000 +1.3901e+000
417 0 +4.617887437e+001 +8.683887437e+001 +8.683887437e+001 +1.1571e-001 -1.2910e+000 +2.4351e+000 -2.2514e+000 +1.7194e+000
799 0 +3.361179793e+001 +7.427179793e+001 +7.427179793e+001 -2.0825e-001 -9.5030e-001 +3.2540e+000 -2.2355e+000 +1.7213e+000
968 0 +3.108996882e+001 +7.174996882e+001 +7.174996882e+001 +1.2003e+000 -7.5810e-001 +3.8908e+000 -2.2931e+000 +1.6921e+000
1085 0 +2.866167999e+001 +6.932167999e+001 +6.932167999e+001 +9.1330e-001 -1.0743e+000 +4.0205e+000 -2.3046e+000 +1.7074e+000
1495 0 +2.041142183e+001 +6.107142183e+001 +6.107142183e+001 +8.5765e-001 -8.8095e-002 +3.2650e+000 -2.3055e+000 +1.4136e+000
1586 0 +1.782370910e+001 +5.848370910e+001 +5.848370910e+001 +2.0159e+000 +4.5416e-001 +3.8442e+000 -2.3053e+000 +7.6970e-001
2050 0 +1.731599016e+001 +5.797599016e+001 +5.797599016e+001 +2.1188e+000 +4.6993e-001 +3.9077e+000 -2.2867e+000 +7.4187e-001
2176 0 +1.648603711e+001 +5.714603711e+001 +5.714603711e+001 +2.0394e+000 +3.5128e-001 +3.9046e+000 -2.2496e+000 +7.6443e-001
2340 0 +1.467101545e+001 +5.533101545e+001 +5.533101545e+001 +2.1283e+000 +4.2725e-001 +3.9153e+000 -2.2803e+000 +7.6776e-001
2503 0 +1.399839851e+001 +5.465839851e+001 +5.465839851e+001 +2.0649e+000 +4.2128e-001 +3.8861e+000 -2.2811e+000 +7.6148e-001
2925 0 +1.375362910e+001 +5.441362910e+001 +5.441362910e+001 +2.0674e+000 +4.4058e-001 +3.8948e+000 -2.2873e+000 +7.7441e-001
3124 0 +1.308046181e+001 +5.374046181e+001 +5.374046181e+001 +2.0631e+000 +4.5054e-001 +3.8977e+000 -2.2749e+000 +7.5904e-001
3211 0 +1.280648477e+001 +5.346648477e+001 +5.346648477e+001 +2.0708e+000 +4.1202e-001 +3.9144e+000 -2.2500e+000 +7.5965e-001
3325 0 +1.249408666e+001 +5.315408666e+001 +5.315408666e+001 +2.0586e+000 +4.2706e-001 +3.9046e+000 -2.2616e+000 +7.6025e-001
3508 0 +1.226260922e+001 +5.292260922e+001 +5.292260922e+001 +2.0482e+000 +4.2784e-001 +3.9068e+000 -2.2544e+000 +7.6610e-001
4571 0 +1.202165182e+001 +5.268165182e+001 +5.268165182e+001 +2.0601e+000 +4.4013e-001 +3.9191e+000 -2.2514e+000 +7.6778e-001
