% f evaluations | g evaluations | best noise-free fitness - Fopt (-4.620900000000e+002) + sum g_i+ | measured fitness | best measured fitness or single-digit g-values | x1 | x2...
1 0 +2.262090927e+002 -2.358809073e+002 -2.358809073e+002 +0.0000e+000 +0.0000e+000 +0.0000e+000 +0.0000e+000 +0.0000e+000 +0.0000e+000 +0.0000e+000 +0.0000e+000 +0.0000e+000 +0.0000e+000
330 0 +2.042222651e+002 -2.578677349e+002 -2.578677349e+002 -6.4974e-001 +2.8732e+000 +1.4403e+000 -8.0116e-001 +3.4052e-001 +3.0242e+000 +1.8585e+000 +3.0037e+000 +3.6101e-001 -2.2160e+000
442 0 +2.018376767e+002 -2.602523233e+002 -2.602523233e+002 +5.4514e-001 +3.5649e+000 +8.6242e-001 -1.6400e+000 +1.3390e+000 +2.9681e+000 +2.7771e-001 +3.0480e+000 +4.3300e-001 -1.8510e+000
517 0 +1.775700411e+002 -2.845199589e+002 -2.845199589e+002 +9.7871e-001 +6.0942e-001 -8.5907e-001 -3.1136e-001 +8.7369e-001 +1.0825e+000 -3.4845e-001 +2.0932e+000 +1.4095e+000 +1.2722e+000
602 0 +1.321148498e+002 -3.299751502e+002 -3.299751502e+002 +5.4066e-001 +4.0246e-001 -3.6759e-001 +2.0853e-001 +4.5968e-001 +1.0735e+000 +7.0684e-001 +2.2342e+000 +9.3640e-001 +9.7802e-001
708 0 +1.270433697e+002 -3.350466303e+002 -3.350466303e+002 -1.2363e+000 +7.3300e-001 -1.2729e-001 +6.7818e-001 -5.4873e-001 +1.4328e+000 +2.4485e+000 +2.8987e+000 +1.0825e+000 -2.6661e-001
763 0 +1.035414102e+002 -3.585485898e+002 -3.585485898e+002 +1.5506e-001 +4.2991e-001 +1.5052e-001 -1.0593e-001 +1.2870e+000 +1.7054e+000 +2.4273e+000 +2.8759e+000 +7.3418e-001 -2.7138e-001
1031 0 +8.240157988e+001 -3.796884201e+002 -3.796884201e+002 +1.0593e-001 -6.7855e-002 -1.0476e-001 +4.5258e-002 +1.9671e+000 +1.6142e+000 +2.5137e+000 +2.5571e+000 +9.7161e-001 +8.5119e-002
1444 0 +7.665430661e+001 -3.854356934e+002 -3.854356934e+002 +2.6511e-001 +7.2216e-001 -1.3409e-001 +3.1918e-002 +1.1012e+000 +1.5176e+000 +2.2588e+000 +3.2914e+000 +7.6630e-001 +7.6486e-002
1655 0 +7.220690449e+001 -3.898830955e+002 -3.898830955e+002 +2.6730e-001 +7.3670e-001 -1.9503e-001 +3.6931e-002 +1.0656e+000 +1.5358e+000 +1.9438e+000 +3.3667e+000 +9.5904e-001 +4.6113e-002
1709 0 +6.906617914e+001 -3.930238209e+002 -3.930238209e+002 +2.5917e-001 +7.4181e-001 -1.5196e-001 +9.5940e-002 +1.0610e+000 +1.5719e+000 +2.0991e+000 +3.3129e+000 +7.9284e-001 +7.6043e-002
1753 0 +6.086255957e+001 -4.012274404e+002 -4.012274404e+002 +2.7210e-001 +7.1305e-001 -1.6228e-001 +7.4495e-003 +1.1482e+000 +1.5587e+000 +1.9123e+000 +3.3336e+000 +9.8310e-001 +7.2773e-002
2013 0 +5.426313427e+001 -4.078268657e+002 -4.078268657e+002 +2.2633e-001 +5.6415e-001 -1.0666e-001 +3.7655e-002 +1.2336e+000 +1.5787e+000 +2.0358e+000 +3.3814e+000 +9.9419e-001 +5.6826e-002
2340 0 +5.351149342e+001 -4.085785066e+002 -4.085785066e+002 +2.5125e-001 +6.4292e-001 -1.2640e-001 +7.3834e-003 +1.1911e+000 +1.5555e+000 +2.0398e+000 +3.3478e+000 +9.6814e-001 +5.5320e-002
2482 0 +5.204063637e+001 -4.100493636e+002 -4.100493636e+002 +2.5200e-001 +5.8643e-001 -1.1118e-001 +5.0115e-002 +1.2068e+000 +1.5589e+000 +1.9901e+000 +3.3850e+000 +1.0245e+000 +6.5651e-002
2518 0 +5.057055328e+001 -4.115194467e+002 -4.115194467e+002 +2.6542e-001 +6.3506e-001 -1.2331e-001 +2.8870e-002 +1.1801e+000 +1.5466e+000 +1.9937e+000 +3.3637e+000 +1.0057e+000 +6.4101e-002
2624 0 +4.342125602e+001 -4.186687440e+002 -4.186687440e+002 +2.6926e-001 +6.8940e-001 -1.1106e-001 +2.2781e-002 +1.2178e+000 +1.5385e+000 +2.0314e+000 +3.4786e+000 +1.0230e+000 +8.4000e-002
2780 0 +4.154552476e+001 -4.205444752e+002 -4.205444752e+002 +2.8416e-001 +7.0858e-001 -1.1166e-001 +2.4234e-002 +1.2089e+000 +1.5398e+000 +2.0437e+000 +3.4695e+000 +1.0100e+000 +7.4493e-002
2859 0 +4.063735070e+001 -4.214526493e+002 -4.214526493e+002 +2.9821e-001 +7.2149e-001 -1.1673e-001 +2.5808e-002 +1.2100e+000 +1.5429e+000 +2.0606e+000 +3.4833e+000 +1.0068e+000 +7.6057e-002
3003 0 +3.906818017e+001 -4.230218198e+002 -4.230218198e+002 +3.5140e-001 +6.7746e-001 -1.6543e-001 +5.2742e-002 +1.1788e+000 +1.5665e+000 +2.0461e+000 +3.4589e+000 +9.9439e-001 +6.7605e-002
3123 0 +3.848190366e+001 -4.236080963e+002 -4.236080963e+002 +3.0438e-001 +6.6809e-001 -1.4297e-001 +3.8781e-002 +1.1960e+000 +1.5486e+000 +2.0514e+000 +3.4775e+000 +1.0113e+000 +7.1796e-002
3180 0 +3.800487643e+001 -4.240851236e+002 -4.240851236e+002 +3.3303e-001 +6.8083e-001 -1.5468e-001 +4.5876e-002 +1.1872e+000 +1.5576e+000 +2.0570e+000 +3.4720e+000 +1.0003e+000 +6.9247e-002
3221 0 +3.678181099e+001 -4.253081890e+002 -4.253081890e+002 +3.3845e-001 +6.9111e-001 -1.6023e-001 +5.2323e-002 +1.1818e+000 +1.5742e+000 +2.0470e+000 +3.5003e+000 +1.0133e+000 +5.6175e-002
3539 0 +3.601146330e+001 -4.260785367e+002 -4.260785367e+002 +3.5305e-001 +6.8233e-001 -1.7546e-001 +5.9493e-002 +1.1667e+000 +1.5736e+000 +2.0565e+000 +3.4935e+000 +1.0124e+000 +5.2052e-002
3819 0 +3.543901923e+001 -4.266509808e+002 -4.266509808e+002 +3.5540e-001 +6.7206e-001 -1.6194e-001 +4.6569e-002 +1.1841e+000 +1.5819e+000 +2.0529e+000 +3.4856e+000 +1.0134e+000 +5.1832e-002
4111 0 +3.446810241e+001 -4.276218976e+002 -4.276218976e+002 +3.7089e-001 +6.7236e-001 -1.6122e-001 +3.4767e-002 +1.1830e+000 +1.5913e+000 +2.0577e+000 +3.4806e+000 +1.0129e+000 +5.5775e-002
4220 0 +3.342573965e+001 -4.286642603e+002 -4.286642603e+002 +3.7821e-001 +6.7931e-001 -1.5972e-001 +2.4903e-002 +1.1770e+000 +1.5912e+000 +2.0823e+000 +3.4893e+000 +1.0216e+000 +4.6342e-002
4305 0 +3.310700583e+001 -4.289829942e+002 -4.289829942e+002 +3.8595e-001 +6.7959e-001 -1.5632e-001 +1.4941e-002 +1.1810e+000 +1.5919e+000 +2.0902e+000 +3.4880e+000 +1.0260e+000 +4.8246e-002
4740 0 +3.234676113e+001 -4.297432389e+002 -4.297432389e+002 +4.2031e-001 +6.9139e-001 -1.5046e-001 -9.2816e-003 +1.1712e+000 +1.6093e+000 +2.1009e+000 +3.4847e+000 +1.0251e+000 +5.5869e-002
% f evaluations | g evaluations | best noise-free fitness - Fopt (7.766000000000e+001) + sum g_i+ | measured fitness | best measured fitness or single-digit g-values | x1 | x2...
1 0 +2.727873423e+002 +3.504473423e+002 +3.504473423e+002 +0.0000e+000 +0.0000e+000 +0.0000e+000 +0.0000e+000 +0.0000e+000 +0.0000e+000 +0.0000e+000 +0.0000e+000 +0.0000e+000 +0.0000e+000
235 0 +2.575177465e+002 +3.351777465e+002 +3.351777465e+002 +7.0836e-002 -3.9846e+000 -1.0302e+000 +9.2724e-001 -9.3807e-001 +4.7713e-001 -2.7819e+000 +2.3668e+000 +2.0320e-001 -4.0838e+000
303 0 +2.414886702e+002 +3.191486702e+002 +3.191486702e+002 +3.2488e-001 -2.5268e+000 -5.9726e-001 +2.8377e+000 -8.3535e-001 +1.2829e-001 -2.0468e+000 +1.3223e+000 -1.9077e+000 -2.8579e+000
307 0 +2.264266834e+002 +3.040866834e+002 +3.040866834e+002 +2.2658e+000 -2.9576e+000 -2.6080e+000 +2.2267e+000 -1.0184e+000 +1.3068e+000 -1.4310e+000 +1.1849e+000 -9.8718e-001 -3.3101e+000
334 0 +2.028310308e+002 +2.804910308e+002 +2.804910308e+002 +3.6180e-001 -4.0021e+000 -7.6678e-002 +1.2284e+000 -2.0883e+000 -7.9289e-002 -1.0644e+000 +1.1128e+000 -1.3240e-001 -3.7434e+000
422 0 +1.949347519e+002 +2.725947519e+002 +2.725947519e+002 +1.2786e+000 -3.3836e+000 +2.6084e-001 +1.9509e+000 -1.7781e+000 +5.8170e-002 -1.0592e+000 +8.0981e-001 -1.2143e+000 -5.0000e+000
441 0 +1.874847290e+002 +2.651447290e+002 +2.651447290e+002 +7.4310e-001 -4.5227e+000 +5.5648e-001 +1.9242e+000 -2.6586e+000 -2.8217e-001 -4.1833e-001 +5.3702e-001 -2.8104e-001 -3.4997e+000
442 0 +1.727039290e+002 +2.503639290e+002 +2.503639290e+002 +1.1672e+000 -4.1252e+000 +3.3229e-001 +2.4664e+000 -5.9239e-001 -1.1388e+000 -7.2474e-001 +6.7896e-001 -1.2996e+000 -3.1535e+000
605 0 +1.645170321e+002 +2.421770321e+002 +2.421770321e+002 +1.7751e-001 -3.5220e+000 +8.0852e-001 +2.0822e+000 -4.5598e-001 -6.5411e-001 -9.8436e-001 +1.3957e+000 -8.7061e-001 -3.1454e+000
635 0 +1.543211885e+002 +2.319811885e+002 +2.319811885e+002 +1.3492e+000 -4.1273e+000 +4.5412e-001 +3.0982e+000 -4.7308e-001 -1.4237e-002 -1.1351e+000 +1.9072e+000 -1.9796e+000 -3.2716e+000
700 0 +1.357819257e+002 +2.134419257e+002 +2.134419257e+002 +1.1920e+000 -4.1760e+000 +5.1738e-001 +2.5991e+000 -1.0669e+000 -5.1618e-001 -2.9324e-001 +4.8586e-001 -1.1251e+000 -3.0196e+000
1016 0 +1.287583792e+002 +2.064183792e+002 +2.064183792e+002 +1.2475e+000 -4.4104e+000 +4.8242e-001 +2.7591e+000 -8.4733e-001 -5.6552e-001 -3.6884e-001 +5.1534e-001 -1.2370e+000 -3.2417e+000
1033 0 +1.029064735e+002 +1.805664735e+002 +1.805664735e+002 +1.2494e+000 -4.3572e+000 +8.1275e-001 +3.1713e+000 -6.0380e-001 -5.5338e-001 +1.3616e-002 +7.8140e-002 -8.7314e-001 -3.3085e+000
1222 0 +9.750552127e+001 +1.751655213e+002 +1.751655213e+002 +1.2668e+000 -4.4621e+000 +9.5888e-001 +3.3243e+000 -4.8422e-001 -5.9418e-001 +6.1154e-002 +5.1157e-002 -8.8340e-001 -3.2798e+000
1515 0 +9.120439592e+001 +1.688643959e+002 +1.688643959e+002 +1.2794e+000 -4.7594e+000 +1.2723e+000 +3.8676e+000 +7.5188e-002 -6.0795e-001 +2.5406e-001 -3.0978e-001 -6.1835e-001 -3.5239e+000
1720 0 +8.441332480e+001 +1.620733248e+002 +1.620733248e+002 +1.3263e+000 -4.6824e+000 +1.1428e+000 +3.8882e+000 +3.8056e-002 -6.0957e-001 +1.0832e-001 -2.2567e-001 -6.3644e-001 -3.4709e+000
1776 0 +7.830332866e+001 +1.559633287e+002 +1.559633287e+002 +1.3007e+000 -4.6984e+000 +1.2570e+000 +3.8716e+000 +1.1085e-002 -5.9823e-001 +2.1797e-001 -2.9097e-001 -6.3896e-001 -3.5415e+000
2105 0 +7.051949455e+001 +1.481794946e+002 +1.481794946e+002 +1.3191e+000 -4.6933e+000 +1.2615e+000 +3.8845e+000 +7.9505e-003 -5.7044e-001 +1.6700e-001 -2.3347e-001 -6.2784e-001 -3.5490e+000
2506 0 +6.648743960e+001 +1.441474396e+002 +1.441474396e+002 +1.3310e+000 -4.6627e+000 +1.2661e+000 +3.9057e+000 +5.8112e-002 -5.5030e-001 +1.9726e-001 -2.5586e-001 -6.1223e-001 -3.5425e+000
2622 0 +6.594869399e+001 +1.436086940e+002 +1.436086940e+002 +1.3392e+000 -4.6443e+000 +1.2647e+000 +3.8957e+000 +4.6073e-002 -5.4687e-001 +1.9274e-001 -2.4740e-001 -6.2768e-001 -3.5344e+000
2722 0 +6.390045500e+001 +1.415604550e+002 +1.415604550e+002 +1.3388e+000 -4.6273e+000 +1.2709e+000 +3.9022e+000 +5.8931e-002 -5.4002e-001 +1.7671e-001 -2.3780e-001 -6.1226e-001 -3.5301e+000
2817 0 +6.250423452e+001 +1.401642345e+002 +1.401642345e+002 +1.3291e+000 -4.5482e+000 +1.2556e+000 +3.8880e+000 +3.6887e-002 -4.9932e-001 +1.7352e-001 -2.3261e-001 -6.2980e-001 -3.4992e+000
2853 0 +5.977926396e+001 +1.374392640e+002 +1.374392640e+002 +1.3520e+000 -4.5762e+000 +1.2702e+000 +3.8913e+000 +5.8738e-002 -5.3496e-001 +1.8299e-001 -2.5703e-001 -6.2254e-001 -3.5179e+000
2910 0 +5.877658466e+001 +1.364365847e+002 +1.364365847e+002 +1.3716e+000 -4.4956e+000 +1.2563e+000 +3.8604e+000 +4.0587e-002 -5.2622e-001 +1.7537e-001 -2.5437e-001 -6.4155e-001 -3.4942e+000
3095 0 +5.753970163e+001 +1.351997016e+002 +1.351997016e+002 +1.3830e+000 -4.4470e+000 +1.2755e+000 +3.8666e+000 +4.3681e-002 -5.2151e-001 +1.7313e-001 -2.5796e-001 -6.5276e-001 -3.4865e+000
3238 0 +5.555829420e+001 +1.332182942e+002 +1.332182942e+002 +1.3380e+000 -4.5017e+000 +1.2699e+000 +3.8822e+000 +5.3847e-002 -5.4369e-001 +1.5621e-001 -2.5139e-001 -6.2141e-001 -3.4981e+000
3270 0 +5.022954909e+001 +1.278895491e+002 +1.278895491e+002 +1.3352e+000 -4.4235e+000 +1.2634e+000 +3.8981e+000 +5.4196e-002 -5.3951e-001 +1.6437e-001 -2.7576e-001 -5.9626e-001 -3.4933e+000
3380 0 +4.989374857e+001 +1.275537486e+002 +1.275537486e+002 +1.3451e+000 -4.3874e+000 +1.2631e+000 +3.9116e+000 +6.3309e-002 -5.2882e-001 +1.7044e-001 -2.8650e-001 -5.8566e-001 -3.4921e+000
3554 0 +4.851188002e+001 +1.261718800e+002 +1.261718800e+002 +1.3697e+000 -4.4128e+000 +1.2573e+000 +3.9027e+000 +4.8028e-002 -5.1133e-001 +1.7656e-001 -2.6369e-001 -6.1665e-001 -3.5056e+000
3652 0 +4.761653255e+001 +1.252765326e+002 +1.252765326e+002 +1.4065e+000 -4.3518e+000 +1.2542e+000 +3.9316e+000 +4.9213e-002 -4.8969e-001 +1.9326e-001 -2.7767e-001 -5.9500e-001 -3.5316e+000
3840 0 +4.627057967e+001 +1.239305797e+002 +1.239305797e+002 +1.4038e+000 -4.3874e+000 +1.2553e+000 +3.9339e+000 +5.6264e-002 -5.0585e-001 +1.9020e-001 -2.6059e-001 -5.8929e-001 -3.5401e+000
3960 0 +4.554551766e+001 +1.232055177e+002 +1.232055177e+002 +1.4240e+000 -4.3739e+000 +1.2651e+000 +3.9572e+000 +5.6277e-002 -4.9698e-001 +1.7889e-001 -2.6393e-001 -5.8792e-001 -3.5523e+000
4091 0 +4.437960609e+001 +1.220396061e+002 +1.220396061e+002 +1.4026e+000 -4.3955e+000 +1.2668e+000 +3.9440e+000 +5.2201e-002 -5.0384e-001 +1.6691e-001 -2.6460e-001 -5.9588e-001 -3.5360e+000
4250 0 +4.364546379e+001 +1.213054638e+002 +1.213054638e+002 +1.3994e+000 -4.4053e+000 +1.2733e+000 +3.9508e+000 +5.3078e-002 -5.0655e-001 +1.5849e-001 -2.6505e-001 -5.9570e-001 -3.5504e+000
4512 0 +4.264996489e+001 +1.203099649e+002 +1.203099649e+002 +1.3956e+000 -4.3909e+000 +1.2668e+000 +3.9444e+000 +4.5180e-002 -5.0450e-001 +1.4697e-001 -2.6776e-001 -6.1272e-001 -3.5512e+000
5415 0 +4.168077645e+001 +1.193407764e+002 +1.193407764e+002 +1.4067e+000 -4.3568e+000 +1.2522e+000 +3.9447e+000 +1.3373e-002 -5.1698e-001 +1.4602e-001 -2.8523e-001 -6.0636e-001 -3.5608e+000
% f evaluations | g evaluations | best noise-free fitness - Fopt (1.156800000000e+002) + sum g_i+ | measured fitness | best measured fitness or single-digit g-values | x1 | x2...
1 0 +4.174500391e+002 +5.331300391e+002 +5.331300391e+002 +0.0000e+000 +0.0000e+000 +0.0000e+000 +0.0000e+000 +0.0000e+000 +0.0000e+000 +0.0000e+000 +0.0000e+000 +0.0000e+000 +0.0000e+000
129 0 +3.174814018e+002 +4.331614018e+002 +4.331614018e+002 -7.7244e-001 +1.9668e-001 -1.0197e+000 +2.3225e+000 +2.6160e+000 -5.9103e-001 -2.1876e+000 +2.4485e+000 +2.1908e+000 -6.7279e-003
261 0 +2.281609833e+002 +3.438409833e+002 +3.438409833e+002 -1.3361e+000 -1.3757e+000 -1.4268e+000 +2.9164e+000 +2.7510e+000 -2.7654e+000 -1.1309e+000 +2.0327e+000 +3.2435e+000 -1.5826e+000
326 0 +2.007552599e+002 +3.164352599e+002 +3.164352599e+002 -1.4745e+000 -1.6114e+000 -1.1314e+000 +3.1245e+000 +2.4882e+000 -3.4923e+000 -4.0534e-001 +1.4718e+000 +3.0125e+000 -1.5967e+000
404 0 +1.939594723e+002 +3.096394723e+002 +3.096394723e+002 -2.0365e+000 -2.0489e+000 -1.3435e+000 +3.5625e+000 +1.8523e+000 -4.7462e+000 +9.8233e-001 +4.0113e-001 +2.6201e+000 -1.8215e+000
407 0 +1.529447997e+002 +2.686247997e+002 +2.686247997e+002 -1.5973e+000 -3.3683e+000 -4.9767e-001 +3.5257e+000 +2.3683e+000 -3.7581e+000 +7.9172e-001 +1.5974e+000 +3.6085e+000 -1.2986e+000
543 0 +1.457830876e+002 +2.614630876e+002 +2.614630876e+002 -1.8841e+000 -4.5053e+000 +2.7448e-001 +3.8731e+000 +2.6678e+000 -4.6753e+000 +1.8684e+000 +9.2415e-001 +3.9600e+000 -1.4856e+000
607 0 +1.353920161e+002 +2.510720161e+002 +2.510720161e+002 -1.7232e+000 -3.7441e+000 -2.1413e-001 +3.6891e+000 +2.4738e+000 -4.0200e+000 +1.0812e+000 +1.4328e+000 +3.7917e+000 -1.3401e+000
666 0 +1.322792961e+002 +2.479592961e+002 +2.479592961e+002 -1.9315e+000 -3.7282e+000 -1.5114e-001 +3.7253e+000 +2.6599e+000 -4.1653e+000 +1.1301e+000 +1.2278e+000 +3.6135e+000 -1.6104e+000
711 0 +1.275287847e+002 +2.432087847e+002 +2.432087847e+002 -1.8903e+000 -4.0861e+000 +1.3432e-001 +3.9791e+000 +3.0044e+000 -4.7363e+000 +1.8951e+000 +7.7942e-001 +3.9340e+000 -1.9433e+000
1023 0 +1.076037553e+002 +2.232837553e+002 +2.232837553e+002 -1.8736e+000 -3.9619e+000 +1.0277e-001 +3.9742e+000 +2.9906e+000 -4.7488e+000 +1.8181e+000 +8.7045e-001 +3.8513e+000 -1.9678e+000
1129 0 +1.056248673e+002 +2.213048673e+002 +2.213048673e+002 -1.8449e+000 -3.9254e+000 +4.0295e-002 +3.9312e+000 +2.9431e+000 -4.6740e+000 +1.8114e+000 +8.8403e-001 +3.8280e+000 -1.9479e+000
1607 0 +1.046415705e+002 +2.203215705e+002 +2.203215705e+002 -1.8688e+000 -3.9158e+000 +4.2677e-002 +3.9527e+000 +2.9627e+000 -4.6559e+000 +1.8105e+000 +8.7910e-001 +3.8476e+000 -1.9768e+000
1772 0 +9.669293258e+001 +2.123729326e+002 +2.123729326e+002 -1.8135e+000 -3.8986e+000 +4.5837e-002 +3.9038e+000 +2.9661e+000 -4.6902e+000 +1.8769e+000 +8.8509e-001 +3.8784e+000 -1.9530e+000
1909 0 +9.523013421e+001 +2.109101342e+002 +2.109101342e+002 -1.7912e+000 -3.8854e+000 +4.5990e-002 +3.8800e+000 +2.9740e+000 -4.7054e+000 +1.9020e+000 +8.7764e-001 +3.8931e+000 -1.9408e+000
1915 0 +8.830454393e+001 +2.039845439e+002 +2.039845439e+002 -1.6956e+000 -3.7260e+000 +6.5767e-002 +3.7982e+000 +3.0675e+000 -4.6938e+000 +1.9009e+000 +8.8616e-001 +3.9042e+000 -1.9409e+000
2083 0 +8.705804671e+001 +2.027380467e+002 +2.027380467e+002 -1.7619e+000 -3.7810e+000 +1.7928e-002 +3.7735e+000 +3.0444e+000 -4.6697e+000 +1.8203e+000 +8.4885e-001 +3.8926e+000 -1.9423e+000
2430 0 +8.446559909e+001 +2.001455991e+002 +2.001455991e+002 -1.8036e+000 -3.7495e+000 +3.8533e-002 +3.7871e+000 +3.0155e+000 -4.6779e+000 +1.8294e+000 +8.8017e-001 +3.8969e+000 -1.9230e+000
2728 0 +8.224850448e+001 +1.979285045e+002 +1.979285045e+002 -1.8160e+000 -3.7326e+000 +5.9745e-002 +3.7824e+000 +3.0479e+000 -4.6793e+000 +1.8378e+000 +8.7088e-001 +3.9014e+000 -1.9371e+000
2917 0 +8.112268468e+001 +1.968026847e+002 +1.968026847e+002 -1.8772e+000 -3.7236e+000 +1.0133e-001 +3.7905e+000 +3.0476e+000 -4.6889e+000 +1.8565e+000 +8.7984e-001 +3.9102e+000 -1.9319e+000
3171 0 +7.937274745e+001 +1.950527474e+002 +1.950527474e+002 -1.8937e+000 -3.6874e+000 +1.3811e-001 +3.7771e+000 +3.0841e+000 -4.6881e+000 +1.8614e+000 +8.6486e-001 +3.9093e+000 -1.9558e+000
3531 0 +7.759140414e+001 +1.932714041e+002 +1.932714041e+002 -1.8978e+000 -3.6627e+000 +1.6828e-001 +3.7402e+000 +3.0987e+000 -4.6789e+000 +1.8421e+000 +8.7204e-001 +3.9194e+000 -1.9415e+000
4078 0 +7.430147051e+001 +1.899814705e+002 +1.899814705e+002 -1.8518e+000 -3.7106e+000 +1.5456e-001 +3.7183e+000 +3.0668e+000 -4.6768e+000 +1.8252e+000 +8.7506e-001 +3.9135e+000 -1.9469e+000
4106 0 +7.408588211e+001 +1.897658821e+002 +1.897658821e+002 -1.8784e+000 -3.7361e+000 +1.6846e-001 +3.6814e+000 +3.0514e+000 -4.6927e+000 +1.8100e+000 +8.7170e-001 +3.9191e+000 -1.9491e+000
4304 0 +7.199918211e+001 +1.876791821e+002 +1.876791821e+002 -1.8389e+000 -3.7177e+000 +2.0693e-001 +3.6937e+000 +3.0235e+000 -4.6658e+000 +1.8143e+000 +8.8236e-001 +3.9041e+000 -1.9672e+000
4584 0 +7.067409470e+001 +1.863540947e+002 +1.863540947e+002 -1.8206e+000 -3.7310e+000 +2.3001e-001 +3.7012e+000 +3.0275e+000 -4.6845e+000 +1.8181e+000 +8.9009e-001 +3.9153e+000 -1.9583e+000
5413 0 +6.913354391e+001 +1.848135439e+002 +1.848135439e+002 -1.7834e+000 -3.7213e+000 +2.4234e-001 +3.7060e+000 +3.0077e+000 -4.6695e+000 +1.8254e+000 +8.6588e-001 +3.9157e+000 -1.9563e+000
% f evaluations | g evaluations | best noise-free fitness - Fopt (-3.710000000000e+000) + sum g_i+ | measured fitness | best measured fitness or single-digit g-values | x1 | x2...
1 0 +2.788708135e+002 +2.751608135e+002 +2.751608135e+002 +0.0000e+000 +0.0000e+000 +0.0000e+000 +0.0000e+000 +0.0000e+000 +0.0000e+000 +0.0000e+000 +0.0000e+000 +0.0000e+000 +0.0000e+000
216 0 +2.767485226e+002 +2.730385226e+002 +2.730385226e+002 +2.1878e+000 +6.6829e-001 +1.1592e+000 -1.8388e+000 +1.3296e+000 -9.2944e-002 +3.6974e-001 -1.7653e+000 +1.2593e+000 +1.7247e+000
248 0 +2.348027239e+002 +2.310927239e+002 +2.310927239e+002 +3.3047e+000 -4.1436e-001 +1.6112e+000 -2.3805e+000 +1.1193e+000 +5.7701e-001 -1.4125e+000 -1.5486e+000 +1.5493e+000 -1.1840e-001
276 0 +2.235669177e+002 +2.198569177e+002 +2.198569177e+002 +2.8183e+000 +1.2533e+000 +1.6843e+000 -8.1663e-001 +8.4477e-002 -4.0278e-003 -1.3228e+000 -2.9694e+000 +2.0303e+000 +1.2969e+000
743 0 +2.128755666e+002 +2.091655666e+002 +2.091655666e+002 +3.1019e+000 +1.1714e+000 +1.9264e+000 -9.0397e-001 +2.0708e-001 -3.5565e-001 -3.4102e-001 -2.3728e+000 +1.6625e+000 +9.1339e-001
1043 0 +1.927209521e+002 +1.890109521e+002 +1.890109521e+002 +3.1244e+000 +1.4949e+000 +1.7271e+000 -8.7349e-001 +7.3284e-002 -8.3458e-002 -4.4519e-001 -2.4203e+000 +1.4756e+000 +9.2775e-001
1113 0 +1.869952299e+002 +1.832852299e+002 +1.832852299e+002 +3.2564e+000 +1.4360e+000 +1.7165e+000 -9.6775e-001 +1.0161e-001 +1.3282e-001 -8.0623e-001 -2.4163e+000 +1.5385e+000 +1.0002e+000
1185 0 +1.818076863e+002 +1.780976863e+002 +1.780976863e+002 +3.1162e+000 +1.5227e+000 +1.7586e+000 -8.8832e-001 +1.1130e-001 -5.0633e-002 -4.0410e-001 -2.4471e+000 +1.4824e+000 +9.6268e-001
1643 0 +1.776818809e+002 +1.739718809e+002 +1.739718809e+002 +3.1023e+000 +1.4629e+000 +1.8399e+000 -8.9744e-001 +1.6497e-001 -8.4524e-002 -3.2108e-001 -2.4521e+000 +1.5455e+000 +1.0024e+000
1725 0 +1.717005417e+002 +1.679905417e+002 +1.679905417e+002 +3.1283e+000 +1.4699e+000 +1.7631e+000 -8.9125e-001 +9.3142e-002 -7.3137e-002 -3.8340e-001 -2.4342e+000 +1.5225e+000 +1.0202e+000
1841 0 +1.684796776e+002 +1.647696776e+002 +1.647696776e+002 +3.1147e+000 +1.4546e+000 +1.7694e+000 -8.4639e-001 +1.0400e-001 -2.6007e-002 -3.5751e-001 -2.4188e+000 +1.5030e+000 +1.0432e+000
1913 0 +1.650487924e+002 +1.613387924e+002 +1.613387924e+002 +3.0667e+000 +1.3861e+000 +1.7706e+000 -9.2587e-001 +1.8160e-001 +4.2517e-003 -4.5902e-001 -2.3876e+000 +1.5810e+000 +1.0020e+000
2013 0 +1.577681822e+002 +1.540581822e+002 +1.540581822e+002 +3.0472e+000 +1.3910e+000 +1.7795e+000 -8.9112e-001 +1.7172e-001 -2.4506e-002 -3.6100e-001 -2.3862e+000 +1.5659e+000 +1.0217e+000
2425 0 +1.546695513e+002 +1.509595513e+002 +1.509595513e+002 +3.1069e+000 +1.3703e+000 +1.7575e+000 -9.0075e-001 +1.3652e-001 -2.6273e-002 -3.3262e-001 -2.3537e+000 +1.5487e+000 +1.0325e+000
2654 0 +1.508100735e+002 +1.471000735e+002 +1.471000735e+002 +3.0617e+000 +1.3382e+000 +1.7662e+000 -8.7782e-001 +1.1903e-001 -3.8560e-002 -3.1897e-001 -2.4168e+000 +1.5720e+000 +9.9961e-001
2762 0 +1.468139222e+002 +1.431039222e+002 +1.431039222e+002 +3.0776e+000 +1.2792e+000 +1.7685e+000 -8.9256e-001 +1.0738e-001 -1.9766e-002 -2.7728e-001 -2.4027e+000 +1.5687e+000 +9.7099e-001
% f evaluations | g evaluations | best noise-free fitness - Fopt (1.321800000000e+002) + sum g_i+ | measured fitness | best measured fitness or single-digit g-values | x1 | x2...
1 0 +1.874009908e+002 +3.195809908e+002 +3.195809908e+002 +0.0000e+000 +0.0000e+000 +0.0000e+000 +0.0000e+000 +0.0000e+000 +0.0000e+000 +0.0000e+000 +0.0000e+000 +0.0000e+000 +0.0000e+000
480 0 +1.822338374e+002 +3.144138374e+002 +3.144138374e+002 -1.3443e+000 +2.4283e+000 -2.1657e+000 +5.7610e-001 +8.7952e-001 -1.6505e+000 +2.1924e+000 -4.4608e-001 -1.0481e+000 -5.3426e-001
796 0 +1.680776580e+002 +3.002576580e+002 +3.002576580e+002 -5.3174e-001 +1.2364e+000 -6.7078e-001 -1.2159e+000 +1.3653e+000 -6.3353e-001 +1.7313e+000 -8.1699e-001 -9.5856e-001 +7.6247e-001
806 0 +1.502218859e+002 +2.824018859e+002 +2.824018859e+002 -5.0907e-001 +1.4154e+000 -7.2796e-001 -1.0997e+000 +1.2824e+000 -5.7456e-001 +1.7898e+000 -7.5756e-001 -9.4861e-001 +7.0450e-001
817 0 +1.420764529e+002 +2.742564529e+002 +2.742564529e+002 -5.4364e-001 +1.3870e+000 +7.7048e-001 -1.2036e+000 +3.3017e-001 -1.0556e+000 +2.4139e+000 -1.0342e+000 -7.4466e-001 +9.0093e-002
984 0 +1.404030846e+002 +2.725830846e+002 +2.725830846e+002 -1.1728e+000 +1.5190e+000 +1.1897e+000 -2.1593e+000 +4.0959e-002 -1.0871e+000 +2.2140e+000 -1.2403e+000 -6.4707e-001 +9.8949e-001
1113 0 +1.298167214e+002 +2.619967214e+002 +2.619967214e+002 -2.4799e-001 -6.7884e-001 +3.6315e+000 -2.5444e+000 +1.3336e+000 -5.2918e-001 +3.5395e-002 -1.9903e+000 +5.7249e-001 +4.4365e-001
1621 0 +1.220068293e+002 +2.541868293e+002 +2.541868293e+002 +5.6740e-001 +1.1852e+000 +1.2056e+000 -1.9296e+000 +6.8268e-001 -4.0743e-001 +5.1728e-003 -7.8859e-001 +8.6689e-002 -2.5771e-001
1820 0 +1.113766956e+002 +2.435566956e+002 +2.435566956e+002 +7.2187e-001 +1.2135e+000 +1.2306e+000 -1.9312e+000 +6.9948e-001 -3.7544e-001 -1.3026e-001 -7.6522e-001 +1.4189e-001 -3.5399e-001
1949 0 +1.076659852e+002 +2.398459852e+002 +2.398459852e+002 +7.1181e-001 +1.4463e+000 +1.0125e+000 -2.1139e+000 +5.8720e-001 -5.7938e-001 -1.3862e-001 -7.0964e-001 +2.2656e-001 -5.5948e-001
2292 0 +1.032295006e+002 +2.354095006e+002 +2.354095006e+002 +6.5423e-001 +1.3204e+000 +1.0334e+000 -1.9176e+000 +6.3845e-001 -4.9465e-001 -1.4238e-001 -7.1207e-001 +2.1808e-001 -5.3565e-001
2476 0 +9.910618965e+001 +2.312861896e+002 +2.312861896e+002 +6.6502e-001 +1.3401e+000 +1.0339e+000 -1.9533e+000 +6.3067e-001 -5.0845e-001 -1.4227e-001 -7.1315e-001 +2.1946e-001 -5.3765e-001
2749 0 +9.586974511e+001 +2.280497451e+002 +2.280497451e+002 +6.7659e-001 +1.3402e+000 +1.0617e+000 -1.9691e+000 +6.1636e-001 -5.2114e-001 -1.0718e-001 -7.2583e-001 +2.2566e-001 -5.4085e-001
3010 0 +9.511505371e+001 +2.272950537e+002 +2.272950537e+002 +6.9685e-001 +1.3581e+000 +1.0663e+000 -1.9960e+000 +6.1089e-001 -5.3416e-001 -1.0718e-001 -7.2544e-001 +2.3325e-001 -5.5636e-001
3066 0 +8.708400327e+001 +2.192640033e+002 +2.192640033e+002 +6.7409e-001 +1.3880e+000 +1.0510e+000 -1.9573e+000 +6.1323e-001 -5.5677e-001 -2.6774e-002 -7.2302e-001 +2.0047e-001 -2.6705e-001
3433 0 +8.322597102e+001 +2.154059710e+002 +2.154059710e+002 +6.9458e-001 +1.3628e+000 +1.0865e+000 -1.9639e+000 +6.4233e-001 -5.3217e-001 -6.7470e-002 -7.3142e-001 +2.0417e-001 -2.9770e-001
3507 0 +8.274892092e+001 +2.149289209e+002 +2.149289209e+002 +6.9756e-001 +1.3459e+000 +1.1133e+000 -1.9648e+000 +6.6112e-001 -5.2794e-001 -7.2527e-002 -7.4174e-001 +1.9640e-001 -2.3933e-001
3549 0 +8.117723693e+001 +2.133572369e+002 +2.133572369e+002 +7.0628e-001 +1.3692e+000 +1.0997e+000 -1.9722e+000 +6.5653e-001 -5.2926e-001 -7.8325e-002 -7.2938e-001 +2.0456e-001 -2.8061e-001
3805 0 +7.934931778e+001 +2.115293178e+002 +2.115293178e+002 +6.9156e-001 +1.3939e+000 +1.1652e+000 -2.0238e+000 +6.9854e-001 -5.3664e-001 -4.9240e-002 -7.2447e-001 +1.8741e-001 -2.9411e-001
4255 0 +7.651526283e+001 +2.086952628e+002 +2.086952628e+002 +6.8012e-001 +1.3814e+000 +1.1539e+000 -2.0301e+000 +7.3515e-001 -5.2605e-001 -4.9141e-002 -7.2431e-001 +1.6524e-001 -2.7415e-001
4503 0 +7.569582139e+001 +2.078758214e+002 +2.078758214e+002 +7.0344e-001 +1.3849e+000 +1.1231e+000 -2.0126e+000 +7.4612e-001 -5.1276e-001 -7.4495e-002 -7.1359e-001 +1.6124e-001 -2.7506e-001
5044 0 +7.393253631e+001 +2.061125363e+002 +2.061125363e+002 +6.6927e-001 +1.3639e+000 +1.0818e+000 -1.9568e+000 +7.7739e-001 -5.2281e-001 -4.3208e-002 -7.7070e-001 +1.7498e-001 -2.4785e-001
5236 0 +6.983249919e+001 +2.020124992e+002 +2.020124992e+002 +6.3674e-001 +1.3848e+000 +1.1321e+000 -1.9428e+000 +8.1042e-001 -5.2629e-001 -1.0217e-001 -7.5055e-001 +1.5764e-001 -2.7280e-001
5412 0 +6.873108102e+001 +2.009110810e+002 +2.009110810e+002 +6.4648e-001 +1.4043e+000 +1.1379e+000 -1.9525e+000 +8.1620e-001 -5.3623e-001 -1.0998e-001 -7.4779e-001 +1.6851e-001 -2.7690e-001
5941 0 +6.760797513e+001 +1.997879751e+002 +1.997879751e+002 +6.4143e-001 +1.4422e+000 +1.1173e+000 -1.9753e+000 +7.8988e-001 -5.4192e-001 -8.4756e-002 -7.4293e-001 +1.5403e-001 -2.7864e-001
6832 0 +6.601624258e+001 +1.981962426e+002 +1.981962426e+002 +6.5382e-001 +1.4858e+000 +1.1090e+000 -1.9823e+000 +7.8719e-001 -5.4182e-001 -1.0149e-001 -7.5737e-001 +1.5525e-001 -2.7672e-001
% f evaluations | g evaluations | best noise-free fitness - Fopt (-3.930000000000e+001) + sum g_i+ | measured fitness | best measured fitness or single-digit g-values | x1 | x2...
1 0 +3.911508430e+002 +3.518508430e+002 +3.518508430e+002 +0.0000e+000 +0.0000e+000 +0.0000e+000 +0.0000e+000 +0.0000e+000 +0.0000e+000 +0.0000e+000 +0.0000e+000 +0.0000e+000 +0.0000e+000
186 0 +3.361799130e+002 +2.968799130e+002 +2.968799130e+002 -4.2126e-001 -1.4143e+000 +2.5960e-001 -8.8825e-002 -1.2634e+000 -6.1019e-001 +1.7516e+000 +8.8659e-001 +5.0086e-001 +5.2627e-001
233 0 +2.607920784e+002 +2.214920784e+002 +2.214920784e+002 +8.1881e-001 -1.8441e+000 +4.1753e-002 +1.3416e+000 +2.7917e-001 +7.3516e-001 +4.1531e-002 +9.6781e-001 -4.0521e-001 -1.2432e+000
275 0 +2.526951232e+002 +2.133951232e+002 +2.133951232e+002 -4.8810e-001 -1.0111e+000 -1.4241e+000 +3.3342e-001 +6.2327e-002 +1.0769e-001 +1.5128e+000 +2.8665e+000 +1.1793e+000 -1.2676e+000
277 0 +2.380631108e+002 +1.987631108e+002 +1.987631108e+002 +2.9652e+000 -1.8045e+000 -1.3405e+000 +2.4533e-001 +3.1257e-001 -2.2745e+000 +2.2731e+000 -8.2527e-001 -4.8726e-001 -3.0837e+000
390 0 +2.263539351e+002 +1.870539351e+002 +1.870539351e+002 +2.6392e+000 -1.9540e+000 -8.8305e-001 +3.7866e-001 +4.5300e-001 -1.9505e+000 +2.6857e+000 -1.3064e+000 -7.1004e-001 -3.2214e+000
392 0 +2.198947779e+002 +1.805947779e+002 +1.805947779e+002 +1.8099e+000 -1.8475e+000 -2.9204e-001 +9.9176e-001 -8.2501e-001 -1.9444e+000 +1.8855e+000 +3.0573e-002 -7.5024e-001 -1.6903e+000
428 0 +2.181628894e+002 +1.788628894e+002 +1.788628894e+002 -6.1075e-001 +1.4399e-001 +4.5715e-001 +2.4937e+000 -5.9570e-001 -8.1106e-001 +6.7843e-001 +3.4537e+000 +7.3602e-001 -5.0000e+000
441 0 +1.888045540e+002 +1.495045540e+002 +1.495045540e+002 +2.3575e+000 -2.1412e+000 -7.2138e-001 +1.1600e+000 -1.2959e+000 -2.7487e+000 +2.1051e+000 +4.5608e-002 -3.1417e-001 -2.9954e+000
584 0 +1.635584787e+002 +1.242584787e+002 +1.242584787e+002 +2.5064e+000 -1.6479e+000 -1.6246e+000 +3.9157e-001 -1.9726e+000 -2.0436e+000 +2.6718e+000 +1.2084e-001 +1.1445e+000 -3.4064e+000
817 0 +1.428209020e+002 +1.035209020e+002 +1.035209020e+002 +2.4713e+000 -1.6656e+000 -1.5457e+000 +5.1525e-001 -2.0760e+000 -2.0669e+000 +2.6084e+000 +1.9727e-001 +1.0656e+000 -3.3925e+000
1752 0 +1.399497662e+002 +1.006497662e+002 +1.006497662e+002 +2.4555e+000 -1.6763e+000 -1.5231e+000 +5.1078e-001 -2.0617e+000 -2.0590e+000 +2.6016e+000 +1.8835e-001 +1.0365e+000 -3.3861e+000
1852 0 +1.351361353e+002 +9.583613535e+001 +9.583613535e+001 +2.4966e+000 -1.6677e+000 -1.5233e+000 +4.9964e-001 -2.0350e+000 -2.0489e+000 +2.6140e+000 +1.5040e-001 +1.0394e+000 -3.4112e+000
1885 0 +1.338966790e+002 +9.459667898e+001 +9.459667898e+001 +2.4959e+000 -1.6437e+000 -1.5361e+000 +5.3558e-001 -2.0188e+000 -2.0627e+000 +2.6237e+000 +1.3621e-001 +1.0208e+000 -3.4062e+000
2157 0 +1.316257296e+002 +9.232572964e+001 +9.232572964e+001 +2.5154e+000 -1.6443e+000 -1.4763e+000 +5.6222e-001 -2.0083e+000 -2.0314e+000 +2.6354e+000 +1.0541e-001 +9.8420e-001 -3.3921e+000
2158 0 +1.287360077e+002 +8.943600771e+001 +8.943600771e+001 +2.4991e+000 -1.6578e+000 -1.4830e+000 +5.8675e-001 -2.0177e+000 -2.0342e+000 +2.6285e+000 +5.0629e-002 +9.9935e-001 -3.3942e+000
2298 0 +1.253896139e+002 +8.608961386e+001 +8.608961386e+001 +2.5028e+000 -1.6338e+000 -1.4256e+000 +5.8059e-001 -2.0766e+000 -1.9958e+000 +2.6321e+000 +1.1039e-001 +1.0218e+000 -3.3830e+000
2412 0 +1.220757689e+002 +8.277576886e+001 +8.277576886e+001 +2.5054e+000 -1.6198e+000 -1.4537e+000 +5.5445e-001 -2.0403e+000 -1.9943e+000 +2.6390e+000 +8.3460e-002 +1.0265e+000 -3.3902e+000
3096 0 +1.201862818e+002 +8.088628178e+001 +8.088628178e+001 +2.5306e+000 -1.5856e+000 -1.4597e+000 +5.5972e-001 -2.0471e+000 -1.9704e+000 +2.6394e+000 +8.3126e-002 +1.0336e+000 -3.3757e+000
3459 0 +1.174543489e+002 +7.815434889e+001 +7.815434889e+001 +2.5289e+000 -1.5376e+000 -1.4982e+000 +5.3658e-001 -2.0242e+000 -1.9681e+000 +2.6331e+000 +6.2158e-002 +1.0436e+000 -3.3762e+000
3612 0 +1.146941389e+002 +7.539413893e+001 +7.539413893e+001 +2.5361e+000 -1.5152e+000 -1.5180e+000 +5.6187e-001 -2.0550e+000 -1.9758e+000 +2.6330e+000 +4.9290e-002 +1.0386e+000 -3.3886e+000
4005 0 +1.120573055e+002 +7.275730547e+001 +7.275730547e+001 +2.5235e+000 -1.4596e+000 -1.5455e+000 +5.6202e-001 -2.0430e+000 -1.9657e+000 +2.6282e+000 +3.0931e-002 +1.0187e+000 -3.3897e+000
4107 0 +1.079398655e+002 +6.863986547e+001 +6.863986547e+001 +2.5025e+000 -1.3352e+000 -1.5546e+000 +5.6178e-001 -2.0456e+000 -1.9381e+000 +2.6301e+000 +9.6301e-003 +1.0424e+000 -3.3771e+000
4247 0 +1.067934272e+002 +6.749342715e+001 +6.749342715e+001 +2.4886e+000 -1.2957e+000 -1.5516e+000 +5.6554e-001 -2.0425e+000 -1.9357e+000 +2.6262e+000 +1.0992e-002 +1.0440e+000 -3.3751e+000
4354 0 +1.044606146e+002 +6.516061462e+001 +6.516061462e+001 +2.4770e+000 -1.3183e+000 -1.5485e+000 +5.6645e-001 -2.0628e+000 -1.9514e+000 +2.6224e+000 +6.4326e-002 +1.0567e+000 -3.3931e+000
4624 0 +1.021257206e+002 +6.282572060e+001 +6.282572060e+001 +2.4954e+000 -1.2804e+000 -1.5503e+000 +5.6577e-001 -2.0279e+000 -1.9707e+000 +2.6348e+000 +5.9024e-002 +1.0557e+000 -3.3947e+000
7610 0 +9.995440857e+001 +6.065440857e+001 +6.065440857e+001 +2.5048e+000 -1.2466e+000 -1.5291e+000 +5.8431e-001 -2.0425e+000 -1.9787e+000 +2.6291e+000 +6.5441e-002 +1.0322e+000 -3.3902e+000
% f evaluations | g evaluations | best noise-free fitness - Fopt (4.296000000000e+001) + sum g_i+ | measured fitness | best measured fitness or single-digit g-values | x1 | x2...
1 0 +2.441890984e+002 +2.871490984e+002 +2.871490984e+002 +0.0000e+000 +0.0000e+000 +0.0000e+000 +0.0000e+000 +0.0000e+000 +0.0000e+000 +0.0000e+000 +0.0000e+000 +0.0000e+000 +0.0000e+000
208 0 +1.782828936e+002 +2.212428936e+002 +2.212428936e+002 +1.3760e+000 +1.6340e+000 -8.7815e-001 -2.7466e+000 -1.6606e-001 -1.0049e+000 -8.2608e-001 -1.4766e+000 +1.1670e+000 +1.2180e+000
477 0 +1.645638786e+002 +2.075238786e+002 +2.075238786e+002 +1.5371e+000 +9.5457e-001 -4.5287e-001 -2.3647e+000 -4.8729e-001 -7.6794e-001 -4.4199e-001 -1.5671e+000 +9.0227e-001 +5.1096e-001
492 0 +1.498103010e+002 +1.927703010e+002 +1.927703010e+002 +1.2178e+000 +1.1978e+000 -5.2613e-001 -1.7264e+000 +2.0064e-001 -7.3533e-001 +5.9728e-002 -1.9275e+000 +1.2711e+000 +4.8075e-001
561 0 +1.380482512e+002 +1.810082512e+002 +1.810082512e+002 +1.4643e+000 +1.3110e+000 +1.5278e+000 -8.0113e-001 -1.8161e-001 -7.7615e-001 -3.2656e-001 -1.8243e+000 +1.6638e+000 +5.2474e-001
607 0 +1.125792191e+002 +1.555392191e+002 +1.555392191e+002 +5.1409e-001 +1.8606e+000 +5.6029e-001 -9.3012e-001 +5.5614e-001 -2.2429e+000 +5.8810e-001 -1.8302e+000 +1.0518e+000 +2.5147e-001
625 0 +1.113356085e+002 +1.542956085e+002 +1.542956085e+002 +1.7184e+000 +1.0467e+000 +2.2590e+000 +1.4294e-001 +1.2306e-001 -4.0893e-001 -1.9458e-001 -2.5066e+000 +1.9033e+000 -6.6141e-002
727 0 +1.081601516e+002 +1.511201516e+002 +1.511201516e+002 +1.5980e+000 +8.8366e-001 +2.0500e+000 +4.8736e-001 +2.3035e-001 -2.7619e-001 -1.2702e-002 -2.3964e+000 +1.8770e+000 -3.3532e-001
825 0 +9.691989678e+001 +1.398798968e+002 +1.398798968e+002 +1.5524e+000 +9.1434e-001 +1.2584e+000 +3.0147e-001 +4.1094e-001 -1.8446e-001 -9.6948e-002 -2.5361e+000 +1.8058e+000 -3.6577e-001
893 0 +8.980686307e+001 +1.327668631e+002 +1.327668631e+002 +1.6050e+000 +9.6427e-001 +2.1248e+000 +3.3827e-001 +2.0536e-001 -3.9650e-001 -1.1732e-001 -2.3942e+000 +1.8760e+000 -1.9545e-001
1164 0 +8.596498753e+001 +1.289249875e+002 +1.289249875e+002 +1.7250e+000 +1.0013e+000 +2.1290e+000 +2.1587e-001 +2.0809e-001 -3.4540e-001 -1.7107e-001 -2.3435e+000 +1.8195e+000 -1.8399e-001
1352 0 +8.108746188e+001 +1.240474619e+002 +1.240474619e+002 +1.6176e+000 +9.7239e-001 +1.9778e+000 +2.4161e-001 +2.3462e-001 -3.7355e-001 -8.5963e-002 -2.3244e+000 +1.8123e+000 -2.0420e-001
1396 0 +6.577357869e+001 +1.087335787e+002 +1.087335787e+002 +1.6168e+000 +8.3425e-001 +2.1099e+000 +4.4055e-001 +1.7541e-001 -2.8935e-001 -1.5574e-001 -2.4076e+000 +1.7719e+000 -1.1692e-001
1443 0 +6.087665549e+001 +1.038366555e+002 +1.038366555e+002 +1.6071e+000 +8.1847e-001 +2.1046e+000 +4.6411e-001 +2.0571e-001 -2.8544e-001 -1.2277e-001 -2.4171e+000 +1.7993e+000 -1.6560e-001
1531 0 +5.999294154e+001 +1.029529415e+002 +1.029529415e+002 +1.6111e+000 +8.0659e-001 +2.0849e+000 +4.7697e-001 +2.0588e-001 -3.0138e-001 -1.2069e-001 -2.4326e+000 +1.7951e+000 -1.6105e-001
1927 0 +5.873308552e+001 +1.016930855e+002 +1.016930855e+002 +1.6051e+000 +7.9892e-001 +2.0575e+000 +4.9679e-001 +2.3130e-001 -3.1695e-001 -1.7678e-001 -2.4403e+000 +1.7853e+000 -1.4714e-001
2092 0 +5.219182573e+001 +9.515182573e+001 +9.515182573e+001 +1.6107e+000 +8.7539e-001 +1.9513e+000 +3.1679e-001 +2.3167e-001 -3.8730e-001 -1.2470e-001 -2.4261e+000 +1.8249e+000 -1.7775e-001
2127 0 +5.064721089e+001 +9.360721089e+001 +9.360721089e+001 +1.6125e+000 +8.6927e-001 +1.9648e+000 +3.1834e-001 +2.2344e-001 -3.8240e-001 -1.2450e-001 -2.4276e+000 +1.8190e+000 -1.6525e-001
2327 0 +4.956562012e+001 +9.252562012e+001 +9.252562012e+001 +1.6119e+000 +8.5160e-001 +1.9910e+000 +3.5559e-001 +2.2059e-001 -3.6639e-001 -1.3506e-001 -2.4310e+000 +1.8089e+000 -1.5478e-001
2527 0 +4.805902612e+001 +9.101902612e+001 +9.101902612e+001 +1.6052e+000 +8.5520e-001 +1.9776e+000 +3.2516e-001 +2.2167e-001 -3.8309e-001 -1.5556e-001 -2.4341e+000 +1.8058e+000 -1.4443e-001
2808 0 +4.784778516e+001 +9.080778516e+001 +9.080778516e+001 +1.6073e+000 +8.5798e-001 +1.9763e+000 +3.2071e-001 +2.1958e-001 -3.8392e-001 -1.4748e-001 -2.4337e+000 +1.8075e+000 -1.4515e-001
3135 0 +4.648320460e+001 +8.944320460e+001 +8.944320460e+001 +1.6035e+000 +8.5759e-001 +1.9916e+000 +3.3780e-001 +2.3833e-001 -3.7382e-001 -1.4093e-001 -2.4542e+000 +1.8156e+000 -1.2966e-001
3302 0 +4.545748483e+001 +8.841748483e+001 +8.841748483e+001 +1.6055e+000 +8.6698e-001 +1.9793e+000 +3.2463e-001 +2.4096e-001 -3.7201e-001 -1.2785e-001 -2.4488e+000 +1.8183e+000 -1.3369e-001
3341 0 +4.441241546e+001 +8.737241546e+001 +8.737241546e+001 +1.6061e+000 +8.6695e-001 +1.9760e+000 +3.1581e-001 +2.4987e-001 -3.6510e-001 -1.2015e-001 -2.4568e+000 +1.8215e+000 -1.2803e-001
3564 0 +4.333572063e+001 +8.629572063e+001 +8.629572063e+001 +1.6106e+000 +8.6280e-001 +1.9656e+000 +3.0899e-001 +2.5608e-001 -3.4313e-001 -1.0993e-001 -2.4596e+000 +1.8269e+000 -1.3710e-001
3654 0 +4.236607272e+001 +8.532607272e+001 +8.532607272e+001 +1.6070e+000 +8.5529e-001 +1.9380e+000 +2.9272e-001 +2.5449e-001 -3.3102e-001 -9.4917e-002 -2.4564e+000 +1.8231e+000 -1.1895e-001
3892 0 +4.157396509e+001 +8.453396509e+001 +8.453396509e+001 +1.6085e+000 +8.4381e-001 +1.9315e+000 +2.9607e-001 +2.4850e-001 -3.1987e-001 -9.9937e-002 -2.4515e+000 +1.8194e+000 -1.2459e-001
4208 0 +4.064029624e+001 +8.360029624e+001 +8.360029624e+001 +1.6061e+000 +8.3197e-001 +1.9429e+000 +3.1293e-001 +2.4728e-001 -3.0611e-001 -1.0867e-001 -2.4580e+000 +1.8229e+000 -1.1795e-001
4516 0 +3.966058219e+001 +8.262058219e+001 +8.262058219e+001 +1.6076e+000 +8.2161e-001 +1.9489e+000 +3.0893e-001 +2.3601e-001 -2.9165e-001 -1.2232e-001 -2.4618e+000 +1.8312e+000 -1.2344e-001
7122 0 +3.890155419e+001 +8.186155419e+001 +8.186155419e+001 +1.6067e+000 +8.2425e-001 +1.9435e+000 +2.7681e-001 +2.3091e-001 -2.8132e-001 -1.4301e-001 -2.4547e+000 +1.8310e+000 -1.2490e-001
% f evaluations | g evaluations | best noise-free fitness - Fopt (2.842200000000e+002) + sum g_i+ | measured fitness | best measured fitness or single-digit g-values | x1 | x2...
1 0 +3.304095806e+002 +6.146295806e+002 +6.146295806e+002 +0.0000e+000 +0.0000e+000 +0.0000e+000 +0.0000e+000 +0.0000e+000 +0.0000e+000 +0.0000e+000 +0.0000e+000 +0.0000e+000 +0.0000e+000
29 0 +3.225021423e+002 +6.067221423e+002 +6.067221423e+002 +3.5197e-001 -1.8302e+000 -5.3591e-001 +2.8636e+000 -4.4408e-001 -3.6293e+000 -1.9346e+000 -9.8731e-001 +2.4386e-002 -4.9648e+000
209 0 +2.779559825e+002 +5.621759825e+002 +5.621759825e+002 +2.5689e+000 +1.5175e+000 +4.2363e-001 +2.4332e+000 +1.9421e+000 -1.1812e+000 +3.8901e+000 -1.9571e-001 -2.2854e-001 -2.2646e+000
316 0 +2.242734102e+002 +5.084934102e+002 +5.084934102e+002 +1.2630e+000 -5.9621e-001 +1.1190e+000 +2.3180e+000 +1.4409e-001 -8.3185e-001 +1.2076e+000 +6.2813e-001 -6.4574e-001 -5.0000e+000
354 0 +2.200194906e+002 +5.042394906e+002 +5.042394906e+002 +1.7734e-001 -7.9244e-001 +8.7531e-001 +3.1963e+000 -3.6293e-002 -3.1801e-001 +1.2097e+000 -1.4134e+000 +5.2895e-001 -3.5247e+000
358 0 +2.147016084e+002 +4.989216084e+002 +4.989216084e+002 +1.6586e+000 +9.4442e-001 +1.2284e+000 +4.3678e+000 -1.8053e-001 -2.9918e+000 +1.2503e+000 -2.6970e-001 +5.2470e-002 -3.7924e+000
380 0 +1.655639250e+002 +4.497839250e+002 +4.497839250e+002 +1.1139e+000 -1.3907e-001 +2.4319e-001 +1.4453e+000 -3.5025e-001 -6.8686e-001 +2.4790e+000 +1.3893e+000 -4.1203e-001 -8.1877e-001
393 0 +1.618041072e+002 +4.460241072e+002 +4.460241072e+002 +1.9766e+000 +7.7763e-001 +2.7265e-001 +1.0523e+000 +1.2933e+000 -1.6930e+000 +1.2183e+000 +3.8863e-002 -3.8526e-001 -4.6655e+000
409 0 +1.490020754e+002 +4.332220754e+002 +4.332220754e+002 +1.8228e+000 +1.0725e+000 +4.2448e-001 +1.4075e+000 +1.4712e+000 -1.7605e+000 +2.7888e+000 +2.4783e-002 +8.0669e-002 -3.1007e+000
519 0 +9.930153144e+001 +3.835215314e+002 +3.835215314e+002 +1.2323e+000 +1.4180e+000 -4.6799e-001 +2.3012e+000 +8.0361e-001 -2.9908e+000 +1.4941e+000 -1.6172e-001 +2.9263e-001 -3.2521e+000
558 0 +9.590084501e+001 +3.801208450e+002 +3.801208450e+002 +1.3191e+000 -9.1973e-002 +1.1404e+000 +3.0249e+000 +6.8094e-001 -2.6441e+000 +2.8424e+000 -1.7602e-001 +9.7446e-002 -2.5179e+000
625 0 +8.304737172e+001 +3.672673717e+002 +3.672673717e+002 +1.0217e+000 -1.7155e-001 +8.9029e-001 +3.0234e+000 +7.6451e-001 -3.2220e+000 +2.9517e+000 +6.1589e-002 -1.6893e-001 -2.4918e+000
825 0 +7.825428986e+001 +3.624742899e+002 +3.624742899e+002 +1.1894e+000 -1.1319e-001 +8.8000e-001 +2.9489e+000 +7.5768e-001 -3.1114e+000 +2.9289e+000 -2.1798e-002 -1.5099e-001 -2.6107e+000
1257 0 +7.499690667e+001 +3.592169067e+002 +3.592169067e+002 +1.1995e+000 -1.3148e-001 +8.7094e-001 +2.9648e+000 +7.5483e-001 -3.0998e+000 +2.9014e+000 -3.3145e-002 -1.6796e-001 -2.6067e+000
1409 0 +7.300835485e+001 +3.572283548e+002 +3.572283548e+002 +1.4693e+000 -1.8982e-001 +9.1527e-001 +3.5591e+000 +8.1316e-001 -2.9760e+000 +2.9623e+000 -1.3426e-001 -4.5046e-001 -2.5657e+000
1493 0 +6.897392518e+001 +3.531939252e+002 +3.531939252e+002 +1.1612e+000 -1.3742e-001 +9.0962e-001 +2.9969e+000 +7.6887e-001 -3.1121e+000 +2.9811e+000 -5.8549e-002 -1.3406e-001 -2.5661e+000
1537 0 +5.626799476e+001 +3.404879948e+002 +3.404879948e+002 +1.1054e+000 -7.1733e-002 +1.0460e+000 +2.8864e+000 +6.8142e-001 -3.1330e+000 +2.9156e+000 -7.7825e-002 -1.5787e-001 -2.5503e+000
1960 0 +5.579690940e+001 +3.400169094e+002 +3.400169094e+002 +1.0974e+000 -8.4964e-002 +1.0503e+000 +2.8374e+000 +6.7944e-001 -3.1188e+000 +2.8720e+000 -7.8504e-002 -1.5863e-001 -2.5635e+000
2229 0 +5.127588427e+001 +3.354958843e+002 +3.354958843e+002 +1.1601e+000 -1.1162e-001 +1.0532e+000 +2.8352e+000 +7.0076e-001 -3.1001e+000 +2.8768e+000 -9.7924e-002 -1.7115e-001 -2.5845e+000
2312 0 +4.767012456e+001 +3.318901246e+002 +3.318901246e+002 +1.1534e+000 -1.6000e-001 +1.0255e+000 +2.8913e+000 +7.2079e-001 -3.1136e+000 +2.8771e+000 -1.1812e-001 -1.8043e-001 -2.5764e+000
2539 0 +4.660918440e+001 +3.308291844e+002 +3.308291844e+002 +1.1429e+000 -7.9092e-002 +1.0008e+000 +2.8563e+000 +7.6123e-001 -3.0175e+000 +2.8580e+000 -1.4011e-001 -1.6369e-001 -2.6059e+000
2694 0 +4.169523590e+001 +3.259152359e+002 +3.259152359e+002 +1.1775e+000 -8.7548e-002 +1.0290e+000 +2.8696e+000 +7.2622e-001 -3.0282e+000 +2.9421e+000 -1.2452e-001 -1.5770e-001 -2.5556e+000
2741 0 +3.974143051e+001 +3.239614305e+002 +3.239614305e+002 +1.1713e+000 -7.6055e-002 +1.0162e+000 +2.8732e+000 +7.4230e-001 -2.9939e+000 +2.9476e+000 -1.2029e-001 -1.6241e-001 -2.5528e+000
2745 0 +3.775045558e+001 +3.219704556e+002 +3.219704556e+002 +1.1995e+000 -9.3362e-002 +1.0344e+000 +2.8515e+000 +7.3531e-001 -2.9888e+000 +2.9411e+000 -1.4621e-001 -1.6427e-001 -2.5565e+000
2811 0 +3.593323288e+001 +3.201532329e+002 +3.201532329e+002 +1.1907e+000 -1.2409e-001 +1.0206e+000 +2.8509e+000 +7.2176e-001 -2.9873e+000 +2.9064e+000 -1.6409e-001 -1.8774e-001 -2.5596e+000
3330 0 +3.545723476e+001 +3.196772348e+002 +3.196772348e+002 +1.1519e+000 -1.2380e-001 +1.0375e+000 +2.8571e+000 +7.1671e-001 -3.0036e+000 +2.8959e+000 -1.3013e-001 -1.6647e-001 -2.5693e+000
3422 0 +3.451190260e+001 +3.187319026e+002 +3.187319026e+002 +1.1749e+000 -1.3062e-001 +1.0392e+000 +2.8521e+000 +7.2856e-001 -2.9981e+000 +2.9147e+000 -1.5263e-001 -1.7184e-001 -2.5775e+000
3528 0 +3.353035272e+001 +3.177503527e+002 +3.177503527e+002 +1.1496e+000 -1.4419e-001 +1.0379e+000 +2.8375e+000 +7.0483e-001 -3.0046e+000 +2.8944e+000 -1.4417e-001 -1.7664e-001 -2.5684e+000
3626 0 +3.237808980e+001 +3.165980898e+002 +3.165980898e+002 +1.1415e+000 -1.6746e-001 +1.0532e+000 +2.8399e+000 +7.0878e-001 -3.0058e+000 +2.9387e+000 -1.5004e-001 -1.6298e-001 -2.5633e+000
3728 0 +3.186919922e+001 +3.160891992e+002 +3.160891992e+002 +1.1358e+000 -1.5663e-001 +1.0457e+000 +2.8354e+000 +7.1258e-001 -2.9993e+000 +2.9172e+000 -1.5085e-001 -1.6353e-001 -2.5661e+000
3841 0 +3.149966818e+001 +3.157196682e+002 +3.157196682e+002 +1.1294e+000 -1.6869e-001 +1.0500e+000 +2.8354e+000 +7.1409e-001 -2.9986e+000 +2.9307e+000 -1.5357e-001 -1.6014e-001 -2.5649e+000
3956 0 +3.070507596e+001 +3.149250760e+002 +3.149250760e+002 +1.1048e+000 -1.9260e-001 +1.0527e+000 +2.8390e+000 +7.1255e-001 -2.9966e+000 +2.9351e+000 -1.5364e-001 -1.5463e-001 -2.5679e+000
4036 0 +2.973998878e+001 +3.139599888e+002 +3.139599888e+002 +1.0931e+000 -2.1704e-001 +1.0489e+000 +2.8279e+000 +7.0262e-001 -2.9883e+000 +2.9360e+000 -1.6408e-001 -1.6499e-001 -2.5687e+000
4737 0 +2.947516147e+001 +3.136951615e+002 +3.136951615e+002 +1.0906e+000 -2.1183e-001 +1.0357e+000 +2.8376e+000 +7.1032e-001 -2.9819e+000 +2.9353e+000 -1.6235e-001 -1.6641e-001 -2.5648e+000
% f evaluations | g evaluations | best noise-free fitness - Fopt (-3.217000000000e+001) + sum g_i+ | measured fitness | best measured fitness or single-digit g-values | x1 | x2...
1 0 +2.887888850e+002 +2.566188850e+002 +2.566188850e+002 +0.0000e+000 +0.0000e+000 +0.0000e+000 +0.0000e+000 +0.0000e+000 +0.0000e+000 +0.0000e+000 +0.0000e+000 +0.0000e+000 +0.0000e+000
306 0 +2.470475894e+002 +2.148775894e+002 +2.148775894e+002 -1.6254e+000 +1.0239e+000 -2.5520e-001 +1.5426e+000 +1.3842e+000 -9.6720e-001 -1.4990e+000 +2.0737e+000 -2.0410e+000 -3.7841e+000
356 0 +2.439631898e+002 +2.117931898e+002 +2.117931898e+002 -6.8984e-001 -5.4251e-001 +2.3714e-001 -3.4971e-001 -2.3837e-001 +2.8669e+000 -1.5049e+000 +2.9634e+000 +2.0407e-001 -6.4904e-001
462 0 +2.216800631e+002 +1.895100631e+002 +1.895100631e+002 +5.9846e-001 +4.3478e-001 +2.4234e-001 +3.0889e+000 +2.5405e+000 +1.3258e+000 -1.7513e-001 +1.9755e+000 +1.9799e-001 -3.2281e-001
579 0 +2.145271640e+002 +1.823571640e+002 +1.823571640e+002 +1.4940e+000 +5.9758e-002 +9.9210e-001 +2.1281e+000 +2.9774e+000 +2.8854e+000 -2.7350e-001 +2.7605e+000 +1.0132e+000 -5.9038e-001
658 0 +2.081066292e+002 +1.759366292e+002 +1.759366292e+002 -7.2658e-001 +1.7877e+000 -7.3134e-002 +2.6518e+000 +2.0799e+000 +2.0421e+000 -2.9890e-001 +7.5105e-001 -8.8246e-001 -1.0591e+000
663 0 +1.414697600e+002 +1.092997600e+002 +1.092997600e+002 +3.9860e-001 +8.2372e-001 +4.3733e-001 +3.1953e+000 +3.2248e+000 +1.6341e+000 -2.2633e-001 +2.1893e+000 -5.4398e-002 -1.2032e+000
964 0 +1.273443957e+002 +9.517439566e+001 +9.517439566e+001 +6.1596e-001 -1.3055e-001 +6.9427e-001 +1.3717e+000 +2.4153e+000 +2.1716e+000 -7.9118e-002 +2.8776e+000 +1.0516e+000 -8.1366e-001
1041 0 +1.081028677e+002 +7.593286771e+001 +7.593286771e+001 +6.5855e-001 +6.0884e-001 -3.4044e-001 +3.1839e+000 +3.0964e+000 +2.4753e+000 -4.6264e-002 +3.0125e+000 +3.0823e-001 -2.4059e+000
1050 0 +1.028366010e+002 +7.066660096e+001 +7.066660096e+001 +4.0347e-001 +2.4156e-001 +5.1993e-001 +1.8267e+000 +2.5669e+000 +1.7630e+000 -7.9352e-002 +2.5803e+000 +6.9143e-001 -1.2744e+000
1337 0 +9.888958600e+001 +6.671958600e+001 +6.671958600e+001 -3.4801e-001 +9.2839e-001 +4.9812e-001 +1.4577e+000 +2.4937e+000 +1.1544e+000 -2.0417e-001 +2.6841e+000 +1.4869e+000 -1.0736e+000
1471 0 +9.548857089e+001 +6.331857089e+001 +6.331857089e+001 +4.2087e-001 +3.2792e-001 +4.6264e-001 +1.9262e+000 +2.6351e+000 +1.7786e+000 -2.6326e-002 +2.5748e+000 +6.7333e-001 -1.1223e+000
1671 0 +8.896751354e+001 +5.679751354e+001 +5.679751354e+001 +3.3584e-001 +4.0096e-001 +4.1952e-001 +2.0030e+000 +2.6561e+000 +1.6469e+000 -6.2300e-002 +2.5397e+000 +6.2152e-001 -1.0311e+000
1792 0 +8.236941550e+001 +5.019941550e+001 +5.019941550e+001 +2.9187e-001 +4.0611e-001 +4.2445e-001 +1.9418e+000 +2.6249e+000 +1.6101e+000 -1.4255e-001 +2.5240e+000 +6.2663e-001 -1.0560e+000
2068 0 +7.869349507e+001 +4.652349507e+001 +4.652349507e+001 +3.3089e-001 +3.7946e-001 +4.0970e-001 +1.9102e+000 +2.5675e+000 +1.6678e+000 -1.5187e-001 +2.5527e+000 +6.0513e-001 -1.1067e+000
2307 0 +7.696983057e+001 +4.479983057e+001 +4.479983057e+001 +3.3810e-001 +3.2008e-001 +3.9785e-001 +1.8533e+000 +2.5249e+000 +1.6778e+000 -1.5833e-001 +2.5367e+000 +5.9204e-001 -1.0655e+000
2349 0 +7.306473041e+001 +4.089473041e+001 +4.089473041e+001 +3.6458e-001 +3.0930e-001 +4.1966e-001 +1.8798e+000 +2.5458e+000 +1.6893e+000 -1.4429e-001 +2.5457e+000 +5.8617e-001 -1.0721e+000
2429 0 +6.812299330e+001 +3.595299330e+001 +3.595299330e+001 +3.8182e-001 +2.0340e-001 +5.4394e-001 +1.7787e+000 +2.5503e+000 +1.6426e+000 -1.2292e-001 +2.5963e+000 +6.1798e-001 -1.0575e+000
2657 0 +6.311529944e+001 +3.094529944e+001 +3.094529944e+001 +3.7661e-001 +2.6224e-001 +5.4036e-001 +1.8630e+000 +2.5521e+000 +1.6455e+000 -1.0239e-001 +2.5631e+000 +6.0590e-001 -1.0756e+000
3127 0 +6.245177129e+001 +3.028177129e+001 +3.028177129e+001 +3.9567e-001 +2.7521e-001 +5.3951e-001 +1.8955e+000 +2.5940e+000 +1.6292e+000 -6.8267e-002 +2.5765e+000 +6.4301e-001 -1.0729e+000
3243 0 +6.133679653e+001 +2.916679653e+001 +2.916679653e+001 +3.6816e-001 +2.7728e-001 +5.4091e-001 +1.8558e+000 +2.5678e+000 +1.6193e+000 -1.1063e-001 +2.5735e+000 +6.2947e-001 -1.0667e+000
3437 0 +6.000092013e+001 +2.783092013e+001 +2.783092013e+001 +3.9513e-001 +2.3745e-001 +5.4053e-001 +1.8571e+000 +2.5853e+000 +1.6288e+000 -8.1379e-002 +2.5837e+000 +6.2670e-001 -1.0717e+000
4108 0 +5.850622601e+001 +2.633622601e+001 +2.633622601e+001 +3.9996e-001 +2.3205e-001 +5.4012e-001 +1.8700e+000 +2.5812e+000 +1.6227e+000 -8.6709e-002 +2.5771e+000 +6.0546e-001 -1.0693e+000
4208 0 +5.726126422e+001 +2.509126422e+001 +2.509126422e+001 +4.1071e-001 +2.0106e-001 +5.4291e-001 +1.8616e+000 +2.5767e+000 +1.6158e+000 -8.6266e-002 +2.5926e+000 +6.2023e-001 -1.0655e+000
4417 0 +5.572595676e+001 +2.355595676e+001 +2.355595676e+001 +4.1442e-001 +2.0485e-001 +5.4147e-001 +1.8700e+000 +2.5686e+000 +1.6211e+000 -9.7922e-002 +2.5942e+000 +6.1506e-001 -1.0635e+000
4557 0 +5.490732520e+001 +2.273732520e+001 +2.273732520e+001 +4.3373e-001 +1.7428e-001 +5.4381e-001 +1.8728e+000 +2.5712e+000 +1.6118e+000 -1.0091e-001 +2.6091e+000 +6.1679e-001 -1.0560e+000
4953 0 +5.361651069e+001 +2.144651069e+001 +2.144651069e+001 +4.3995e-001 +1.6886e-001 +5.4137e-001 +1.8846e+000 +2.5577e+000 +1.6130e+000 -1.1187e-001 +2.6082e+000 +6.1062e-001 -1.0512e+000
5808 0 +5.238179503e+001 +2.021179503e+001 +2.021179503e+001 +4.4115e-001 +1.6513e-001 +5.4063e-001 +1.9071e+000 +2.5646e+000 +1.6175e+000 -1.1117e-001 +2.6141e+000 +6.1330e-001 -1.0336e+000
7723 0 +5.128185794e+001 +1.911185794e+001 +1.911185794e+001 +4.4878e-001 +1.7328e-001 +5.4115e-001 +1.8910e+000 +2.5719e+000 +1.6223e+000 -1.0963e-001 +2.6113e+000 +6.1180e-001 -1.0212e+000
% f evaluations | g evaluations | best noise-free fitness - Fopt (-5.858000000000e+001) + sum g_i+ | measured fitness | best measured fitness or single-digit g-values | x1 | x2...
1 0 +3.893409175e+002 +3.307609175e+002 +3.307609175e+002 +0.0000e+000 +0.0000e+000 +0.0000e+000 +0.0000e+000 +0.0000e+000 +0.0000e+000 +0.0000e+000 +0.0000e+000 +0.0000e+000 +0.0000e+000
72 0 +3.623427864e+002 +3.037627864e+002 +3.037627864e+002 -3.1029e+000 +3.3603e+000 -1.5553e+000 -6.7097e-002 +4.0041e+000 -2.3975e+000 +2.9666e+000 +3.3261e+000 -8.4376e-001 +1.1679e+000
191 0 +3.207845435e+002 +2.622045435e+002 +2.622045435e+002 +1.6090e+000 -3.1105e-002 -2.0389e+000 +4.6301e-001 +2.5187e+000 -6.0723e-001 +2.6151e+000 -6.0096e-001 +1.6661e+000 +4.5712e+000
232 0 +2.492355799e+002 +1.906555799e+002 +1.906555799e+002 +1.4627e+000 +1.6981e+000 -1.8289e+000 +4.5524e-001 +2.6814e+000 -1.0424e+000 +2.6865e+000 +1.2193e+000 +2.2258e+000 +3.4259e+000
504 0 +2.296201518e+002 +1.710401518e+002 +1.710401518e+002 +2.4753e+000 -4.9084e-002 -2.0612e+000 +5.1330e-001 +2.9303e+000 -1.7920e-001 +2.6726e+000 -4.3271e-001 +2.4547e+000 +3.2606e+000
635 0 +2.230545283e+002 +1.644745283e+002 +1.644745283e+002 +1.1429e+000 +1.9219e+000 -1.4890e+000 +6.2564e-001 +2.2951e+000 -1.0637e+000 +2.0000e+000 +6.8613e-001 +1.9552e+000 +2.9094e+000
672 0 +2.164779831e+002 +1.578979831e+002 +1.578979831e+002 -9.7483e-002 +2.7479e+000 -2.8391e+000 +1.1510e+000 +2.8776e+000 -2.2900e+000 +3.1064e+000 +2.7762e+000 -5.7179e-001 +2.0905e+000
815 0 +1.920961832e+002 +1.335161832e+002 +1.335161832e+002 +2.0227e+000 +1.2025e+000 -3.1408e+000 +1.1531e+000 +1.8343e+000 -2.3313e+000 +1.9161e+000 +1.9259e+000 +8.9772e-001 +1.2673e+000
941 0 +1.691280730e+002 +1.105480730e+002 +1.105480730e+002 +2.2705e+000 +1.8306e+000 -2.9006e+000 +9.6474e-001 +2.7029e+000 -3.3158e+000 +2.2636e+000 +2.7142e+000 +9.5463e-001 +1.1060e+000
1002 0 +1.509965382e+002 +9.241653817e+001 +9.241653817e+001 +2.4955e+000 +1.5822e+000 -2.9201e+000 +9.9408e-001 +2.9348e+000 -3.3615e+000 +2.2583e+000 +2.4493e+000 +1.2014e+000 +1.1732e+000
1064 0 +1.475327602e+002 +8.895276016e+001 +8.895276016e+001 +2.5172e+000 +1.9238e+000 -2.6130e+000 -2.4361e-002 +3.6742e+000 -4.5742e+000 +2.2222e+000 +3.1545e+000 +2.2597e+000 +2.8941e-001
1181 0 +1.104242424e+002 +5.184424239e+001 +5.184424239e+001 +2.7661e+000 +1.0401e+000 -2.1982e+000 +4.9850e-002 +2.9453e+000 -3.5413e+000 +1.4981e+000 +2.3172e+000 +2.3605e+000 +6.0893e-001
1626 0 +1.057630755e+002 +4.718307553e+001 +4.718307553e+001 +2.7091e+000 +9.5100e-001 -2.1500e+000 +3.4090e-002 +2.8535e+000 -3.3860e+000 +1.6142e+000 +2.3952e+000 +2.3100e+000 +5.7235e-001
2163 0 +1.024043801e+002 +4.382438011e+001 +4.382438011e+001 +2.4994e+000 +1.3956e+000 -1.7648e+000 -1.5899e-001 +2.9892e+000 -3.4221e+000 +1.9050e+000 +2.3721e+000 +2.3545e+000 +9.5541e-001
2186 0 +1.018294552e+002 +4.324945520e+001 +4.324945520e+001 +2.7082e+000 +9.3794e-001 -2.1363e+000 +2.1320e-002 +2.8647e+000 -3.3745e+000 +1.6147e+000 +2.3801e+000 +2.3271e+000 +5.8868e-001
2231 0 +9.996923663e+001 +4.138923663e+001 +4.138923663e+001 +2.6810e+000 +9.1744e-001 -2.1278e+000 +2.7166e-002 +2.8677e+000 -3.3492e+000 +1.6101e+000 +2.3607e+000 +2.3243e+000 +6.3601e-001
2438 0 +9.515867029e+001 +3.657867029e+001 +3.657867029e+001 +2.6753e+000 +9.6451e-001 -2.1293e+000 -5.7874e-003 +2.8952e+000 -3.3920e+000 +1.5992e+000 +2.3499e+000 +2.3787e+000 +5.8362e-001
2618 0 +9.104186555e+001 +3.246186555e+001 +3.246186555e+001 +2.6838e+000 +9.6007e-001 -2.1249e+000 -1.1252e-003 +2.8879e+000 -3.3755e+000 +1.6135e+000 +2.3524e+000 +2.3575e+000 +5.9891e-001
3531 0 +8.907492960e+001 +3.049492960e+001 +3.049492960e+001 +2.6861e+000 +9.7246e-001 -2.1352e+000 -2.9686e-003 +2.8920e+000 -3.4012e+000 +1.6095e+000 +2.3613e+000 +2.3594e+000 +5.9068e-001
3770 0 +8.581757373e+001 +2.723757373e+001 +2.723757373e+001 +2.5921e+000 +1.0241e+000 -2.1378e+000 +5.2962e-003 +2.9335e+000 -3.4236e+000 +1.6079e+000 +2.3719e+000 +2.3469e+000 +6.0528e-001
3813 0 +8.493146286e+001 +2.635146286e+001 +2.635146286e+001 +2.5539e+000 +1.0568e+000 -2.1293e+000 +4.7990e-003 +2.9463e+000 -3.3931e+000 +1.5854e+000 +2.3568e+000 +2.3131e+000 +6.2498e-001
3915 0 +8.259840885e+001 +2.401840885e+001 +2.401840885e+001 +2.5304e+000 +1.0594e+000 -2.1213e+000 -1.0468e-002 +2.9621e+000 -3.4206e+000 +1.5710e+000 +2.3592e+000 +2.3585e+000 +6.0044e-001
4055 0 +8.078983913e+001 +2.220983913e+001 +2.220983913e+001 +2.5453e+000 +1.0530e+000 -2.1030e+000 -2.9790e-002 +2.9111e+000 -3.4072e+000 +1.5665e+000 +2.3658e+000 +2.3404e+000 +5.9336e-001
4202 0 +7.934544093e+001 +2.076544093e+001 +2.076544093e+001 +2.5279e+000 +1.0577e+000 -2.0918e+000 -4.2747e-002 +2.9250e+000 -3.4015e+000 +1.5521e+000 +2.3610e+000 +2.3503e+000 +5.9164e-001
4431 0 +7.761055721e+001 +1.903055721e+001 +1.903055721e+001 +2.5656e+000 +1.0793e+000 -2.0977e+000 -2.4851e-002 +2.9125e+000 -3.4133e+000 +1.4918e+000 +2.3464e+000 +2.3404e+000 +6.0166e-001
4560 0 +7.499317484e+001 +1.641317484e+001 +1.641317484e+001 +2.5304e+000 +1.0802e+000 -2.1003e+000 -3.8966e-002 +2.9389e+000 -3.3895e+000 +1.4860e+000 +2.3507e+000 +2.3501e+000 +6.0399e-001
4642 0 +7.353865224e+001 +1.495865224e+001 +1.495865224e+001 +2.5259e+000 +1.0607e+000 -2.1033e+000 -6.3297e-002 +2.9060e+000 -3.3816e+000 +1.4669e+000 +2.3691e+000 +2.3328e+000 +5.9381e-001
4902 0 +7.238356486e+001 +1.380356486e+001 +1.380356486e+001 +2.5157e+000 +1.0697e+000 -2.1122e+000 -6.1999e-002 +2.9195e+000 -3.3888e+000 +1.4452e+000 +2.3790e+000 +2.3322e+000 +5.9952e-001
5802 0 +7.075446442e+001 +1.217446442e+001 +1.217446442e+001 +2.5696e+000 +1.0455e+000 -2.1445e+000 -4.0733e-002 +2.9337e+000 -3.3918e+000 +1.4356e+000 +2.3831e+000 +2.3560e+000 +6.1122e-001
6682 0 +6.918158250e+001 +1.060158250e+001 +1.060158250e+001 +2.5370e+000 +1.0827e+000 -2.1760e+000 -9.4557e-002 +2.9303e+000 -3.3907e+000 +1.4509e+000 +2.3846e+000 +2.3513e+000 +6.0176e-001
% f evaluations | g evaluations | best noise-free fitness - Fopt (-6.049200000000e+002) + sum g_i+ | measured fitness | best measured fitness or single-digit g-values | x1 | x2...
1 0 +1.921933093e+002 -4.127266907e+002 -4.127266907e+002 +0.0000e+000 +0.0000e+000 +0.0000e+000 +0.0000e+000 +0.0000e+000 +0.0000e+000 +0.0000e+000 +0.0000e+000 +0.0000e+000 +0.0000e+000
324 0 +1.756387895e+002 -4.292812105e+002 -4.292812105e+002 -1.2622e+000 -4.5814e-001 +2.1573e+000 +6.3083e-001 -2.0092e+000 -2.3126e+000 -2.3051e+000 -7.9861e-001 +9.3620e-003 -2.4122e+000
657 0 +1.532150449e+002 -4.517049551e+002 -4.517049551e+002 +4.8783e-001 +4.6647e-001 +3.9784e-001 -4.3034e-002 -1.3381e+000 -2.1471e+000 -1.1220e+000 -1.2701e+000 +5.9668e-001 -1.9845e+000
697 0 +1.455719233e+002 -4.593480767e+002 -4.593480767e+002 -1.6298e+000 +2.5503e+000 -1.9591e+000 +2.6203e+000 -1.3952e+000 -2.1755e+000 -1.5868e+000 -1.3594e+000 -2.0109e-001 -8.0645e-001
872 0 +1.423653186e+002 -4.625546814e+002 -4.625546814e+002 -1.8666e+000 +1.0480e+000 -4.3385e-001 +2.5433e+000 -1.1531e+000 -2.4344e+000 -2.1644e+000 -1.5405e+000 -3.1378e-001 -7.8046e-001
925 0 +1.343116196e+002 -4.706083804e+002 -4.706083804e+002 -2.2453e+000 -9.0450e-001 +1.3564e+000 +2.6068e+000 -7.2440e-001 -2.0844e+000 -2.3850e+000 -1.6553e+000 -6.5512e-001 -5.7446e-001
953 0 +1.289228729e+002 -4.759971271e+002 -4.759971271e+002 -1.9666e+000 +7.0644e-001 -2.0531e-001 +2.2889e+000 -1.4671e+000 -2.2961e+000 -2.3754e+000 -1.2449e+000 -2.7582e-001 -8.2406e-001
960 0 +1.221466319e+002 -4.827733681e+002 -4.827733681e+002 -2.1540e+000 -4.3418e-001 +6.7679e-001 +3.2439e+000 -7.5243e-001 -2.8253e+000 -2.3165e+000 -2.0821e+000 -4.6650e-001 -9.2241e-001
1051 0 +1.147347121e+002 -4.901852879e+002 -4.901852879e+002 -2.2106e+000 -1.8380e+000 +2.2517e+000 +1.7579e+000 -2.7426e-001 -3.7853e+000 -2.2597e+000 -1.3055e+000 -1.9289e-001 -1.3061e+000
1107 0 +1.060366184e+002 -4.988833816e+002 -4.988833816e+002 -1.9006e+000 -7.8551e-001 +8.3307e-001 +1.5704e+000 +5.4582e-001 -4.3934e+000 -2.3510e+000 -1.6472e+000 +4.6545e-001 -4.2204e-001
1157 0 +1.019964110e+002 -5.029235890e+002 -5.029235890e+002 -1.8247e+000 -1.0623e+000 +1.1483e+000 +2.5135e+000 -3.2613e-001 -3.2000e+000 -2.1796e+000 -1.9652e+000 -2.4757e-001 -8.6833e-001
1457 0 +9.507369632e+001 -5.098463037e+002 -5.098463037e+002 -1.8594e+000 -1.1207e+000 +1.1921e+000 +2.5193e+000 -2.9311e-001 -3.2461e+000 -2.1838e+000 -1.9582e+000 -2.5158e-001 -8.6400e-001
1530 0 +8.995518132e+001 -5.149648187e+002 -5.149648187e+002 -8.3838e-001 -1.8698e+000 +2.0583e+000 +3.5166e-001 +4.9651e-001 -4.4597e+000 -2.1553e+000 -1.2444e+000 -5.4181e-001 -8.0030e-001
1766 0 +8.433704923e+001 -5.205829508e+002 -5.205829508e+002 -8.6963e-001 -1.8607e+000 +2.0446e+000 +4.0670e-001 +4.7873e-001 -4.4326e+000 -2.1534e+000 -1.2609e+000 -5.2994e-001 -8.0577e-001
2239 0 +7.914792594e+001 -5.257720741e+002 -5.257720741e+002 -9.2916e-001 -1.8891e+000 +2.0589e+000 +5.5502e-001 +4.4026e-001 -4.3613e+000 -2.2176e+000 -1.3460e+000 -5.1784e-001 -8.0678e-001
2296 0 +7.692398171e+001 -5.279960183e+002 -5.279960183e+002 -9.3066e-001 -1.8548e+000 +1.9997e+000 +5.4469e-001 +4.8278e-001 -4.3735e+000 -2.1534e+000 -1.3034e+000 -5.1378e-001 -7.9700e-001
2318 0 +7.549890958e+001 -5.294210904e+002 -5.294210904e+002 -1.0373e+000 -1.8456e+000 +2.0239e+000 +7.0174e-001 +4.2745e-001 -4.2952e+000 -2.2094e+000 -1.3363e+000 -5.4210e-001 -8.2190e-001
2396 0 +7.026171252e+001 -5.346582875e+002 -5.346582875e+002 -9.4984e-001 -1.8524e+000 +2.0117e+000 +5.4803e-001 +4.8068e-001 -4.3883e+000 -2.1676e+000 -1.2818e+000 -5.4008e-001 -8.0888e-001
2496 0 +6.878389662e+001 -5.361361034e+002 -5.361361034e+002 -9.5942e-001 -1.8512e+000 +2.0177e+000 +5.4970e-001 +4.7963e-001 -4.3957e+000 -2.1747e+000 -1.2710e+000 -5.5323e-001 -8.1482e-001
2544 0 +6.411629559e+001 -5.408037044e+002 -5.408037044e+002 -9.5113e-001 -1.8922e+000 +2.0474e+000 +6.1097e-001 +4.9632e-001 -4.3905e+000 -2.1852e+000 -1.2397e+000 -5.5388e-001 -8.0813e-001
2658 0 +6.275198579e+001 -5.421680142e+002 -5.421680142e+002 -9.7191e-001 -1.8703e+000 +2.0311e+000 +6.2460e-001 +4.7576e-001 -4.3734e+000 -2.1817e+000 -1.2529e+000 -5.4665e-001 -8.1627e-001
2822 0 +6.155574804e+001 -5.433642520e+002 -5.433642520e+002 -9.5974e-001 -1.9091e+000 +2.0635e+000 +6.3257e-001 +4.8763e-001 -4.3758e+000 -2.1855e+000 -1.2477e+000 -5.4646e-001 -7.2454e-001
3204 0 +6.022720760e+001 -5.446927924e+002 -5.446927924e+002 -9.5950e-001 -1.9060e+000 +2.0565e+000 +6.4445e-001 +4.8556e-001 -4.3645e+000 -2.1826e+000 -1.2533e+000 -5.3623e-001 -7.6072e-001
3445 0 +5.866452973e+001 -5.462554703e+002 -5.462554703e+002 -9.6412e-001 -1.9069e+000 +2.0664e+000 +6.2280e-001 +4.9054e-001 -4.3850e+000 -2.1905e+000 -1.2415e+000 -5.5694e-001 -7.8666e-001
3596 0 +5.752320058e+001 -5.473967994e+002 -5.473967994e+002 -9.8105e-001 -1.8852e+000 +2.0508e+000 +6.2362e-001 +4.7906e-001 -4.3888e+000 -2.1897e+000 -1.2402e+000 -5.5759e-001 -7.8712e-001
3896 0 +5.621459050e+001 -5.487054095e+002 -5.487054095e+002 -9.9004e-001 -1.9029e+000 +2.0751e+000 +6.2201e-001 +4.8196e-001 -4.4034e+000 -2.1967e+000 -1.2314e+000 -5.6212e-001 -7.8410e-001
4624 0 +5.486301635e+001 -5.500569836e+002 -5.500569836e+002 -9.9172e-001 -1.8912e+000 +2.0688e+000 +6.3934e-001 +4.8123e-001 -4.4102e+000 -2.2161e+000 -1.2255e+000 -5.4598e-001 -7.7152e-001
5311 0 +5.315812521e+001 -5.517618748e+002 -5.517618748e+002 -9.9800e-001 -1.8587e+000 +2.0623e+000 +6.3461e-001 +4.2519e-001 -4.3929e+000 -2.2312e+000 -1.2263e+000 -5.4213e-001 -7.6544e-001
5387 0 +5.235114953e+001 -5.525688505e+002 -5.525688505e+002 -1.0107e+000 -1.8623e+000 +2.0719e+000 +6.3553e-001 +4.3006e-001 -4.4159e+000 -2.2419e+000 -1.2142e+000 -5.4973e-001 -7.6888e-001
7802 0 +5.127022684e+001 -5.536497732e+002 -5.536497732e+002 -1.0008e+000 -1.8831e+000 +2.0735e+000 +6.2204e-001 +4.2686e-001 -4.4198e+000 -2.2511e+000 -1.2313e+000 -5.5897e-001 -7.7240e-001
% f evaluations | g evaluations | best noise-free fitness - Fopt (1.337000000000e+002) + sum g_i+ | measured fitness | best measured fitness or single-digit g-values | x1 | x2...
1 0 +2.373636990e+002 +3.710636990e+002 +3.710636990e+002 +0.0000e+000 +0.0000e+000 +0.0000e+000 +0.0000e+000 +0.0000e+000 +0.0000e+000 +0.0000e+000 +0.0000e+000 +0.0000e+000 +0.0000e+000
227 0 +2.224477519e+002 +3.561477519e+002 +3.561477519e+002 +1.6595e+000 +3.0262e+000 -2.2559e+000 -7.9574e-001 +1.0383e+000 +1.1158e+000 +1.1874e+000 -3.1825e+000 +5.3793e-001 -3.1218e-001
251 0 +1.637721117e+002 +2.974721117e+002 +2.974721117e+002 -1.5324e+000 +1.5480e+000 +2.8420e-001 -1.1055e+000 +1.9490e+000 +2.3923e+000 +6.6454e-001 -2.8174e+000 +3.5096e-001 +1.6836e+000
318 0 +1.594164919e+002 +2.931164919e+002 +2.931164919e+002 -1.3699e+000 +1.2849e+000 +3.1643e-001 -1.3510e+000 +2.1249e+000 +1.7610e+000 +9.8027e-001 -2.0097e+000 +6.2116e-001 +1.7974e+000
458 0 +8.584824298e+001 +2.195482430e+002 +2.195482430e+002 +2.1580e+000 +7.2929e-001 -1.1384e+000 +2.5842e+000 +2.9965e+000 +3.0560e+000 +1.3837e+000 -2.7755e+000 +8.8511e-001 +2.1688e+000
918 0 +7.860189413e+001 +2.123018941e+002 +2.123018941e+002 +2.1929e+000 +7.5627e-001 -1.1434e+000 +2.6111e+000 +3.0163e+000 +3.0886e+000 +1.3749e+000 -2.7836e+000 +8.7667e-001 +2.1863e+000
1258 0 +7.701587745e+001 +2.107158775e+002 +2.107158775e+002 +2.2589e+000 +7.0724e-001 -1.1300e+000 +2.6781e+000 +3.0356e+000 +3.0744e+000 +1.3797e+000 -2.7722e+000 +9.0814e-001 +2.1766e+000
1485 0 +7.284794654e+001 +2.065479465e+002 +2.065479465e+002 +2.3984e+000 +1.1153e-001 -4.5520e-001 +2.1274e+000 +3.6092e+000 +2.5791e+000 +1.0020e+000 -2.4148e+000 +1.2389e+000 +1.9515e+000
1503 0 +7.139759157e+001 +2.050975916e+002 +2.050975916e+002 +2.4279e+000 -3.5005e-002 -3.3567e-001 +1.9422e+000 +3.6429e+000 +2.3398e+000 +9.1240e-001 -2.3767e+000 +1.1548e+000 +1.9370e+000
1522 0 +6.441400424e+001 +1.981140042e+002 +1.981140042e+002 +2.4497e+000 +3.3721e-002 -5.3366e-001 +1.8714e+000 +3.9150e+000 +2.0344e+000 +1.8991e+000 -2.6495e+000 +1.8399e+000 +1.9746e+000
2322 0 +6.199184396e+001 +1.956918440e+002 +1.956918440e+002 +2.4502e+000 +4.0470e-002 -5.4888e-001 +1.8708e+000 +3.9182e+000 +2.0174e+000 +1.9484e+000 -2.6665e+000 +1.8621e+000 +1.9772e+000
2479 0 +6.065699688e+001 +1.943569969e+002 +1.943569969e+002 +2.4173e+000 +5.1435e-002 -5.5468e-001 +1.8744e+000 +3.9258e+000 +2.0075e+000 +1.9507e+000 -2.6872e+000 +1.8495e+000 +1.9800e+000
2708 0 +5.984309150e+001 +1.935430915e+002 +1.935430915e+002 +2.4396e+000 +4.0360e-002 -5.1629e-001 +1.8446e+000 +3.9195e+000 +2.0164e+000 +1.9041e+000 -2.6533e+000 +1.8521e+000 +1.9771e+000
2971 0 +4.793259521e+001 +1.816325952e+002 +1.816325952e+002 +2.3946e+000 +1.1595e-001 -4.8956e-001 +1.9204e+000 +3.7556e+000 +2.0506e+000 +1.8877e+000 -2.6308e+000 +1.8277e+000 +1.9618e+000
3074 0 +4.719161397e+001 +1.808916140e+002 +1.808916140e+002 +2.3940e+000 +1.1811e-001 -4.8162e-001 +1.9247e+000 +3.7432e+000 +2.0499e+000 +1.8859e+000 -2.6289e+000 +1.8318e+000 +1.9606e+000
3142 0 +4.652567618e+001 +1.802256762e+002 +1.802256762e+002 +2.4044e+000 +8.5648e-002 -5.1257e-001 +1.9088e+000 +3.8130e+000 +2.0474e+000 +1.8848e+000 -2.6403e+000 +1.8289e+000 +1.9847e+000
3260 0 +4.434368438e+001 +1.780436844e+002 +1.780436844e+002 +2.3975e+000 +1.3496e-001 -4.8080e-001 +1.9779e+000 +3.6935e+000 +2.0484e+000 +1.8937e+000 -2.6376e+000 +1.8445e+000 +1.9810e+000
3374 0 +4.166190814e+001 +1.753619081e+002 +1.753619081e+002 +2.4049e+000 +1.1422e-001 -4.9186e-001 +1.9506e+000 +3.7439e+000 +2.0412e+000 +1.8887e+000 -2.6409e+000 +1.8415e+000 +1.9864e+000
3710 0 +4.066809670e+001 +1.743680967e+002 +1.743680967e+002 +2.3977e+000 +9.1519e-002 -4.7845e-001 +1.9326e+000 +3.7510e+000 +2.0087e+000 +1.8848e+000 -2.6346e+000 +1.8617e+000 +1.9900e+000
3978 0 +3.969552432e+001 +1.733955243e+002 +1.733955243e+002 +2.4087e+000 +1.0257e-001 -4.6062e-001 +1.9193e+000 +3.7442e+000 +2.0210e+000 +1.8897e+000 -2.6286e+000 +1.8634e+000 +1.9893e+000
4178 0 +3.867414817e+001 +1.723741482e+002 +1.723741482e+002 +2.4233e+000 +1.0939e-001 -4.7876e-001 +1.9231e+000 +3.7475e+000 +2.0445e+000 +1.8978e+000 -2.6403e+000 +1.8575e+000 +1.9890e+000
4371 0 +3.801563837e+001 +1.717156384e+002 +1.717156384e+002 +2.4283e+000 +1.1085e-001 -4.6186e-001 +1.9094e+000 +3.7482e+000 +2.0516e+000 +1.8966e+000 -2.6359e+000 +1.8612e+000 +1.9962e+000
4748 0 +3.690075534e+001 +1.706007553e+002 +1.706007553e+002 +2.4455e+000 +1.0505e-001 -4.5339e-001 +1.9098e+000 +3.7502e+000 +2.0638e+000 +1.8916e+000 -2.6361e+000 +1.8654e+000 +1.9929e+000
4996 0 +3.616330902e+001 +1.698633090e+002 +1.698633090e+002 +2.4640e+000 +1.0484e-001 -4.5652e-001 +1.9211e+000 +3.7512e+000 +2.0743e+000 +1.8989e+000 -2.6436e+000 +1.8695e+000 +1.9919e+000
5803 0 +3.538368444e+001 +1.690836844e+002 +1.690836844e+002 +2.4736e+000 +9.8127e-002 -4.6883e-001 +1.9238e+000 +3.7507e+000 +2.0817e+000 +1.8956e+000 -2.6561e+000 +1.8741e+000 +1.9884e+000
6103 0 +3.464022689e+001 +1.683402269e+002 +1.683402269e+002 +2.4767e+000 +9.5505e-002 -4.8568e-001 +1.9206e+000 +3.7557e+000 +2.0850e+000 +1.9012e+000 -2.6768e+000 +1.8826e+000 +1.9943e+000
6204 0 +3.344684424e+001 +1.671468442e+002 +1.671468442e+002 +2.4549e+000 +9.9856e-002 -4.8534e-001 +1.9024e+000 +3.7534e+000 +2.0779e+000 +1.9024e+000 -2.6843e+000 +1.8768e+000 +1.9940e+000
6246 0 +3.270894047e+001 +1.664089405e+002 +1.664089405e+002 +2.4284e+000 +1.0508e-001 -4.7738e-001 +1.8881e+000 +3.7447e+000 +2.0719e+000 +1.8953e+000 -2.6935e+000 +1.8642e+000 +1.9892e+000
6276 0 +3.235475644e+001 +1.660547564e+002 +1.660547564e+002 +2.4161e+000 +1.0503e-001 -4.8007e-001 +1.8685e+000 +3.7458e+000 +2.0703e+000 +1.8962e+000 -2.7028e+000 +1.8655e+000 +1.9891e+000
6307 0 +2.998288424e+001 +1.636828842e+002 +1.636828842e+002 +2.4468e+000 +9.3365e-002 -5.0777e-001 +1.8887e+000 +3.7555e+000 +2.0856e+000 +1.9000e+000 -2.7200e+000 +1.8784e+000 +1.9898e+000
6408 0 +2.876753907e+001 +1.624675391e+002 +1.624675391e+002 +2.4201e+000 +1.0062e-001 -4.9114e-001 +1.8392e+000 +3.7493e+000 +2.0803e+000 +1.8906e+000 -2.7432e+000 +1.8802e+000 +2.0054e+000
6413 0 +2.787889276e+001 +1.615788928e+002 +1.615788928e+002 +2.4159e+000 +9.6432e-002 -5.0654e-001 +1.8575e+000 +3.7527e+000 +2.0794e+000 +1.8982e+000 -2.7411e+000 +1.8709e+000 +1.9865e+000
6425 0 +2.641960711e+001 +1.601196071e+002 +1.601196071e+002 +2.4252e+000 +9.3317e-002 -5.2020e-001 +1.8573e+000 +3.7552e+000 +2.0896e+000 +1.9013e+000 -2.7582e+000 +1.8761e+000 +1.9897e+000
6510 0 +2.560093731e+001 +1.593009373e+002 +1.593009373e+002 +2.3988e+000 +9.7148e-002 -5.2000e-001 +1.8279e+000 +3.7490e+000 +2.0901e+000 +1.8966e+000 -2.7797e+000 +1.8681e+000 +1.9875e+000
6536 0 +2.421016209e+001 +1.579101621e+002 +1.579101621e+002 +2.4116e+000 +9.4638e-002 -5.3484e-001 +1.8589e+000 +3.7454e+000 +2.0832e+000 +1.9010e+000 -2.7920e+000 +1.8772e+000 +1.9882e+000
6663 0 +2.381598882e+001 +1.575159888e+002 +1.575159888e+002 +2.4248e+000 +9.0882e-002 -5.4016e-001 +1.8796e+000 +3.7441e+000 +2.0827e+000 +1.9006e+000 -2.7972e+000 +1.8812e+000 +1.9858e+000
6724 0 +2.334337725e+001 +1.570433772e+002 +1.570433772e+002 +2.4426e+000 +8.7035e-002 -5.4049e-001 +1.8958e+000 +3.7467e+000 +2.0878e+000 +1.8986e+000 -2.7950e+000 +1.8831e+000 +1.9840e+000
6752 0 +2.219847505e+001 +1.558984750e+002 +1.558984750e+002 +2.4316e+000 +2.3186e-002 -5.0932e-001 +1.8748e+000 +3.7542e+000 +2.0507e+000 +1.8983e+000 -2.7996e+000 +1.8914e+000 +1.9931e+000
6808 0 +2.181562436e+001 +1.555156244e+002 +1.555156244e+002 +2.4279e+000 +4.0432e-002 -5.2013e-001 +1.8784e+000 +3.7504e+000 +2.0579e+000 +1.8993e+000 -2.8031e+000 +1.8880e+000 +1.9892e+000
6894 0 +2.135467765e+001 +1.550546777e+002 +1.550546777e+002 +2.4364e+000 +3.0157e-002 -5.1152e-001 +1.8874e+000 +3.7486e+000 +2.0518e+000 +1.8975e+000 -2.8009e+000 +1.8920e+000 +1.9912e+000
7175 0 +2.088948467e+001 +1.545894847e+002 +1.545894847e+002 +2.4421e+000 +2.9267e-002 -5.0342e-001 +1.9001e+000 +3.7451e+000 +2.0488e+000 +1.8970e+000 -2.7897e+000 +1.8907e+000 +1.9913e+000
7609 0 +2.034614632e+001 +1.540461463e+002 +1.540461463e+002 +2.4501e+000 +3.3479e-002 -5.0112e-001 +1.9009e+000 +3.7410e+000 +2.0575e+000 +1.8993e+000 -2.7913e+000 +1.8924e+000 +1.9921e+000
8605 0 +1.986723948e+001 +1.535672395e+002 +1.535672395e+002 +2.4530e+000 +3.5002e-002 -4.9591e-001 +1.8848e+000 +3.7413e+000 +2.0722e+000 +1.9022e+000 -2.7947e+000 +1.8912e+000 +1.9950e+000
9302 0 +1.948664485e+001 +1.531866449e+002 +1.531866449e+002 +2.4529e+000 +2.9908e-002 -4.8970e-001 +1.8826e+000 +3.7410e+000 +2.0802e+000 +1.8990e+000 -2.7932e+000 +1.8876e+000 +1.9940e+000
9707 0 +1.903580492e+001 +1.527358049e+002 +1.527358049e+002 +2.4500e+000 +2.3179e-002 -4.8069e-001 +1.8883e+000 +3.7459e+000 +2.0792e+000 +1.9038e+000 -2.7866e+000 +1.8825e+000 +1.9926e+000
% f evaluations | g evaluations | best noise-free fitness - Fopt (-2.098000000000e+001) + sum g_i+ | measured fitness | best measured fitness or single-digit g-values | x1 | x2...
1 0 +4.368437103e+002 +4.158637103e+002 +4.158637103e+002 +0.0000e+000 +0.0000e+000 +0.0000e+000 +0.0000e+000 +0.0000e+000 +0.0000e+000 +0.0000e+000 +0.0000e+000 +0.0000e+000 +0.0000e+000
19 0 +3.533804832e+002 +3.324004832e+002 +3.324004832e+002 -2.4132e+000 -3.2646e-001 -1.5655e+000 +5.4970e-001 +2.3014e+000 +7.1838e-001 -3.5126e-001 +3.0610e+000 +3.6273e-001 +1.0467e+000
25 0 +3.083856726e+002 +2.874056726e+002 +2.874056726e+002 -3.0000e+000 +3.8852e+000 -4.4357e-001 -4.6787e+000 -1.5129e+000 -3.4097e+000 -1.3160e+000 +3.5260e+000 +1.0873e+000 +3.8406e+000
119 0 +2.610166324e+002 +2.400366324e+002 +2.400366324e+002 -8.9952e-001 +3.3404e+000 -2.6773e+000 -3.3535e+000 +1.5454e+000 -4.2030e+000 +2.0516e+000 +3.9989e+000 -5.4337e-001 +1.9974e+000
139 0 +2.369449438e+002 +2.159649438e+002 +2.159649438e+002 -2.5454e+000 +5.1860e+000 -4.9389e-001 -3.3067e+000 +2.3826e+000 +1.2530e+000 +1.3684e+000 +2.4054e+000 +7.6616e-001 +3.8176e+000
360 0 +2.087348532e+002 +1.877548532e+002 +1.877548532e+002 -2.8245e+000 +5.1479e+000 -4.0788e-001 -3.6822e+000 +2.2412e+000 +1.0905e+000 +1.3277e+000 +2.7277e+000 +8.0227e-001 +3.8145e+000
417 0 +1.974910301e+002 +1.765110301e+002 +1.765110301e+002 -2.2164e+000 +4.3014e+000 -1.3396e+000 -3.5205e+000 +8.6833e-002 +2.0854e-001 +5.8352e-001 +3.8029e+000 +2.2271e+000 +4.3609e+000
746 0 +1.730583478e+002 +1.520783478e+002 +1.520783478e+002 -1.9456e+000 +4.4007e+000 -1.4019e+000 -3.0718e+000 +7.4227e-001 +6.8628e-001 +7.2405e-001 +3.8600e+000 +1.4787e+000 +4.0860e+000
1141 0 +1.689027887e+002 +1.479227887e+002 +1.479227887e+002 -2.1000e+000 +4.6167e+000 -1.1979e+000 -3.1602e+000 +7.8961e-001 +4.9462e-001 +6.2442e-001 +3.6217e+000 +1.2978e+000 +4.1276e+000
1241 0 +1.575734161e+002 +1.365934161e+002 +1.365934161e+002 -1.9854e+000 +4.6693e+000 -1.1211e+000 -3.1110e+000 +8.2141e-001 +5.7488e-001 +5.8213e-001 +3.3931e+000 +1.0979e+000 +4.0716e+000
1631 0 +1.540898363e+002 +1.331098363e+002 +1.331098363e+002 -1.9349e+000 +4.6203e+000 -1.1152e+000 -3.0446e+000 +7.4908e-001 +5.6406e-001 +5.4914e-001 +3.3969e+000 +1.0394e+000 +4.1107e+000
1739 0 +1.462014098e+002 +1.252214098e+002 +1.252214098e+002 -1.9549e+000 +4.6015e+000 -1.1328e+000 -3.0476e+000 +7.3084e-001 +5.4287e-001 +5.5366e-001 +3.4511e+000 +1.0789e+000 +4.1284e+000
1875 0 +1.414813204e+002 +1.205013204e+002 +1.205013204e+002 -3.3266e+000 +3.8546e+000 -8.4356e-001 +3.9941e-001 +1.6748e+000 -1.4160e-001 +1.1604e+000 +3.4571e+000 +1.4217e+000 +4.3720e+000
1923 0 +1.230742845e+002 +1.020942845e+002 +1.020942845e+002 -3.0234e+000 +3.8595e+000 -1.1513e+000 +3.5053e-001 +1.6888e+000 -3.4972e-001 +1.1056e+000 +3.5229e+000 +1.4477e+000 +4.3246e+000
2011 0 +1.184034176e+002 +9.742341756e+001 +9.742341756e+001 -3.3589e+000 +3.7032e+000 -1.0043e+000 +9.8553e-001 +1.8006e+000 -4.2352e-001 +1.2025e+000 +3.5502e+000 +1.4905e+000 +4.3794e+000
2048 0 +1.096199692e+002 +8.863996922e+001 +8.863996922e+001 -3.1081e+000 +3.8206e+000 -1.0883e+000 +8.5432e-001 +1.8763e+000 -5.3599e-001 +1.1245e+000 +3.3776e+000 +1.3143e+000 +4.3637e+000
2203 0 +9.116803867e+001 +7.018803867e+001 +7.018803867e+001 -3.1421e+000 +3.7939e+000 -1.1022e+000 +9.4391e-001 +1.8895e+000 -5.5851e-001 +1.1441e+000 +3.4016e+000 +1.3486e+000 +4.3707e+000
2765 0 +8.829756452e+001 +6.731756452e+001 +6.731756452e+001 -3.1761e+000 +3.7764e+000 -1.0881e+000 +9.9930e-001 +1.8914e+000 -5.5553e-001 +1.1530e+000 +3.4104e+000 +1.3621e+000 +4.3780e+000
2816 0 +8.645207370e+001 +6.547207370e+001 +6.547207370e+001 -3.1532e+000 +3.7879e+000 -1.0741e+000 +1.0305e+000 +1.9071e+000 -5.1379e-001 +1.1678e+000 +3.3982e+000 +1.3316e+000 +4.3750e+000
2965 0 +8.346594316e+001 +6.248594316e+001 +6.248594316e+001 -3.2011e+000 +3.7594e+000 -1.0850e+000 +1.1209e+000 +1.9247e+000 -5.0117e-001 +1.2059e+000 +3.4435e+000 +1.3820e+000 +4.3764e+000
3003 0 +8.085907893e+001 +5.987907893e+001 +5.987907893e+001 -3.1858e+000 +3.7938e+000 -1.0443e+000 +1.0770e+000 +1.9267e+000 -4.3032e-001 +1.2151e+000 +3.4206e+000 +1.3459e+000 +4.3707e+000
3074 0 +7.855818834e+001 +5.757818834e+001 +5.757818834e+001 -3.1067e+000 +3.7896e+000 -1.1240e+000 +9.6225e-001 +1.8844e+000 -4.6057e-001 +1.1859e+000 +3.4695e+000 +1.3750e+000 +4.3638e+000
3103 0 +7.690317474e+001 +5.592317474e+001 +5.592317474e+001 -3.1501e+000 +3.7915e+000 -1.0874e+000 +1.0187e+000 +1.9083e+000 -4.2587e-001 +1.2130e+000 +3.4599e+000 +1.3745e+000 +4.3625e+000
3509 0 +7.579182709e+001 +5.481182709e+001 +5.481182709e+001 -3.1297e+000 +3.7882e+000 -1.1094e+000 +1.0117e+000 +1.8958e+000 -4.2905e-001 +1.2188e+000 +3.4725e+000 +1.3836e+000 +4.3656e+000
3622 0 +7.128471208e+001 +5.030471208e+001 +5.030471208e+001 -3.0841e+000 +3.7713e+000 -1.1288e+000 +9.9946e-001 +1.8805e+000 -4.0178e-001 +1.2296e+000 +3.4382e+000 +1.3391e+000 +4.3653e+000
3731 0 +7.067397088e+001 +4.969397088e+001 +4.969397088e+001 -3.0871e+000 +3.7632e+000 -1.1344e+000 +1.0092e+000 +1.8786e+000 -4.0369e-001 +1.2338e+000 +3.4428e+000 +1.3442e+000 +4.3665e+000
4311 0 +6.915144131e+001 +4.817144131e+001 +4.817144131e+001 -3.0638e+000 +3.7690e+000 -1.1628e+000 +1.0034e+000 +1.8626e+000 -4.1392e-001 +1.2630e+000 +3.4565e+000 +1.3523e+000 +4.3777e+000
% f evaluations | g evaluations | best noise-free fitness - Fopt (1.353300000000e+002) + sum g_i+ | measured fitness | best measured fitness or single-digit g-values | x1 | x2...
1 0 +3.489249109e+002 +4.842549109e+002 +4.842549109e+002 +0.0000e+000 +0.0000e+000 +0.0000e+000 +0.0000e+000 +0.0000e+000 +0.0000e+000 +0.0000e+000 +0.0000e+000 +0.0000e+000 +0.0000e+000
7 0 +2.978815973e+002 +4.332115973e+002 +4.332115973e+002 -1.3935e+000 +4.1252e+000 -3.2463e+000 +8.8573e-001 +3.0116e+000 +3.2294e+000 -1.5058e+000 +2.7601e+000 -1.6301e-001 -1.8084e+000
270 0 +2.732472707e+002 +4.085772707e+002 +4.085772707e+002 -1.3968e+000 +3.7327e+000 -3.5606e+000 +5.3762e-001 +3.1198e+000 +3.7891e+000 -1.7468e+000 +2.6541e+000 +2.4121e-001 -2.1851e+000
306 0 +2.297827107e+002 +3.651127107e+002 +3.651127107e+002 +6.6409e-001 +3.5562e+000 +9.8650e-002 +2.7203e-001 +2.6568e+000 +4.5168e+000 -1.2234e+000 +4.5933e+000 +2.3445e+000 -2.7519e+000
328 0 +2.123983238e+002 +3.477283238e+002 +3.477283238e+002 -5.1783e-001 +6.1116e-001 -1.4596e+000 -5.6320e-001 +3.3723e+000 +1.2152e+000 +4.4956e-001 +2.7623e+000 -1.1110e+000 -3.7192e+000
364 0 +1.790185576e+002 +3.143485576e+002 +3.143485576e+002 -1.6115e+000 +1.4520e+000 -1.5113e+000 -2.8571e+000 +1.1199e+000 +1.5189e+000 +3.0241e-001 +1.0649e+000 +2.4439e+000 -4.3691e+000
592 0 +1.733152001e+002 +3.086452001e+002 +3.086452001e+002 -1.5820e+000 +1.7629e+000 -1.8147e+000 -2.3385e+000 +1.2831e+000 +1.7565e+000 +2.2231e-002 +1.2271e+000 +2.1415e+000 -4.0935e+000
599 0 +1.512891344e+002 +2.866191344e+002 +2.866191344e+002 -1.4559e+000 +7.8136e-001 -1.4127e+000 -2.4482e+000 +1.7837e+000 +2.2273e+000 +3.1923e-002 +1.5540e+000 +1.9596e+000 -3.8409e+000
613 0 +1.466885382e+002 +2.820185382e+002 +2.820185382e+002 -8.1319e-001 -2.5256e-002 -1.5366e+000 -2.2270e+000 +2.5711e+000 +3.0931e+000 -3.3687e-001 +1.6555e+000 +1.7281e+000 -3.1601e+000
840 0 +1.394398831e+002 +2.747698831e+002 +2.747698831e+002 -1.3835e+000 +8.4966e-001 -1.4093e+000 -2.4654e+000 +1.8575e+000 +2.2144e+000 +1.0606e-002 +1.5429e+000 +2.0443e+000 -3.8916e+000
864 0 +1.363070873e+002 +2.716370873e+002 +2.716370873e+002 -1.1350e+000 +7.6836e-001 -1.6086e+000 -2.4961e+000 +2.0628e+000 +2.6370e+000 -9.7242e-003 +1.5118e+000 +2.0045e+000 -3.4991e+000
1062 0 +1.339087157e+002 +2.692387157e+002 +2.692387157e+002 -1.7076e+000 +1.9084e+000 -1.4236e+000 -1.3613e+000 +2.3003e+000 +1.7053e+000 -3.3297e-001 +2.5379e+000 +7.9399e-001 -3.8988e+000
1121 0 +1.151877811e+002 +2.505177811e+002 +2.505177811e+002 -1.3190e+000 +1.3483e+000 -1.2175e+000 -1.2457e+000 +2.0166e+000 +1.6078e+000 -8.1343e-002 +2.6294e+000 +8.6690e-001 -3.1698e+000
1383 0 +1.145721151e+002 +2.499021151e+002 +2.499021151e+002 -1.5590e+000 +2.5372e+000 -1.4394e+000 -2.2006e+000 +1.4377e+000 +1.0726e+000 -8.2602e-001 +3.1814e+000 +1.4172e+000 -4.1203e+000
1626 0 +9.263985477e+001 +2.279698548e+002 +2.279698548e+002 -1.3536e+000 +2.4661e+000 -1.4337e+000 -2.0591e+000 +1.4545e+000 +1.7360e+000 -1.1950e-001 +2.6585e+000 +1.7202e+000 -3.8812e+000
1826 0 +8.995502866e+001 +2.252850287e+002 +2.252850287e+002 -1.3741e+000 +2.4194e+000 -1.4370e+000 -2.0623e+000 +1.4707e+000 +1.6924e+000 -1.7203e-001 +2.6679e+000 +1.6853e+000 -3.8737e+000
1832 0 +8.755820964e+001 +2.228882096e+002 +2.228882096e+002 -1.3517e+000 +2.4473e+000 -1.4336e+000 -2.0666e+000 +1.4281e+000 +1.6978e+000 -1.0380e-001 +2.6560e+000 +1.7261e+000 -3.8817e+000
1840 0 +8.268932322e+001 +2.180193232e+002 +2.180193232e+002 -1.3121e+000 +2.5413e+000 -1.4372e+000 -2.0305e+000 +1.4183e+000 +1.7342e+000 -9.0426e-002 +2.7136e+000 +1.7102e+000 -3.8124e+000
2066 0 +7.865136208e+001 +2.139813621e+002 +2.139813621e+002 -1.2457e+000 +2.6594e+000 -1.4424e+000 -1.9586e+000 +1.3956e+000 +1.7505e+000 -2.6720e-002 +2.6857e+000 +1.6868e+000 -3.7818e+000
2232 0 +7.240200887e+001 +2.077320089e+002 +2.077320089e+002 -1.2568e+000 +2.5215e+000 -1.4235e+000 -1.9593e+000 +1.3805e+000 +1.6844e+000 +8.6967e-003 +2.6096e+000 +1.6889e+000 -3.8059e+000
2330 0 +6.994151427e+001 +2.052715143e+002 +2.052715143e+002 -1.2872e+000 +2.4535e+000 -1.4277e+000 -1.9945e+000 +1.4426e+000 +1.7062e+000 -1.8356e-002 +2.6276e+000 +1.7268e+000 -3.8126e+000
2494 0 +6.432821189e+001 +1.996582119e+002 +1.996582119e+002 -1.2359e+000 +2.5695e+000 -1.3546e+000 -1.9632e+000 +1.4581e+000 +1.6721e+000 -8.3196e-003 +2.6527e+000 +1.7080e+000 -3.7914e+000
2771 0 +6.053552714e+001 +1.958655271e+002 +1.958655271e+002 -1.3255e+000 +2.5296e+000 -1.4276e+000 -1.9487e+000 +1.4827e+000 +1.6778e+000 -1.3567e-002 +2.6472e+000 +1.6876e+000 -3.8334e+000
3005 0 +5.995288078e+001 +1.952828808e+002 +1.952828808e+002 -1.3054e+000 +2.5521e+000 -1.4026e+000 -1.9588e+000 +1.4732e+000 +1.6642e+000 -2.8046e-002 +2.6724e+000 +1.6898e+000 -3.8318e+000
3605 0 +5.845284690e+001 +1.937828469e+002 +1.937828469e+002 -1.3079e+000 +2.5558e+000 -1.4116e+000 -1.9637e+000 +1.4882e+000 +1.6633e+000 -4.9527e-003 +2.6723e+000 +1.6870e+000 -3.8174e+000
4139 0 +5.752306108e+001 +1.928530611e+002 +1.928530611e+002 -1.3462e+000 +2.5334e+000 -1.4123e+000 -1.9963e+000 +1.4903e+000 +1.6465e+000 -6.7715e-003 +2.6652e+000 +1.6922e+000 -3.8157e+000
6660 0 +5.385904782e+001 +1.891890478e+002 +1.891890478e+002 -1.4235e+000 +2.5087e+000 -1.4066e+000 -2.0047e+000 +1.4970e+000 +1.6485e+000 +4.7454e-004 +2.6696e+000 +1.6881e+000 -3.4461e+000
6708 0 +5.318944416e+001 +1.885194442e+002 +1.885194442e+002 -1.4431e+000 +2.5067e+000 -1.4178e+000 -2.0095e+000 +1.4994e+000 +1.6477e+000 +2.7481e-003 +2.6660e+000 +1.6881e+000 -3.1314e+000
% f evaluations | g evaluations | best noise-free fitness - Fopt (4.066000000000e+001) + sum g_i+ | measured fitness | best measured fitness or single-digit g-values | x1 | x2...
1 0 +3.017115897e+002 +3.423715897e+002 +3.423715897e+002 +0.0000e+000 +0.0000e+000 +0.0000e+000 +0.0000e+000 +0.0000e+000 +0.0000e+000 +0.0000e+000 +0.0000e+000 +0.0000e+000 +0.0000e+000
365 0 +2.838525534e+002 +3.245125534e+002 +3.245125534e+002 -1.0446e+000 -3.8731e+000 +9.5170e-002 -1.8607e+000 -1.6420e+000 -2.1210e+000 +1.6542e+000 -1.2336e+000 +1.0538e+000 +6.1656e-001
389 0 +2.725949672e+002 +3.132549672e+002 +3.132549672e+002 +8.5087e-001 -3.1066e+000 +1.5967e+000 -3.1207e+000 -5.2599e-001 +1.5792e+000 -3.6274e-001 +3.8983e-001 +1.0807e+000 +3.8565e-001
408 0 +2.383607061e+002 +2.790207061e+002 +2.790207061e+002 +3.2522e-001 -4.0566e+000 -2.1873e-002 -2.8813e+000 +1.1773e+000 +1.4463e+000 +1.6558e+000 -1.6039e+000 -4.7846e-001 +8.5219e-001
624 0 +2.284016671e+002 +2.690616671e+002 +2.690616671e+002 -7.9183e-001 -3.1738e+000 +6.0188e-001 -1.9353e+000 -2.4262e-001 +2.1604e+000 +5.8992e-001 -2.0883e+000 -1.7351e-001 +1.8865e+000
730 0 +1.991529130e+002 +2.398129130e+002 +2.398129130e+002 +1.7816e+000 -6.0184e-001 +1.3033e+000 -3.0988e+000 -2.4117e-001 +1.4904e+000 +2.1843e+000 -2.9780e+000 +9.8394e-001 +1.5228e+000
811 0 +1.820493511e+002 +2.227093511e+002 +2.227093511e+002 +5.8569e-001 +2.1657e-001 +1.6443e+000 -1.7230e+000 -1.3855e+000 +2.2023e+000 +9.7066e-001 -3.3042e+000 +9.7575e-001 +2.4132e+000
817 0 +1.769811245e+002 +2.176411245e+002 +2.176411245e+002 +1.1729e+000 +8.8556e-002 +2.4929e+000 -1.5030e+000 -9.6861e-001 +1.5019e+000 +1.1054e+000 -2.7745e+000 +2.1642e+000 +7.0586e-001
833 0 +1.651046434e+002 +2.057646434e+002 +2.057646434e+002 +1.0564e+000 -1.7183e+000 +1.0623e+000 -3.0534e+000 +1.5175e-002 +1.5621e+000 +1.7561e+000 -2.5442e+000 +6.5793e-001 +1.5271e+000
859 0 +1.393781125e+002 +1.800381125e+002 +1.800381125e+002 +1.8542e+000 -5.3090e-001 +1.6135e+000 -3.4709e+000 -4.7225e-001 +1.2048e+000 +2.3429e+000 -3.3087e+000 +1.3687e+000 +1.6284e+000
922 0 +1.250026663e+002 +1.656626663e+002 +1.656626663e+002 +1.9514e+000 -2.2305e+000 +1.4704e+000 -3.3959e+000 -1.3117e+000 +1.5093e+000 +1.2525e+000 -3.1752e+000 +1.9879e+000 +2.3441e+000
1133 0 +9.783454024e+001 +1.384945402e+002 +1.384945402e+002 +1.9487e+000 -1.4611e+000 +1.5346e+000 -3.5028e+000 -8.7982e-001 +1.3158e+000 +1.6881e+000 -3.0656e+000 +1.7695e+000 +1.9576e+000
1452 0 +9.771042998e+001 +1.383704300e+002 +1.383704300e+002 +1.9717e+000 -1.3299e+000 +1.5180e+000 -3.4899e+000 -7.8164e-001 +1.2469e+000 +1.6976e+000 -3.0502e+000 +1.7583e+000 +1.8937e+000
1531 0 +9.519387241e+001 +1.358538724e+002 +1.358538724e+002 +1.8379e+000 -1.2735e+000 +1.4206e+000 -3.4198e+000 -7.8427e-001 +1.3741e+000 +1.6994e+000 -2.9307e+000 +1.7247e+000 +1.9767e+000
1669 0 +9.304982645e+001 +1.337098265e+002 +1.337098265e+002 +1.8847e+000 -1.4753e+000 +1.4778e+000 -3.4549e+000 -8.7476e-001 +1.3592e+000 +1.6390e+000 -3.0106e+000 +1.7657e+000 +1.9879e+000
1769 0 +8.839912155e+001 +1.290591216e+002 +1.290591216e+002 +1.8965e+000 -1.3672e+000 +1.4866e+000 -3.4788e+000 -8.6701e-001 +1.3810e+000 +1.7278e+000 -2.9930e+000 +1.7497e+000 +2.0012e+000
2113 0 +8.613787831e+001 +1.267978783e+002 +1.267978783e+002 +1.9001e+000 -1.3652e+000 +1.4638e+000 -3.4873e+000 -8.5899e-001 +1.3915e+000 +1.7457e+000 -2.9633e+000 +1.7491e+000 +2.0176e+000
2250 0 +8.063510509e+001 +1.212951051e+002 +1.212951051e+002 +2.0951e+000 -1.3582e+000 +1.6813e+000 -3.5230e+000 -8.6780e-001 +1.3067e+000 +1.6897e+000 -2.9523e+000 +1.7502e+000 +1.9988e+000
2369 0 +7.847501542e+001 +1.191350154e+002 +1.191350154e+002 +1.9797e+000 -1.3319e+000 +1.5711e+000 -3.4974e+000 -8.5870e-001 +1.3560e+000 +1.7254e+000 -2.9574e+000 +1.7431e+000 +2.0042e+000
2613 0 +7.506315433e+001 +1.157231543e+002 +1.157231543e+002 +2.0178e+000 -1.3416e+000 +1.5838e+000 -3.5033e+000 -8.4739e-001 +1.3548e+000 +1.7124e+000 -2.9007e+000 +1.7422e+000 +2.0255e+000
2825 0 +7.173942432e+001 +1.123994243e+002 +1.123994243e+002 +2.0031e+000 -1.3698e+000 +1.5597e+000 -3.4950e+000 -8.3842e-001 +1.3597e+000 +1.7007e+000 -2.9366e+000 +1.7455e+000 +2.0156e+000
2940 0 +6.985412158e+001 +1.105141216e+002 +1.105141216e+002 +2.0588e+000 -1.3791e+000 +1.5792e+000 -3.5090e+000 -8.3142e-001 +1.3148e+000 +1.6950e+000 -2.9158e+000 +1.7474e+000 +2.0387e+000
3040 0 +6.832906358e+001 +1.089890636e+002 +1.089890636e+002 +2.0749e+000 -1.3733e+000 +1.5826e+000 -3.5123e+000 -8.1776e-001 +1.2971e+000 +1.7012e+000 -2.9293e+000 +1.7425e+000 +2.0365e+000
3049 0 +6.593578885e+001 +1.065957889e+002 +1.065957889e+002 +2.0709e+000 -1.3884e+000 +1.5543e+000 -3.5010e+000 -8.0749e-001 +1.2669e+000 +1.6911e+000 -2.9351e+000 +1.7594e+000 +2.0291e+000
3182 0 +6.432546587e+001 +1.049854659e+002 +1.049854659e+002 +2.0405e+000 -1.4060e+000 +1.4846e+000 -3.4891e+000 -8.3041e-001 +1.2022e+000 +1.6789e+000 -2.9242e+000 +1.7369e+000 +2.0378e+000
3199 0 +6.283771832e+001 +1.034977183e+002 +1.034977183e+002 +2.0331e+000 -1.4399e+000 +1.5345e+000 -3.4751e+000 -8.2627e-001 +1.2205e+000 +1.7016e+000 -2.9310e+000 +1.7235e+000 +2.0308e+000
3223 0 +5.967016975e+001 +1.003301697e+002 +1.003301697e+002 +2.0815e+000 -1.4476e+000 +1.5354e+000 -3.4898e+000 -8.3324e-001 +1.1577e+000 +1.7529e+000 -2.9427e+000 +1.7208e+000 +2.0415e+000
3224 0 +5.025203275e+001 +9.091203275e+001 +9.091203275e+001 +2.0978e+000 -1.4848e+000 +1.5326e+000 -3.4616e+000 -7.9116e-001 +1.0846e+000 +1.7110e+000 -2.9242e+000 +1.6927e+000 +2.0292e+000
3349 0 +4.922210192e+001 +8.988210192e+001 +8.988210192e+001 +2.1451e+000 -1.4571e+000 +1.5511e+000 -3.4873e+000 -7.7403e-001 +1.0950e+000 +1.6999e+000 -2.9307e+000 +1.7182e+000 +2.0315e+000
3440 0 +4.834028186e+001 +8.900028186e+001 +8.900028186e+001 +2.1014e+000 -1.4755e+000 +1.5314e+000 -3.4674e+000 -7.8832e-001 +1.0964e+000 +1.7053e+000 -2.9289e+000 +1.7062e+000 +2.0282e+000
3623 0 +4.740789831e+001 +8.806789831e+001 +8.806789831e+001 +2.1205e+000 -1.4609e+000 +1.5334e+000 -3.4663e+000 -7.6001e-001 +1.0917e+000 +1.6815e+000 -2.9283e+000 +1.7135e+000 +2.0262e+000
4067 0 +4.659989418e+001 +8.725989418e+001 +8.725989418e+001 +2.1123e+000 -1.4586e+000 +1.5283e+000 -3.4638e+000 -7.5730e-001 +1.0922e+000 +1.6774e+000 -2.9394e+000 +1.7201e+000 +2.0219e+000
4727 0 +4.562729879e+001 +8.628729879e+001 +8.628729879e+001 +2.0893e+000 -1.4803e+000 +1.5232e+000 -3.4621e+000 -7.5876e-001 +1.0955e+000 +1.6726e+000 -2.9448e+000 +1.7378e+000 +2.0233e+000
5134 0 +4.466454327e+001 +8.532454327e+001 +8.532454327e+001 +2.0717e+000 -1.4912e+000 +1.5214e+000 -3.4425e+000 -7.5595e-001 +1.0831e+000 +1.6896e+000 -2.9334e+000 +1.7366e+000 +2.0301e+000
