% f evaluations | g evaluations | best noise-free fitness - Fopt (-9.210000000000e+000) + sum g_i+ | measured fitness | best measured fitness or single-digit g-values | x1 | x2...
1 0 +2.043476306e+002 +1.951376306e+002 +1.951376306e+002 +0.0000e+000 +0.0000e+000 +0.0000e+000 +0.0000e+000 +0.0000e+000 +0.0000e+000 +0.0000e+000 +0.0000e+000 +0.0000e+000 +0.0000e+000
2 0 +1.650204304e+002 +1.558104304e+002 +1.558104304e+002 +2.4355e+000 +4.3752e+000 -8.0224e-001 +2.0437e+000 -2.1254e+000 -4.6540e+000 +4.6986e+000 +2.7217e+000 -3.9469e+000 -3.1422e+000
5 0 +1.511129930e+002 +1.419029930e+002 +1.419029930e+002 -2.1326e+000 +2.1992e+000 +4.7674e+000 +5.3475e-001 -3.6081e+000 -3.8420e+000 -2.3351e+000 +3.3879e+000 +2.8714e-001 -3.5495e+000
24 0 +1.412782564e+002 +1.320682564e+002 +1.320682564e+002 +4.1898e+000 +1.1763e+000 -3.2605e+000 +4.9789e+000 -3.4064e+000 -4.5364e+000 +3.8576e+000 -3.7302e+000 +1.9125e+000 -4.8546e+000
30 0 +1.358025124e+002 +1.265925124e+002 +1.265925124e+002 +2.0836e+000 +1.9984e+000 +3.0790e+000 -2.1922e+000 +1.7161e+000 +1.7003e+000 +4.2740e+000 -2.0747e-001 +1.1371e+000 -3.4734e+000
32 0 +1.276239121e+002 +1.184139121e+002 +1.184139121e+002 -3.0127e+000 -4.4121e-001 -4.8792e+000 +3.7424e+000 -3.7894e+000 +5.9083e-002 +4.5058e+000 +1.0041e-001 +3.5178e+000 -2.0873e+000
33 0 +1.162488552e+002 +1.070388552e+002 +1.070388552e+002 +4.9878e+000 +2.0957e+000 +4.4621e+000 -4.5084e+000 -4.3922e+000 +2.7617e+000 +4.3316e+000 -3.7820e+000 +4.7337e+000 -2.6444e+000
37 0 +8.958860073e+001 +8.037860073e+001 +8.037860073e+001 +3.8044e+000 -3.1420e+000 -6.2130e-001 +3.2070e+000 +7.3506e-001 -3.1277e+000 +4.8298e+000 +4.8321e+000 +3.7460e+000 -4.2036e+000
124 0 +8.804500090e+001 +7.883500090e+001 +7.883500090e+001 +6.3827e+000 +3.3207e+000 -1.5847e+000 +2.1947e+000 +8.3985e-001 +3.5428e-001 +7.0659e+000 +1.6589e-001 +4.1059e+000 -5.0000e+000
134 0 +5.908829351e+001 +4.987829351e+001 +4.987829351e+001 +1.3323e+000 -5.9846e-001 -1.8440e+000 +5.2678e+000 -2.4617e+000 -3.2671e+000 +5.8102e+000 +6.8686e+000 +5.8321e+000 -5.0000e+000
215 0 +5.272359651e+001 +4.351359651e+001 +4.351359651e+001 +1.3383e+000 +3.7019e-001 -1.0760e+000 +5.4378e+000 -4.3866e+000 -3.6927e+000 +6.1296e+000 +1.0160e+001 +6.3579e+000 -5.0000e+000
259 0 +4.981346500e+001 +4.060346500e+001 +4.060346500e+001 +2.5387e+000 -4.2615e+000 +2.4019e+000 +7.5859e+000 -4.6323e+000 -1.0521e+000 +3.2154e+000 +7.0443e+000 +5.2430e+000 -5.0000e+000
303 0 +4.348491467e+001 +3.427491467e+001 +3.427491467e+001 +2.4642e+000 -6.0485e+000 +2.9394e+000 +1.0537e+001 -4.5356e+000 -1.1077e+000 +6.1446e+000 +9.9946e+000 +7.6049e+000 -5.0000e+000
351 0 +4.172428943e+001 +3.251428943e+001 +3.251428943e+001 +3.4029e+000 -5.5971e+000 +2.5867e+000 +7.6824e+000 -5.8380e+000 -1.1884e+000 +4.9623e+000 +6.8453e+000 +7.4909e+000 -5.0000e+000
353 0 +3.864985736e+001 +2.943985736e+001 +2.943985736e+001 +1.5408e+000 -5.1623e+000 +2.9295e+000 +6.7833e+000 -5.7587e+000 -1.7884e-001 +5.3309e+000 +9.2271e+000 +6.1876e+000 -5.0000e+000
395 0 +3.758202472e+001 +2.837202472e+001 +2.837202472e+001 +2.3317e+000 -3.0838e+000 +3.7068e+000 +7.3002e+000 -3.3323e+000 +5.9146e-001 +4.6590e+000 +6.9506e+000 +4.9678e+000 -5.0000e+000
407 0 +3.309534644e+001 +2.388534644e+001 +2.388534644e+001 +3.1348e+000 -2.3160e+000 +3.5767e+000 +8.7585e+000 -5.0960e+000 -4.0009e-001 +6.2653e+000 +9.8837e+000 +6.5624e+000 -5.0000e+000
410 0 +2.872204931e+001 +1.951204931e+001 +1.951204931e+001 +2.4759e+000 -3.1517e+000 +3.4886e+000 +9.3636e+000 -3.9882e+000 +2.1248e+000 +5.1097e+000 +8.1603e+000 +6.6949e+000 -5.0000e+000
488 0 +2.593692654e+001 +1.672692654e+001 +1.672692654e+001 +2.7493e+000 -2.1568e+000 +5.6196e+000 +9.7903e+000 -6.1492e+000 +1.0044e+000 +6.0674e+000 +8.0347e+000 +4.9892e+000 -5.0000e+000
503 0 +2.528592424e+001 +1.607592424e+001 +1.607592424e+001 +3.2002e+000 -4.0384e+000 +5.9862e+000 +1.1121e+001 -6.6874e+000 +2.2123e+000 +4.9566e+000 +7.8164e+000 +4.7943e+000 -5.0000e+000
507 0 +2.079277117e+001 +1.158277117e+001 +1.158277117e+001 +3.3661e+000 -1.7792e+000 +7.1767e+000 +1.0147e+001 -6.0809e+000 +2.1052e+000 +6.2908e+000 +9.1463e+000 +5.5835e+000 -5.0000e+000
510 0 +1.577054759e+001 +6.560547588e+000 +6.560547588e+000 +1.7132e+000 -1.6511e+000 +4.1021e+000 +9.7158e+000 -4.9843e+000 +4.3456e+000 +5.2621e+000 +8.3171e+000 +5.7921e+000 -5.0000e+000
604 0 +1.280365999e+001 +3.593659986e+000 +3.593659986e+000 +2.9586e+000 -5.7128e-001 +6.9548e+000 +1.2139e+001 -6.3482e+000 +4.0973e+000 +6.8176e+000 +8.8311e+000 +4.9583e+000 -5.0000e+000
607 0 +1.133261906e+001 +2.122619065e+000 +2.122619065e+000 +1.9201e+000 -1.3898e+000 +6.0719e+000 +1.0434e+001 -5.5373e+000 +5.4745e+000 +5.3316e+000 +7.9941e+000 +5.2911e+000 -5.0000e+000
704 0 +9.700699572e+000 +4.906995717e-001 +4.906995717e-001 +2.0452e+000 -2.2309e-001 +5.7980e+000 +1.1286e+001 -6.0954e+000 +6.5449e+000 +6.2283e+000 +8.7827e+000 +5.1462e+000 -5.0000e+000
803 0 +8.644442775e+000 -5.655572252e-001 -5.655572252e-001 +1.7714e+000 +8.0673e-001 +5.7589e+000 +1.0829e+001 -5.9224e+000 +7.0426e+000 +6.3792e+000 +8.6670e+000 +5.0486e+000 -5.0000e+000
839 0 +7.766624282e+000 -1.443375718e+000 -1.443375718e+000 +8.8134e-001 +2.1755e+000 +6.1037e+000 +1.0990e+001 -5.6202e+000 +8.4317e+000 +5.4399e+000 +8.6250e+000 +5.6957e+000 -5.0000e+000
906 0 +7.300543182e+000 -1.909456818e+000 -1.909456818e+000 +1.5000e+000 +2.0574e+000 +6.2760e+000 +1.1225e+001 -6.1637e+000 +8.5282e+000 +5.6446e+000 +8.7647e+000 +5.2407e+000 -5.0000e+000
911 0 +7.186206490e+000 -2.023793510e+000 -2.023793510e+000 +1.4429e+000 +2.1901e+000 +6.3089e+000 +1.0843e+001 -5.9118e+000 +8.5653e+000 +5.6705e+000 +8.5265e+000 +5.2249e+000 -5.0000e+000
913 0 +6.580562526e+000 -2.629437474e+000 -2.629437474e+000 +7.7745e-001 +3.2334e+000 +5.4289e+000 +1.0347e+001 -4.9726e+000 +9.7319e+000 +5.8669e+000 +7.2685e+000 +5.2481e+000 -5.0000e+000
957 0 +5.518777406e+000 -3.691222594e+000 -3.691222594e+000 +2.7154e+000 +2.4959e+000 +5.1990e+000 +1.1059e+001 -6.8332e+000 +7.7764e+000 +5.4274e+000 +1.0218e+001 +5.4503e+000 -5.0000e+000
1004 0 +5.330205793e+000 -3.879794207e+000 -3.879794207e+000 +2.4196e+000 +2.8709e+000 +5.6900e+000 +1.1199e+001 -6.6124e+000 +7.6642e+000 +5.4090e+000 +9.9566e+000 +5.5572e+000 -5.0000e+000
1006 0 +4.468631654e+000 -4.741368346e+000 -4.741368346e+000 +2.4959e+000 +3.4789e+000 +5.4170e+000 +1.0964e+001 -6.8415e+000 +8.1408e+000 +5.0145e+000 +1.0071e+001 +5.5541e+000 -5.0000e+000
1011 0 +3.727039672e+000 -5.482960328e+000 -5.482960328e+000 +2.8382e+000 +3.7881e+000 +5.3412e+000 +1.0605e+001 -6.8939e+000 +7.9481e+000 +5.6409e+000 +1.0113e+001 +5.2253e+000 -5.0000e+000
1030 0 +3.555488823e+000 -5.654511177e+000 -5.654511177e+000 +1.6621e+000 +4.8315e+000 +6.5003e+000 +1.0278e+001 -5.8234e+000 +8.9799e+000 +5.6599e+000 +8.8871e+000 +6.3295e+000 -5.0000e+000
1104 0 +2.700435215e+000 -6.509564785e+000 -6.509564785e+000 +2.5114e+000 +4.8360e+000 +6.0001e+000 +1.0727e+001 -6.5658e+000 +8.4274e+000 +5.3587e+000 +9.9940e+000 +6.0379e+000 -5.0000e+000
1106 0 +2.667888681e+000 -6.542111319e+000 -6.542111319e+000 +2.3321e+000 +5.2632e+000 +5.8472e+000 +1.0289e+001 -6.3724e+000 +8.6130e+000 +5.2117e+000 +9.7844e+000 +6.3262e+000 -5.0000e+000
1111 0 +2.467689278e+000 -6.742310722e+000 -6.742310722e+000 +2.5323e+000 +5.4774e+000 +5.8464e+000 +1.0207e+001 -6.4715e+000 +8.5200e+000 +5.6423e+000 +9.8602e+000 +6.1677e+000 -5.0000e+000
1158 0 +2.138918639e+000 -7.071081361e+000 -7.071081361e+000 +2.8611e+000 +5.6558e+000 +5.1519e+000 +9.9480e+000 -5.9988e+000 +7.9346e+000 +5.8161e+000 +9.9965e+000 +6.5137e+000 -5.0000e+000
1210 0 +2.045050024e+000 -7.164949976e+000 -7.164949976e+000 +2.9549e+000 +6.1170e+000 +5.1568e+000 +9.8604e+000 -6.0475e+000 +8.0975e+000 +5.7575e+000 +1.0109e+001 +6.6180e+000 -5.0000e+000
1228 0 +1.983185674e+000 -7.226814326e+000 -7.226814326e+000 +3.0168e+000 +6.1420e+000 +5.2734e+000 +1.0019e+001 -6.2511e+000 +7.9988e+000 +5.8521e+000 +1.0056e+001 +6.5989e+000 -5.0000e+000
1270 0 +1.923578712e+000 -7.286421288e+000 -7.286421288e+000 +3.0764e+000 +6.4741e+000 +5.5351e+000 +9.4996e+000 -6.0691e+000 +8.0098e+000 +6.0813e+000 +9.7700e+000 +7.1726e+000 -5.0000e+000
1303 0 +1.678942738e+000 -7.531057262e+000 -7.531057262e+000 +3.3211e+000 +7.7209e+000 +5.3132e+000 +9.5660e+000 -5.9857e+000 +8.5146e+000 +6.0024e+000 +1.0316e+001 +7.7700e+000 -5.0000e+000
1308 0 +1.486731859e+000 -7.723268141e+000 -7.723268141e+000 +3.5133e+000 +7.4139e+000 +5.5281e+000 +9.1619e+000 -6.2617e+000 +7.5829e+000 +6.1302e+000 +1.0072e+001 +7.1840e+000 -5.0000e+000
1326 0 +1.423927943e+000 -7.786072057e+000 -7.786072057e+000 +3.5761e+000 +7.1969e+000 +5.2258e+000 +9.1030e+000 -5.8550e+000 +8.0761e+000 +6.1393e+000 +9.9324e+000 +7.2901e+000 -5.0000e+000
1328 0 +1.304505734e+000 -7.905494266e+000 -7.905494266e+000 +3.6955e+000 +7.7566e+000 +5.1339e+000 +9.1969e+000 -6.1713e+000 +7.6928e+000 +6.2064e+000 +1.0207e+001 +7.4899e+000 -5.0000e+000
1337 0 +1.198883104e+000 -8.011116896e+000 -8.011116896e+000 +3.8011e+000 +7.6510e+000 +5.0613e+000 +9.4836e+000 -6.1064e+000 +9.3096e+000 +6.6014e+000 +1.0615e+001 +7.1698e+000 -5.0000e+000
1342 0 +1.159258176e+000 -8.050741824e+000 -8.050741824e+000 +3.8407e+000 +7.9382e+000 +5.2927e+000 +9.3672e+000 -5.9835e+000 +8.1835e+000 +6.2806e+000 +1.0367e+001 +7.1324e+000 -5.0000e+000
1404 0 +1.116660638e+000 -8.093339362e+000 -8.093339362e+000 +3.8833e+000 +8.2565e+000 +5.1934e+000 +9.0924e+000 -5.8625e+000 +8.1188e+000 +6.4034e+000 +1.0277e+001 +7.3827e+000 -5.0000e+000
1408 0 +8.913161818e-001 -8.318683818e+000 -8.318683818e+000 +4.1087e+000 +8.1437e+000 +5.2909e+000 +8.9746e+000 -6.1739e+000 +7.5950e+000 +6.3703e+000 +1.0346e+001 +7.4268e+000 -5.0000e+000
1415 0 +6.882780955e-001 -8.521721904e+000 -8.521721904e+000 +4.3117e+000 +8.4219e+000 +5.0755e+000 +9.0774e+000 -6.0774e+000 +7.7368e+000 +6.4693e+000 +1.0581e+001 +7.4502e+000 -5.0000e+000
1442 0 +6.566444242e-001 -8.553355576e+000 -8.553355576e+000 +4.3434e+000 +8.7072e+000 +5.3218e+000 +9.1391e+000 -5.9108e+000 +8.1484e+000 +6.5013e+000 +1.0540e+001 +7.3426e+000 -5.0000e+000
1450 0 +4.643319429e-001 -8.745668057e+000 -8.745668057e+000 +4.5357e+000 +8.1926e+000 +5.0469e+000 +8.8316e+000 -6.0289e+000 +7.3125e+000 +6.5708e+000 +1.0476e+001 +7.5800e+000 -5.0000e+000
1504 0 +1.871900449e-001 -9.022809955e+000 -9.022809955e+000 +4.8872e+000 +8.7649e+000 +4.9554e+000 +8.6854e+000 -5.9617e+000 +7.2953e+000 +6.7865e+000 +1.0628e+001 +7.7072e+000 -5.0000e+000
1550 0 +1.834970110e-001 -9.026502989e+000 -9.026502989e+000 +5.1060e+000 +8.9047e+000 +4.8900e+000 +8.6118e+000 -6.0378e+000 +7.1421e+000 +6.7844e+000 +1.0755e+001 +7.7453e+000 -5.0000e+000
1572 0 +6.961475232e-002 -9.140385248e+000 -9.140385248e+000 +4.9304e+000 +8.8139e+000 +5.0472e+000 +8.9116e+000 -6.1432e+000 +7.6425e+000 +6.7984e+000 +1.0720e+001 +7.5165e+000 -5.0000e+000
1602 0 +0.000000000e+000 -9.210000000e+000 -9.210000000e+000 +5.0678e+000 +8.9898e+000 +5.0409e+000 +8.5614e+000 -6.0014e+000 +7.2230e+000 +6.8612e+000 +1.0605e+001 +7.7961e+000 -5.0000e+000
% f evaluations | g evaluations | best noise-free fitness - Fopt (6.559900000000e+002) + sum g_i+ | measured fitness | best measured fitness or single-digit g-values | x1 | x2...
1 0 +2.043476306e+002 +8.603376306e+002 +8.603376306e+002 +0.0000e+000 +0.0000e+000 +0.0000e+000 +0.0000e+000 +0.0000e+000 +0.0000e+000 +0.0000e+000 +0.0000e+000 +0.0000e+000 +0.0000e+000
2 0 +1.817546274e+002 +8.377446274e+002 +8.377446274e+002 -8.9263e-001 +9.4419e-001 -2.0355e+000 +1.3560e+000 -1.8770e+000 +3.5253e+000 -2.5552e+000 +2.1225e+000 -4.8604e+000 +3.6383e+000
3 0 +1.767716528e+002 +8.327616528e+002 +8.327616528e+002 +1.6595e+000 +3.6724e+000 -1.5024e+000 -2.1557e+000 -6.9847e-001 +1.2484e-001 +3.2529e+000 +2.7653e-001 -2.2136e+000 -2.7604e+000
4 0 +1.503006645e+002 +8.062906645e+002 +8.062906645e+002 +1.9879e+000 +3.7031e+000 +7.2790e-002 -4.4537e+000 -3.1689e+000 -2.5610e+000 -3.0385e+000 +3.0712e+000 -1.1652e+000 -7.0005e-001
9 0 +1.402592844e+002 +7.962492844e+002 +7.962492844e+002 -9.1590e-001 +4.0570e+000 +1.0056e+000 +4.1908e+000 +1.8912e+000 +5.1809e-002 +1.2036e-001 -3.0477e-001 -3.3545e+000 -4.4755e+000
19 0 +1.346976552e+002 +7.906876552e+002 +7.906876552e+002 +3.6057e+000 +1.5702e-002 +1.5156e+000 -3.3065e+000 +3.1358e+000 -5.0604e-001 -3.8826e+000 +1.4463e+000 -2.1935e+000 -3.8948e+000
21 0 +1.085853646e+002 +7.645753646e+002 +7.645753646e+002 +1.8459e+000 -2.2308e+000 -1.7662e-001 -1.3537e+000 -2.4202e+000 -4.8207e+000 -5.1410e-001 -1.4751e-001 -3.4452e+000 -4.1421e+000
57 0 +1.009627215e+002 +7.569527215e+002 +7.569527215e+002 -4.2611e+000 -3.2547e+000 -3.8649e+000 +1.8114e+000 -1.6661e+000 -2.1804e+000 -3.2699e+000 +2.7054e+000 -1.6673e+000 -3.6315e+000
69 0 +9.658169447e+001 +7.525716945e+002 +7.525716945e+002 -1.9443e-001 -4.7770e+000 -1.1238e+000 +2.7693e+000 -4.7832e+000 -4.9005e+000 -4.8792e+000 -3.9125e+000 -2.3542e+000 -4.5609e+000
104 0 +6.656170208e+001 +7.225517021e+002 +7.225517021e+002 +3.3921e+000 -2.0039e+000 +2.7809e+000 -3.1715e+000 -2.1589e+000 -7.8208e+000 -4.3659e+000 +1.7220e+000 -5.8482e+000 -5.0000e+000
201 0 +6.157620656e+001 +7.175662066e+002 +7.175662066e+002 -2.5698e-002 +4.1749e-002 +3.6244e+000 +3.4081e+000 +1.1951e+000 -1.3975e+000 -4.8002e+000 +4.8148e+000 -6.8355e+000 -5.0000e+000
204 0 +5.823481011e+001 +7.142248101e+002 +7.142248101e+002 +2.5217e+000 -3.9162e+000 +4.5230e+000 +4.9681e-001 -1.1078e-001 -7.4955e+000 -5.2294e+000 +2.4703e+000 -8.6439e+000 -5.0000e+000
205 0 +4.813954587e+001 +7.041295459e+002 +7.041295459e+002 +1.3271e+000 +2.3262e-001 -3.2231e+000 +4.9903e+000 +1.5614e+000 -4.7598e+000 -5.5271e+000 +3.1048e+000 -4.4522e+000 -5.0000e+000
214 0 +4.233133660e+001 +6.983213366e+002 +6.983213366e+002 -5.9536e+000 -4.6396e+000 -3.1376e+000 +3.3170e+000 -8.1584e-001 -5.7974e+000 -5.5216e+000 +2.9087e+000 -7.2756e+000 -5.0000e+000
251 0 +3.579881848e+001 +6.917888185e+002 +6.917888185e+002 +2.6512e+000 -6.5046e+000 -4.1681e+000 -4.9437e-001 -3.0915e+000 -3.3877e+000 -8.2355e+000 +4.6189e+000 -4.1172e+000 -5.0000e+000
256 0 +3.187600314e+001 +6.878660031e+002 +6.878660031e+002 -2.5729e+000 -6.6804e+000 +4.7793e+000 +8.6361e+000 -5.6173e+000 -5.3243e+000 -5.8974e+000 +3.6671e+000 -1.1659e+001 -5.0000e+000
302 0 +3.043561902e+001 +6.864256190e+002 +6.864256190e+002 -2.2125e+000 -6.2778e+000 +7.2274e+000 +8.6964e+000 -3.9842e+000 -6.2821e+000 -7.2074e+000 +5.4304e+000 -1.3067e+001 -5.0000e+000
313 0 +2.985781472e+001 +6.858478147e+002 +6.858478147e+002 -2.3265e+000 -4.1957e+000 +4.8369e+000 +9.7404e+000 -4.0621e+000 -4.3117e+000 -8.0451e+000 +5.3432e+000 -1.4790e+001 -5.0000e+000
314 0 +2.646964290e+001 +6.824596429e+002 +6.824596429e+002 -3.1159e+000 -7.3251e+000 +2.3046e+000 +8.2215e+000 -5.2467e+000 -6.2125e+000 -6.0658e+000 +3.9710e+000 -1.2624e+001 -5.0000e+000
318 0 +2.443205622e+001 +6.804220562e+002 +6.804220562e+002 +5.0879e-001 -3.8641e+000 +2.6094e+000 +8.6003e+000 -4.1376e+000 -5.6842e+000 -5.3112e+000 +4.4361e+000 -1.0676e+001 -5.0000e+000
351 0 +1.887923071e+001 +6.748692307e+002 +6.748692307e+002 -9.1652e-001 -7.2314e+000 +1.3656e+000 +5.9837e+000 -5.2937e+000 -4.3477e+000 -8.2958e+000 +5.2706e+000 -9.5147e+000 -5.0000e+000
427 0 +1.796848916e+001 +6.739584892e+002 +6.739584892e+002 +3.2318e-001 -7.4926e+000 +2.9337e+000 +6.9980e+000 -4.9794e+000 -5.4189e+000 -7.5974e+000 +6.4054e+000 -1.1524e+001 -5.0000e+000
482 0 +1.514083006e+001 +6.711308301e+002 +6.711308301e+002 +2.9799e-001 -8.0249e+000 +8.6613e-001 +7.6933e+000 -6.2839e+000 -4.8685e+000 -8.0605e+000 +5.5553e+000 -8.7235e+000 -4.9819e+000
508 0 +1.328758977e+001 +6.692775898e+002 +6.692775898e+002 +1.0154e+000 -9.4907e+000 +5.7698e-001 +7.6075e+000 -7.0936e+000 -5.2834e+000 -9.3949e+000 +5.7208e+000 -1.0543e+001 -5.0000e+000
549 0 +1.016366162e+001 +6.661536616e+002 +6.661536616e+002 +3.8811e+000 -1.2646e+001 -2.2117e+000 +1.3080e+001 -8.7296e+000 -1.1472e+001 -7.1194e+000 +4.2671e+000 -1.2514e+001 -5.0000e+000
603 0 +7.825751996e+000 +6.638157520e+002 +6.638157520e+002 +2.3575e+000 -1.0508e+001 -1.8927e+000 +8.3529e+000 -7.5605e+000 -5.6716e+000 -8.0609e+000 +7.1915e+000 -9.2219e+000 -5.0000e+000
604 0 +6.270597254e+000 +6.622605973e+002 +6.622605973e+002 +3.7110e+000 -1.2640e+001 -2.8161e+000 +1.2839e+001 -9.1973e+000 -1.0689e+001 -7.6507e+000 +4.7767e+000 -1.1808e+001 -5.0000e+000
630 0 +6.043778855e+000 +6.620337789e+002 +6.620337789e+002 +3.0942e+000 -1.3787e+001 -2.5193e+000 +1.2090e+001 -8.7483e+000 -9.8798e+000 -8.3038e+000 +5.8317e+000 -1.1305e+001 -5.0000e+000
670 0 +5.781243436e+000 +6.617712434e+002 +6.617712434e+002 +3.9452e+000 -1.1375e+001 -2.1666e+000 +1.0793e+001 -8.4441e+000 -9.3316e+000 -7.6623e+000 +5.5137e+000 -8.6369e+000 -5.0000e+000
676 0 +4.574278991e+000 +6.605642790e+002 +6.605642790e+002 +4.5878e+000 -1.5606e+001 -2.5049e+000 +1.2800e+001 -9.8820e+000 -1.1034e+001 -9.7599e+000 +7.0463e+000 -1.2757e+001 -5.0000e+000
703 0 +2.246198473e+000 +6.582361985e+002 +6.582361985e+002 +4.7981e+000 -1.3655e+001 -3.7744e+000 +1.0873e+001 -9.3470e+000 -9.2779e+000 -8.7178e+000 +6.7663e+000 -1.0416e+001 -5.0000e+000
704 0 +0.000000000e+000 +6.559900000e+002 +6.559900000e+002 +7.9544e+000 -1.5656e+001 -5.1740e+000 +1.2900e+001 -1.0087e+001 -1.4587e+001 -8.2236e+000 +5.2552e+000 -1.2151e+001 -5.0000e+000
% f evaluations | g evaluations | best noise-free fitness - Fopt (6.671000000000e+001) + sum g_i+ | measured fitness | best measured fitness or single-digit g-values | x1 | x2...
1 0 +2.043476306e+002 +2.710576306e+002 +2.710576306e+002 +0.0000e+000 +0.0000e+000 +0.0000e+000 +0.0000e+000 +0.0000e+000 +0.0000e+000 +0.0000e+000 +0.0000e+000 +0.0000e+000 +0.0000e+000
5 0 +1.891169717e+002 +2.558269717e+002 +2.558269717e+002 +4.2327e+000 -1.9977e+000 +3.0886e+000 +6.7430e-001 +3.2559e+000 +3.7988e+000 +4.6635e+000 +1.8157e+000 +8.8190e-001 -4.1693e+000
8 0 +1.493838400e+002 +2.160938400e+002 +2.160938400e+002 -3.8425e+000 +2.8537e+000 +1.7162e+000 +1.7242e+000 -3.7572e+000 +2.9254e+000 +2.6887e+000 -2.9376e+000 +4.8432e+000 +9.6426e-001
15 0 +1.396617335e+002 +2.063717335e+002 +2.063717335e+002 -2.9171e+000 +1.7073e+000 +1.6961e+000 -1.2740e+000 +1.1651e+000 -4.9978e+000 -2.1352e+000 -3.2958e+000 +2.8819e+000 -3.8769e+000
17 0 +1.212055408e+002 +1.879155408e+002 +1.879155408e+002 +2.1694e+000 -3.8029e+000 +4.2873e+000 +2.6714e+000 -2.4631e+000 -3.5620e+000 -4.6692e-001 -3.9663e+000 +4.9774e+000 -2.3260e+000
44 0 +1.039295621e+002 +1.706395621e+002 +1.706395621e+002 -3.1969e+000 -3.5939e+000 -4.9418e-001 -4.8087e-001 -3.2791e+000 +2.5849e+000 +3.7255e+000 -4.5636e+000 +3.3457e+000 -3.8407e+000
70 0 +1.017544080e+002 +1.684644080e+002 +1.684644080e+002 +3.4304e+000 -2.6922e+000 -3.7204e+000 +4.8960e+000 -2.9574e+000 +4.5487e+000 -1.2143e-001 -2.6553e+000 +8.3565e-002 -4.4087e+000
108 0 +9.302749233e+001 +1.597374923e+002 +1.597374923e+002 -4.8985e+000 +1.9422e+000 -3.5483e+000 +1.4174e+000 -5.6158e+000 +3.1762e+000 +1.8906e+000 -6.5152e+000 +4.4315e-001 -5.0000e+000
117 0 +6.963839011e+001 +1.363483901e+002 +1.363483901e+002 +5.9950e+000 -6.3555e+000 -2.1922e-001 +4.7983e+000 -6.0032e+000 +3.1046e+000 -3.6913e+000 -6.8757e+000 +5.5865e+000 -1.2652e+000
204 0 +5.342908311e+001 +1.201390831e+002 +1.201390831e+002 +5.3624e+000 -5.1516e+000 -8.1620e-001 +6.7973e+000 -8.3797e+000 +6.4673e+000 -2.0078e+000 -4.4142e+000 +8.1637e+000 -3.1312e+000
213 0 +3.881413146e+001 +1.055241315e+002 +1.055241315e+002 +8.3380e+000 -7.4266e+000 -3.1219e+000 +8.4075e+000 -8.3750e+000 +8.0694e+000 -1.8630e-001 -8.9911e+000 +6.8362e+000 -5.0000e+000
264 0 +2.400881531e+001 +9.071881531e+001 +9.071881531e+001 +9.0346e+000 -8.9045e+000 -7.3098e+000 +5.9566e+000 -1.0373e+001 +6.9100e+000 -2.8511e+000 -6.8262e+000 +5.8158e+000 -5.0000e+000
302 0 +1.974748391e+001 +8.645748391e+001 +8.645748391e+001 +6.3361e+000 -1.1245e+001 -5.7362e+000 +5.5774e+000 -1.2561e+001 +5.2357e+000 -5.6391e+000 -8.5333e+000 +8.4817e+000 -4.1589e+000
304 0 +1.692013333e+001 +8.363013333e+001 +8.363013333e+001 +1.1920e+001 -1.3193e+001 -6.2538e+000 +8.2166e+000 -1.0366e+001 +7.1766e+000 -5.7405e+000 -9.6865e+000 +7.8168e+000 -5.0000e+000
342 0 +1.550000582e+001 +8.221000582e+001 +8.221000582e+001 +9.9335e+000 -1.1757e+001 -6.7781e+000 +8.1735e+000 -1.0622e+001 +7.6786e+000 -4.8779e+000 -8.6058e+000 +8.3789e+000 -5.0000e+000
381 0 +8.900849795e+000 +7.561084980e+001 +7.561084980e+001 +3.9008e+000 -1.3889e+001 -6.7533e+000 +1.0662e+001 -1.5014e+001 +9.6100e+000 -6.0272e+000 -1.0656e+001 +6.9832e+000 -5.0000e+000
522 0 +6.837626237e+000 +7.354762624e+001 +7.354762624e+001 +1.8376e+000 -1.8117e+001 -9.5595e+000 +1.4412e+001 -1.8479e+001 +1.4189e+001 -9.5577e+000 -1.4146e+001 +8.1283e+000 -5.0000e+000
525 0 +6.279472067e+000 +7.298947207e+001 +7.298947207e+001 +1.2795e+000 -1.6935e+001 -1.0802e+001 +1.3304e+001 -1.9772e+001 +1.4139e+001 -9.7309e+000 -1.0988e+001 +6.9136e+000 -5.0000e+000
602 0 +5.907181291e+000 +7.261718129e+001 +7.261718129e+001 +9.0718e-001 -1.7616e+001 -1.1053e+001 +1.4442e+001 -2.0386e+001 +1.5080e+001 -9.7755e+000 -1.1533e+001 +6.6965e+000 -5.0000e+000
604 0 +4.163329779e+000 +7.087332978e+001 +7.087332978e+001 -8.3667e-001 -1.7008e+001 -1.0846e+001 +1.3901e+001 -2.0915e+001 +1.4727e+001 -9.7399e+000 -1.1179e+001 +6.7032e+000 -5.0000e+000
702 0 +2.663589677e+000 +6.937358968e+001 +6.937358968e+001 -3.3031e+000 -1.7494e+001 -1.1451e+001 +1.6172e+001 -2.1422e+001 +1.7299e+001 -1.0743e+001 -1.1324e+001 +4.8751e+000 -5.0000e+000
704 0 +1.529714621e+000 +6.823971462e+001 +6.823971462e+001 -3.4703e+000 -1.6557e+001 -1.1528e+001 +1.4793e+001 -2.2652e+001 +1.6729e+001 -1.0669e+001 -1.0040e+001 +6.7785e+000 -5.0000e+000
705 0 +1.267105707e+000 +6.797710571e+001 +6.797710571e+001 -3.7329e+000 -1.8482e+001 -1.1276e+001 +1.6143e+001 -2.1434e+001 +1.7872e+001 -1.1889e+001 -1.1658e+001 +5.5672e+000 -5.0000e+000
721 0 +1.077371397e+000 +6.778737140e+001 +6.778737140e+001 -3.9226e+000 -1.8098e+001 -1.1873e+001 +1.5112e+001 -2.1752e+001 +1.5995e+001 -1.2101e+001 -1.0854e+001 +6.4698e+000 -5.0000e+000
787 0 +7.321044487e-001 +6.744210445e+001 +6.744210445e+001 -4.2679e+000 -1.9613e+001 -1.3126e+001 +1.6497e+001 -2.3510e+001 +1.7299e+001 -1.1145e+001 -1.2417e+001 +6.3807e+000 -5.0000e+000
803 0 +5.110078363e-001 +6.722100784e+001 +6.722100784e+001 -4.4890e+000 -2.0270e+001 -1.3186e+001 +1.6671e+001 -2.4069e+001 +1.7706e+001 -1.1412e+001 -1.2603e+001 +6.2912e+000 -5.0000e+000
804 0 +1.446672340e-001 +6.685466723e+001 +6.685466723e+001 -4.8553e+000 -1.6593e+001 -1.2005e+001 +1.5385e+001 -2.3594e+001 +1.7778e+001 -1.1174e+001 -9.6741e+000 +6.7822e+000 -5.0000e+000
805 0 +0.000000000e+000 +6.671000000e+001 +6.671000000e+001 -6.3469e+000 -1.9902e+001 -1.3291e+001 +1.7606e+001 -2.3916e+001 +1.9024e+001 -1.2328e+001 -1.2560e+001 +5.5775e+000 -5.0000e+000
% f evaluations | g evaluations | best noise-free fitness - Fopt (9.416700000000e+002) + sum g_i+ | measured fitness | best measured fitness or single-digit g-values | x1 | x2...
1 0 +2.043476306e+002 +1.146017631e+003 +1.146017631e+003 +0.0000e+000 +0.0000e+000 +0.0000e+000 +0.0000e+000 +0.0000e+000 +0.0000e+000 +0.0000e+000 +0.0000e+000 +0.0000e+000 +0.0000e+000
4 0 +1.729399696e+002 +1.114609970e+003 +1.114609970e+003 +1.2577e+000 +1.7991e+000 +1.1659e+000 -1.0734e+000 +1.7990e+000 +2.0347e+000 -1.5525e-001 -2.4761e+000 +4.1681e+000 +1.6203e-002
11 0 +1.444814156e+002 +1.086151416e+003 +1.086151416e+003 -1.3634e+000 -1.1528e+000 -3.0090e+000 +4.4373e+000 +9.2037e-001 -2.1497e+000 -3.9757e+000 -3.7791e+000 -2.8377e+000 -2.8171e+000
24 0 +1.223954884e+002 +1.064065488e+003 +1.064065488e+003 -3.1072e+000 +7.5212e-002 +3.0279e+000 +4.7849e+000 +2.0379e+000 +2.9676e+000 -2.6414e+000 -4.7368e+000 +3.2271e+000 -1.4275e+000
27 0 +8.576793074e+001 +1.027437931e+003 +1.027437931e+003 -2.4386e+000 +4.9908e+000 -1.5365e+000 +1.9113e+000 +1.9631e+000 -4.9433e+000 -2.3531e+000 -4.8558e+000 +3.2655e+000 -4.3413e+000
117 0 +6.392849591e+001 +1.005598496e+003 +1.005598496e+003 -3.3811e+000 -7.8865e-001 -4.9573e-001 +4.7280e+000 +3.7927e+000 +5.0260e-001 -5.3132e+000 -5.5026e+000 +4.8367e+000 -4.8389e+000
124 0 +5.129950784e+001 +9.929695078e+002 +9.929695078e+002 -2.4422e+000 -1.2180e+000 -2.2678e-001 +4.4223e+000 -1.8779e+000 +1.3151e+000 -7.1022e+000 -4.5812e+000 +5.0109e+000 -5.0000e+000
203 0 +4.069014448e+001 +9.823601445e+002 +9.823601445e+002 -8.4533e-001 +2.7445e+000 +2.8522e+000 +4.4783e+000 +4.9565e-001 -3.1818e+000 -7.8708e+000 -7.1063e+000 +7.0657e+000 -5.0000e+000
228 0 +3.466701753e+001 +9.763370175e+002 +9.763370175e+002 -3.6395e+000 +4.8830e+000 -7.5060e-001 +8.6814e+000 -3.2984e+000 -5.3307e+000 -3.6611e+000 -9.7466e+000 +6.1892e+000 -5.0000e+000
303 0 +3.111349568e+001 +9.727834957e+002 +9.727834957e+002 -4.2775e+000 -2.0683e+000 +2.5334e+000 +6.8701e+000 -4.7235e-001 -2.2476e+000 -1.0820e+001 -9.0054e+000 +1.1295e+001 -5.0000e+000
328 0 +2.742818689e+001 +9.690981869e+002 +9.690981869e+002 -6.0459e+000 +1.7982e-001 +1.9426e+000 +9.8244e+000 -1.2969e-001 -4.4195e+000 -7.5859e+000 -9.0681e+000 +9.0815e+000 -5.0000e+000
357 0 +2.417263929e+001 +9.658426393e+002 +9.658426393e+002 -7.3583e+000 -2.8743e+000 +1.8147e+000 +6.4985e+000 -2.5028e-002 -4.3682e+000 -1.1180e+001 -7.7731e+000 +1.1566e+001 -5.0000e+000
404 0 +2.230589256e+001 +9.639758926e+002 +9.639758926e+002 -7.7687e+000 -3.6377e+000 +1.1864e+000 +7.8587e+000 -2.2344e-001 -4.7512e+000 -1.1763e+001 -7.6839e+000 +1.1732e+001 -5.0000e+000
406 0 +1.953859418e+001 +9.612085942e+002 +9.612085942e+002 -8.7098e+000 -4.5073e+000 +2.9642e+000 +9.0525e+000 +4.0773e-001 -4.8723e+000 -1.3366e+001 -9.6321e+000 +1.4495e+001 -5.0000e+000
423 0 +1.850514771e+001 +9.601751477e+002 +9.601751477e+002 -8.3149e+000 -7.3901e+000 +5.3996e+000 +1.0188e+001 +1.6504e+000 -5.5201e+000 -1.6110e+001 -1.2946e+001 +1.1527e+001 -5.0000e+000
435 0 +1.570944081e+001 +9.573794408e+002 +9.573794408e+002 -4.9102e+000 -5.8655e+000 +1.2292e+000 +8.3450e+000 -2.7202e+000 -4.1691e+000 -8.4001e+000 -7.5281e+000 +8.4101e+000 -5.0000e+000
502 0 +1.491252224e+001 +9.565825222e+002 +9.565825222e+002 -9.2139e+000 -6.0701e+000 +3.9027e+000 +8.1321e+000 -2.9854e-001 -7.3353e+000 -1.1864e+001 -9.7026e+000 +1.5057e+001 -5.0000e+000
506 0 +1.239326152e+001 +9.540632615e+002 +9.540632615e+002 -8.2269e+000 -6.7113e+000 +3.0580e+000 +8.9095e+000 -1.7103e+000 -5.9300e+000 -1.1710e+001 -9.6812e+000 +1.2929e+001 -5.0000e+000
514 0 +8.203365523e+000 +9.498733655e+002 +9.498733655e+002 -6.2992e+000 -7.8191e+000 +2.9193e+000 +9.6567e+000 -4.4536e+000 -4.1062e+000 -1.1236e+001 -5.6084e+000 +9.9900e+000 -5.0000e+000
602 0 +6.092658707e+000 +9.477626587e+002 +9.477626587e+002 -8.3647e+000 -9.4518e+000 +4.4083e+000 +9.2848e+000 -3.1651e+000 -6.6464e+000 -1.1887e+001 -8.1992e+000 +1.3896e+001 -5.0000e+000
606 0 +3.451859986e+000 +9.451218600e+002 +9.451218600e+002 -6.4446e+000 -8.6988e+000 +2.9940e+000 +9.4352e+000 -4.9620e+000 -5.0011e+000 -1.0503e+001 -6.4504e+000 +9.7972e+000 -5.0000e+000
634 0 +2.245765694e+000 +9.439157657e+002 +9.439157657e+002 -5.7576e+000 -9.3135e+000 +3.8073e+000 +8.8984e+000 -6.7280e+000 -4.9287e+000 -9.7797e+000 -6.9905e+000 +9.1513e+000 -5.0000e+000
702 0 +8.968480172e-001 +9.425668480e+002 +9.425668480e+002 -7.0778e+000 -1.1097e+001 +4.4624e+000 +9.7333e+000 -5.7769e+000 -5.7337e+000 -1.1202e+001 -7.0477e+000 +1.1746e+001 -5.0000e+000
708 0 +0.000000000e+000 +9.416700000e+002 +9.416700000e+002 -5.1754e+000 -1.2496e+001 +5.7434e+000 +1.0360e+001 -6.9339e+000 -5.6690e+000 -9.6962e+000 -6.3734e+000 +1.0745e+001 -5.0000e+000
% f evaluations | g evaluations | best noise-free fitness - Fopt (-3.745000000000e+001) + sum g_i+ | measured fitness | best measured fitness or single-digit g-values | x1 | x2...
1 0 +2.043476306e+002 +1.668976306e+002 +1.668976306e+002 +0.0000e+000 +0.0000e+000 +0.0000e+000 +0.0000e+000 +0.0000e+000 +0.0000e+000 +0.0000e+000 +0.0000e+000 +0.0000e+000 +0.0000e+000
3 0 +1.834187050e+002 +1.459687050e+002 +1.459687050e+002 -1.9506e+000 +2.7479e+000 +1.2022e+000 -4.9866e+000 -3.3449e+000 -3.2417e+000 -2.4973e+000 -3.3186e+000 -5.6302e-001 +4.9810e-001
8 0 +1.430843845e+002 +1.056343845e+002 +1.056343845e+002 +3.9534e+000 +4.5278e+000 -1.9277e+000 +4.6283e+000 -3.0778e+000 -4.8319e+000 +2.8132e+000 +4.2663e-001 +2.0305e+000 +4.7228e+000
19 0 +1.032158959e+002 +6.576589594e+001 +6.576589594e+001 -4.1525e-001 +3.7595e+000 +3.1422e+000 -2.9967e-001 -4.6173e+000 +6.6026e-001 +4.8563e+000 +5.1338e-001 +3.1335e+000 +3.1859e+000
89 0 +9.931076311e+001 +6.186076311e+001 +6.186076311e+001 +5.5228e-001 +4.2042e-001 +4.3433e+000 -2.9591e+000 -4.7402e-001 -3.0571e+000 +9.8707e-001 -4.6191e+000 +2.4951e+000 +4.8399e+000
109 0 +9.600585105e+001 +5.855585105e+001 +5.855585105e+001 -1.2519e+000 -2.1656e+000 +6.7682e+000 -6.1628e+000 -7.5130e+000 +1.0268e-001 -3.8128e-001 +1.3257e+000 +6.5448e+000 +5.0000e+000
113 0 +9.174950224e+001 +5.429950224e+001 +5.429950224e+001 +4.4897e+000 -1.4458e+000 +5.7773e+000 -6.2781e-001 +2.5483e+000 +6.5223e-001 +1.8022e+000 -6.5170e+000 +4.3412e+000 +3.3078e+000
122 0 +6.076096428e+001 +2.331096428e+001 +2.331096428e+001 +4.5867e+000 -1.2375e+000 +7.6056e+000 -6.0678e+000 -1.8854e-001 -2.7115e+000 +4.4503e+000 -3.5591e+000 +5.5642e+000 +5.0000e+000
204 0 +4.767939721e+001 +1.022939721e+001 +1.022939721e+001 +6.3999e+000 -1.4292e+000 +1.0996e+001 -7.3367e+000 -1.5086e+000 -1.2275e+000 +4.1247e+000 -6.4809e+000 +6.6125e+000 +4.6783e+000
276 0 +4.282050011e+001 +5.370500110e+000 +5.370500110e+000 +1.2515e+000 -3.0462e+000 +7.2161e+000 -6.2131e+000 -3.2467e+000 +1.0953e+000 +6.4091e+000 -5.1641e+000 +3.7383e+000 +5.0000e+000
302 0 +3.735904133e+001 -9.095867425e-002 -9.095867425e-002 +3.3681e+000 -2.6975e+000 +7.0959e+000 -6.8460e+000 -1.9957e+000 +1.5117e-001 +5.8741e+000 -5.9418e+000 +5.1782e+000 +5.0000e+000
311 0 +3.289360938e+001 -4.556390616e+000 -4.556390616e+000 +4.7018e+000 -2.3718e+000 +1.1394e+001 -9.5990e+000 -4.3713e+000 -9.3376e-001 +7.8608e+000 -6.3133e+000 +6.8604e+000 +5.0000e+000
314 0 +2.985974920e+001 -7.590250805e+000 -7.590250805e+000 +3.0627e+000 -3.1045e+000 +9.4894e+000 -9.1589e+000 -4.3331e+000 +1.2366e+000 +8.3577e+000 -4.6540e+000 +6.1044e+000 +5.0000e+000
370 0 +2.652910742e+001 -1.092089258e+001 -1.092089258e+001 +4.8352e+000 -1.5015e+000 +8.4987e+000 -7.9282e+000 +1.9953e-001 +4.0263e+000 +7.9973e+000 -6.2841e+000 +7.7915e+000 +5.0000e+000
407 0 +2.128295543e+001 -1.616704457e+001 -1.616704457e+001 +4.4448e+000 -3.2625e+000 +1.0417e+001 -8.7669e+000 -1.7756e+000 +4.6983e+000 +8.6716e+000 -7.5597e+000 +8.0776e+000 +5.0000e+000
419 0 +1.634657539e+001 -2.110342461e+001 -2.110342461e+001 +3.1764e+000 -1.2629e+000 +8.2911e+000 -8.5306e+000 -2.6877e+000 +7.0588e+000 +8.1441e+000 -5.4772e+000 +8.4238e+000 +5.0000e+000
433 0 +1.221678623e+001 -2.523321377e+001 -2.523321377e+001 +7.5998e+000 -2.9547e+000 +1.2072e+001 -9.1194e+000 -4.6910e+000 +4.6987e+000 +1.0173e+001 -7.8832e+000 +9.9092e+000 +5.0000e+000
520 0 +8.306273406e+000 -2.914372659e+001 -2.914372659e+001 +8.8926e+000 -1.4312e+000 +1.4477e+001 -9.5073e+000 -5.7294e+000 +8.1625e+000 +1.1156e+001 -7.5386e+000 +1.0630e+001 +5.0000e+000
592 0 +7.463653097e+000 -2.998634690e+001 -2.998634690e+001 +9.2070e+000 -7.7884e-001 +1.4280e+001 -1.0156e+001 -5.0581e+000 +5.5873e+000 +1.3823e+001 -7.8754e+000 +8.8166e+000 +5.0000e+000
615 0 +6.050061081e+000 -3.139993892e+001 -3.139993892e+001 +1.0854e+001 +3.1566e-001 +1.3277e+001 -9.4326e+000 -5.7601e+000 +6.4836e+000 +1.3562e+001 -6.5618e+000 +1.0808e+001 +5.0000e+000
703 0 +5.520598717e+000 -3.192940128e+001 -3.192940128e+001 +1.1912e+001 +7.2560e-001 +1.4840e+001 -1.0295e+001 -5.7351e+000 +7.1177e+000 +1.4882e+001 -7.9683e+000 +1.1288e+001 +5.0000e+000
704 0 +5.334729560e+000 -3.211527044e+001 -3.211527044e+001 +1.0213e+001 +8.6951e-001 +1.3509e+001 -9.7883e+000 -6.5719e+000 +8.3135e+000 +1.5264e+001 -7.0473e+000 +9.7154e+000 +5.0000e+000
715 0 +3.448307986e+000 -3.400169201e+001 -3.400169201e+001 +1.3210e+001 +2.3301e+000 +1.3824e+001 -9.6409e+000 -6.6248e+000 +7.9971e+000 +1.5660e+001 -5.7002e+000 +1.1996e+001 +5.0000e+000
743 0 +2.703269298e+000 -3.474673070e+001 -3.474673070e+001 +1.4730e+001 +2.9070e+000 +1.4866e+001 -9.9656e+000 -6.1773e+000 +8.0239e+000 +1.5674e+001 -6.9640e+000 +9.8106e+000 +5.0000e+000
803 0 +1.030297485e+000 -3.641970251e+001 -3.641970251e+001 +1.5266e+001 +4.2023e+000 +1.4958e+001 -9.9926e+000 -6.4642e+000 +8.0105e+000 +1.6148e+001 -6.6125e+000 +1.0161e+001 +5.0000e+000
821 0 +0.000000000e+000 -3.745000000e+001 -3.745000000e+001 +1.7277e+001 +5.7736e+000 +1.6265e+001 -8.7632e+000 -6.7301e+000 +9.6009e+000 +1.7210e+001 -6.9974e+000 +1.1501e+001 +5.0000e+000
% f evaluations | g evaluations | best noise-free fitness - Fopt (-6.639000000000e+001) + sum g_i+ | measured fitness | best measured fitness or single-digit g-values | x1 | x2...
1 0 +2.043476306e+002 +1.379576306e+002 +1.379576306e+002 +0.0000e+000 +0.0000e+000 +0.0000e+000 +0.0000e+000 +0.0000e+000 +0.0000e+000 +0.0000e+000 +0.0000e+000 +0.0000e+000 +0.0000e+000
2 0 +1.733876704e+002 +1.069976704e+002 +1.069976704e+002 +4.9261e+000 +2.3464e+000 -1.3357e+000 -6.5482e-001 -3.6392e-001 +1.1528e+000 +2.7140e+000 -3.7245e+000 -3.6969e+000 -2.0581e+000
5 0 +1.219777580e+002 +5.558775799e+001 +5.558775799e+001 +2.9887e+000 +3.7542e+000 +1.2122e+000 +3.7871e+000 +6.1760e-001 -9.0680e-001 +4.9524e+000 -4.8913e+000 +3.8303e+000 +2.6158e-001
17 0 +1.162566796e+002 +4.986667959e+001 +4.986667959e+001 +1.4357e+000 -1.5440e+000 +1.0869e+000 -7.5078e-001 -2.0829e+000 +1.3972e+000 +4.3824e+000 -1.4956e+000 +4.8533e+000 -1.7250e+000
52 0 +1.015914605e+002 +3.520146046e+001 +3.520146046e+001 +1.5273e+000 +1.8894e+000 -3.1895e+000 -4.2963e+000 +1.2886e+000 +3.0870e+000 +1.6440e+000 -3.4430e+000 +4.5990e+000 -3.4391e+000
116 0 +9.335684720e+001 +2.696684720e+001 +2.696684720e+001 -4.1124e+000 -7.9365e+000 -9.6621e-001 +1.3378e+000 +3.7702e+000 +6.1904e+000 -2.9151e+000 -5.8251e+000 +7.7094e+000 -5.0000e+000
137 0 +8.024122911e+001 +1.385122911e+001 +1.385122911e+001 +4.3233e+000 -4.1902e+000 -4.0756e-001 +5.9417e+000 +3.4176e+000 +1.7745e+000 +2.7490e+000 -4.0116e+000 +7.7668e+000 -5.0000e+000
145 0 +7.525006404e+001 +8.860064041e+000 +8.860064041e+000 +1.2258e+000 -1.1740e+000 -5.7234e+000 +4.8741e+000 -2.8392e+000 +4.0198e+000 +3.2960e+000 +2.4656e-001 +3.4653e+000 -5.0000e+000
158 0 +6.804851323e+001 +1.658513229e+000 +1.658513229e+000 +7.6431e-001 -3.4447e+000 -2.5470e+000 -3.5895e+000 -4.2823e+000 +6.3179e-001 +2.6119e+000 -7.4888e+000 +6.8230e+000 -5.0000e+000
203 0 +6.534961214e+001 -1.040387860e+000 -1.040387860e+000 +1.8905e+000 -2.6952e+000 -4.8854e+000 -6.4984e+000 -1.2014e+000 +2.1989e+000 +4.3709e+000 -6.6092e+000 +9.0831e+000 -5.0000e+000
207 0 +6.223885542e+001 -4.151144580e+000 -4.151144580e+000 +2.4505e+000 -6.5448e+000 -4.3235e+000 -2.0982e+000 -2.5962e+000 +1.3919e+000 +4.1811e+000 -1.2878e+001 +6.8641e+000 -5.0000e+000
214 0 +4.715092188e+001 -1.923907812e+001 -1.923907812e+001 -2.8689e+000 -1.2007e+000 -2.8401e+000 +5.2976e-001 -1.8043e+000 +4.1964e+000 +4.3863e+000 -5.4083e+000 +6.2303e+000 -4.0851e+000
231 0 +4.500352185e+001 -2.138647815e+001 -2.138647815e+001 -1.8319e+000 -3.1876e+000 -4.4019e+000 -7.7192e-001 -2.3349e+000 +2.1028e+000 +6.6388e+000 -7.6009e+000 +6.6011e+000 -5.0000e+000
245 0 +2.945472396e+001 -3.693527604e+001 -3.693527604e+001 +1.3904e+000 -2.1047e+000 -4.5175e+000 +2.2037e+000 -7.1770e+000 +5.0812e+000 +3.4792e+000 -7.2258e+000 +6.8228e+000 -5.0000e+000
307 0 +2.677964167e+001 -3.961035833e+001 -3.961035833e+001 +2.2064e+000 -1.9685e+000 -5.2149e+000 +2.1463e-001 -9.0916e+000 +4.9267e+000 +5.1338e+000 -1.0609e+001 +7.5262e+000 -5.0000e+000
404 0 +2.378186183e+001 -4.260813817e+001 -4.260813817e+001 +1.8676e+000 -1.3158e+000 -6.7588e+000 +9.3529e-001 -1.0642e+001 +6.9031e+000 +6.3043e+000 -1.2635e+001 +7.3536e+000 -5.0000e+000
406 0 +2.285572098e+001 -4.353427902e+001 -4.353427902e+001 +3.9309e+000 +1.9929e-001 -7.3697e+000 +1.4146e+000 -1.1048e+001 +6.9417e+000 +7.7764e+000 -9.3945e+000 +1.1177e+001 -5.0000e+000
407 0 +2.094749912e+001 -4.544250088e+001 -4.544250088e+001 +2.0843e+000 +3.1968e-001 -5.6607e+000 +1.3711e+000 -1.2339e+001 +6.6941e+000 +5.6101e+000 -9.4754e+000 +7.8572e+000 -5.0000e+000
417 0 +1.954148223e+001 -4.684851777e+001 -4.684851777e+001 +1.1358e+000 -3.2711e+000 -6.4600e+000 +5.2603e+000 -1.4048e+001 +5.1005e+000 +5.7639e+000 -1.1864e+001 +8.9049e+000 -4.7277e+000
502 0 +1.729975004e+001 -4.909024996e+001 -4.909024996e+001 +1.1452e+000 -3.4880e+000 -6.9810e+000 +4.9109e+000 -1.4431e+001 +6.5682e+000 +6.0093e+000 -1.2311e+001 +1.0391e+001 -5.0000e+000
509 0 +1.424916102e+001 -5.214083898e+001 -5.214083898e+001 +5.0710e-001 -1.7687e+000 -6.2642e+000 +5.6572e+000 -1.5638e+001 +6.4960e+000 +7.5398e+000 -1.2982e+001 +8.0996e+000 -5.0000e+000
515 0 +1.284724100e+001 -5.354275900e+001 -5.354275900e+001 -3.6956e-001 -3.0353e-001 -7.0974e+000 +4.3655e+000 -1.7205e+001 +6.8814e+000 +6.2253e+000 -1.0539e+001 +8.0165e+000 -5.0000e+000
591 0 +1.237168201e+001 -5.401831799e+001 -5.401831799e+001 -1.1245e-001 -7.9469e-001 -7.0297e+000 +7.2021e+000 -1.7214e+001 +6.6009e+000 +8.0032e+000 -1.3088e+001 +7.8944e+000 -5.0000e+000
609 0 +1.104720223e+001 -5.534279777e+001 -5.534279777e+001 -1.0465e+000 -4.9237e-001 -6.8177e+000 +9.6569e+000 -2.0211e+001 +7.9875e+000 +9.5965e+000 -1.4276e+001 +7.2938e+000 -5.0000e+000
615 0 +1.058365965e+001 -5.580634035e+001 -5.580634035e+001 -8.3530e-001 +3.0033e-002 -7.9597e+000 +8.5585e+000 -2.0499e+001 +6.6663e+000 +8.4606e+000 -1.2884e+001 +7.8580e+000 -5.0000e+000
702 0 +9.655755740e+000 -5.673424426e+001 -5.673424426e+001 -4.8866e-001 +1.0169e+000 -8.4647e+000 +9.4403e+000 -2.0330e+001 +6.4272e+000 +9.1107e+000 -1.4285e+001 +6.8997e+000 -5.0000e+000
703 0 +8.770937811e+000 -5.761906219e+001 -5.761906219e+001 -1.1375e+000 +1.1996e+000 -8.6525e+000 +1.0236e+001 -2.0352e+001 +6.1774e+000 +1.0247e+001 -1.2524e+001 +7.3992e+000 -5.0000e+000
750 0 +8.380901191e+000 -5.800909881e+001 -5.800909881e+001 +3.8317e-002 +2.4120e+000 -9.6937e+000 +1.0866e+001 -2.4936e+001 +6.4517e+000 +1.0117e+001 -1.5045e+001 +7.2403e+000 -5.0000e+000
784 0 +7.516961406e+000 -5.887303859e+001 -5.887303859e+001 -2.4517e+000 +1.1530e+000 -9.9981e+000 +1.1956e+001 -2.3504e+001 +9.0055e+000 +9.0210e+000 -1.4334e+001 +6.7019e+000 -5.0000e+000
802 0 +7.059145106e+000 -5.933085489e+001 -5.933085489e+001 -1.7662e+000 +2.0382e+000 -9.1839e+000 +1.1255e+001 -2.3247e+001 +7.2901e+000 +9.7699e+000 -1.4300e+001 +6.1653e+000 -5.0000e+000
803 0 +5.603779091e+000 -6.078622091e+001 -6.078622091e+001 -2.4658e+000 +2.6233e+000 -1.0435e+001 +1.2608e+001 -2.3179e+001 +7.0343e+000 +1.1204e+001 -1.2638e+001 +6.7012e+000 -5.0000e+000
839 0 +4.873035568e+000 -6.151696443e+001 -6.151696443e+001 -3.4982e+000 +2.3897e+000 -1.0468e+001 +1.4076e+001 -2.6420e+001 +9.2771e+000 +1.0067e+001 -1.3801e+001 +5.5415e+000 -5.0000e+000
861 0 +4.696540683e+000 -6.169345932e+001 -6.169345932e+001 -3.8843e+000 +2.2275e+000 -1.0631e+001 +1.2621e+001 -2.4183e+001 +8.8566e+000 +9.4668e+000 -1.3767e+001 +5.5809e+000 -5.0000e+000
902 0 +4.505461744e+000 -6.188453826e+001 -6.188453826e+001 -3.5304e+000 +2.6494e+000 -1.0312e+001 +1.2889e+001 -2.5202e+001 +8.5540e+000 +9.9384e+000 -1.4024e+001 +5.4876e+000 -5.0000e+000
903 0 +3.755533377e+000 -6.263446662e+001 -6.263446662e+001 -3.5438e+000 +3.2197e+000 -1.1383e+001 +1.3797e+001 -2.4885e+001 +7.9944e+000 +1.1176e+001 -1.3025e+001 +6.0254e+000 -5.0000e+000
905 0 +1.783335698e+000 -6.460666430e+001 -6.460666430e+001 -3.2167e+000 +5.2252e+000 -1.0923e+001 +1.3291e+001 -2.5280e+001 +8.5219e+000 +8.6996e+000 -1.3779e+001 +5.6878e+000 -5.0000e+000
1002 0 +1.677122363e+000 -6.471287764e+001 -6.471287764e+001 -4.2510e+000 +4.2814e+000 -1.1191e+001 +1.3912e+001 -2.6220e+001 +9.1694e+000 +9.3848e+000 -1.3760e+001 +5.2519e+000 -5.0000e+000
1003 0 +1.342697522e+000 -6.504730248e+001 -6.504730248e+001 -3.8676e+000 +4.8372e+000 -1.1555e+001 +1.4059e+001 -2.5998e+001 +8.8215e+000 +9.5327e+000 -1.3714e+001 +5.4654e+000 -5.0000e+000
1011 0 +7.615024117e-001 -6.562849759e+001 -6.562849759e+001 -4.2385e+000 +5.3064e+000 -1.1734e+001 +1.4147e+001 -2.5884e+001 +9.2778e+000 +8.9393e+000 -1.3634e+001 +5.1069e+000 -5.0000e+000
1041 0 +6.770114155e-001 -6.571298858e+001 -6.571298858e+001 -4.3230e+000 +5.7412e+000 -1.1439e+001 +1.3083e+001 -2.4929e+001 +8.5880e+000 +8.4913e+000 -1.3637e+001 +5.2348e+000 -5.0000e+000
1049 0 +3.268324093e-001 -6.606316759e+001 -6.606316759e+001 -4.6732e+000 +5.3398e+000 -1.1587e+001 +1.4132e+001 -2.6563e+001 +9.5746e+000 +9.2077e+000 -1.3400e+001 +5.0699e+000 -5.0000e+000
1112 0 +1.616768008e-001 -6.622832320e+001 -6.622832320e+001 -4.8383e+000 +5.7495e+000 -1.1830e+001 +1.4611e+001 -2.7203e+001 +9.6032e+000 +9.2204e+000 -1.3605e+001 +5.1355e+000 -5.0000e+000
1124 0 +0.000000000e+000 -6.639000000e+001 -6.639000000e+001 -5.3912e+000 +5.3693e+000 -1.1668e+001 +1.6249e+001 -2.8566e+001 +9.7493e+000 +9.4365e+000 -1.3302e+001 +5.1487e+000 -5.0000e+000
% f evaluations | g evaluations | best noise-free fitness - Fopt (-2.260100000000e+002) + sum g_i+ | measured fitness | best measured fitness or single-digit g-values | x1 | x2...
1 0 +2.043476306e+002 -2.166236939e+001 -2.166236939e+001 +0.0000e+000 +0.0000e+000 +0.0000e+000 +0.0000e+000 +0.0000e+000 +0.0000e+000 +0.0000e+000 +0.0000e+000 +0.0000e+000 +0.0000e+000
4 0 +2.017916619e+002 -2.421833811e+001 -2.421833811e+001 +1.2968e+000 +3.4376e-001 -4.7089e+000 -5.0167e-001 +1.7484e+000 -4.9449e+000 +1.5701e+000 -1.1370e+000 -4.5770e+000 -4.8981e+000
5 0 +1.469391726e+002 -7.907082737e+001 -7.907082737e+001 +1.1707e+000 -7.3877e-001 -4.3749e+000 +2.7228e+000 -4.2897e+000 +2.2355e-001 -2.2759e+000 -4.2413e+000 +3.0612e+000 -4.0992e+000
8 0 +1.438273976e+002 -8.218260242e+001 -8.218260242e+001 +1.6019e+000 -2.2959e-001 +4.9055e+000 -1.3326e+000 -4.1578e+000 -3.8094e+000 -1.8326e+000 -2.1123e+000 +2.4498e+000 -1.7036e+000
15 0 +1.101799339e+002 -1.158300661e+002 -1.158300661e+002 +1.7210e+000 +3.1372e+000 -6.7306e-001 -1.8990e+000 -4.4719e-001 -3.5002e+000 +2.4836e+000 +4.7701e+000 +3.7433e+000 -3.7176e+000
42 0 +1.094874273e+002 -1.165225727e+002 -1.165225727e+002 -3.4945e+000 -3.5598e+000 +3.0401e+000 -3.7934e+000 -3.9796e+000 +8.3837e-001 -3.4112e+000 +2.8500e+000 +3.2713e+000 -3.2757e+000
47 0 +5.963912707e+001 -1.663708729e+002 -1.663708729e+002 -2.0663e+000 +3.5375e+000 +4.5328e+000 +3.2761e+000 -1.5986e-001 -2.8958e+000 -3.4423e+000 +4.8259e+000 +4.2644e+000 -3.4675e+000
168 0 +5.449055233e+001 -1.715194477e+002 -1.715194477e+002 +1.6455e+000 +4.7814e+000 -4.6454e-001 +6.7850e+000 +1.2403e+000 -4.8079e+000 -6.8626e+000 +5.3569e+000 +2.3662e+000 -5.0000e+000
192 0 +4.917088945e+001 -1.768391106e+002 -1.768391106e+002 +1.7730e-001 +7.6617e+000 +1.2424e+000 +3.1370e+000 -2.0145e+000 +1.7308e-001 -7.9618e+000 +3.8634e+000 +5.1073e+000 -5.0000e+000
205 0 +2.917133156e+001 -1.968386684e+002 -1.968386684e+002 +3.3990e+000 +2.6104e+000 +5.3490e+000 +3.8857e+000 -2.8360e+000 -5.6144e+000 -8.8691e+000 +3.4547e+000 +5.4688e+000 -5.0000e+000
214 0 +2.556110292e+001 -2.004488971e+002 -2.004488971e+002 -5.1901e+000 +8.1262e+000 +6.8446e+000 +3.6901e+000 -1.3703e+000 -1.4831e+000 -8.4286e+000 +7.8025e+000 +5.8653e+000 -5.0000e+000
221 0 +2.191823538e+001 -2.040917646e+002 -2.040917646e+002 +6.1766e-001 +5.3583e+000 +7.4058e+000 +4.3330e+000 -4.2286e+000 -1.4614e+000 -9.5286e+000 +7.1781e+000 +5.6932e+000 -5.0000e+000
223 0 +1.960442486e+001 -2.064055751e+002 -2.064055751e+002 +2.0658e+000 +1.0058e+001 +7.2667e+000 +3.4893e+000 -1.7793e+000 -4.9104e+000 -1.0673e+001 +9.5206e+000 +7.5036e+000 -5.0000e+000
253 0 +1.610511955e+001 -2.099048805e+002 -2.099048805e+002 +1.0539e+000 +6.6444e+000 +5.4656e+000 +5.6741e+000 -5.9612e+000 -2.2032e+000 -1.2826e+001 +5.0404e+000 +5.9454e+000 -5.0000e+000
305 0 +1.557038794e+001 -2.104396121e+002 -2.104396121e+002 +2.0006e+000 +6.8104e+000 +6.7473e+000 +4.7224e+000 -3.5053e+000 -3.9391e+000 -1.2046e+001 +6.3414e+000 +6.2100e+000 -5.0000e+000
324 0 +4.655186018e+000 -2.213548140e+002 -2.213548140e+002 -1.7291e+000 +6.9173e+000 +1.0034e+001 +7.7941e+000 -5.5708e+000 -4.6148e+000 -9.5786e+000 +5.5770e+000 +8.1335e+000 -5.0000e+000
411 0 +2.846722518e+000 -2.231632775e+002 -2.231632775e+002 -2.1533e+000 +7.2778e+000 +1.0526e+001 +8.5753e+000 -6.0634e+000 -5.1882e+000 -1.1115e+001 +6.4275e+000 +8.6963e+000 -5.0000e+000
425 0 +2.672951973e+000 -2.233370480e+002 -2.233370480e+002 -2.3270e+000 +9.3899e+000 +9.3256e+000 +8.6015e+000 -6.2621e+000 -6.3464e+000 -1.2805e+001 +5.9486e+000 +9.2020e+000 -5.0000e+000
507 0 +2.317568201e+000 -2.236924318e+002 -2.236924318e+002 -2.6824e+000 +1.0152e+001 +1.0737e+001 +8.3969e+000 -8.8279e+000 -6.2360e+000 -1.3449e+001 +7.4087e+000 +9.5638e+000 -5.0000e+000
512 0 +1.711469499e+000 -2.242985305e+002 -2.242985305e+002 -3.2885e+000 +8.4097e+000 +1.3379e+001 +1.0026e+001 -8.8673e+000 -7.6860e+000 -1.1945e+001 +6.0538e+000 +1.0608e+001 -5.0000e+000
521 0 +8.139498844e-001 -2.251960501e+002 -2.251960501e+002 -4.1861e+000 +6.0546e+000 +1.1101e+001 +8.7166e+000 -6.2973e+000 -8.8261e+000 -7.5374e+000 +6.2193e+000 +9.6682e+000 -5.0000e+000
550 0 +6.396994086e-001 -2.253703006e+002 -2.253703006e+002 -4.3603e+000 +1.1160e+001 +1.0377e+001 +9.8347e+000 -7.1864e+000 -6.5890e+000 -1.3738e+001 +6.6214e+000 +9.2815e+000 -5.0000e+000
589 0 +2.459814114e-001 -2.257640186e+002 -2.257640186e+002 -4.7540e+000 +8.7886e+000 +1.2104e+001 +1.0852e+001 -7.8985e+000 -5.3874e+000 -1.3192e+001 +6.3868e+000 +9.3321e+000 -5.0000e+000
603 0 +0.000000000e+000 -2.260100000e+002 -2.260100000e+002 -5.0063e+000 +1.0593e+001 +1.2535e+001 +1.1331e+001 -7.6901e+000 -7.3395e+000 -1.2941e+001 +7.3857e+000 +1.1775e+001 -5.0000e+000
% f evaluations | g evaluations | best noise-free fitness - Fopt (1.000000000000e+003) + sum g_i+ | measured fitness | best measured fitness or single-digit g-values | x1 | x2...
1 0 +2.043476306e+002 +1.204347631e+003 +1.204347631e+003 +0.0000e+000 +0.0000e+000 +0.0000e+000 +0.0000e+000 +0.0000e+000 +0.0000e+000 +0.0000e+000 +0.0000e+000 +0.0000e+000 +0.0000e+000
2 0 +1.435061307e+002 +1.143506131e+003 +1.143506131e+003 +4.5072e+000 -3.1614e-002 -2.1235e+000 +1.7466e+000 -3.4251e+000 -4.4823e+000 -1.9979e+000 -4.9987e+000 -3.0522e+000 -2.3923e+000
16 0 +1.309355251e+002 +1.130935525e+003 +1.130935525e+003 -2.9741e+000 +4.3042e+000 -4.2999e+000 -4.9379e+000 -3.2213e-001 +4.1119e+000 -4.3107e+000 -3.1715e+000 +2.6874e+000 -3.6743e+000
44 0 +1.176509977e+002 +1.117650998e+003 +1.117650998e+003 -4.3602e+000 -1.1405e+000 +3.2669e+000 -4.2251e+000 -2.0246e+000 -3.9113e+000 +2.8515e-001 +7.2768e-001 +4.4266e+000 -3.9185e+000
49 0 +1.116115295e+002 +1.111611529e+003 +1.111611529e+003 -3.7756e+000 +3.8368e+000 -4.2054e+000 +3.7107e+000 +2.4541e+000 -3.8512e+000 -4.5428e+000 -3.6382e+000 +5.2941e-001 -2.9018e+000
73 0 +1.042772624e+002 +1.104277262e+003 +1.104277262e+003 -3.2967e+000 -5.2018e-001 +2.0640e+000 +2.9130e+000 +2.2990e+000 -2.0784e+000 -4.4202e+000 -1.4739e+000 +2.3369e+000 -3.9208e+000
75 0 +8.520679705e+001 +1.085206797e+003 +1.085206797e+003 -3.9803e+000 -3.7798e+000 +3.0299e+000 +2.6413e+000 -4.7635e+000 +2.7630e-001 -4.1795e+000 -1.7951e+000 +4.7115e+000 -3.0396e+000
107 0 +5.684699855e+001 +1.056846999e+003 +1.056846999e+003 -1.1376e-001 +8.5820e-001 -7.9829e-001 +4.8105e+000 -2.3614e+000 -2.4405e+000 -3.7961e+000 -3.0818e+000 +6.1751e+000 -4.7096e+000
202 0 +4.364702947e+001 +1.043647029e+003 +1.043647029e+003 +3.3210e+000 +1.4537e+000 +1.8220e+000 +6.6181e+000 -4.0811e-001 -6.1858e+000 -4.7354e+000 -6.6034e+000 +5.9968e+000 -3.8561e+000
207 0 +3.668443287e+001 +1.036684433e+003 +1.036684433e+003 +1.5742e+000 +2.7025e+000 -7.6492e-001 +5.5891e+000 -5.8061e+000 -2.6578e+000 -7.0674e+000 -4.1262e+000 +8.6296e+000 -4.6129e+000
256 0 +2.812948526e+001 +1.028129485e+003 +1.028129485e+003 -4.6518e+000 -1.9804e+000 +5.3202e+000 -5.7672e-002 -7.1619e+000 -4.7355e+000 -3.5094e+000 -7.5565e+000 +1.1172e+001 -5.0000e+000
302 0 +2.346722360e+001 +1.023467224e+003 +1.023467224e+003 -5.2790e+000 -1.2260e+000 +4.8330e+000 +1.7447e+000 -5.9972e+000 -3.8336e+000 -4.1507e+000 -6.3372e+000 +1.3275e+001 -5.0000e+000
304 0 +2.093221425e+001 +1.020932214e+003 +1.020932214e+003 -1.1854e-001 -9.2657e-001 +2.1341e+000 +5.6024e+000 -3.7006e+000 -5.1634e+000 -7.4964e+000 -5.0980e+000 +1.0329e+001 -5.0000e+000
309 0 +2.039069781e+001 +1.020390698e+003 +1.020390698e+003 -4.1110e+000 -1.9123e+000 +4.2016e+000 +2.3406e+000 -6.6881e+000 -4.0225e+000 -7.9581e+000 -5.0510e+000 +9.8832e+000 -5.0000e+000
327 0 +1.801119271e+001 +1.018011193e+003 +1.018011193e+003 -1.0450e+000 -2.8300e+000 +3.9788e+000 +4.2956e+000 -5.0043e+000 -6.0394e+000 -4.8444e+000 -6.0041e+000 +1.1331e+001 -5.0000e+000
332 0 +1.523520198e+001 +1.015235202e+003 +1.015235202e+003 -4.7563e+000 -8.9925e-002 +3.7359e+000 +3.1119e+000 -6.8804e+000 -4.3764e+000 -6.0948e+000 -9.3241e+000 +1.2665e+001 -5.0000e+000
385 0 +1.331520960e+001 +1.013315210e+003 +1.013315210e+003 -3.7599e+000 +1.5456e+000 +4.7186e+000 +3.9901e+000 -4.6617e+000 -3.8794e+000 -6.8084e+000 -6.7601e+000 +8.5598e+000 -5.0000e+000
404 0 +1.219335070e+001 +1.012193351e+003 +1.012193351e+003 -8.0887e-001 +7.4718e-001 +3.4956e+000 +6.1015e+000 -5.0910e+000 -5.8495e+000 -7.5358e+000 -7.1858e+000 +1.1495e+001 -5.0000e+000
411 0 +1.190618917e+001 +1.011906189e+003 +1.011906189e+003 -3.8821e+000 +1.5100e+000 +5.3471e+000 +3.6031e+000 -4.8104e+000 -4.2365e+000 -6.6115e+000 -7.3433e+000 +1.0375e+001 -5.0000e+000
413 0 +9.263431854e+000 +1.009263432e+003 +1.009263432e+003 -4.6807e+000 +1.1982e+000 +4.5369e+000 +5.6472e+000 -5.9883e+000 -4.0925e+000 -7.0397e+000 -7.2858e+000 +1.0879e+001 -5.0000e+000
414 0 +6.553616887e+000 +1.006553617e+003 +1.006553617e+003 -5.1837e+000 +1.4872e+000 +6.7270e+000 +4.0640e+000 -8.9597e+000 -5.4819e+000 -7.6829e+000 -7.3670e+000 +1.3347e+001 -5.0000e+000
504 0 +4.520561083e+000 +1.004520561e+003 +1.004520561e+003 -4.9970e+000 +2.2341e+000 +7.0149e+000 +4.5613e+000 -9.1845e+000 -5.8696e+000 -7.6848e+000 -8.3889e+000 +1.3706e+001 -5.0000e+000
516 0 +3.503193118e+000 +1.003503193e+003 +1.003503193e+003 -5.3358e+000 +2.2876e+000 +6.5621e+000 +6.6214e+000 -8.7605e+000 -6.4639e+000 -7.9532e+000 -7.9971e+000 +1.1664e+001 -5.0000e+000
567 0 +3.042360521e+000 +1.003042361e+003 +1.003042361e+003 -5.4106e+000 +3.0680e+000 +5.4277e+000 +4.7461e+000 -5.5091e+000 -6.4223e+000 -8.2351e+000 -9.3709e+000 +1.3102e+001 -5.0000e+000
596 0 +2.931122678e+000 +1.002931123e+003 +1.002931123e+003 -2.0689e+000 +5.1697e+000 +6.6309e+000 +6.2279e+000 -1.0402e+001 -5.9209e+000 -6.6863e+000 -1.1638e+001 +1.2543e+001 -5.0000e+000
603 0 +1.694929055e+000 +1.001694929e+003 +1.001694929e+003 -3.3051e+000 +5.5609e+000 +7.4782e+000 +6.2019e+000 -1.0610e+001 -6.5593e+000 -7.5273e+000 -1.1290e+001 +1.3126e+001 -5.0000e+000
604 0 +3.980717941e-002 +1.000039807e+003 +1.000039807e+003 -4.9982e+000 +5.0758e+000 +8.5001e+000 +4.9824e+000 -1.2101e+001 -5.9163e+000 -7.0456e+000 -1.1313e+001 +1.3980e+001 -5.0000e+000
704 0 +1.263225621e-003 +1.000001263e+003 +1.000001263e+003 -4.9987e+000 +6.4966e+000 +9.2427e+000 +5.1929e+000 -1.3560e+001 -5.9397e+000 -6.7260e+000 -1.2774e+001 +1.4117e+001 -5.0000e+000
716 0 +0.000000000e+000 +1.000000000e+003 +1.000000000e+003 -5.3047e+000 +5.8899e+000 +8.5016e+000 +6.3613e+000 -1.2900e+001 -6.5199e+000 -7.7049e+000 -1.1557e+001 +1.4155e+001 -5.0000e+000
% f evaluations | g evaluations | best noise-free fitness - Fopt (-1.830200000000e+002) + sum g_i+ | measured fitness | best measured fitness or single-digit g-values | x1 | x2...
1 0 +2.043476306e+002 +2.132763061e+001 +2.132763061e+001 +0.0000e+000 +0.0000e+000 +0.0000e+000 +0.0000e+000 +0.0000e+000 +0.0000e+000 +0.0000e+000 +0.0000e+000 +0.0000e+000 +0.0000e+000
5 0 +2.003807013e+002 +1.736070129e+001 +1.736070129e+001 +1.5528e+000 -3.3738e+000 +1.3570e+000 +2.3286e+000 +3.4494e+000 +3.5299e-001 +1.7352e+000 +3.0142e+000 -1.2957e+000 +4.9823e+000
7 0 +1.277772853e+002 -5.524271467e+001 -5.524271467e+001 -1.0498e+000 -6.0668e-002 -3.5934e+000 +5.0086e-002 +2.7210e+000 +1.2057e+000 +3.0670e+000 -3.3751e+000 +2.8757e+000 +4.6631e+000
28 0 +1.160466824e+002 -6.697331763e+001 -6.697331763e+001 +3.3528e-001 -3.9570e+000 -4.6453e+000 +1.4589e+000 +7.9860e-001 -3.7767e+000 +1.9326e-001 -3.6020e+000 +4.5111e+000 +3.8420e+000
34 0 +9.932530132e+001 -8.369469868e+001 -8.369469868e+001 +8.0742e-001 +3.5964e+000 -1.9291e+000 -4.8395e+000 +3.8640e+000 +1.6820e+000 -2.7411e+000 -1.6360e+000 +3.9895e+000 +4.6503e+000
142 0 +5.818471715e+001 -1.248352828e+002 -1.248352828e+002 +5.0141e+000 -5.4383e-002 -7.0438e+000 -3.4393e+000 -2.8760e+000 +5.2752e-001 -7.8830e+000 -4.8712e+000 +5.7949e+000 +2.4320e+000
206 0 +3.246706547e+001 -1.505529345e+002 -1.505529345e+002 +1.7635e+000 -9.2188e-001 -4.2397e+000 -4.8748e+000 -3.2330e+000 +3.6863e+000 -8.5729e+000 -6.3312e+000 +4.9010e+000 +3.7979e+000
221 0 +6.830800086e+000 -1.761891999e+002 -1.761891999e+002 +9.2779e+000 -2.4009e+000 -4.0312e+000 -7.5147e+000 -4.5792e+000 +5.4823e+000 -4.8520e+000 -9.5743e+000 +8.3257e+000 +5.0000e+000
304 0 +4.480298323e+000 -1.785397017e+002 -1.785397017e+002 +1.2274e+001 -1.5311e+000 -5.8470e+000 -8.4409e+000 -7.7850e+000 +6.4118e+000 -1.0644e+001 -1.0294e+001 +9.7276e+000 +5.0000e+000
306 0 +2.181212780e+000 -1.808387872e+002 -1.808387872e+002 +9.6498e+000 -3.6265e+000 -6.0977e+000 -8.3440e+000 -5.9632e+000 +4.8867e+000 -1.0692e+001 -8.9691e+000 +8.1724e+000 +5.0000e+000
319 0 +1.030515281e+000 -1.819894847e+002 -1.819894847e+002 +1.1363e+001 -5.4053e+000 -6.6573e+000 -4.6028e+000 -5.9965e+000 +4.9513e+000 -8.4766e+000 -7.0725e+000 +8.3647e+000 +5.0000e+000
405 0 +2.318710766e-001 -1.827881289e+002 -1.827881289e+002 +1.4638e+001 -4.8205e+000 -9.0701e+000 -8.6559e+000 -7.8977e+000 +8.6208e+000 -1.0602e+001 -1.3424e+001 +1.0651e+001 +5.0000e+000
406 0 +0.000000000e+000 -1.830200000e+002 -1.830200000e+002 +1.4365e+001 -5.7800e+000 -7.2788e+000 -8.3938e+000 -7.3433e+000 +5.5160e+000 -1.0754e+001 -9.4338e+000 +9.8947e+000 +5.0000e+000
% f evaluations | g evaluations | best noise-free fitness - Fopt (-1.026200000000e+002) + sum g_i+ | measured fitness | best measured fitness or single-digit g-values | x1 | x2...
1 0 +2.043476306e+002 +1.017276306e+002 +1.017276306e+002 +0.0000e+000 +0.0000e+000 +0.0000e+000 +0.0000e+000 +0.0000e+000 +0.0000e+000 +0.0000e+000 +0.0000e+000 +0.0000e+000 +0.0000e+000
2 0 +1.889656827e+002 +8.634568267e+001 +8.634568267e+001 +2.8670e+000 +6.4346e-001 +3.1380e+000 +3.4033e+000 +2.1551e+000 +1.8360e+000 -4.0572e+000 -2.9369e+000 -8.8613e-001 +2.7139e+000
4 0 +1.354764953e+002 +3.285649527e+001 +3.285649527e+001 +1.6926e+000 +4.4841e+000 +1.0259e+000 -3.8796e+000 -3.8621e+000 +2.9782e+000 +3.8002e+000 +3.0814e-001 +4.1430e+000 +2.1882e+000
8 0 +1.348329277e+002 +3.221292766e+001 +3.221292766e+001 +4.3188e+000 -1.8284e+000 -3.3861e+000 -3.3377e+000 +1.7753e+000 -3.3968e+000 +1.2495e+000 -4.9980e+000 +3.6399e+000 +1.9559e-001
26 0 +1.104554974e+002 +7.835497417e+000 +7.835497417e+000 -1.0207e+000 +2.0050e+000 -2.8113e+000 +1.8788e-001 +4.2536e+000 +6.6982e-001 -3.2670e+000 -4.1452e+000 +3.4089e+000 +4.0854e+000
48 0 +1.038712540e+002 +1.251254022e+000 +1.251254022e+000 -4.7293e+000 +3.9039e+000 +2.6014e+000 -2.7307e+000 +2.1263e+000 +1.6508e+000 +4.2162e+000 -8.5567e-001 +2.4052e+000 +4.4074e+000
105 0 +9.889196200e+001 -3.728037998e+000 -3.728037998e+000 +3.6799e-001 +4.0901e+000 -2.0577e+000 -6.3252e+000 +5.3588e+000 +6.4728e+000 -1.3381e+000 +1.9916e+000 +4.9686e+000 +4.4700e+000
108 0 +8.816959864e+001 -1.445040136e+001 -1.445040136e+001 -5.1234e-001 +3.1783e+000 -5.4051e+000 -5.8711e+000 +6.6584e+000 -8.7260e-002 +5.7685e-001 -2.4090e+000 +2.5753e+000 +5.0000e+000
111 0 +6.592034774e+001 -3.669965226e+001 -3.669965226e+001 -7.1939e+000 +4.3834e+000 -7.5800e-001 -2.9306e+000 +2.9076e+000 +9.2735e-001 +4.4740e-001 -4.9652e+000 +4.9395e+000 +5.0000e+000
164 0 +4.102718118e+001 -6.159281882e+001 -6.159281882e+001 -3.2337e+000 +1.6389e+000 +1.1341e+000 -6.7069e+000 +3.9554e+000 +3.3877e+000 +8.9613e+000 -5.3063e+000 +3.4820e+000 +5.0000e+000
207 0 +3.630977481e+001 -6.631022519e+001 -6.631022519e+001 -3.6122e+000 +6.7550e+000 +6.7594e-001 -9.0506e+000 +6.3182e+000 +4.0747e+000 +7.3154e+000 -6.2852e+000 +4.1028e+000 +5.0000e+000
211 0 +2.851095428e+001 -7.410904572e+001 -7.410904572e+001 -5.9717e+000 +6.9550e+000 -3.5726e-001 -5.5919e+000 +6.3381e+000 +3.8791e+000 +4.7205e+000 -8.1646e+000 +7.2956e+000 +5.0000e+000
250 0 +2.469193645e+001 -7.792806355e+001 -7.792806355e+001 -1.2014e+000 -8.6450e-001 +1.1496e+000 -4.5800e+000 +5.4930e+000 +6.1100e+000 +1.0771e+001 -4.2679e+000 +5.5520e+000 +5.0000e+000
264 0 +2.132503205e+001 -8.129496795e+001 -8.129496795e+001 -5.9405e+000 +7.0994e-001 +1.4916e+000 -8.8110e+000 +3.8781e+000 +6.4096e+000 +1.0964e+001 -5.9077e+000 +6.7618e+000 +5.0000e+000
305 0 +2.022847516e+001 -8.239152484e+001 -8.239152484e+001 -3.5109e+000 +1.9152e-001 -5.1451e-001 -7.1111e+000 +3.3641e+000 +5.5297e+000 +6.0436e+000 -5.3831e+000 +6.0453e+000 +5.0000e+000
306 0 +1.870955312e+001 -8.391044688e+001 -8.391044688e+001 -5.4843e+000 +1.0566e+000 -2.7284e-001 -1.1237e+001 +3.9212e+000 +6.6525e+000 +1.4024e+001 -8.0890e+000 +8.1562e+000 +5.0000e+000
310 0 +1.679395155e+001 -8.582604845e+001 -8.582604845e+001 -5.5786e+000 +9.3060e-001 +4.7586e-001 -1.1831e+001 +5.7427e+000 +5.1229e+000 +1.2930e+001 -9.3391e+000 +7.6004e+000 +5.0000e+000
343 0 +1.148061549e+001 -9.113938451e+001 -9.113938451e+001 -8.8376e+000 -4.6668e+000 -3.0326e+000 -3.9621e+000 +3.1750e+000 +1.0106e+001 +1.1460e+001 -4.9242e+000 +6.6985e+000 +5.0000e+000
410 0 +8.287896385e+000 -9.433210362e+001 -9.433210362e+001 -8.2975e+000 -6.1991e+000 -3.2734e+000 -5.0479e+000 +3.0565e+000 +1.2089e+001 +1.3629e+001 -6.0347e+000 +7.8055e+000 +5.0000e+000
423 0 +4.941318414e+000 -9.767868159e+001 -9.767868159e+001 -8.9149e+000 -4.7707e+000 -4.5255e+000 -8.2449e+000 +3.6151e+000 +1.2763e+001 +1.3742e+001 -7.0434e+000 +9.3381e+000 +5.0000e+000
424 0 +3.222241773e+000 -9.939775823e+001 -9.939775823e+001 -7.6306e+000 -5.5083e+000 -3.9641e+000 -4.8265e+000 +4.5973e+000 +1.1752e+001 +1.2224e+001 -7.8676e+000 +6.8482e+000 +5.0000e+000
456 0 +3.132469681e+000 -9.948753032e+001 -9.948753032e+001 -9.5390e+000 -6.2677e+000 -3.3065e+000 -7.5995e+000 +4.8895e+000 +1.1162e+001 +1.4586e+001 -6.1056e+000 +8.4912e+000 +5.0000e+000
502 0 +8.779059376e-001 -1.017420941e+002 -1.017420941e+002 -1.0727e+001 -8.8276e+000 -4.4737e+000 -8.3272e+000 +6.0285e+000 +1.2941e+001 +1.6996e+001 -5.4626e+000 +9.6258e+000 +5.0000e+000
556 0 +0.000000000e+000 -1.026200000e+002 -1.026200000e+002 -1.1624e+001 -1.2220e+001 -6.8591e+000 -9.3022e+000 +6.1300e+000 +1.4703e+001 +1.9300e+001 -6.4550e+000 +9.9543e+000 +5.0000e+000
% f evaluations | g evaluations | best noise-free fitness - Fopt (9.953000000000e+001) + sum g_i+ | measured fitness | best measured fitness or single-digit g-values | x1 | x2...
1 0 +2.043476306e+002 +3.038776306e+002 +3.038776306e+002 +0.0000e+000 +0.0000e+000 +0.0000e+000 +0.0000e+000 +0.0000e+000 +0.0000e+000 +0.0000e+000 +0.0000e+000 +0.0000e+000 +0.0000e+000
2 0 +1.168673974e+002 +2.163973974e+002 +2.163973974e+002 -2.4219e+000 -4.4721e-002 +4.7435e+000 +4.8513e+000 -2.6499e+000 -5.4424e-001 +1.9708e+000 -1.9178e+000 -3.8499e+000 -4.1338e+000
104 0 +7.544901421e+001 +1.749790142e+002 +1.749790142e+002 -6.2707e+000 -2.6622e+000 +8.7874e+000 +7.3763e+000 +8.7097e-001 +1.6114e+000 +5.6991e+000 -4.9782e+000 -4.8268e+000 -2.5708e+000
202 0 +7.270562751e+001 +1.722356275e+002 +1.722356275e+002 -3.5878e+000 -2.1380e+000 +9.6865e+000 +8.3934e+000 -3.1596e-001 +3.2306e+000 +3.9194e+000 -5.4940e+000 -6.9590e+000 -3.3068e+000
204 0 +5.607007065e+001 +1.556000707e+002 +1.556000707e+002 -8.9318e+000 -3.9484e+000 +1.1066e+001 +1.0172e+001 +7.4859e-002 +2.2209e+000 +9.1219e+000 -9.9591e+000 -8.0111e+000 -4.5780e+000
233 0 +4.794833252e+001 +1.474783325e+002 +1.474783325e+002 -3.7343e+000 -4.5322e+000 +8.3997e+000 +8.8944e+000 +3.6913e+000 -5.8877e-001 +6.7587e+000 -5.4644e+000 -9.0309e+000 -5.0000e+000
276 0 +4.728518903e+001 +1.468151890e+002 +1.468151890e+002 -4.2065e-001 -5.5894e+000 +4.3378e+000 +2.2611e+000 -3.6995e-001 +3.8183e+000 +4.5605e+000 -7.8176e+000 -5.0003e+000 -5.0000e+000
278 0 +4.637331752e+001 +1.459033175e+002 +1.459033175e+002 -2.0238e+000 -5.7878e+000 +2.6967e+000 +1.9389e+000 +4.0187e+000 +5.3091e+000 +9.9013e+000 -8.1821e+000 -9.0226e+000 -2.8767e+000
304 0 +3.417505885e+001 +1.337050589e+002 +1.337050589e+002 -3.6969e+000 -6.3397e+000 +4.2510e+000 +3.7446e+000 +3.4251e+000 +5.4608e+000 +1.1574e+001 -1.0761e+001 -1.0565e+001 -3.9647e+000
310 0 +3.094437205e+001 +1.304743721e+002 +1.304743721e+002 -8.8670e+000 -6.1827e+000 +8.5688e+000 +7.3561e+000 +3.4037e+000 +3.9236e+000 +8.7132e+000 -5.0853e+000 -8.8175e+000 -5.0000e+000
333 0 +2.400593452e+001 +1.235359345e+002 +1.235359345e+002 -4.9197e+000 -7.8149e+000 +9.1749e+000 +5.1986e+000 +4.8992e+000 +6.2415e+000 +1.2097e+001 -9.3342e+000 -1.1613e+001 -5.0000e+000
343 0 +2.302525164e+001 +1.225552516e+002 +1.225552516e+002 -2.4705e+000 -3.3990e+000 +1.0909e+000 +4.2503e+000 +4.6116e+000 +6.7819e+000 +5.5293e+000 -9.1036e+000 -9.4410e+000 -4.4428e+000
405 0 +1.913410314e+001 +1.186641031e+002 +1.186641031e+002 -3.7312e+000 -3.8703e+000 +2.6674e+000 +4.1185e+000 +5.9072e+000 +7.0434e+000 +8.6918e+000 -9.8608e+000 -1.0480e+001 -4.8283e+000
409 0 +1.507535738e+001 +1.146053574e+002 +1.146053574e+002 -4.2840e+000 -4.3647e+000 +3.1163e+000 +6.2139e+000 +5.4066e+000 +7.6946e+000 +8.3857e+000 -9.8700e+000 -1.1319e+001 -5.0000e+000
443 0 +1.345232189e+001 +1.129823219e+002 +1.129823219e+002 -3.6184e+000 -4.3891e+000 +1.0237e+000 +4.4275e+000 +5.5266e+000 +8.9277e+000 +8.5743e+000 -1.2327e+001 -1.2821e+001 -5.0000e+000
450 0 +1.094759945e+001 +1.104775994e+002 +1.104775994e+002 -3.5166e+000 -6.5494e+000 +6.7363e-001 +6.7878e+000 +6.0318e+000 +1.0029e+001 +8.8336e+000 -1.1877e+001 -1.3081e+001 -5.0000e+000
505 0 +8.098149344e+000 +1.076281493e+002 +1.076281493e+002 -3.0309e+000 -5.7497e+000 -1.3258e+000 +6.7614e+000 +6.9441e+000 +1.0003e+001 +8.5331e+000 -1.2844e+001 -1.3907e+001 -5.0000e+000
509 0 +5.107262150e+000 +1.046372622e+002 +1.046372622e+002 -2.4929e+000 -5.7802e+000 -5.2214e+000 +3.7931e+000 +7.7712e+000 +1.1043e+001 +7.4203e+000 -1.4225e+001 -1.3030e+001 -5.0000e+000
605 0 +2.952545065e+000 +1.024825451e+002 +1.024825451e+002 -2.4853e+000 -6.7005e+000 -4.7375e+000 +7.0046e+000 +7.7630e+000 +1.1860e+001 +8.0495e+000 -1.4838e+001 -1.5302e+001 -5.0000e+000
608 0 +1.920564007e+000 +1.014505640e+002 +1.014505640e+002 -3.0794e+000 -6.1981e+000 -6.0946e+000 +6.0594e+000 +8.3619e+000 +1.2820e+001 +6.4280e+000 -1.5461e+001 -1.4493e+001 -5.0000e+000
664 0 +1.668219458e+000 +1.011982195e+002 +1.011982195e+002 -4.4788e+000 -1.1638e+001 -9.3158e+000 +9.1270e+000 +4.5878e+000 +1.0303e+001 +1.4307e+001 -9.7944e+000 -1.0397e+001 -5.0000e+000
679 0 +1.598422073e+000 +1.011284221e+002 +1.011284221e+002 -3.4016e+000 -9.6921e+000 -6.7272e+000 +5.4841e+000 +8.4026e+000 +1.3084e+001 +9.1390e+000 -1.6984e+001 -1.5770e+001 -5.0000e+000
703 0 +6.726494652e-001 +1.002026495e+002 +1.002026495e+002 -4.3274e+000 -9.3914e+000 -5.8498e+000 +6.3437e+000 +9.3413e+000 +1.3208e+001 +9.6551e+000 -1.8181e+001 -1.6348e+001 -5.0000e+000
750 0 +3.637610330e-001 +9.989376103e+001 +9.989376103e+001 -4.6362e+000 -9.4467e+000 -5.0656e+000 +9.1600e+000 +8.5586e+000 +1.5594e+001 +1.0123e+001 -1.6966e+001 -1.7187e+001 -5.0000e+000
803 0 +0.000000000e+000 +9.953000000e+001 +9.953000000e+001 -7.2215e+000 -1.0687e+001 -6.7630e+000 +1.0244e+001 +9.5959e+000 +1.4145e+001 +1.0416e+001 -2.0446e+001 -1.7851e+001 -5.0000e+000
% f evaluations | g evaluations | best noise-free fitness - Fopt (1.495900000000e+002) + sum g_i+ | measured fitness | best measured fitness or single-digit g-values | x1 | x2...
1 0 +2.043476306e+002 +3.539376306e+002 +3.539376306e+002 +0.0000e+000 +0.0000e+000 +0.0000e+000 +0.0000e+000 +0.0000e+000 +0.0000e+000 +0.0000e+000 +0.0000e+000 +0.0000e+000 +0.0000e+000
3 0 +1.797664010e+002 +3.293564010e+002 +3.293564010e+002 -2.8604e+000 -4.6878e+000 +4.7003e+000 -4.0835e-001 +3.4800e+000 +2.4348e+000 -2.8537e+000 -4.7827e+000 +1.5942e+000 +1.1467e+000
6 0 +1.044746853e+002 +2.540646853e+002 +2.540646853e+002 -4.6442e+000 +8.3073e-001 -4.2505e+000 -4.7300e+000 -3.9611e+000 +3.9426e+000 -1.9825e+000 -2.0115e+000 +4.4654e+000 -3.6297e+000
7 0 +9.881010318e+001 +2.484001032e+002 +2.484001032e+002 -4.6757e+000 +4.8375e+000 -2.6185e+000 -3.8551e+000 +1.0173e+000 +4.7369e+000 -2.4019e-001 -6.7533e-001 +4.6696e+000 -2.2998e+000
106 0 +9.441403341e+001 +2.440040334e+002 +2.440040334e+002 -5.9538e+000 +1.1486e+000 -5.5140e+000 -1.4257e+000 -5.9842e+000 +6.2629e+000 -3.6223e+000 -3.8564e+000 +7.5157e+000 -4.5702e+000
113 0 +8.419512267e+001 +2.337851227e+002 +2.337851227e+002 -2.9599e+000 -6.9274e-001 +3.0699e+000 -5.2636e-001 -1.1601e-001 +6.8029e+000 +1.0805e+000 -5.9047e+000 +3.7530e+000 -4.0381e+000
127 0 +5.082428400e+001 +2.004142840e+002 +2.004142840e+002 -7.1952e+000 -2.4261e+000 -2.7142e+000 -7.1695e+000 +6.3489e+000 +3.7542e+000 +3.2983e+000 -3.0994e+000 +3.2369e+000 -5.0000e+000
144 0 +4.499810919e+001 +1.945881092e+002 +1.945881092e+002 -4.5110e+000 +7.7453e+000 -3.7177e+000 -7.3827e+000 +1.7506e+000 +7.1356e+000 +4.4923e+000 -1.1116e+000 +4.9683e+000 -4.2583e+000
211 0 +2.987289467e+001 +1.794628947e+002 +1.794628947e+002 -4.7501e+000 +7.1692e+000 -4.6517e+000 -7.1231e+000 +4.5000e+000 +1.1255e+001 +2.1904e+000 -2.5630e+000 +7.8670e+000 -5.0000e+000
221 0 +2.688155704e+001 +1.764715570e+002 +1.764715570e+002 -2.4413e+000 +8.9554e+000 -9.6220e+000 -2.0955e+000 +6.3969e+000 +1.0747e+001 +4.7201e+000 -6.5684e+000 +4.6061e+000 -3.6283e+000
227 0 +1.774459649e+001 +1.673345965e+002 +1.673345965e+002 -8.0262e+000 +5.7658e+000 -5.3123e+000 -1.0551e+001 +4.5189e+000 +8.8465e+000 +4.0707e+000 -2.9828e+000 +7.6976e+000 -5.0000e+000
268 0 +1.267047667e+001 +1.622604767e+002 +1.622604767e+002 -3.3614e+000 +3.3605e+000 -3.3531e+000 -1.0762e+001 +2.7836e+000 +6.7042e+000 +5.1968e+000 -7.0376e+000 +1.0235e+001 -5.0000e+000
302 0 +3.161032809e+000 +1.527510328e+002 +1.527510328e+002 -7.4385e+000 +8.0626e+000 -3.1050e+000 -1.6365e+001 +6.2697e+000 +1.3265e+001 +9.1694e+000 -1.0853e+001 +1.2056e+001 -5.0000e+000
311 0 +1.661148178e+000 +1.512511482e+002 +1.512511482e+002 -4.6150e+000 +8.5111e+000 -5.6731e+000 -1.1592e+001 +4.5414e+000 +9.5628e+000 +5.8848e+000 -7.0491e+000 +1.0392e+001 -5.0000e+000
321 0 +1.264334482e+000 +1.508543345e+002 +1.508543345e+002 -3.7357e+000 +8.9864e+000 -9.9109e+000 -6.1618e+000 +6.0080e+000 +1.0889e+001 +5.8130e+000 -8.0657e+000 +7.7641e+000 -5.0000e+000
354 0 +1.034400951e+000 +1.506244010e+002 +1.506244010e+002 -6.6903e+000 +8.8518e+000 -5.9190e+000 -1.1554e+001 +4.6283e+000 +1.1320e+001 +6.2982e+000 -7.0387e+000 +1.2145e+001 -5.0000e+000
402 0 +1.361013378e-001 +1.497261013e+002 +1.497261013e+002 -8.6265e+000 +8.6072e+000 -4.9184e+000 -1.9321e+001 +7.0632e+000 +1.4541e+001 +1.0413e+001 -1.3078e+001 +1.6263e+001 -5.0000e+000
410 0 +5.929880206e-002 +1.496492988e+002 +1.496492988e+002 -7.4109e+000 +1.0607e+001 -5.7914e+000 -1.2402e+001 +4.9787e+000 +1.3093e+001 +7.1857e+000 -7.3235e+000 +1.2922e+001 -5.0000e+000
420 0 +0.000000000e+000 +1.495900000e+002 +1.495900000e+002 -6.8125e+000 +1.1125e+001 -5.7156e+000 -1.3613e+001 +5.3305e+000 +1.3916e+001 +6.5202e+000 -7.5858e+000 +1.3318e+001 -5.0000e+000
% f evaluations | g evaluations | best noise-free fitness - Fopt (-1.000000000000e+003) + sum g_i+ | measured fitness | best measured fitness or single-digit g-values | x1 | x2...
1 0 +2.043476306e+002 -7.956523694e+002 -7.956523694e+002 +0.0000e+000 +0.0000e+000 +0.0000e+000 +0.0000e+000 +0.0000e+000 +0.0000e+000 +0.0000e+000 +0.0000e+000 +0.0000e+000 +0.0000e+000
5 0 +1.790462874e+002 -8.209537126e+002 -8.209537126e+002 +3.1885e+000 -1.3493e+000 +4.7007e+000 -4.0474e-001 -4.5666e-001 -1.0633e+000 +1.1048e-001 -4.8891e+000 -1.2359e+000 -1.2178e+000
8 0 +1.731692495e+002 -8.268307505e+002 -8.268307505e+002 +3.0551e+000 +3.7687e+000 +4.0881e+000 +3.7582e+000 +1.0703e+000 +3.2378e+000 -1.2968e+000 -3.7678e+000 -2.4818e+000 -3.5940e+000
23 0 +1.568437484e+002 -8.431562516e+002 -8.431562516e+002 +4.2165e+000 -1.8155e+000 +3.2629e-001 +3.1408e+000 +4.1593e+000 -2.1223e+000 +4.0659e+000 -3.3412e+000 -8.6217e-001 -1.2080e+000
27 0 +1.202152945e+002 -8.797847055e+002 -8.797847055e+002 -7.7287e-001 +1.0825e+000 -2.4770e+000 -2.3268e+000 -3.5232e+000 +2.7065e+000 +3.2790e+000 -4.8372e+000 +2.7193e+000 -1.1963e+000
105 0 +8.064240437e+001 -9.193575956e+002 -9.193575956e+002 -2.0189e+000 -3.1915e-001 +4.5146e+000 -4.9357e+000 -4.9370e+000 +4.4082e+000 +5.6949e+000 -2.2465e+000 +5.0040e+000 -4.4716e+000
159 0 +5.336213524e+001 -9.466378648e+002 -9.466378648e+002 +2.8153e+000 -2.1236e+000 -1.4233e+000 +3.4636e-001 +1.1486e+000 +6.2168e+000 +3.1965e+000 -4.8648e+000 +4.1843e+000 -4.6236e+000
217 0 +4.900140597e+001 -9.509985940e+002 -9.509985940e+002 +1.7437e+000 -4.3095e+000 +2.3944e+000 -1.9347e+000 +9.2899e-001 +6.1889e+000 +1.8574e+000 -8.3661e+000 +7.3758e+000 -5.0000e+000
254 0 +4.223605245e+001 -9.577639476e+002 -9.577639476e+002 -6.1129e-001 -4.4134e+000 -3.7939e+000 -1.2145e+000 +3.0306e-001 +3.0481e+000 +3.7902e+000 -6.6356e+000 +7.6828e+000 -5.0000e+000
263 0 +3.796352650e+001 -9.620364735e+002 -9.620364735e+002 -1.2301e+000 +7.6505e-001 -3.6286e+000 -3.2702e-001 +3.4459e+000 +4.4750e+000 +3.7674e+000 -1.0470e+001 +8.4842e+000 -5.0000e+000
275 0 +3.517775318e+001 -9.648222468e+002 -9.648222468e+002 +1.8884e+000 +3.9357e+000 -4.4571e+000 -2.4002e+000 +1.6709e+000 +8.5159e+000 +3.9755e+000 -8.6194e+000 +7.6006e+000 -5.0000e+000
277 0 +2.818749589e+001 -9.718125041e+002 -9.718125041e+002 +4.3303e+000 -1.2274e+000 -3.9565e+000 -1.6515e+000 +7.9887e-002 +5.7629e+000 +5.3497e+000 -5.4923e+000 +5.6278e+000 -5.0000e+000
308 0 +2.520938399e+001 -9.747906160e+002 -9.747906160e+002 +4.2824e+000 -1.8358e+000 -4.3832e+000 -2.0944e+000 +2.8626e-001 +6.4652e+000 +6.0877e+000 -5.8603e+000 +6.4581e+000 -5.0000e+000
309 0 +1.742688452e+001 -9.825731155e+002 -9.825731155e+002 +7.5444e+000 -9.3282e-001 -4.5332e+000 -2.1005e+000 +3.1497e+000 +9.3349e+000 +6.0497e+000 -8.4506e+000 +5.7008e+000 -5.0000e+000
389 0 +1.565019108e+001 -9.843498089e+002 -9.843498089e+002 +9.4512e+000 -4.9004e+000 -4.1194e+000 +9.2017e-001 +5.5649e+000 +5.4058e+000 +1.2306e+001 -4.7835e+000 +7.2514e+000 -5.0000e+000
402 0 +1.212936614e+001 -9.878706339e+002 -9.878706339e+002 +1.0148e+001 -5.9897e+000 -5.7418e+000 +1.6427e-001 +4.6394e+000 +7.1361e+000 +1.1608e+001 -5.5521e+000 +9.0038e+000 -5.0000e+000
421 0 +9.393799882e+000 -9.906062001e+002 -9.906062001e+002 +1.2511e+001 -7.4900e+000 -5.7241e+000 -1.2118e+000 +4.5571e+000 +6.6727e+000 +1.4930e+001 -5.4853e+000 +8.7093e+000 -5.0000e+000
440 0 +7.065480013e+000 -9.929345200e+002 -9.929345200e+002 +8.7110e+000 -6.8904e+000 -4.1380e+000 -3.7806e+000 +3.9217e+000 +8.9080e+000 +1.1395e+001 -7.0886e+000 +1.0721e+001 -5.0000e+000
502 0 +6.702898808e+000 -9.932971012e+002 -9.932971012e+002 +1.2719e+001 -1.0684e+001 -6.7513e+000 -1.8888e+000 +5.7723e+000 +9.6981e+000 +1.3344e+001 -6.9304e+000 +1.4541e+001 -5.0000e+000
508 0 +4.547291307e+000 -9.954527087e+002 -9.954527087e+002 +8.8412e+000 -5.5286e+000 -4.6140e+000 -4.7230e+000 +3.8117e+000 +9.8723e+000 +1.2829e+001 -8.2484e+000 +1.1181e+001 -5.0000e+000
513 0 +3.673891725e+000 -9.963261083e+002 -9.963261083e+002 +1.0203e+001 -6.9390e+000 -4.5632e+000 -3.6329e+000 +5.9959e+000 +7.5974e+000 +1.3622e+001 -7.3700e+000 +1.1594e+001 -5.0000e+000
521 0 +3.175069651e+000 -9.968249303e+002 -9.968249303e+002 +1.4755e+001 -1.0580e+001 -5.3040e+000 -3.5263e+000 +6.6451e+000 +8.9059e+000 +1.8272e+001 -5.7863e+000 +1.0922e+001 -5.0000e+000
540 0 +2.995458620e+000 -9.970045414e+002 -9.970045414e+002 +1.0643e+001 -8.2194e+000 -4.6267e+000 -3.8986e+000 +5.4056e+000 +9.2489e+000 +1.4020e+001 -7.0311e+000 +1.1695e+001 -5.0000e+000
546 0 +2.200256824e+000 -9.977997432e+002 -9.977997432e+002 +1.2476e+001 -8.9957e+000 -5.4736e+000 -3.9787e+000 +8.5631e+000 +1.0968e+001 +1.7219e+001 -9.2863e+000 +1.1941e+001 -5.0000e+000
559 0 +7.057397644e-001 -9.992942602e+002 -9.992942602e+002 +9.0970e+000 -4.7566e+000 -5.4167e+000 -5.1008e+000 +4.8593e+000 +6.8070e+000 +1.2322e+001 -5.4471e+000 +9.4633e+000 -5.0000e+000
602 0 +0.000000000e+000 -1.000000000e+003 -1.000000000e+003 +1.0416e+001 -7.1582e+000 -5.9337e+000 -6.0977e+000 +5.4342e+000 +8.1145e+000 +1.3199e+001 -6.1499e+000 +1.2278e+001 -5.0000e+000
% f evaluations | g evaluations | best noise-free fitness - Fopt (-2.922000000000e+001) + sum g_i+ | measured fitness | best measured fitness or single-digit g-values | x1 | x2...
1 0 +2.043476306e+002 +1.751276306e+002 +1.751276306e+002 +0.0000e+000 +0.0000e+000 +0.0000e+000 +0.0000e+000 +0.0000e+000 +0.0000e+000 +0.0000e+000 +0.0000e+000 +0.0000e+000 +0.0000e+000
5 0 +1.257147481e+002 +9.649474806e+001 +9.649474806e+001 +3.5170e+000 -2.0710e-001 -1.7281e+000 +3.2525e+000 +1.0327e+000 -5.5158e-001 -4.4302e-001 -2.5607e+000 -4.7065e+000 -1.7254e+000
16 0 +1.189455506e+002 +8.972555061e+001 +8.972555061e+001 +1.7410e+000 -3.0891e+000 -4.0708e+000 -1.6258e+000 +3.6077e+000 +5.8740e-001 +4.3582e+000 -4.1967e+000 -3.6942e+000 -3.4183e+000
64 0 +1.167334428e+002 +8.751344283e+001 +8.751344283e+001 +2.0458e+000 +4.6570e-001 +1.7223e+000 -3.4803e+000 +1.9220e+000 +2.6556e+000 +1.2716e+000 -4.6352e+000 -4.4316e+000 -2.9543e+000
108 0 +8.912594895e+001 +5.990594895e+001 +5.990594895e+001 +4.1332e+000 +1.4876e+000 -3.1879e+000 +1.9313e+000 +2.4080e+000 +7.3421e+000 +6.2554e+000 -8.9795e+000 -6.9269e+000 -4.7476e+000
153 0 +7.535547012e+001 +4.613547012e+001 +4.613547012e+001 -1.8841e+000 +4.1485e+000 -2.1312e+000 -5.6498e+000 +4.8854e+000 +4.8737e+000 -2.5829e+000 -3.9584e+000 -3.1328e+000 -5.0000e+000
170 0 +7.404203731e+001 +4.482203731e+001 +4.482203731e+001 -3.4210e-001 -2.5759e+000 +4.4663e+000 -8.2177e+000 +5.4735e+000 +7.0397e+000 -1.3599e+000 -4.1509e+000 -8.8998e+000 -5.0000e+000
212 0 +7.025906429e+001 +4.103906429e+001 +4.103906429e+001 +9.2915e-001 +3.0590e+000 +4.3486e+000 -3.3229e+000 +8.9193e+000 +1.5118e+000 -3.3066e+000 -5.0845e+000 -5.7853e+000 -5.0000e+000
230 0 +6.361683597e+001 +3.439683597e+001 +3.439683597e+001 -2.2978e+000 -3.0807e+000 +7.1630e+000 -6.7041e+000 +5.7226e+000 +9.6137e+000 -2.2300e+000 -5.8856e+000 -6.1984e+000 -4.9926e+000
244 0 +5.787459329e+001 +2.865459329e+001 +2.865459329e+001 -4.7033e-001 +2.3866e+000 +2.4550e+000 -5.0960e+000 +3.0818e+000 +4.3911e+000 -4.5493e+000 -7.0983e+000 -1.0344e+001 -5.0000e+000
306 0 +5.447439108e+001 +2.525439108e+001 +2.525439108e+001 -1.4717e+000 +1.5386e+000 +4.9684e+000 -6.4175e+000 +4.5419e+000 +6.4407e+000 -5.0548e+000 -7.5212e+000 -1.2714e+001 -5.0000e+000
332 0 +4.928032344e+001 +2.006032344e+001 +2.006032344e+001 +5.8735e-001 -1.1199e+000 +3.0056e+000 -5.9880e+000 +6.9221e+000 +5.1500e+000 -6.7497e+000 -4.7240e+000 -1.5235e+001 -5.0000e+000
360 0 +4.526927976e+001 +1.604927976e+001 +1.604927976e+001 -3.4410e+000 -6.5216e-001 +1.5867e-001 -6.6853e+000 +3.4494e+000 +5.3886e+000 -5.4698e+000 -6.5600e+000 -1.4858e+001 -5.0000e+000
426 0 +4.395857345e+001 +1.473857345e+001 +1.473857345e+001 -3.8746e+000 +2.3230e-001 +3.2275e-001 -6.5241e+000 +4.1487e+000 +6.5192e+000 -6.0334e+000 -7.6557e+000 -1.7518e+001 -5.0000e+000
448 0 +4.334474613e+001 +1.412474613e+001 +1.412474613e+001 -4.5663e+000 +2.1469e+000 +9.2265e-001 -4.7795e+000 +5.7985e+000 +8.8714e+000 -6.0780e+000 -4.5443e+000 -1.6158e+001 -5.0000e+000
504 0 +3.785382873e+001 +8.633828732e+000 +8.633828732e+000 -4.5758e+000 -4.4385e-001 +2.4873e-002 -5.7514e+000 +5.0991e+000 +6.7451e+000 -7.6750e+000 -9.5619e+000 -1.7154e+001 -5.0000e+000
604 0 +3.494116920e+001 +5.721169204e+000 +5.721169204e+000 -5.3783e+000 -1.3923e+000 -1.1304e+000 -6.0594e+000 +5.7879e+000 +7.5119e+000 -7.5429e+000 -1.0057e+001 -1.9065e+001 -5.0000e+000
616 0 +3.247518516e+001 +3.255185163e+000 +3.255185163e+000 -6.1158e+000 -1.4661e+000 -2.8401e+000 -6.2828e+000 +5.2584e+000 +7.4349e+000 -6.1830e+000 -9.0067e+000 -2.2750e+001 -5.0000e+000
704 0 +3.177156697e+001 +2.551566969e+000 +2.551566969e+000 -7.9871e+000 -4.8786e-001 -3.3403e+000 -5.7571e+000 +7.0917e+000 +9.1350e+000 -8.3368e+000 -8.5800e+000 -2.4483e+001 -5.0000e+000
706 0 +2.860932025e+001 -6.106797512e-001 -6.106797512e-001 -9.3862e+000 -5.5876e-001 -4.4213e+000 -5.1688e+000 +8.0214e+000 +9.3413e+000 -7.6332e+000 -7.2447e+000 -2.8057e+001 -5.0000e+000
714 0 +2.691533947e+001 -2.304660533e+000 -2.304660533e+000 -9.7579e+000 -6.2751e-001 -5.5088e+000 -4.8718e+000 +7.8324e+000 +8.7693e+000 -7.9697e+000 -7.3695e+000 -2.9179e+001 -5.0000e+000
806 0 +2.452536267e+001 -4.694637333e+000 -4.694637333e+000 -1.1596e+001 -1.0313e+000 -6.6261e+000 -4.0045e+000 +8.6263e+000 +9.2442e+000 -8.0340e+000 -6.4431e+000 -3.1382e+001 -5.0000e+000
820 0 +2.206821579e+001 -7.151784214e+000 -7.151784214e+000 -1.0960e+001 -1.6390e+000 -6.5513e+000 -3.2283e+000 +8.3492e+000 +9.8495e+000 -7.1483e+000 -8.0025e+000 -3.0592e+001 -5.0000e+000
821 0 +2.171378391e+001 -7.506216090e+000 -7.506216090e+000 -1.0578e+001 -1.2554e+000 -6.1947e+000 -2.8338e+000 +9.1555e+000 +8.5832e+000 -6.2223e+000 -7.4781e+000 -2.7687e+001 -5.0000e+000
912 0 +2.135523208e+001 -7.864767921e+000 -7.864767921e+000 -1.1290e+001 -9.2585e-001 -6.9069e+000 -2.4698e+000 +9.5868e+000 +8.6480e+000 -6.9432e+000 -7.1617e+000 -2.8974e+001 -5.0000e+000
920 0 +1.906218228e+001 -1.015781772e+001 -1.015781772e+001 -1.1874e+001 -2.1624e+000 -7.8389e+000 -2.1468e+000 +8.9469e+000 +9.6327e+000 -6.4693e+000 -7.8054e+000 -3.1925e+001 -5.0000e+000
931 0 +1.904942187e+001 -1.017057813e+001 -1.017057813e+001 -6.9106e+000 -2.2868e+000 -4.6745e+000 -1.9635e+000 +7.1893e+000 +6.8735e+000 -5.6632e+000 -5.8416e+000 -2.1966e+001 -5.0000e+000
949 0 +1.655404828e+001 -1.266595172e+001 -1.266595172e+001 -1.2782e+001 -2.2413e+000 -7.7743e+000 -1.0299e+000 +1.0248e+001 +9.7933e+000 -6.1045e+000 -6.5975e+000 -3.1555e+001 -5.0000e+000
1002 0 +1.609136693e+001 -1.312863307e+001 -1.312863307e+001 -1.3216e+001 -2.2092e+000 -7.9228e+000 -7.9590e-001 +1.0259e+001 +9.7744e+000 -6.2343e+000 -6.2413e+000 -3.2139e+001 -5.0000e+000
1003 0 +1.423285798e+001 -1.498714202e+001 -1.498714202e+001 -1.3344e+001 -2.6060e+000 -8.5523e+000 -1.7117e-001 +1.0091e+001 +9.2584e+000 -5.6063e+000 -5.7607e+000 -3.0626e+001 -5.0000e+000
1015 0 +1.303942099e+001 -1.618057901e+001 -1.618057901e+001 -1.3145e+001 -2.5425e+000 -8.9130e+000 +4.2085e-001 +9.8758e+000 +8.1455e+000 -5.6504e+000 -5.9827e+000 -2.9836e+001 -5.0000e+000
1049 0 +1.223186511e+001 -1.698813489e+001 -1.698813489e+001 -1.4123e+001 -2.8971e+000 -8.9247e+000 +5.8316e-001 +1.1276e+001 +1.0035e+001 -5.3244e+000 -6.3181e+000 -3.2390e+001 -5.0000e+000
1095 0 +1.167032118e+001 -1.754967882e+001 -1.754967882e+001 -1.4478e+001 -1.5708e+000 -8.0473e+000 +1.9454e+000 +1.0834e+001 +7.8379e+000 -6.3541e+000 -4.8899e+000 -2.9633e+001 -5.0000e+000
1108 0 +1.119781740e+001 -1.802218260e+001 -1.802218260e+001 -1.5349e+001 -2.6951e+000 -8.9227e+000 +2.0991e+000 +1.1477e+001 +8.2652e+000 -5.7814e+000 -4.6712e+000 -3.1078e+001 -5.0000e+000
1109 0 +1.071370988e+001 -1.850629012e+001 -1.850629012e+001 -1.4840e+001 -2.3361e+000 -9.1760e+000 +1.6241e+000 +1.1869e+001 +9.1065e+000 -5.4847e+000 -5.4301e+000 -3.1953e+001 -5.0000e+000
1110 0 +9.402319672e+000 -1.981768033e+001 -1.981768033e+001 -1.5282e+001 -2.3174e+000 -8.8832e+000 +2.2440e+000 +1.1370e+001 +8.7253e+000 -6.4595e+000 -5.0249e+000 -3.1144e+001 -5.0000e+000
1115 0 +8.083090349e+000 -2.113690965e+001 -2.113690965e+001 -1.4619e+001 -2.7001e+000 -9.2699e+000 +2.6269e+000 +1.0763e+001 +7.8071e+000 -5.3884e+000 -5.0232e+000 -3.0021e+001 -5.0000e+000
1206 0 +7.831414804e+000 -2.138858520e+001 -2.138858520e+001 -1.5388e+001 -2.6252e+000 -9.2589e+000 +4.3772e+000 +1.1405e+001 +7.3941e+000 -5.0653e+000 -4.4291e+000 -2.9169e+001 -5.0000e+000
1211 0 +6.877792083e+000 -2.234220792e+001 -2.234220792e+001 -1.5071e+001 -3.0787e+000 -9.6375e+000 +3.5179e+000 +1.0839e+001 +7.8187e+000 -4.8589e+000 -4.9085e+000 -3.0116e+001 -5.0000e+000
1217 0 +6.470171504e+000 -2.274982850e+001 -2.274982850e+001 -1.5000e+001 -3.1109e+000 -9.1278e+000 +3.4395e+000 +1.1382e+001 +8.3255e+000 -4.8560e+000 -5.2683e+000 -3.0723e+001 -5.0000e+000
1307 0 +6.353290779e+000 -2.286670922e+001 -2.286670922e+001 -1.5207e+001 -3.3208e+000 -9.2230e+000 +3.7821e+000 +1.1561e+001 +8.2703e+000 -4.6638e+000 -5.0902e+000 -3.0760e+001 -5.0000e+000
1311 0 +6.227007276e+000 -2.299299272e+001 -2.299299272e+001 -1.5590e+001 -3.2222e+000 -9.4901e+000 +4.3862e+000 +1.1613e+001 +7.8402e+000 -4.8360e+000 -4.6918e+000 -3.0608e+001 -5.0000e+000
1316 0 +5.485122175e+000 -2.373487783e+001 -2.373487783e+001 -1.5538e+001 -3.1501e+000 -9.4954e+000 +4.0869e+000 +1.1514e+001 +8.1135e+000 -4.9025e+000 -4.8872e+000 -3.0878e+001 -5.0000e+000
1317 0 +5.254980208e+000 -2.396501979e+001 -2.396501979e+001 -1.5241e+001 -3.1144e+000 -9.2053e+000 +4.3501e+000 +1.1276e+001 +7.5838e+000 -4.8201e+000 -4.9026e+000 -2.9868e+001 -5.0000e+000
1322 0 +4.187881845e+000 -2.503211815e+001 -2.503211815e+001 -1.5446e+001 -3.6388e+000 -9.4150e+000 +4.3444e+000 +1.1466e+001 +8.0660e+000 -5.1497e+000 -4.8303e+000 -3.0774e+001 -5.0000e+000
1404 0 +3.055255359e+000 -2.616474464e+001 -2.616474464e+001 -1.5693e+001 -4.0200e+000 -9.6235e+000 +4.9315e+000 +1.1596e+001 +8.1429e+000 -4.8845e+000 -4.8155e+000 -3.0915e+001 -5.0000e+000
1422 0 +2.991610768e+000 -2.622838923e+001 -2.622838923e+001 -1.5780e+001 -4.1903e+000 -9.4265e+000 +5.3960e+000 +1.1702e+001 +8.0185e+000 -4.9733e+000 -4.6961e+000 -3.0790e+001 -5.0000e+000
1461 0 +2.670088176e+000 -2.654991182e+001 -2.654991182e+001 -1.5563e+001 -4.1149e+000 -9.2730e+000 +4.8934e+000 +1.1431e+001 +8.1555e+000 -4.7594e+000 -4.9699e+000 -3.0645e+001 -5.0000e+000
1473 0 +2.445107152e+000 -2.677489285e+001 -2.677489285e+001 -1.6005e+001 -3.8081e+000 -9.7053e+000 +4.9671e+000 +1.2083e+001 +8.3127e+000 -4.9965e+000 -4.8635e+000 -3.1983e+001 -5.0000e+000
1503 0 +1.671447875e+000 -2.754855212e+001 -2.754855212e+001 -1.5953e+001 -3.9312e+000 -9.7591e+000 +4.9522e+000 +1.2036e+001 +8.3369e+000 -4.9725e+000 -4.9899e+000 -3.2045e+001 -5.0000e+000
1510 0 +1.007829690e+000 -2.821217031e+001 -2.821217031e+001 -1.5473e+001 -4.2298e+000 -9.3760e+000 +4.9939e+000 +1.1803e+001 +8.3669e+000 -5.0300e+000 -5.0194e+000 -3.1467e+001 -5.0000e+000
1603 0 +7.421565406e-001 -2.847784346e+001 -2.847784346e+001 -1.5875e+001 -4.4558e+000 -9.6267e+000 +5.1100e+000 +1.2166e+001 +8.7862e+000 -4.9915e+000 -5.1102e+000 -3.2586e+001 -5.0000e+000
1610 0 +6.605901482e-001 -2.855940985e+001 -2.855940985e+001 -1.5456e+001 -4.4885e+000 -9.2680e+000 +5.1597e+000 +1.1926e+001 +8.5868e+000 -5.2509e+000 -5.0874e+000 -3.1800e+001 -5.0000e+000
1675 0 +5.995934063e-001 -2.862040659e+001 -2.862040659e+001 -1.5867e+001 -4.7056e+000 -9.6532e+000 +5.5177e+000 +1.2222e+001 +8.4410e+000 -4.9784e+000 -4.9801e+000 -3.2312e+001 -5.0000e+000
1703 0 +3.010131409e-001 -2.891898686e+001 -2.891898686e+001 -1.5834e+001 -4.7737e+000 -9.5664e+000 +5.2797e+000 +1.2244e+001 +8.9339e+000 -4.9981e+000 -5.1414e+000 -3.2795e+001 -5.0000e+000
1717 0 +2.532503588e-001 -2.896674964e+001 -2.896674964e+001 -1.5743e+001 -4.8039e+000 -9.5743e+000 +5.3342e+000 +1.2225e+001 +8.7963e+000 -5.0828e+000 -5.0886e+000 -3.2601e+001 -5.0000e+000
1731 0 +1.163720231e-001 -2.910362798e+001 -2.910362798e+001 -1.5811e+001 -4.9162e+000 -9.6424e+000 +5.5862e+000 +1.2348e+001 +8.7212e+000 -4.9982e+000 -5.0965e+000 -3.2722e+001 -5.0000e+000
1764 0 +4.900668015e-003 -2.921509933e+001 -2.921509933e+001 -1.5723e+001 -4.9962e+000 -9.6642e+000 +5.6863e+000 +1.2316e+001 +8.6486e+000 -5.0644e+000 -5.0772e+000 -3.2737e+001 -5.0000e+000
1802 0 +0.000000000e+000 -2.922000000e+001 -2.922000000e+001 -1.5360e+001 -5.0702e+000 -9.9373e+000 +5.7419e+000 +1.2427e+001 +8.3762e+000 -5.0794e+000 -5.6318e+000 -3.1998e+001 -5.0000e+000
% f evaluations | g evaluations | best noise-free fitness - Fopt (-4.096000000000e+001) + sum g_i+ | measured fitness | best measured fitness or single-digit g-values | x1 | x2...
1 0 +2.043476306e+002 +1.633876306e+002 +1.633876306e+002 +0.0000e+000 +0.0000e+000 +0.0000e+000 +0.0000e+000 +0.0000e+000 +0.0000e+000 +0.0000e+000 +0.0000e+000 +0.0000e+000 +0.0000e+000
3 0 +1.964490350e+002 +1.554890350e+002 +1.554890350e+002 +2.7191e+000 -1.3342e+000 -1.1788e+000 +3.0774e+000 -2.9274e+000 +1.5243e+000 -4.4370e+000 -2.0033e+000 +1.7384e+000 -1.8716e+000
4 0 +1.902728340e+002 +1.493128340e+002 +1.493128340e+002 +4.9806e+000 -6.1979e-001 +3.0508e+000 -1.0691e+000 -1.3251e+000 +4.5101e+000 -2.3308e+000 +2.8340e+000 -2.1651e+000 -3.0223e+000
6 0 +1.768085031e+002 +1.358485031e+002 +1.358485031e+002 +1.9540e+000 +3.8663e+000 +1.9761e-002 +6.0837e-001 +1.1802e+000 -2.8399e+000 +1.3660e+000 -2.0197e-001 -7.4780e-001 -1.2986e+000
13 0 +1.592634530e+002 +1.183034530e+002 +1.183034530e+002 -2.3784e+000 -2.7923e+000 +4.7369e+000 +2.8060e+000 +5.7183e-001 +2.8977e+000 +3.0628e+000 +4.8706e+000 -4.2636e+000 -3.8724e+000
17 0 +1.499112327e+002 +1.089512327e+002 +1.089512327e+002 +1.3858e+000 +5.2706e-001 +2.2441e+000 +3.5159e+000 +2.2653e+000 -7.1543e-001 -4.4848e+000 +4.7244e+000 -9.7444e-001 -4.4824e+000
26 0 +1.467956538e+002 +1.058356538e+002 +1.058356538e+002 -1.1761e+000 +4.7339e+000 +3.9930e+000 +2.1449e-001 +1.6760e+000 -3.6841e+000 -2.0617e+000 -2.3485e+000 +3.5861e+000 -3.2797e+000
31 0 +1.405052554e+002 +9.954525538e+001 +9.954525538e+001 +3.2647e+000 -2.6671e+000 -1.0173e+000 +3.5233e+000 -3.6173e+000 -3.3600e+000 -2.1161e+000 +1.6496e+000 +3.0611e+000 -1.2219e+000
92 0 +1.179644261e+002 +7.700442614e+001 +7.700442614e+001 -4.8814e+000 -7.5558e-001 +4.1243e+000 -4.7441e+000 -2.1212e+000 +3.5251e+000 +4.7786e+000 -2.9593e-001 +4.9646e+000 -4.3502e+000
112 0 +7.402352147e+001 +3.306352147e+001 +3.306352147e+001 -5.4480e+000 +4.5680e+000 +2.6748e+000 -4.8674e-001 -3.3206e+000 -1.2689e+000 +6.5570e+000 +1.8209e+000 +6.3679e+000 -3.9822e+000
212 0 +3.467073297e+001 -6.289267033e+000 -6.289267033e+000 -9.5202e+000 +6.3095e+000 +2.5624e+000 +9.6351e-001 -5.5641e+000 -3.7089e+000 +1.1870e+001 +4.5416e+000 +1.0956e+001 -5.0000e+000
308 0 +3.211098480e+001 -8.849015204e+000 -8.849015204e+000 -8.9672e+000 +7.2569e+000 +6.8405e+000 -4.3653e-001 -5.3204e+000 -4.6664e+000 +1.0873e+001 +4.1272e+000 +1.0914e+001 -5.0000e+000
312 0 +2.810598781e+001 -1.285401219e+001 -1.285401219e+001 -1.1556e+001 +7.1803e+000 +2.5062e+000 +1.6886e+000 -6.6858e+000 -4.9288e+000 +1.4526e+001 +5.9020e+000 +1.3250e+001 -5.0000e+000
322 0 +2.710399138e+001 -1.385600862e+001 -1.385600862e+001 -1.0023e+001 +1.0255e+001 +4.9217e+000 +7.0892e+000 -3.1797e+000 -6.5449e+000 +1.3677e+001 +6.7885e+000 +1.2918e+001 -4.3115e+000
330 0 +1.795608449e+001 -2.300391551e+001 -2.300391551e+001 -7.3320e+000 +5.0474e+000 +2.3614e+000 +4.4325e+000 -8.5302e+000 -8.2868e+000 +1.1098e+001 +8.8275e+000 +1.1001e+001 -5.0000e+000
421 0 +1.709282069e+001 -2.386717931e+001 -2.386717931e+001 -1.0866e+001 +7.8291e+000 +4.2645e+000 +5.0889e+000 -5.8534e+000 -5.5929e+000 +1.2768e+001 +7.3959e+000 +1.2252e+001 -5.0000e+000
422 0 +1.692232200e+001 -2.403767800e+001 -2.403767800e+001 -9.3084e+000 +7.3619e+000 +3.4330e+000 +6.2263e+000 -9.1260e+000 -9.4182e+000 +1.5195e+001 +1.0554e+001 +1.4560e+001 -5.0000e+000
439 0 +1.570924678e+001 -2.525075322e+001 -2.525075322e+001 -9.2423e+000 +9.1733e+000 +5.0255e+000 +4.3191e+000 -1.1255e+001 -6.1058e+000 +1.8643e+001 +7.7001e+000 +1.6749e+001 -5.0000e+000
452 0 +1.526815599e+001 -2.569184401e+001 -2.569184401e+001 -7.4663e+000 +7.6360e+000 +3.3204e+000 +5.3510e+000 -7.8690e+000 -9.3549e+000 +1.2839e+001 +6.9818e+000 +1.0944e+001 -5.0000e+000
505 0 +1.379368734e+001 -2.716631266e+001 -2.716631266e+001 -7.7788e+000 +8.5421e+000 +4.3916e+000 +5.6368e+000 -8.4831e+000 -8.5236e+000 +1.4809e+001 +6.6118e+000 +1.3600e+001 -5.0000e+000
567 0 +1.297742012e+001 -2.798257988e+001 -2.798257988e+001 -5.9823e+000 +8.6634e+000 +3.8040e+000 +7.7432e+000 -1.1305e+001 -1.3094e+001 +1.6042e+001 +1.0361e+001 +1.3369e+001 -5.0000e+000
605 0 +1.169397997e+001 -2.926602003e+001 -2.926602003e+001 -6.0656e+000 +9.3406e+000 +4.6233e+000 +9.0343e+000 -1.1869e+001 -1.3990e+001 +1.6477e+001 +1.0153e+001 +1.4368e+001 -5.0000e+000
614 0 +1.101562921e+001 -2.994437079e+001 -2.994437079e+001 -4.2390e+000 +9.7397e+000 +3.9349e+000 +9.6639e+000 -1.0746e+001 -1.5277e+001 +1.5985e+001 +1.0864e+001 +1.2789e+001 -5.0000e+000
667 0 +1.008770907e+001 -3.087229093e+001 -3.087229093e+001 -4.3129e+000 +1.0386e+001 +4.5355e+000 +1.0101e+001 -1.2775e+001 -1.5834e+001 +1.8665e+001 +1.1837e+001 +1.4384e+001 -5.0000e+000
702 0 +9.864065894e+000 -3.109593411e+001 -3.109593411e+001 -3.1346e+000 +9.7306e+000 +3.9632e+000 +1.1891e+001 -1.4696e+001 -1.8009e+001 +1.8237e+001 +1.2989e+001 +1.3339e+001 -5.0000e+000
705 0 +9.318615091e+000 -3.164138491e+001 -3.164138491e+001 -3.7626e+000 +1.0603e+001 +4.6667e+000 +1.1613e+001 -1.4310e+001 -1.8245e+001 +1.9117e+001 +1.3314e+001 +1.4765e+001 -5.0000e+000
707 0 +8.494668643e+000 -3.246533136e+001 -3.246533136e+001 -2.6989e+000 +1.1543e+001 +4.5230e+000 +1.1201e+001 -1.3750e+001 -1.6151e+001 +1.7373e+001 +1.2610e+001 +1.6061e+001 -5.0000e+000
731 0 +4.115701861e+000 -3.684429814e+001 -3.684429814e+001 +8.8430e-001 +1.0915e+001 +5.0812e+000 +1.2485e+001 -1.2613e+001 -1.7538e+001 +1.3777e+001 +1.1644e+001 +1.1438e+001 -5.0000e+000
802 0 +2.956979142e+000 -3.800302086e+001 -3.800302086e+001 +2.0430e+000 +1.0886e+001 +5.3775e+000 +1.4161e+001 -1.4488e+001 -1.9586e+001 +1.5406e+001 +1.2576e+001 +1.1750e+001 -5.0000e+000
828 0 +2.832635278e+000 -3.812736472e+001 -3.812736472e+001 +2.1674e+000 +1.1650e+001 +5.4068e+000 +1.3511e+001 -1.3492e+001 -1.8424e+001 +1.5253e+001 +1.2094e+001 +1.1635e+001 -5.0000e+000
831 0 +1.349306672e+000 -3.961069333e+001 -3.961069333e+001 +3.6507e+000 +1.1828e+001 +5.5289e+000 +1.4999e+001 -1.4021e+001 -2.0420e+001 +1.4831e+001 +1.2656e+001 +1.1631e+001 -5.0000e+000
902 0 +2.977464071e-001 -4.066225359e+001 -4.066225359e+001 +4.7023e+000 +1.1504e+001 +6.0913e+000 +1.5332e+001 -1.4364e+001 -2.0411e+001 +1.3966e+001 +1.2373e+001 +1.0950e+001 -5.0000e+000
906 0 +1.863274851e-002 -4.094136725e+001 -4.094136725e+001 +4.9814e+000 +1.2290e+001 +5.7683e+000 +1.5655e+001 -1.4077e+001 -2.1003e+001 +1.4523e+001 +1.2676e+001 +1.1138e+001 -5.0000e+000
908 0 +0.000000000e+000 -4.096000000e+001 -4.096000000e+001 +5.7159e+000 +1.2213e+001 +6.1818e+000 +1.5947e+001 -1.4078e+001 -2.1315e+001 +1.3273e+001 +1.2844e+001 +1.0900e+001 -5.0000e+000
