% f evaluations | g evaluations | best noise-free fitness - Fopt (4.078000000000e+001) + sum g_i+ | measured fitness | best measured fitness or single-digit g-values | x1 | x2...
1 0 +6.694655269e+001 +1.077265527e+002 +1.077265527e+002 +0.0000e+000 +0.0000e+000 +0.0000e+000 +0.0000e+000 +0.0000e+000 +0.0000e+000 +0.0000e+000 +0.0000e+000 +0.0000e+000 +0.0000e+000
16 0 +6.458359396e+001 +1.053635940e+002 +1.053635940e+002 +1.6630e+000 +7.0972e-002 +4.9719e+000 +2.4768e+000 -3.2521e+000 +2.4615e+000 -3.6731e+000 -1.4934e+000 -2.0237e-001 -4.5643e+000
308 0 +5.331236358e+001 +9.409236358e+001 +9.409236358e+001 +2.3902e+000 +8.6755e-001 +3.4954e+000 +8.8280e-001 -2.6752e+000 +2.9117e+000 -3.4749e+000 -1.1745e+000 +9.8945e-001 -4.3537e+000
508 0 +3.900240217e+001 +7.978240217e+001 +7.978240217e+001 +2.5560e+000 +1.4571e+000 +3.0703e+000 +5.3854e-001 -2.5014e+000 +3.0438e+000 -3.7173e+000 -1.5144e+000 +1.4763e+000 -4.4294e+000
1060 0 +3.799013676e+001 +7.877013676e+001 +7.877013676e+001 +1.4590e+000 -1.3063e+000 +1.3900e+000 -5.1187e-001 +1.9488e-001 +1.8839e+000 -5.5433e+000 -1.3990e+000 +3.1239e+000 -2.1749e+000
1182 0 +3.144561594e+001 +7.222561594e+001 +7.222561594e+001 +2.0222e+000 +5.4238e-001 +2.6986e+000 +5.1020e-001 -1.6029e+000 +2.8478e+000 -3.9229e+000 -1.2140e+000 +1.6429e+000 -7.3391e-001
1206 0 +3.085966393e+001 +7.163966393e+001 +7.163966393e+001 +1.3371e+000 -2.0131e-001 +2.0367e+000 -1.1395e-001 -1.1480e+000 +2.3245e+000 -4.8098e+000 -1.4653e+000 +1.8976e+000 -3.4141e+000
1282 0 +2.112202574e+001 +6.190202574e+001 +6.190202574e+001 +2.3055e+000 +7.4484e-001 +1.6879e+000 -2.4523e+000 -1.0897e+000 +2.4649e-001 -5.9693e+000 -1.3257e+000 +2.7886e+000 -1.2077e+000
1347 0 +1.767263798e+001 +5.845263798e+001 +5.845263798e+001 +1.9775e+000 +6.4119e-001 +1.7135e+000 -2.4342e+000 -8.3632e-001 +9.0655e-001 -6.0708e+000 -1.1514e+000 +3.0850e+000 -2.8798e-001
1499 0 +1.703961814e+001 +5.781961814e+001 +5.781961814e+001 +1.5563e+000 -3.2409e-001 +2.0921e+000 -6.3404e-001 -1.6532e+000 +1.8513e+000 -5.6708e+000 -1.2364e+000 +2.3470e+000 -1.3280e+000
1628 0 +1.207721991e+001 +5.285721991e+001 +5.285721991e+001 +2.7450e+000 -1.4377e-001 +1.0419e+000 -1.6175e+000 -7.7853e-001 +1.7091e+000 -6.0411e+000 -1.0610e+000 +3.8020e+000 -1.4758e+000
1828 0 +1.047810071e+001 +5.125810071e+001 +5.125810071e+001 +2.1769e+000 -5.3583e-002 +2.0675e+000 -5.8687e-001 -1.2428e+000 +2.2147e+000 -5.1877e+000 -1.2005e+000 +2.5218e+000 -2.1009e+000
1986 0 +1.009390641e+001 +5.087390641e+001 +5.087390641e+001 +2.0665e+000 +3.2387e-001 +1.7770e+000 -1.2773e+000 -1.1669e+000 +1.9984e+000 -5.5161e+000 -9.8204e-001 +3.0187e+000 -1.1756e+000
2180 0 +9.886217205e+000 +5.066621720e+001 +5.066621720e+001 +2.0922e+000 +3.4829e-001 +1.7678e+000 -1.2324e+000 -1.2202e+000 +1.9813e+000 -5.4701e+000 -1.0102e+000 +2.9869e+000 -1.1771e+000
2902 0 +8.891075029e+000 +4.967107503e+001 +4.967107503e+001 +2.1454e+000 +3.6206e-001 +1.6263e+000 -1.4174e+000 -1.1767e+000 +1.9447e+000 -5.5103e+000 -1.0976e+000 +3.0269e+000 -1.2248e+000
4160 0 +8.688794102e+000 +4.946879410e+001 +4.946879410e+001 +2.0396e+000 +4.0593e-001 +1.8278e+000 -1.2126e+000 -1.3589e+000 +2.0776e+000 -5.3187e+000 -1.0364e+000 +2.8097e+000 -1.1914e+000
5886 0 +8.470270297e+000 +4.925027030e+001 +4.925027030e+001 +2.1729e+000 +3.9407e-001 +1.4962e+000 -1.4911e+000 -1.3332e+000 +2.0328e+000 -5.6132e+000 -1.0590e+000 +2.9848e+000 -1.3500e+000
6365 0 +7.758192868e+000 +4.853819287e+001 +4.853819287e+001 +2.3429e+000 +2.5941e-001 +1.5720e+000 -1.1912e+000 -1.2687e+000 +2.3632e+000 -5.2604e+000 -9.7839e-001 +3.0184e+000 -1.3531e+000
9265 0 +7.502436234e+000 +4.828243623e+001 +4.828243623e+001 +2.5505e+000 +1.3463e-002 +1.6964e+000 -6.4512e-001 -1.3184e+000 +2.7145e+000 -4.8738e+000 -1.0003e+000 +2.8863e+000 -1.5412e+000
9375 0 +7.410922493e+000 +4.819092249e+001 +4.819092249e+001 +2.4339e+000 +1.9956e-001 +1.5992e+000 -8.8942e-001 -1.3991e+000 +2.3890e+000 -5.1796e+000 -1.0083e+000 +2.8999e+000 -1.4603e+000
9761 0 +5.996916245e+000 +4.677691625e+001 +4.677691625e+001 +2.6612e+000 +4.9504e-001 +1.0024e+000 -1.1329e+000 -1.6220e+000 +2.7540e+000 -5.0642e+000 -1.0136e+000 +2.8783e+000 -3.3935e-001
% f evaluations | g evaluations | best noise-free fitness - Fopt (-1.600000000000e+000) + sum g_i+ | measured fitness | best measured fitness or single-digit g-values | x1 | x2...
1 0 +7.884153396e+001 +7.724153396e+001 +7.724153396e+001 +0.0000e+000 +0.0000e+000 +0.0000e+000 +0.0000e+000 +0.0000e+000 +0.0000e+000 +0.0000e+000 +0.0000e+000 +0.0000e+000 +0.0000e+000
4 0 +7.571603745e+001 +7.411603745e+001 +7.411603745e+001 -3.8645e+000 -2.0681e+000 -1.4138e+000 +2.3461e+000 -1.3306e+000 -4.9916e+000 -2.5890e+000 -4.0382e+000 +1.9814e+000 +4.7148e+000
9 0 +6.868380560e+001 +6.708380560e+001 +6.708380560e+001 +4.6948e+000 -3.1656e+000 +1.5030e+000 -1.3952e-001 -2.1404e+000 -4.7441e-002 -4.8426e+000 -2.9984e+000 -9.7204e-001 +4.8916e-001
12 0 +1.676217855e+001 +1.516217855e+001 +1.516217855e+001 +2.6153e+000 -4.8958e-001 -1.5315e+000 +2.1986e+000 -2.3182e+000 -1.6480e+000 -4.1090e+000 -3.5014e+000 +1.5585e+000 +3.0713e+000
224 0 +1.096625955e+001 +9.366259554e+000 +9.366259554e+000 +2.1604e+000 -7.3565e-001 +3.0364e-001 +3.2916e+000 -1.5926e+000 -1.2809e+000 -4.3306e+000 -1.5903e+000 +8.1218e-001 +5.0000e+000
525 0 +8.701038906e+000 +7.101038906e+000 +7.101038906e+000 +1.6087e+000 -1.4062e+000 -5.9016e-001 +2.3852e+000 -2.4137e+000 -1.8826e+000 -3.1924e+000 -1.5575e+000 +8.9948e-001 +5.0000e+000
640 0 +6.398214552e+000 +4.798214552e+000 +4.798214552e+000 +2.0600e+000 -8.2671e-001 -1.9815e-002 +3.0299e+000 -1.8300e+000 -1.4503e+000 -4.1138e+000 -1.8080e+000 +8.8264e-001 +4.4198e+000
1110 0 +6.082917353e+000 +4.482917353e+000 +4.482917353e+000 +1.9108e+000 -1.0722e+000 -7.5034e-001 +1.9716e+000 -1.4409e+000 -1.5406e+000 -3.8001e+000 -3.2150e+000 +1.0657e+000 +2.7247e+000
1147 0 +3.972552629e+000 +2.372552629e+000 +2.372552629e+000 +1.2342e+000 -1.3998e+000 +9.9766e-001 +2.7291e+000 -2.1878e+000 -8.4730e-001 -4.4423e+000 -1.8809e+000 +6.2628e-001 +5.0000e+000
1310 0 +2.558373844e+000 +9.583738443e-001 +9.583738443e-001 +1.4955e+000 -1.3113e+000 +7.7483e-001 +2.7264e+000 -1.7824e+000 -8.5213e-001 -4.2361e+000 -2.3150e+000 +5.0723e-001 +4.4274e+000
1495 0 +2.142124455e+000 +5.421244553e-001 +5.421244553e-001 +1.4441e+000 -1.3467e+000 +6.0111e-001 +2.7131e+000 -1.8462e+000 -1.0072e+000 -4.1630e+000 -2.2653e+000 +3.6432e-001 +4.5561e+000
1894 0 +2.000269450e+000 +4.002694502e-001 +4.002694502e-001 +1.2775e+000 -1.4701e+000 +8.0394e-001 +2.8736e+000 -2.0408e+000 -9.1248e-001 -3.8962e+000 -1.8226e+000 +7.4095e-001 +4.4803e+000
2194 0 +1.957878525e+000 +3.578785252e-001 +3.578785252e-001 +9.3782e-001 -1.8778e+000 +1.0395e+000 +2.9533e+000 -2.1245e+000 -7.1203e-001 -3.4276e+000 -1.6851e+000 +7.5054e-001 +4.6164e+000
2246 0 +1.731284673e+000 +1.312846727e-001 +1.312846727e-001 +1.2466e+000 -1.6109e+000 +8.9061e-001 +2.8764e+000 -1.9110e+000 -8.9091e-001 -3.8076e+000 -2.1111e+000 +4.7564e-001 +4.6740e+000
2360 0 +1.644720192e+000 +4.472019187e-002 +4.472019187e-002 +1.1317e+000 -1.7067e+000 +7.2815e-001 +2.9277e+000 -1.8238e+000 -1.3229e+000 -3.6119e+000 -2.1822e+000 +3.1271e-001 +4.7019e+000
2461 0 +1.438339347e+000 -1.616606531e-001 -1.616606531e-001 +1.3009e+000 -1.6348e+000 +9.1255e-001 +3.0009e+000 -2.0965e+000 -1.0712e+000 -3.0228e+000 -1.7665e+000 +4.5509e-001 +4.5994e+000
2524 0 +4.421255531e-001 -1.157874447e+000 -1.157874447e+000 +1.3808e+000 -1.7465e+000 -1.5207e-001 +2.4354e+000 -2.3158e+000 -1.5837e+000 -3.3379e+000 -3.4847e+000 +3.7049e-001 +4.6485e+000
2712 0 +1.898322701e-001 -1.410167730e+000 -1.410167730e+000 +1.4296e+000 -1.7007e+000 +3.2506e-001 +2.6354e+000 -2.1806e+000 -1.4481e+000 -3.2073e+000 -2.7610e+000 +4.3674e-001 +4.5314e+000
3267 0 +1.682967162e-001 -1.431703284e+000 -1.431703284e+000 +1.4308e+000 -1.7195e+000 +2.5059e-001 +2.6088e+000 -2.2337e+000 -1.5913e+000 -3.1162e+000 -2.9050e+000 +4.6804e-001 +4.5174e+000
3677 0 +1.593433694e-001 -1.440656631e+000 -1.440656631e+000 +1.4489e+000 -1.7325e+000 +2.0660e-001 +2.5762e+000 -2.2398e+000 -1.5868e+000 -3.1577e+000 -2.9807e+000 +4.8677e-001 +4.5372e+000
4233 0 +1.447368934e-001 -1.455263107e+000 -1.455263107e+000 +1.6107e+000 -1.8930e+000 +3.6062e-001 +2.6072e+000 -2.2620e+000 -1.4019e+000 -3.1768e+000 -2.7504e+000 +4.2497e-001 +4.5457e+000
4967 0 +1.441030404e-001 -1.455896960e+000 -1.455896960e+000 +1.5679e+000 -1.8329e+000 +2.6568e-001 +2.5659e+000 -2.3072e+000 -1.3886e+000 -3.2104e+000 -2.8388e+000 +4.3070e-001 +4.5499e+000
5061 0 +1.371249808e-001 -1.462875019e+000 -1.462875019e+000 +1.6569e+000 -1.8498e+000 +3.2293e-001 +2.5972e+000 -2.3063e+000 -1.4139e+000 -3.0825e+000 -2.7954e+000 +4.0130e-001 +4.5391e+000
5178 0 +1.260255426e-001 -1.473974457e+000 -1.473974457e+000 +1.5053e+000 -1.8271e+000 +4.1184e-001 +2.6778e+000 -2.4229e+000 -1.3701e+000 -3.2516e+000 -2.8807e+000 +4.3315e-001 +4.5423e+000
5444 0 +1.249422044e-001 -1.475057796e+000 -1.475057796e+000 +1.4375e+000 -1.7923e+000 +3.9822e-001 +2.7169e+000 -2.4243e+000 -1.5471e+000 -3.1626e+000 -3.0355e+000 +4.7794e-001 +4.5645e+000
6244 0 +1.227701129e-001 -1.477229887e+000 -1.477229887e+000 +1.4895e+000 -1.8169e+000 +3.7185e-001 +2.6767e+000 -2.3996e+000 -1.4889e+000 -3.1716e+000 -2.9678e+000 +4.5893e-001 +4.5574e+000
6941 0 +1.167239797e-001 -1.483276020e+000 -1.483276020e+000 +1.4705e+000 -1.7845e+000 +3.4915e-001 +2.6540e+000 -2.2417e+000 -1.5554e+000 -3.1744e+000 -2.9369e+000 +4.3477e-001 +4.4018e+000
7060 0 +1.102761509e-001 -1.489723849e+000 -1.489723849e+000 +1.5740e+000 -1.7296e+000 +2.5996e-001 +2.6354e+000 -2.2773e+000 -1.6012e+000 -3.1635e+000 -3.0411e+000 +4.8599e-001 +4.4232e+000
7567 0 +1.078914214e-001 -1.492108579e+000 -1.492108579e+000 +1.6223e+000 -1.7593e+000 +2.5269e-001 +2.6252e+000 -2.3047e+000 -1.5636e+000 -3.1628e+000 -3.0247e+000 +4.8508e-001 +4.4501e+000
7744 0 +1.069995959e-001 -1.493000404e+000 -1.493000404e+000 +1.6294e+000 -1.7793e+000 +2.7150e-001 +2.6308e+000 -2.3397e+000 -1.5237e+000 -3.1771e+000 -3.0090e+000 +4.8029e-001 +4.4691e+000
8543 0 +1.046450810e-001 -1.495354919e+000 -1.495354919e+000 +1.6550e+000 -1.7714e+000 +2.4402e-001 +2.6097e+000 -2.3173e+000 -1.5271e+000 -3.1547e+000 -3.0182e+000 +4.8736e-001 +4.4561e+000
8728 0 +1.003593877e-001 -1.499640612e+000 -1.499640612e+000 +1.7171e+000 -1.8897e+000 +4.1771e-001 +2.6468e+000 -2.2695e+000 -1.4415e+000 -3.1592e+000 -2.9051e+000 +5.1824e-001 +4.4622e+000
8867 0 +9.954187075e-002 -1.500458129e+000 -1.500458129e+000 +1.6737e+000 -1.8192e+000 +3.1721e-001 +2.6208e+000 -2.2919e+000 -1.4871e+000 -3.1480e+000 -2.9699e+000 +5.0032e-001 +4.4564e+000
9424 0 +9.770772920e-002 -1.502292271e+000 -1.502292271e+000 +1.6938e+000 -1.8545e+000 +3.5651e-001 +2.6176e+000 -2.3086e+000 -1.4428e+000 -3.1426e+000 -2.9611e+000 +5.3376e-001 +4.4527e+000
% f evaluations | g evaluations | best noise-free fitness - Fopt (-3.708400000000e+002) + sum g_i+ | measured fitness | best measured fitness or single-digit g-values | x1 | x2...
1 0 +6.478493794e+001 -3.060550621e+002 -3.060550621e+002 +0.0000e+000 +0.0000e+000 +0.0000e+000 +0.0000e+000 +0.0000e+000 +0.0000e+000 +0.0000e+000 +0.0000e+000 +0.0000e+000 +0.0000e+000
4 0 +4.350259078e+001 -3.273374092e+002 -3.273374092e+002 -4.4445e+000 +4.0936e+000 +2.8469e-001 -2.9487e+000 +3.4149e-001 +1.0853e+000 -1.0558e+000 -3.4931e-001 +1.9197e+000 -2.4432e-001
355 0 +3.968603272e+001 -3.311539673e+002 -3.311539673e+002 -4.3526e+000 +4.3728e+000 +1.8314e-001 -2.6873e+000 -5.7995e-002 +1.3984e+000 -8.0169e-001 -4.9466e-001 +2.0393e+000 -1.8049e-001
425 0 +2.486232453e+001 -3.459776755e+002 -3.459776755e+002 -3.3622e+000 +4.6432e+000 -7.6151e-002 -2.5750e+000 +6.0436e-001 +1.3020e+000 -1.1314e+000 -5.4057e-001 +2.6961e+000 -5.3950e-001
760 0 +2.387789692e+001 -3.469621031e+002 -3.469621031e+002 -3.7446e+000 +5.0541e+000 +2.0506e-001 -2.7172e+000 +8.1175e-001 +1.3642e+000 -1.0383e+000 -6.6937e-001 +2.7508e+000 -3.5489e-001
1049 0 +1.783321426e+001 -3.530067857e+002 -3.530067857e+002 -3.6096e+000 +5.4850e+000 +4.3318e-001 -2.7475e+000 +8.5661e-001 +1.6412e+000 -1.9789e+000 -8.0881e-001 +3.3152e+000 -2.3394e-001
1160 0 +1.768533157e+001 -3.531546684e+002 -3.531546684e+002 -2.4524e+000 +4.5041e+000 -4.0790e-001 -2.3344e+000 +3.4279e-001 +1.4613e+000 -2.1401e+000 -4.7344e-001 +3.2795e+000 -7.2007e-001
1260 0 +1.373221577e+001 -3.571077842e+002 -3.571077842e+002 -1.9940e+000 +4.5651e+000 -4.7211e-001 -2.2355e+000 +2.2568e-001 +1.6356e+000 -2.9636e+000 -4.8779e-001 +3.7339e+000 -7.6617e-001
1324 0 +1.116165499e+001 -3.596783450e+002 -3.596783450e+002 -2.2208e+000 +4.0639e+000 -2.8536e-001 -3.2201e+000 +7.7908e-003 +1.5695e+000 -1.9912e+000 +3.4745e-001 +4.3568e+000 -8.2861e-001
1744 0 +9.019260861e+000 -3.618207391e+002 -3.618207391e+002 -2.7971e+000 +4.7378e+000 -2.6536e-001 -3.2877e+000 +8.3491e-001 +1.8820e+000 -2.4609e+000 -2.3802e-001 +4.2324e+000 -6.8146e-001
2188 0 +8.796920637e+000 -3.620430794e+002 -3.620430794e+002 -2.4846e+000 +5.0057e+000 -1.7344e-001 -3.3301e+000 +8.5591e-001 +1.9260e+000 -2.6621e+000 -3.3122e-001 +4.5202e+000 -5.6029e-001
2424 0 +8.629643074e+000 -3.622103569e+002 -3.622103569e+002 -2.0069e+000 +4.6026e+000 -2.0302e-001 -3.1536e+000 +5.3797e-001 +1.8562e+000 -2.6247e+000 -1.6650e-001 +4.7051e+000 -5.8314e-001
2886 0 +8.125808092e+000 -3.627141919e+002 -3.627141919e+002 -2.5864e+000 +4.8389e+000 -4.5558e-001 -3.2059e+000 +6.2839e-001 +1.9149e+000 -2.5615e+000 -1.1059e-001 +4.3846e+000 -5.5412e-001
2964 0 +6.568118081e+000 -3.642718819e+002 -3.642718819e+002 -2.1891e+000 +4.5390e+000 -5.0334e-001 -3.2966e+000 -1.0200e-001 +1.6093e+000 -2.6497e+000 -3.4671e-001 +4.5251e+000 -2.8436e-001
3614 0 +6.420777096e+000 -3.644192229e+002 -3.644192229e+002 -2.0999e+000 +4.4464e+000 -5.5947e-001 -3.2508e+000 -3.1339e-001 +1.5131e+000 -2.6386e+000 -4.4089e-001 +4.5161e+000 -1.9825e-001
4652 0 +6.182319830e+000 -3.646576802e+002 -3.646576802e+002 -2.1030e+000 +4.5082e+000 -6.1613e-001 -3.1538e+000 -1.8699e-001 +1.4130e+000 -2.8814e+000 -7.8033e-001 +4.5180e+000 -2.0704e-001
4783 0 +6.055293348e+000 -3.647847067e+002 -3.647847067e+002 -2.0476e+000 +4.5054e+000 -5.7619e-001 -3.1702e+000 -2.5981e-001 +1.3820e+000 -2.6999e+000 -6.0655e-001 +4.5270e+000 -2.1662e-001
5159 0 +5.851041085e+000 -3.649889589e+002 -3.649889589e+002 -1.9467e+000 +4.4365e+000 -5.8521e-001 -3.1182e+000 -3.6395e-001 +1.2787e+000 -2.8384e+000 -7.1581e-001 +4.6031e+000 -1.6291e-001
5681 0 +5.675668949e+000 -3.651643311e+002 -3.651643311e+002 -2.0457e+000 +4.2375e+000 -7.4064e-001 -3.1900e+000 -2.6057e-001 +1.1799e+000 -2.6934e+000 -7.7973e-001 +4.5175e+000 -2.1895e-001
6697 0 +5.373283746e+000 -3.654667163e+002 -3.654667163e+002 -1.8988e+000 +4.1970e+000 -8.1542e-001 -3.2211e+000 -4.1322e-001 +1.1514e+000 -2.8052e+000 -7.2248e-001 +4.6503e+000 -1.8027e-001
7183 0 +5.299629626e+000 -3.655403704e+002 -3.655403704e+002 -1.8801e+000 +4.1577e+000 -7.9082e-001 -3.2380e+000 -4.0360e-001 +1.0484e+000 -2.6855e+000 -5.9476e-001 +4.7057e+000 -2.1771e-001
8083 0 +5.133363066e+000 -3.657066369e+002 -3.657066369e+002 -1.8460e+000 +4.2982e+000 -7.5522e-001 -3.1919e+000 -3.6502e-001 +1.1299e+000 -2.8066e+000 -6.1699e-001 +4.7340e+000 -2.1887e-001
8700 0 +5.124250056e+000 -3.657157499e+002 -3.657157499e+002 -1.8449e+000 +4.2764e+000 -7.6578e-001 -3.2022e+000 -3.7614e-001 +1.1215e+000 -2.8123e+000 -6.1048e-001 +4.7452e+000 -2.1592e-001
% f evaluations | g evaluations | best noise-free fitness - Fopt (-3.256000000000e+001) + sum g_i+ | measured fitness | best measured fitness or single-digit g-values | x1 | x2...
1 0 +7.687366610e+001 +4.431366610e+001 +4.431366610e+001 +0.0000e+000 +0.0000e+000 +0.0000e+000 +0.0000e+000 +0.0000e+000 +0.0000e+000 +0.0000e+000 +0.0000e+000 +0.0000e+000 +0.0000e+000
2 0 +7.380641298e+001 +4.124641298e+001 +4.124641298e+001 +4.5679e+000 +9.6449e-001 +2.2582e+000 +3.1186e+000 -2.6765e+000 +2.0755e+000 +1.3089e+000 +2.3973e+000 +2.4662e-001 +4.2692e+000
3 0 +7.160176839e+001 +3.904176839e+001 +3.904176839e+001 +3.6391e+000 -2.0886e+000 -1.7967e+000 +4.2133e+000 -2.4785e+000 +1.6538e+000 +9.2647e-001 -7.5718e-001 -2.5121e+000 -2.9329e+000
26 0 +5.385555599e+001 +2.129555599e+001 +2.129555599e+001 +4.8773e-001 -2.3596e+000 +1.6853e+000 +3.0448e+000 -9.4298e-002 +6.9450e-002 -2.2252e+000 -1.2598e+000 +4.3272e-001 -4.2104e-001
204 0 +5.280360254e+001 +2.024360254e+001 +2.024360254e+001 +1.9697e+000 -3.2884e-002 +8.1438e-001 +1.8973e+000 +3.2258e-001 +2.7355e+000 -2.0306e+000 -8.5087e-001 +2.8527e+000 -4.4379e+000
221 0 +4.024557170e+001 +7.685571697e+000 +7.685571697e+000 -9.7983e-001 -3.4501e+000 +1.1310e+000 +8.6397e-001 -1.6153e+000 -9.3211e-001 -2.5388e+000 -1.1526e-001 +5.8153e-001 -8.5444e-001
335 0 +2.325937056e+001 -9.300629440e+000 -9.300629440e+000 -1.1707e-001 -2.8555e+000 +1.5387e+000 +2.3459e+000 -6.3600e-001 +2.0968e-001 -3.2636e+000 -4.0325e-001 +8.8837e-001 -1.4247e-002
580 0 +1.764791631e+001 -1.491208369e+001 -1.491208369e+001 -1.1147e+000 -4.1954e+000 +1.0117e+000 +2.6004e+000 -2.5367e+000 +2.2448e+000 -4.1266e+000 -6.1070e-001 -7.5834e-001 +1.4028e+000
651 0 +1.090425976e+001 -2.165574024e+001 -2.165574024e+001 -1.2992e+000 -3.2015e+000 +6.0381e-001 +2.0827e+000 -1.7035e+000 +3.6632e-001 -3.0911e+000 +1.4512e-002 +1.8158e-002 +5.5989e-001
1211 0 +9.888066435e+000 -2.267193357e+001 -2.267193357e+001 -1.1269e+000 -3.2590e+000 +9.6500e-001 +1.9517e+000 -1.3801e+000 +6.4580e-001 -3.1631e+000 -1.0967e-001 +1.6748e-001 +5.0877e-001
1423 0 +7.465615272e+000 -2.509438473e+001 -2.509438473e+001 -8.8951e-001 -3.8096e+000 +9.7835e-001 +1.8379e+000 -1.7546e+000 +2.5175e-001 -3.1741e+000 +1.1265e-001 -1.5826e-001 +1.1749e-001
1475 0 +6.187371041e+000 -2.637262896e+001 -2.637262896e+001 -3.2861e-001 -3.8047e+000 -6.6849e-002 +3.2217e+000 -1.9782e+000 +3.1364e-001 -2.9678e+000 +3.2972e-001 -5.7362e-002 -4.5076e-002
1680 0 +4.798331119e+000 -2.776166888e+001 -2.776166888e+001 -3.7553e-001 -4.3597e+000 -1.4721e-001 +3.5893e+000 -2.7924e+000 +1.1697e+000 -3.4207e+000 +6.5873e-002 -6.9233e-001 +6.9569e-001
1713 0 +4.646465972e+000 -2.791353403e+001 -2.791353403e+001 -2.6630e-001 -4.4344e+000 -5.2748e-001 +3.8661e+000 -2.2092e+000 +8.2159e-001 -3.3765e+000 +3.9969e-001 -4.9312e-001 +5.8115e-001
1878 0 +3.416232438e+000 -2.914376756e+001 -2.914376756e+001 -3.3472e-001 -4.3737e+000 -2.4101e-001 +3.5362e+000 -2.4923e+000 +1.0674e+000 -3.3454e+000 +1.4478e-001 -6.1314e-001 +6.5230e-001
2162 0 +2.935420470e+000 -2.962457953e+001 -2.962457953e+001 -3.4462e-001 -4.3706e+000 -2.5898e-001 +3.5691e+000 -2.6249e+000 +1.0465e+000 -3.3348e+000 +1.4745e-001 -6.4362e-001 +3.5565e-001
2274 0 +2.773620883e+000 -2.978637912e+001 -2.978637912e+001 +4.3287e-002 -4.1888e+000 -3.9529e-002 +3.4256e+000 -2.2495e+000 +5.8959e-001 -3.1460e+000 +1.1682e-001 -6.1912e-001 +3.7705e-001
2716 0 +2.676150996e+000 -2.988384900e+001 -2.988384900e+001 -1.4633e-002 -4.2228e+000 -3.8129e-002 +3.4389e+000 -2.2556e+000 +6.6158e-001 -3.1787e+000 +1.2417e-001 -6.7421e-001 +4.0685e-001
2778 0 +2.506595527e+000 -3.005340447e+001 -3.005340447e+001 +5.8023e-002 -4.2666e+000 -4.5918e-002 +3.2924e+000 -2.2055e+000 +7.2378e-001 -3.1016e+000 +5.7998e-002 -6.6572e-001 +4.1374e-001
2793 0 +2.227654844e+000 -3.033234516e+001 -3.033234516e+001 +2.2254e-001 -4.2537e+000 -2.9695e-001 +3.4415e+000 -2.3317e+000 +3.5956e-001 -3.1722e+000 +7.3502e-002 -5.8942e-001 +3.0517e-001
3078 0 +2.177475428e+000 -3.038252457e+001 -3.038252457e+001 +1.9902e-001 -4.2880e+000 -1.8014e-001 +3.2918e+000 -2.2265e+000 +5.4342e-001 -3.1003e+000 +3.0243e-002 -6.4649e-001 +3.6079e-001
3083 0 +1.890078022e+000 -3.066992198e+001 -3.066992198e+001 +4.4663e-001 -4.5046e+000 -6.5107e-001 +3.6032e+000 -2.7538e+000 +6.4688e-001 -3.5554e+000 +1.6893e-001 -1.0755e+000 +8.2854e-002
3300 0 +9.428707571e-001 -3.161712924e+001 -3.161712924e+001 +4.0247e-002 -3.6877e+000 -3.8937e-001 +3.0590e+000 -1.9432e+000 +8.3014e-001 -3.4976e+000 -3.9794e-001 -7.8781e-001 +2.1095e-001
3392 0 +8.811882059e-001 -3.167881179e+001 -3.167881179e+001 +5.4913e-001 -4.1942e+000 -6.2349e-001 +3.4178e+000 -2.4620e+000 +7.5035e-001 -3.5745e+000 +7.5408e-002 -1.0060e+000 -6.0773e-002
3500 0 +7.729379845e-001 -3.178706202e+001 -3.178706202e+001 +9.1601e-002 -3.6639e+000 -4.1934e-001 +3.0473e+000 -1.9370e+000 +8.7026e-001 -3.5341e+000 -3.9467e-001 -8.1996e-001 +1.5869e-001
3578 0 +6.912591710e-001 -3.186874083e+001 -3.186874083e+001 +3.6029e-001 -4.0601e+000 -5.1022e-001 +3.2844e+000 -2.2789e+000 +7.5424e-001 -3.4985e+000 -8.3286e-002 -9.1071e-001 +7.1959e-002
3800 0 +6.105457558e-001 -3.194945424e+001 -3.194945424e+001 +2.9832e-001 -3.9427e+000 -4.8664e-001 +3.2055e+000 -2.1726e+000 +7.9969e-001 -3.5108e+000 -1.7386e-001 -8.9174e-001 +8.6434e-002
4600 0 +5.897223923e-001 -3.197027761e+001 -3.197027761e+001 +2.7437e-001 -3.8798e+000 -4.7577e-001 +3.1587e+000 -2.1129e+000 +8.2983e-001 -3.5182e+000 -2.2150e-001 -8.8572e-001 +8.8308e-002
4900 0 +5.854077591e-001 -3.197459224e+001 -3.197459224e+001 +2.4334e-001 -3.7984e+000 -4.6169e-001 +3.0980e+000 -2.0357e+000 +8.6889e-001 -3.5279e+000 -2.8323e-001 -8.7792e-001 +9.0737e-002
5040 0 +5.476934362e-001 -3.201230656e+001 -3.201230656e+001 +2.0359e-001 -3.6473e+000 -3.7923e-001 +3.0157e+000 -2.0555e+000 +7.8844e-001 -3.4909e+000 -6.1634e-002 -1.0335e+000 +9.3219e-002
5207 0 +5.274665263e-001 -3.203253347e+001 -3.203253347e+001 +1.7883e-001 -3.8423e+000 -4.2635e-001 +3.1605e+000 -2.1924e+000 +8.2215e-001 -3.4943e+000 -4.7401e-002 -9.8820e-001 +8.0942e-002
5416 0 +5.160749526e-001 -3.204392505e+001 -3.204392505e+001 +1.9878e-001 -3.7929e+000 -4.7598e-001 +3.0161e+000 -2.1086e+000 +8.3997e-001 -3.5383e+000 -6.3831e-002 -1.0730e+000 +1.1756e-001
5700 0 +5.115278141e-001 -3.204847219e+001 -3.204847219e+001 +3.0053e-001 -3.9317e+000 -5.1684e-001 +3.1055e+000 -2.1986e+000 +7.6566e-001 -3.5304e+000 -2.3721e-002 -1.0525e+000 +1.1841e-001
6113 0 +4.892046005e-001 -3.207079540e+001 -3.207079540e+001 +5.4669e-001 -3.7217e+000 -5.2074e-001 +2.8521e+000 -1.9964e+000 +8.4595e-001 -3.6293e+000 -4.0949e-002 -1.2720e+000 -7.9307e-002
6482 0 +3.706742744e-001 -3.218932573e+001 -3.218932573e+001 +7.3716e-001 -3.8651e+000 -8.0726e-001 +3.1747e+000 -2.0227e+000 +1.0534e+000 -3.7854e+000 +6.9066e-002 -1.5397e+000 -3.1559e-001
6616 0 +2.756916200e-001 -3.228430838e+001 -3.228430838e+001 +9.1369e-001 -3.6376e+000 -5.8389e-001 +3.3628e+000 -2.1628e+000 +7.6043e-001 -3.6390e+000 +3.2161e-001 -1.4915e+000 -4.9885e-001
6687 0 +2.560547647e-001 -3.230394524e+001 -3.230394524e+001 +6.5595e-001 -3.8890e+000 -9.1568e-001 +3.3920e+000 -1.9672e+000 +1.1129e+000 -3.7313e+000 +1.9088e-001 -1.6177e+000 -3.9757e-001
7316 0 +2.070819604e-001 -3.235291804e+001 -3.235291804e+001 +7.7213e-001 -3.7686e+000 -8.3625e-001 +3.4912e+000 -2.0094e+000 +1.0004e+000 -3.6783e+000 +3.2533e-001 -1.6416e+000 -5.2747e-001
7587 0 +1.822178810e-001 -3.237778212e+001 -3.237778212e+001 +8.5567e-001 -3.6819e+000 -7.0890e-001 +3.3710e+000 -2.0528e+000 +8.9634e-001 -3.6717e+000 +3.0309e-001 -1.5841e+000 -5.1757e-001
7665 0 +1.674773501e-001 -3.239252265e+001 -3.239252265e+001 +8.8709e-001 -3.6866e+000 -8.0512e-001 +3.4554e+000 -2.0919e+000 +9.3193e-001 -3.6757e+000 +3.9826e-001 -1.5888e+000 -5.1477e-001
7707 0 +1.587544826e-001 -3.240124552e+001 -3.240124552e+001 +9.3313e-001 -3.6263e+000 -7.4621e-001 +3.2673e+000 -1.9918e+000 +8.3867e-001 -3.6574e+000 +2.7597e-001 -1.5049e+000 -4.2234e-001
8407 0 +1.582604604e-001 -3.240173954e+001 -3.240173954e+001 +8.5789e-001 -3.6903e+000 -7.7776e-001 +3.3750e+000 -2.0306e+000 +9.1442e-001 -3.6688e+000 +3.1842e-001 -1.5676e+000 -4.7462e-001
8963 0 +1.299926776e-001 -3.243000732e+001 -3.243000732e+001 +1.0661e+000 -3.7524e+000 -8.9865e-001 +3.4711e+000 -2.1694e+000 +9.2526e-001 -3.5939e+000 +4.9211e-001 -1.4121e+000 -4.4605e-001
9834 0 +1.083924605e-001 -3.245160754e+001 -3.245160754e+001 +1.0505e+000 -3.6837e+000 -8.5522e-001 +3.3770e+000 -2.0920e+000 +9.1698e-001 -3.5109e+000 +4.8396e-001 -1.4890e+000 -4.5251e-001
% f evaluations | g evaluations | best noise-free fitness - Fopt (5.154000000000e+002) + sum g_i+ | measured fitness | best measured fitness or single-digit g-values | x1 | x2...
1 0 +5.354617306e+001 +5.689461731e+002 +5.689461731e+002 +0.0000e+000 +0.0000e+000 +0.0000e+000 +0.0000e+000 +0.0000e+000 +0.0000e+000 +0.0000e+000 +0.0000e+000 +0.0000e+000 +0.0000e+000
29 0 +5.001353958e+001 +5.654135396e+002 +5.654135396e+002 +2.7790e+000 -1.6806e+000 -3.1660e+000 +8.8571e-001 -2.1653e+000 +2.6016e+000 -1.4250e+000 -4.6529e+000 -4.0124e+000 +8.5930e-001
221 0 +4.087649333e+001 +5.562764933e+002 +5.562764933e+002 +2.5412e+000 -2.5392e+000 -2.4868e+000 +1.0112e+000 -2.2067e+000 +2.6010e+000 -1.5005e+000 -4.5201e+000 -3.0275e+000 +6.5092e-001
354 0 +2.308664886e+001 +5.384866489e+002 +5.384866489e+002 +2.0880e+000 +1.2693e+000 -3.7232e+000 -2.3391e+000 +7.6557e-001 -4.7248e-001 +2.8141e+000 -3.7112e+000 -3.7188e+000 +2.4093e+000
408 0 +1.733884641e+001 +5.327388464e+002 +5.327388464e+002 +1.6854e+000 +6.5013e-001 -3.3682e+000 -1.6909e+000 -5.3188e-001 +7.8561e-001 +2.0556e+000 -3.8323e+000 -3.2456e+000 +1.3445e+000
643 0 +1.586641731e+001 +5.312664173e+002 +5.312664173e+002 +2.3448e+000 -1.3977e-003 -3.4253e+000 -1.6877e+000 -1.5727e+000 +1.2238e+000 +8.2217e-001 -3.7184e+000 -4.2258e+000 +2.0628e+000
808 0 +1.461349494e+001 +5.300134949e+002 +5.300134949e+002 +2.0952e+000 +6.7071e-001 -3.0316e+000 -2.1608e+000 -7.2618e-001 +3.9842e-001 +9.4763e-001 -3.5652e+000 -4.6686e+000 +2.0357e+000
927 0 +1.219714686e+001 +5.275971469e+002 +5.275971469e+002 +2.0547e+000 +6.1193e-001 -3.4407e+000 -2.1828e+000 -6.0318e-001 +3.3758e-001 +1.8444e+000 -4.2904e+000 -4.9370e+000 +2.2076e+000
1030 0 +1.056904767e+001 +5.259690477e+002 +5.259690477e+002 +2.0516e+000 +6.0006e-001 -3.2445e+000 -1.8547e+000 -5.1456e-001 +5.4078e-001 +2.1493e+000 -3.9581e+000 -4.6073e+000 +1.8577e+000
1071 0 +9.934406378e+000 +5.253344064e+002 +5.253344064e+002 +2.4206e+000 +4.9724e-001 -3.6664e+000 -1.5783e+000 -1.0164e+000 +8.9962e-001 +1.4453e+000 -4.7430e+000 -4.5300e+000 +1.8527e+000
1102 0 +9.192533024e+000 +5.245925330e+002 +5.245925330e+002 +2.6174e+000 -1.6242e-001 -3.3397e+000 -1.6028e+000 -1.0864e+000 +6.6240e-001 +7.9588e-001 -4.0990e+000 -4.6827e+000 +2.3335e+000
1470 0 +9.114774268e+000 +5.245147743e+002 +5.245147743e+002 +2.2531e+000 -2.3548e-001 -3.1488e+000 -1.7641e+000 -7.8916e-001 +4.7215e-001 +1.2271e+000 -4.3557e+000 -4.9812e+000 +2.5235e+000
1478 0 +8.519984788e+000 +5.239199848e+002 +5.239199848e+002 +2.3228e+000 -1.1264e-001 -2.9908e+000 -1.9406e+000 -9.7887e-001 +3.7193e-001 +1.6211e+000 -3.9724e+000 -4.1219e+000 +2.6236e+000
1502 0 +6.508420825e+000 +5.219084208e+002 +5.219084208e+002 +2.7028e+000 +2.8773e-001 -2.7654e+000 -1.2143e+000 -1.1025e+000 +2.0851e-001 +7.3756e-001 -4.0805e+000 -4.3670e+000 +2.6208e+000
1997 0 +4.571799044e+000 +5.199717990e+002 +5.199717990e+002 +2.6314e+000 +1.3318e-001 -2.7488e+000 -5.7438e-001 -1.6752e+000 +1.9247e-001 +8.2842e-001 -4.3454e+000 -4.5835e+000 +2.4960e+000
2007 0 +3.782717949e+000 +5.191827179e+002 +5.191827179e+002 +3.0012e+000 -2.1261e-001 -3.1772e+000 -1.0715e+000 -1.2388e+000 +2.5198e-001 +1.6194e+000 -4.6610e+000 -4.9746e+000 +2.8261e+000
2389 0 +3.671318211e+000 +5.190713182e+002 +5.190713182e+002 +2.8920e+000 -7.1201e-002 -2.8001e+000 -9.9658e-001 -9.6257e-001 +9.5627e-002 +9.8623e-001 -4.1819e+000 -4.7528e+000 +2.7534e+000
2434 0 +3.621847622e+000 +5.190218476e+002 +5.190218476e+002 +3.1930e+000 -1.0364e-001 -3.0561e+000 -9.1288e-001 -1.1154e+000 +1.9912e-001 +1.0497e+000 -4.5522e+000 -4.9974e+000 +2.8682e+000
2449 0 +2.822849992e+000 +5.182228500e+002 +5.182228500e+002 +2.5510e+000 +3.7223e-001 -2.8537e+000 -7.0032e-001 -1.4474e+000 -5.3274e-001 +1.4693e+000 -4.5381e+000 -5.1878e+000 +2.9093e+000
3097 0 +2.528256320e+000 +5.179282563e+002 +5.179282563e+002 +2.6489e+000 +2.5193e-001 -2.8640e+000 -7.6495e-001 -1.2945e+000 -4.6927e-001 +1.4610e+000 -4.4943e+000 -5.1948e+000 +2.9335e+000
3207 0 +2.347661908e+000 +5.177476619e+002 +5.177476619e+002 +2.8422e+000 +5.7392e-002 -2.9020e+000 -7.5823e-001 -1.3553e+000 -2.0325e-001 +1.2856e+000 -4.4892e+000 -5.0202e+000 +2.9062e+000
3498 0 +2.312603705e+000 +5.177126037e+002 +5.177126037e+002 +2.7470e+000 +2.8474e-001 -3.0339e+000 -7.5725e-001 -1.3714e+000 -2.4654e-001 +1.4387e+000 -4.3875e+000 -5.0133e+000 +2.9436e+000
3766 0 +2.249068078e+000 +5.176490681e+002 +5.176490681e+002 +2.8203e+000 +1.5658e-001 -3.2913e+000 -3.1777e-001 -1.1338e+000 -1.8033e-001 +1.6001e+000 -4.5937e+000 -5.3000e+000 +2.9836e+000
3829 0 +2.047764751e+000 +5.174477648e+002 +5.174477648e+002 +2.7648e+000 +1.4179e-001 -3.1556e+000 -5.7802e-001 -1.2958e+000 -4.7120e-001 +1.4659e+000 -4.3581e+000 -4.9586e+000 +2.8443e+000
4067 0 +1.994644483e+000 +5.173946445e+002 +5.173946445e+002 +2.8831e+000 +1.4529e-001 -3.2913e+000 -5.4435e-001 -1.1573e+000 -5.5522e-001 +1.4063e+000 -4.3125e+000 -4.7813e+000 +2.7716e+000
4682 0 +1.894211410e+000 +5.172942114e+002 +5.172942114e+002 +3.1422e+000 +3.6998e-002 -3.3577e+000 -3.9378e-001 -9.9470e-001 -3.5077e-001 +1.3737e+000 -4.1704e+000 -4.4653e+000 +2.7365e+000
5001 0 +1.852292638e+000 +5.172522926e+002 +5.172522926e+002 +2.8423e+000 +9.6507e-002 -3.1185e+000 -3.3120e-001 -8.3079e-001 -5.9367e-001 +1.4644e+000 -4.3126e+000 -4.4891e+000 +2.8533e+000
5154 0 +1.796531894e+000 +5.171965319e+002 +5.171965319e+002 +3.0084e+000 +2.1152e-002 -3.3866e+000 -3.0057e-001 -9.4638e-001 -5.1532e-001 +1.5298e+000 -4.2916e+000 -4.5299e+000 +2.7770e+000
5367 0 +1.767388738e+000 +5.171673887e+002 +5.171673887e+002 +2.9936e+000 -1.9967e-002 -3.1507e+000 -3.1574e-001 -9.5529e-001 -4.7083e-001 +1.4874e+000 -4.3485e+000 -4.6519e+000 +2.7791e+000
5681 0 +1.733674833e+000 +5.171336748e+002 +5.171336748e+002 +2.9459e+000 -4.1882e-002 -3.2418e+000 -1.9382e-001 -9.5707e-001 -5.5876e-001 +1.6052e+000 -4.3473e+000 -4.5935e+000 +2.7908e+000
8608 0 +1.691252470e+000 +5.170912525e+002 +5.170912525e+002 +3.0359e+000 -8.4821e-002 -3.3359e+000 -8.2093e-002 -9.2301e-001 -6.2430e-001 +1.6453e+000 -4.3523e+000 -4.4920e+000 +2.5781e+000
9378 0 +1.633403940e+000 +5.170334039e+002 +5.170334039e+002 +3.0062e+000 -6.4546e-002 -3.2206e+000 -1.5501e-001 -9.1423e-001 -5.7162e-001 +1.5460e+000 -4.3376e+000 -4.5238e+000 +2.6417e+000
% f evaluations | g evaluations | best noise-free fitness - Fopt (-8.628000000000e+001) + sum g_i+ | measured fitness | best measured fitness or single-digit g-values | x1 | x2...
1 0 +7.491911124e+001 -1.136088876e+001 -1.136088876e+001 +0.0000e+000 +0.0000e+000 +0.0000e+000 +0.0000e+000 +0.0000e+000 +0.0000e+000 +0.0000e+000 +0.0000e+000 +0.0000e+000 +0.0000e+000
9 0 +7.249007933e+001 -1.378992067e+001 -1.378992067e+001 +3.8283e+000 -1.3866e+000 -1.2973e+000 +4.4190e+000 -1.4126e+000 -3.1901e+000 -2.7103e+000 +2.3069e+000 +6.6600e-001 +2.5633e+000
24 0 +7.106832209e+001 -1.521167791e+001 -1.521167791e+001 -2.1157e+000 +7.3331e-001 +1.7462e+000 -9.7847e-001 +4.4609e+000 -7.2428e-001 -1.7771e+000 -3.4108e-001 +3.2784e+000 +1.7275e+000
32 0 +6.963721894e+001 -1.664278106e+001 -1.664278106e+001 -3.7322e+000 -9.4697e-001 -7.0961e-002 +1.0755e+000 +2.8258e+000 -7.3221e-001 -4.0880e+000 +4.1905e-001 -2.2236e+000 -6.9106e-001
80 0 +6.541019808e+001 -2.086980192e+001 -2.086980192e+001 +3.3585e+000 -1.0093e-001 -1.8649e+000 -3.3938e+000 -5.7089e-001 -1.2948e+000 -3.8927e+000 -3.0207e+000 -6.6873e-001 -4.6860e+000
93 0 +6.362374600e+001 -2.265625400e+001 -2.265625400e+001 -2.4250e+000 +3.4104e+000 +1.2144e+000 -8.3343e-001 +2.2123e+000 -6.0884e-001 -3.2013e+000 -4.2181e-001 +3.9669e+000 +2.9789e+000
213 0 +3.502149229e+001 -5.125850771e+001 -5.125850771e+001 +6.6262e-002 -4.2409e-001 +1.4516e+000 -6.8649e-001 +1.4458e+000 -2.1551e+000 -1.1760e+000 +3.3117e-001 +1.1486e-001 +2.3690e+000
371 0 +2.865453171e+001 -5.762546829e+001 -5.762546829e+001 -6.8614e-001 -6.1426e-001 +1.4918e+000 -1.9077e+000 +2.1646e+000 -1.9399e+000 -2.5891e+000 +9.9272e-001 +1.8861e-002 +2.7028e+000
375 0 +2.518892587e+001 -6.109107413e+001 -6.109107413e+001 -8.2299e-001 -1.5422e+000 +3.7848e-001 -1.9930e+000 +3.1934e+000 -7.3077e-001 +6.3594e-001 -7.2088e-001 +1.2085e+000 +1.0074e+000
661 0 +2.421033654e+001 -6.206966346e+001 -6.206966346e+001 -4.5373e+000 +2.7212e+000 +1.4945e+000 +7.3899e-001 +2.3761e+000 -1.4238e+000 +1.5825e-001 -2.8287e+000 -1.2776e-001 +3.0460e+000
663 0 +2.045532069e+001 -6.582467931e+001 -6.582467931e+001 -9.7223e-001 -1.6787e+000 -2.2910e-001 -1.8793e+000 +2.8993e+000 -1.9973e-001 +1.9078e-001 -1.2199e+000 +1.2209e+000 +1.1551e+000
786 0 +1.984385979e+001 -6.643614021e+001 -6.643614021e+001 -6.1710e-001 -2.0378e+000 -2.8208e-001 -1.8264e+000 +2.9746e+000 -3.8633e-001 +5.4318e-001 -1.0738e+000 +9.8006e-001 +9.0163e-001
1186 0 +1.927335043e+001 -6.700664957e+001 -6.700664957e+001 -7.3063e-001 -1.9008e+000 -2.4185e-001 -1.8363e+000 +2.9581e+000 -3.4503e-001 +4.2568e-001 -1.1093e+000 +1.0680e+000 +9.8714e-001
1697 0 +1.785648025e+001 -6.842351975e+001 -6.842351975e+001 +4.8391e-001 -8.9952e-001 -3.1479e-001 -1.8150e+000 +3.1215e+000 -1.5680e+000 -7.8544e-001 -7.6498e-001 -1.9269e-001 +5.4884e-001
1850 0 +1.309196143e+001 -7.318803857e+001 -7.318803857e+001 -2.2972e-001 -1.9520e+000 -5.8492e-001 -1.8652e+000 +2.9364e+000 -1.0370e+000 +2.8489e-001 -9.1653e-001 +1.2460e-001 +7.6403e-001
1986 0 +1.130047097e+001 -7.497952903e+001 -7.497952903e+001 -2.9382e-001 -1.5288e+000 -3.6554e-001 -1.8508e+000 +2.9799e+000 -9.2368e-001 -6.4443e-002 -9.6782e-001 +4.1782e-001 +8.5089e-001
2019 0 +9.440647562e+000 -7.683935244e+001 -7.683935244e+001 +2.6936e-003 -2.1437e+000 -1.1829e+000 -1.7132e+000 +2.6924e+000 -6.5993e-001 -1.1752e-001 -1.3499e+000 -4.0692e-001 -3.3887e-001
2304 0 +8.929984342e+000 -7.735001566e+001 -7.735001566e+001 -1.7528e-001 -1.9250e+000 -1.1020e+000 -1.6118e+000 +2.5907e+000 -7.6620e-001 -9.2417e-002 -1.3283e+000 -2.1010e-001 -5.4879e-002
2604 0 +8.784299033e+000 -7.749570097e+001 -7.749570097e+001 -1.9591e-001 -1.9212e+000 -1.1224e+000 -1.6257e+000 +2.6035e+000 -7.4736e-001 -6.9862e-002 -1.3551e+000 -1.7774e-001 -1.5911e-002
2702 0 +7.928559798e+000 -7.835144020e+001 -7.835144020e+001 +1.6885e-001 -1.7687e+000 -1.5918e+000 -1.8251e+000 +2.5125e+000 -8.8986e-001 -3.8753e-001 -1.9164e+000 -8.7703e-001 +6.5025e-001
3004 0 +7.665988195e+000 -7.861401181e+001 -7.861401181e+001 -1.2711e-002 -1.8482e+000 -1.3444e+000 -1.7185e+000 +2.5556e+000 -8.2208e-001 -2.3075e-001 -1.6199e+000 -5.2685e-001 +2.9628e-001
4984 0 +7.576131459e+000 -7.870386854e+001 -7.870386854e+001 +5.9837e-002 -1.8154e+000 -1.3888e+000 -1.7404e+000 +2.5539e+000 -8.7313e-001 -3.5832e-001 -1.5929e+000 -6.6892e-001 +1.5520e-001
5843 0 +7.321414485e+000 -7.895858551e+001 -7.895858551e+001 +1.9109e-001 -1.8482e+000 -1.4060e+000 -1.7122e+000 +2.5521e+000 -8.8019e-001 -4.0513e-001 -1.5932e+000 -7.3212e-001 +4.3389e-001
7689 0 +7.232755478e+000 -7.904724452e+001 -7.904724452e+001 +2.8384e-001 -1.8623e+000 -1.4994e+000 -1.7149e+000 +2.6242e+000 -8.8519e-001 -3.0173e-001 -1.5064e+000 -8.3716e-001 +4.9116e-001
8497 0 +7.072559500e+000 -7.920744050e+001 -7.920744050e+001 +3.2172e-001 -1.8351e+000 -1.3384e+000 -1.8264e+000 +2.5786e+000 -9.1480e-001 -4.2678e-001 -1.5096e+000 -1.0419e+000 +5.8393e-001
% f evaluations | g evaluations | best noise-free fitness - Fopt (2.224000000000e+001) + sum g_i+ | measured fitness | best measured fitness or single-digit g-values | x1 | x2...
1 0 +7.156193876e+001 +9.380193876e+001 +9.380193876e+001 +0.0000e+000 +0.0000e+000 +0.0000e+000 +0.0000e+000 +0.0000e+000 +0.0000e+000 +0.0000e+000 +0.0000e+000 +0.0000e+000 +0.0000e+000
9 0 +7.054158005e+001 +9.278158005e+001 +9.278158005e+001 -4.3166e+000 -1.7034e+000 -3.7486e-001 +4.5563e+000 +1.9107e+000 -8.2975e-001 +1.5607e+000 +2.4708e+000 +1.9254e+000 -3.9308e+000
205 0 +6.802566240e+001 +9.026566240e+001 +9.026566240e+001 +2.8157e+000 -4.1253e+000 +2.8287e+000 -3.5573e+000 +1.7184e+000 +1.6332e+000 +1.7335e+000 -1.1304e+000 +1.6122e-001 +4.4526e+000
216 0 +5.858302967e+001 +8.082302967e+001 +8.082302967e+001 +3.1905e+000 -3.5877e+000 +9.1057e-002 -5.5013e+000 -7.1342e-001 +2.4370e-001 -1.6005e-001 +3.3670e+000 -2.8864e+000 +2.9216e+000
465 0 +5.093109232e+001 +7.317109232e+001 +7.317109232e+001 +4.0252e+000 -2.7268e+000 -5.8150e-001 -5.7916e+000 +2.1251e-001 +5.1356e-001 -5.8857e-001 +2.4687e+000 -2.6889e+000 +2.8033e+000
729 0 +4.837941595e+001 +7.061941595e+001 +7.061941595e+001 +4.4072e+000 -3.3870e+000 +4.5888e-001 -5.2909e+000 -1.1836e-001 +3.7696e-001 -1.8800e-001 +2.3505e+000 -2.2712e+000 +2.7559e+000
862 0 +4.539052168e+001 +6.763052168e+001 +6.763052168e+001 +4.3222e+000 -3.4197e+000 +4.7157e-001 -5.3774e+000 -3.5965e-001 +5.1972e-001 -3.5476e-001 +2.2084e+000 -2.4697e+000 +2.6853e+000
1027 0 +2.739338768e+001 +4.963338768e+001 +4.963338768e+001 +5.6893e+000 -4.9966e+000 +1.4729e+000 -5.0308e+000 +1.5971e-001 +1.7538e+000 +3.3584e-001 +9.3368e-001 -2.9460e+000 +2.6939e-001
1200 0 +2.376079174e+001 +4.600079174e+001 +4.600079174e+001 +5.2500e+000 -6.4012e+000 +7.2192e-001 -3.3175e+000 +3.4717e-001 +3.7769e+000 +1.3182e+000 +5.7971e-001 -2.9877e+000 +1.2074e-001
1316 0 +1.910480456e+001 +4.134480456e+001 +4.134480456e+001 +4.8200e+000 -5.5903e+000 -1.0539e-001 -4.4817e+000 -1.5464e-001 +2.3897e+000 +3.8962e-001 +1.8430e+000 -3.7752e+000 +9.7115e-001
1361 0 +1.529497610e+001 +3.753497610e+001 +3.753497610e+001 +5.3760e+000 -6.1746e+000 +4.5810e-001 -3.8412e+000 +7.6548e-001 +3.3819e+000 +8.8937e-001 +7.1240e-001 -3.9348e+000 -2.7564e-002
1408 0 +1.480790155e+001 +3.704790155e+001 +3.704790155e+001 +5.4228e+000 -5.6487e+000 +3.1167e-001 -4.3531e+000 +7.1201e-001 +3.0999e+000 +7.3159e-001 +7.1782e-001 -3.6967e+000 +9.3008e-002
1600 0 +1.122409841e+001 +3.346409841e+001 +3.346409841e+001 +5.1497e+000 -4.9331e+000 +4.3622e-001 -4.7862e+000 +3.4365e-001 +2.1445e+000 +3.4775e-001 +1.2822e+000 -3.5017e+000 +1.0073e+000
2438 0 +9.524424623e+000 +3.176442462e+001 +3.176442462e+001 +5.2323e+000 -4.9876e+000 +5.1381e-001 -4.6553e+000 +4.9940e-001 +2.3440e+000 +4.3268e-001 +1.3827e+000 -3.5285e+000 +1.1008e+000
3808 0 +9.202908882e+000 +3.144290888e+001 +3.144290888e+001 +5.0590e+000 -5.6415e+000 +3.6262e-001 -3.9829e+000 +7.6677e-001 +2.8523e+000 +6.2583e-001 +1.2674e+000 -3.8754e+000 +5.3069e-001
4061 0 +8.812472174e+000 +3.105247217e+001 +3.105247217e+001 +5.3109e+000 -5.2699e+000 +5.4578e-001 -4.2078e+000 +6.0237e-001 +2.5979e+000 +5.5742e-001 +1.3947e+000 -3.5961e+000 +4.9436e-001
4138 0 +7.504971529e+000 +2.974497153e+001 +2.974497153e+001 +5.2074e+000 -5.1593e+000 +7.3443e-001 -4.1516e+000 +1.1245e+000 +2.9377e+000 +4.6186e-001 +1.7316e+000 -3.6192e+000 +9.8027e-001
4426 0 +7.372459144e+000 +2.961245914e+001 +2.961245914e+001 +5.1811e+000 -5.1844e+000 +7.5796e-001 -4.0947e+000 +1.1250e+000 +2.9728e+000 +4.9872e-001 +1.7821e+000 -3.6017e+000 +9.6410e-001
4984 0 +6.877346240e+000 +2.911734624e+001 +2.911734624e+001 +4.6993e+000 -5.2531e+000 +3.4517e-001 -3.6416e+000 +1.2720e+000 +2.7050e+000 +8.7041e-001 +1.7204e+000 -3.3878e+000 +9.1427e-001
5038 0 +4.993809408e+000 +2.723380941e+001 +2.723380941e+001 +4.7122e+000 -5.2424e+000 +6.6870e-001 -3.3465e+000 +1.9970e+000 +3.2702e+000 +7.0894e-001 +2.2444e+000 -3.5439e+000 +8.9824e-001
6061 0 +4.896253267e+000 +2.713625327e+001 +2.713625327e+001 +4.7714e+000 -5.1787e+000 +6.6363e-001 -3.5205e+000 +1.8685e+000 +3.1489e+000 +6.4341e-001 +2.1844e+000 -3.5683e+000 +9.0638e-001
7316 0 +4.440216374e+000 +2.668021637e+001 +2.668021637e+001 +4.7396e+000 -5.1387e+000 +4.2703e-001 -3.7226e+000 +1.7714e+000 +3.0196e+000 +4.9175e-001 +2.3435e+000 -3.8308e+000 +9.8482e-001
7431 0 +4.315209615e+000 +2.655520961e+001 +2.655520961e+001 +4.8028e+000 -5.2119e+000 +5.7309e-001 -3.7159e+000 +1.6852e+000 +3.0298e+000 +6.1147e-001 +2.2344e+000 -3.7326e+000 +9.5983e-001
7861 0 +4.180832414e+000 +2.642083241e+001 +2.642083241e+001 +4.6897e+000 -5.2610e+000 +5.1307e-001 -3.4191e+000 +1.9409e+000 +3.2331e+000 +6.4938e-001 +2.3472e+000 -3.7099e+000 +9.3765e-001
8251 0 +4.155829510e+000 +2.639582951e+001 +2.639582951e+001 +4.5443e+000 -5.1987e+000 +5.5083e-001 -3.3043e+000 +1.7517e+000 +3.2900e+000 +7.6837e-001 +2.2890e+000 -3.6703e+000 +8.9625e-001
8340 0 +4.010825819e+000 +2.625082582e+001 +2.625082582e+001 +4.5890e+000 -5.1290e+000 +5.6531e-001 -3.5188e+000 +1.6936e+000 +3.1396e+000 +6.0204e-001 +2.3006e+000 -3.7275e+000 +8.7555e-001
8807 0 +3.919136223e+000 +2.615913622e+001 +2.615913622e+001 +4.5984e+000 -5.1448e+000 +4.9130e-001 -3.6342e+000 +1.5567e+000 +3.1161e+000 +5.8003e-001 +2.2959e+000 -3.8284e+000 +9.3773e-001
9007 0 +3.851100070e+000 +2.609110007e+001 +2.609110007e+001 +4.5288e+000 -5.0760e+000 +4.7388e-001 -3.6287e+000 +1.4224e+000 +2.9869e+000 +5.8281e-001 +2.2944e+000 -3.8313e+000 +9.5746e-001
9149 0 +3.762113106e+000 +2.600211311e+001 +2.600211311e+001 +4.4896e+000 -5.1275e+000 +4.4450e-001 -3.5138e+000 +1.5278e+000 +3.1359e+000 +6.0886e-001 +2.3204e+000 -3.8116e+000 +9.0855e-001
9423 0 +3.532621980e+000 +2.577262198e+001 +2.577262198e+001 +4.5114e+000 -5.1333e+000 +4.1010e-001 -3.4995e+000 +1.5358e+000 +3.2436e+000 +6.3095e-001 +2.4027e+000 -3.8554e+000 +8.7334e-001
% f evaluations | g evaluations | best noise-free fitness - Fopt (-2.301000000000e+001) + sum g_i+ | measured fitness | best measured fitness or single-digit g-values | x1 | x2...
1 0 +7.591553088e+001 +5.290553088e+001 +5.290553088e+001 +0.0000e+000 +0.0000e+000 +0.0000e+000 +0.0000e+000 +0.0000e+000 +0.0000e+000 +0.0000e+000 +0.0000e+000 +0.0000e+000 +0.0000e+000
4 0 +7.241195754e+001 +4.940195754e+001 +4.940195754e+001 -2.4720e+000 -2.3123e+000 +3.7327e+000 +3.8961e+000 -3.6963e-002 +1.0348e+000 -4.3685e+000 -1.0446e+000 -8.5669e-002 +9.4747e-001
8 0 +7.034342758e+001 +4.733342758e+001 +4.733342758e+001 +3.0513e+000 -2.7890e+000 +2.2691e+000 -1.4162e+000 +2.6423e+000 +1.3253e+000 -5.1411e-001 -4.0246e+000 -1.0788e+000 -4.9569e+000
42 0 +5.446985947e+001 +3.145985947e+001 +3.145985947e+001 -1.7345e+000 -3.9871e+000 -3.5852e-001 +1.7749e+000 -4.2425e+000 +1.6374e+000 -2.9643e+000 -3.8670e+000 -2.4765e+000 -5.4136e-001
449 0 +5.193925281e+001 +2.892925281e+001 +2.892925281e+001 -1.6111e+000 -3.8705e+000 +9.0281e-002 +1.5570e+000 -3.9052e+000 +1.6526e+000 -2.5883e+000 -3.7892e+000 -2.6701e+000 -9.0325e-001
498 0 +4.658911404e+001 +2.357911404e+001 +2.357911404e+001 -1.1283e+000 -3.4767e+000 -1.7388e-001 +1.5915e+000 -3.9521e+000 +1.9554e+000 -2.6174e+000 -2.8252e+000 -2.3463e+000 -1.4394e+000
572 0 +3.834603780e+001 +1.533603780e+001 +1.533603780e+001 -5.7133e-001 -3.4329e+000 +4.0225e-002 +6.9513e-001 -2.9117e+000 +1.2477e+000 -1.4251e+000 -2.4660e+000 -2.0756e+000 -2.5195e-001
649 0 +3.353302431e+001 +1.052302431e+001 +1.052302431e+001 -4.1148e-001 -3.2500e+000 +5.7542e-001 +7.2164e-001 -2.8396e+000 +1.4583e+000 -1.6039e+000 -2.6223e+000 -1.7160e+000 -4.1339e-001
729 0 +2.231474980e+001 -6.952501991e-001 -6.952501991e-001 -6.7751e-001 -3.8125e+000 +2.5738e-001 +1.4983e+000 -3.2919e+000 +1.1091e+000 -1.1661e+000 -3.1239e+000 -1.8359e+000 -2.3009e-002
916 0 +1.581784031e+001 -7.192159685e+000 -7.192159685e+000 -1.1836e+000 -3.6903e+000 +6.6440e-001 +1.7716e+000 -2.9197e+000 +6.2803e-001 -8.2454e-001 -3.3498e+000 -2.2007e+000 -2.0706e-001
1964 0 +1.300975696e+001 -1.000024304e+001 -1.000024304e+001 -2.8629e+000 -3.6064e+000 -1.6118e-001 +2.0147e+000 -2.2121e+000 +1.7316e-001 -1.3418e+000 -3.5127e+000 -2.4501e+000 -9.1556e-001
2145 0 +1.218479668e+001 -1.082520332e+001 -1.082520332e+001 -1.6662e+000 -3.6707e+000 +2.3481e-001 +1.8449e+000 -2.2596e+000 +8.0323e-001 -1.5550e+000 -3.2661e+000 -2.2599e+000 -6.8794e-001
2436 0 +1.143658933e+001 -1.157341067e+001 -1.157341067e+001 -2.1020e+000 -3.6423e+000 -6.8881e-002 +1.9467e+000 -1.9357e+000 +8.0858e-001 -1.9525e+000 -3.3163e+000 -2.3069e+000 -9.4742e-001
2484 0 +1.028195300e+001 -1.272804700e+001 -1.272804700e+001 -2.2619e+000 -3.6392e+000 +1.5241e-001 +1.4535e+000 -2.0495e+000 +5.9712e-001 -1.5800e+000 -3.0687e+000 -2.3421e+000 -8.1665e-001
3114 0 +9.987363306e+000 -1.302263669e+001 -1.302263669e+001 -2.2420e+000 -3.7186e+000 +1.1298e-001 +1.4732e+000 -2.0775e+000 +6.5641e-001 -1.5491e+000 -3.0927e+000 -2.3643e+000 -8.2586e-001
3466 0 +9.346497918e+000 -1.366350208e+001 -1.366350208e+001 -1.6530e+000 -3.7391e+000 +4.1575e-001 +1.4897e+000 -2.0635e+000 +7.7173e-001 -1.4511e+000 -2.9974e+000 -2.3889e+000 -6.2240e-001
3552 0 +9.322063988e+000 -1.368793601e+001 -1.368793601e+001 -1.3046e+000 -3.7856e+000 +8.6315e-001 +1.4055e+000 -2.3633e+000 +9.9949e-001 -1.3110e+000 -2.4244e+000 -1.9664e+000 -4.0115e-001
3564 0 +8.976064597e+000 -1.403393540e+001 -1.403393540e+001 -2.1810e+000 -3.6439e+000 +1.8896e-001 +1.6221e+000 -1.9765e+000 +5.4262e-001 -1.5388e+000 -3.1177e+000 -2.4166e+000 -7.8656e-001
3799 0 +8.610666740e+000 -1.439933326e+001 -1.439933326e+001 -2.2195e+000 -3.6965e+000 +2.9909e-001 +1.8003e+000 -2.1391e+000 +5.0789e-001 -1.2910e+000 -3.3758e+000 -2.3548e+000 -3.8668e-001
4349 0 +8.302394182e+000 -1.470760582e+001 -1.470760582e+001 -2.7690e+000 -3.6711e+000 +2.7499e-001 +1.9384e+000 -1.6999e+000 +6.1296e-002 -1.0129e+000 -3.3581e+000 -2.3291e+000 -6.4486e-001
4427 0 +7.624207565e+000 -1.538579243e+001 -1.538579243e+001 -2.9732e+000 -3.5439e+000 +3.8118e-001 +1.8395e+000 -1.7021e+000 +1.7736e-001 -1.6023e+000 -3.2646e+000 -2.6252e+000 -6.0927e-001
4548 0 +7.265102968e+000 -1.574489703e+001 -1.574489703e+001 -2.7194e+000 -3.5830e+000 +4.3618e-001 +1.6310e+000 -1.5025e+000 +3.4235e-001 -1.4316e+000 -3.1950e+000 -2.6053e+000 -5.5923e-001
4714 0 +6.934295363e+000 -1.607570464e+001 -1.607570464e+001 -2.6573e+000 -3.3174e+000 +6.8758e-001 +1.6479e+000 -1.3057e+000 +1.8260e-001 -1.5734e+000 -3.0931e+000 -2.6590e+000 -4.6684e-001
4914 0 +6.788192086e+000 -1.622180791e+001 -1.622180791e+001 -2.6639e+000 -3.1756e+000 +7.7720e-001 +1.6354e+000 -1.2169e+000 +1.0482e-001 -1.6520e+000 -3.0499e+000 -2.6618e+000 -4.6479e-001
5152 0 +6.460139312e+000 -1.654986069e+001 -1.654986069e+001 -2.3822e+000 -3.3536e+000 +8.1213e-001 +1.6611e+000 -1.5362e+000 +2.1773e-001 -1.4621e+000 -2.9258e+000 -2.4100e+000 -4.6438e-001
5292 0 +5.613184002e+000 -1.739681600e+001 -1.739681600e+001 -3.1525e+000 -3.0058e+000 +1.0672e+000 +1.8587e+000 -6.7707e-001 -6.0640e-001 -1.2659e+000 -2.9381e+000 -2.6736e+000 -3.2491e-001
5414 0 +5.246096111e+000 -1.776390389e+001 -1.776390389e+001 -3.2713e+000 -2.7720e+000 +1.2640e+000 +1.8961e+000 -4.3222e-001 -8.8404e-001 -1.2762e+000 -2.8465e+000 -2.6722e+000 -2.8812e-001
5579 0 +5.105093939e+000 -1.790490606e+001 -1.790490606e+001 -3.2468e+000 -3.3371e+000 +1.1123e+000 +1.9104e+000 -8.6892e-001 -7.6481e-001 -1.1748e+000 -3.3008e+000 -2.5182e+000 -3.5797e-001
5792 0 +4.825592492e+000 -1.818440751e+001 -1.818440751e+001 -3.3443e+000 -3.1329e+000 +1.1795e+000 +1.9352e+000 -6.2917e-001 -8.9512e-001 -1.1507e+000 -3.1461e+000 -2.5987e+000 -3.1057e-001
5866 0 +4.619726617e+000 -1.839027338e+001 -1.839027338e+001 -3.1390e+000 -3.1814e+000 +1.0912e+000 +1.8822e+000 -7.7992e-001 -7.0719e-001 -1.1071e+000 -3.1835e+000 -2.5391e+000 -2.7382e-001
6860 0 +4.497517135e+000 -1.851248287e+001 -1.851248287e+001 -3.1248e+000 -3.1875e+000 +1.1345e+000 +1.8423e+000 -8.2439e-001 -7.3902e-001 -1.0943e+000 -3.2376e+000 -2.5434e+000 -2.4945e-001
7645 0 +4.299329814e+000 -1.871067019e+001 -1.871067019e+001 -3.2377e+000 -3.1295e+000 +1.2169e+000 +1.8482e+000 -6.2565e-001 -8.4861e-001 -1.1413e+000 -3.2133e+000 -2.5699e+000 -2.4149e-001
8289 0 +4.093962902e+000 -1.891603710e+001 -1.891603710e+001 -3.2931e+000 -3.1154e+000 +1.2154e+000 +1.8497e+000 -6.2769e-001 -8.2070e-001 -1.1251e+000 -3.2425e+000 -2.5387e+000 -2.3911e-001
8477 0 +4.011805154e+000 -1.899819485e+001 -1.899819485e+001 -3.1810e+000 -2.9862e+000 +1.2356e+000 +1.9354e+000 -6.7617e-001 -7.9836e-001 -1.2129e+000 -3.2500e+000 -2.4975e+000 -2.8406e-001
8489 0 +3.913835362e+000 -1.909616464e+001 -1.909616464e+001 -3.4790e+000 -3.0673e+000 +1.2249e+000 +1.8543e+000 -5.9847e-001 -7.5999e-001 -1.0924e+000 -3.3274e+000 -2.4527e+000 -2.3559e-001
8877 0 +3.654359736e+000 -1.935564026e+001 -1.935564026e+001 -3.2511e+000 -2.7900e+000 +1.2824e+000 +2.0292e+000 -6.7817e-001 -7.3407e-001 -1.2792e+000 -3.3394e+000 -2.3753e+000 -3.2431e-001
9045 0 +3.566819544e+000 -1.944318046e+001 -1.944318046e+001 -3.3286e+000 -2.9625e+000 +1.2500e+000 +1.9251e+000 -6.5115e-001 -7.8207e-001 -1.1698e+000 -3.3086e+000 -2.4515e+000 -2.6909e-001
9092 0 +3.323108900e+000 -1.968689110e+001 -1.968689110e+001 -3.3676e+000 -2.7117e+000 +1.3189e+000 +2.0014e+000 -4.7618e-001 -8.5399e-001 -1.1472e+000 -3.2586e+000 -2.4345e+000 -2.2736e-001
9489 0 +3.179653899e+000 -1.983034610e+001 -1.983034610e+001 -3.4332e+000 -2.6504e+000 +1.3329e+000 +2.0226e+000 -4.5772e-001 -8.3200e-001 -1.1452e+000 -3.2928e+000 -2.3903e+000 -2.2941e-001
9645 0 +3.159105767e+000 -1.985089423e+001 -1.985089423e+001 -3.3983e+000 -2.7034e+000 +1.3206e+000 +2.0171e+000 -3.7873e-001 -7.9525e-001 -1.2350e+000 -3.2598e+000 -2.3999e+000 -2.6429e-001
% f evaluations | g evaluations | best noise-free fitness - Fopt (-3.323700000000e+002) + sum g_i+ | measured fitness | best measured fitness or single-digit g-values | x1 | x2...
1 0 +7.420506315e+001 -2.581649368e+002 -2.581649368e+002 +0.0000e+000 +0.0000e+000 +0.0000e+000 +0.0000e+000 +0.0000e+000 +0.0000e+000 +0.0000e+000 +0.0000e+000 +0.0000e+000 +0.0000e+000
2 0 +7.100027000e+001 -2.613697300e+002 -2.613697300e+002 +1.1714e+000 +3.8341e+000 -3.1709e+000 +4.2780e+000 -1.6528e-001 -1.0047e+000 -2.9830e-001 +2.5102e+000 +5.9636e-001 -7.4991e-001
37 0 +7.011088389e+001 -2.622591161e+002 -2.622591161e+002 -5.5260e-001 -3.5375e+000 +1.0374e+000 -4.6486e+000 +2.2503e+000 -2.1281e+000 +5.7904e-001 -4.8768e+000 -1.9007e+000 -2.1726e+000
42 0 +6.679355956e+001 -2.655764404e+002 -2.655764404e+002 +4.7553e-001 +4.2752e+000 +2.9932e+000 +1.1969e+000 +2.4997e+000 +2.2654e+000 +9.3100e-001 +3.0747e+000 +9.8393e-001 -4.2230e+000
224 0 +6.454355153e+001 -2.678264485e+002 -2.678264485e+002 -7.6773e-001 +7.6922e-001 -2.1537e+000 -1.5929e+000 +7.4522e-001 +1.9969e+000 +3.8482e+000 +2.9446e+000 -4.2488e-001 -5.0000e+000
234 0 +5.626290615e+001 -2.761070939e+002 -2.761070939e+002 -6.2981e-002 +2.3474e+000 +6.2044e-001 -5.8276e-003 +2.4628e+000 +2.0155e+000 -1.7405e-001 +3.5574e+000 +3.8627e-001 -2.0404e+000
274 0 +4.421992163e+001 -2.881500784e+002 -2.881500784e+002 -3.3167e+000 +1.1853e+000 -3.4146e-002 +2.4011e+000 +3.2083e+000 +5.3321e+000 +2.7474e+000 +6.3690e-001 -1.2446e-001 -3.9325e+000
474 0 +3.953516825e+001 -2.928348317e+002 -2.928348317e+002 -3.8228e+000 +7.6660e-001 -6.6978e-001 +2.6667e+000 +3.2865e+000 +5.8705e+000 +3.2637e+000 +2.9284e-001 -1.5055e-001 -5.0000e+000
617 0 +3.473460514e+001 -2.976353949e+002 -2.976353949e+002 -3.7904e+000 +1.3760e+000 -1.0437e+000 +3.0035e+000 +3.4898e+000 +5.1466e+000 +3.0767e+000 +7.5304e-001 -5.4331e-002 -5.0000e+000
875 0 +3.404017108e+001 -2.983298289e+002 -2.983298289e+002 +8.1231e-001 +4.1001e+000 +1.9839e+000 -1.3931e+000 +2.6616e+000 +1.6734e+000 -6.6824e-001 +2.3173e+000 -6.5019e-001 -5.0000e+000
876 0 +3.384028505e+001 -2.985297149e+002 -2.985297149e+002 -3.5909e+000 +1.6602e+000 -1.1964e+000 +3.6533e+000 +3.8009e+000 +4.5344e+000 +3.4685e+000 +6.6432e-001 +1.0239e-002 -5.0000e+000
1435 0 +3.244591604e+001 -2.999240840e+002 -2.999240840e+002 -3.5463e+000 +5.3187e-002 -6.2198e-001 +3.2137e+000 +3.4906e+000 +4.7752e+000 +2.4572e+000 +4.9893e-002 -7.5110e-001 -5.0000e+000
1525 0 +3.198319899e+001 -3.003868010e+002 -3.003868010e+002 -4.2993e+000 +3.9667e-002 -2.5107e-001 +3.3358e+000 +4.3110e+000 +5.5269e+000 +3.3023e+000 -7.2746e-003 -6.5582e-001 -4.9688e+000
1554 0 +3.000907421e+001 -3.023609258e+002 -3.023609258e+002 -3.5540e+000 +8.2314e-001 -7.4505e-001 +3.3095e+000 +3.5407e+000 +4.6727e+000 +2.7541e+000 +2.1707e-001 -4.3951e-001 -5.0000e+000
1636 0 +2.851110627e+001 -3.038588937e+002 -3.038588937e+002 -3.6745e+000 +5.5434e-001 -1.0645e+000 +3.3088e+000 +3.8606e+000 +4.9879e+000 +3.1386e+000 -2.7569e-001 -9.3682e-001 -5.0000e+000
2221 0 +2.785893145e+001 -3.045110685e+002 -3.045110685e+002 -3.7275e+000 +4.3034e-001 -6.4448e-001 +3.3400e+000 +3.9773e+000 +4.2310e+000 +2.9525e+000 +1.1296e-001 -6.7307e-001 -5.0000e+000
2432 0 +2.705901438e+001 -3.053109856e+002 -3.053109856e+002 -3.9789e+000 +5.4093e-001 -1.0722e+000 +3.3625e+000 +4.3130e+000 +4.6773e+000 +3.3745e+000 +4.6233e-001 -5.0470e-001 -5.0000e+000
2549 0 +2.630020929e+001 -3.060697907e+002 -3.060697907e+002 -4.0707e+000 +3.9130e-001 -9.8996e-001 +3.1733e+000 +4.5069e+000 +4.5091e+000 +3.5956e+000 +4.1375e-001 -9.3529e-001 -5.0000e+000
4984 0 +2.569058341e+001 -3.066794166e+002 -3.066794166e+002 -4.1568e+000 +3.4868e-001 -1.0606e+000 +3.5258e+000 +4.5096e+000 +4.3698e+000 +3.2704e+000 +5.9423e-001 -1.0521e+000 -5.0000e+000
5629 0 +2.500051832e+001 -3.073694817e+002 -3.073694817e+002 -4.1896e+000 +1.1468e-001 -1.0588e+000 +3.5789e+000 +4.3503e+000 +4.4766e+000 +3.5078e+000 +1.7435e-001 -1.3405e+000 -4.6510e+000
9344 0 +2.453318815e+001 -3.078368119e+002 -3.078368119e+002 -4.2248e+000 +1.7291e-001 -9.3181e-001 +3.6886e+000 +4.3171e+000 +4.3790e+000 +3.2925e+000 +4.4949e-001 -1.2597e+000 -4.5881e+000
% f evaluations | g evaluations | best noise-free fitness - Fopt (-1.231300000000e+002) + sum g_i+ | measured fitness | best measured fitness or single-digit g-values | x1 | x2...
1 0 +6.217285891e+001 -6.095714109e+001 -6.095714109e+001 +0.0000e+000 +0.0000e+000 +0.0000e+000 +0.0000e+000 +0.0000e+000 +0.0000e+000 +0.0000e+000 +0.0000e+000 +0.0000e+000 +0.0000e+000
10 0 +5.664481227e+001 -6.648518773e+001 -6.648518773e+001 +2.8495e+000 -4.3897e+000 -3.0063e+000 +1.1082e+000 -1.3683e+000 -6.3762e-001 +2.3476e+000 +3.0309e+000 -9.7299e-001 -3.3082e+000
25 0 +3.437806238e+001 -8.875193762e+001 -8.875193762e+001 -2.3151e+000 +1.9297e+000 -2.7828e+000 +4.0423e+000 -2.9265e+000 +1.7088e+000 +1.2166e+000 -2.9767e+000 +2.3955e-001 -2.8739e+000
545 0 +3.273753536e+001 -9.039246464e+001 -9.039246464e+001 -2.3775e+000 +2.3707e+000 -2.7550e+000 +4.2641e+000 -3.2231e+000 +1.9932e+000 +8.3093e-001 -2.7950e+000 +2.1656e-001 -3.1216e+000
723 0 +2.600083460e+001 -9.712916540e+001 -9.712916540e+001 -3.9035e+000 +3.7238e+000 -5.2253e+000 +4.1747e+000 -4.0310e+000 +2.5366e+000 +1.4692e+000 -3.3969e+000 +9.2387e-001 -1.4313e+000
825 0 +1.849403804e+001 -1.046359620e+002 -1.046359620e+002 -3.0553e+000 +3.7726e+000 -4.2659e+000 +3.9722e+000 -3.6129e+000 +2.0436e+000 +2.4013e+000 -2.7522e+000 +7.3766e-001 -2.2575e+000
953 0 +1.760947181e+001 -1.055205282e+002 -1.055205282e+002 -2.8020e+000 +3.1637e+000 -4.4762e+000 +4.9545e+000 -2.4885e+000 +2.3247e+000 +1.3279e+000 -2.7328e+000 +1.2907e+000 -1.1894e+000
999 0 +1.569558506e+001 -1.074344149e+002 -1.074344149e+002 -2.3472e+000 +2.1249e+000 -4.6936e+000 +3.5413e+000 -3.0536e+000 +1.5727e+000 +2.0002e+000 -2.3233e+000 +7.4799e-001 -1.9624e+000
1199 0 +1.500679357e+001 -1.081232064e+002 -1.081232064e+002 -2.5754e+000 +2.4823e+000 -4.4636e+000 +3.9493e+000 -3.4153e+000 +2.2099e+000 +1.4898e+000 -3.0201e+000 +4.5639e-001 -2.0749e+000
1667 0 +1.266200797e+001 -1.104679920e+002 -1.104679920e+002 -2.5759e+000 +2.6094e+000 -3.8559e+000 +3.9919e+000 -3.3905e+000 +2.1827e+000 +1.0841e+000 -3.0745e+000 +5.8160e-001 -1.4429e+000
1765 0 +1.164463308e+001 -1.114853669e+002 -1.114853669e+002 -2.4487e+000 +2.5631e+000 -3.9491e+000 +3.9413e+000 -3.2797e+000 +2.0154e+000 +1.3518e+000 -2.8240e+000 +5.3418e-001 -1.3116e+000
1768 0 +9.595408444e+000 -1.135345916e+002 -1.135345916e+002 -2.0003e+000 +3.1715e+000 -3.7071e+000 +3.3334e+000 -3.1170e+000 +1.9068e+000 -1.3339e-001 -3.2925e+000 +9.7660e-001 -9.3581e-001
1803 0 +8.898592833e+000 -1.142314072e+002 -1.142314072e+002 -2.1189e+000 +3.2600e+000 -3.3636e+000 +3.0124e+000 -2.4399e+000 +2.2504e+000 -2.2140e-001 -2.9025e+000 +1.5165e+000 -3.3975e-001
1813 0 +7.631037017e+000 -1.154989630e+002 -1.154989630e+002 -2.2558e+000 +3.2109e+000 -3.9823e+000 +3.6125e+000 -3.0322e+000 +1.8399e+000 +6.1470e-001 -2.8646e+000 +1.2456e+000 -1.4621e+000
2404 0 +7.450195322e+000 -1.156798047e+002 -1.156798047e+002 -2.2457e+000 +3.3163e+000 -3.6393e+000 +3.4523e+000 -2.9698e+000 +2.0398e+000 +3.7258e-001 -3.1891e+000 +1.0936e+000 -1.0680e+000
2501 0 +7.359645404e+000 -1.157703546e+002 -1.157703546e+002 -2.1425e+000 +3.4479e+000 -4.1162e+000 +3.5031e+000 -3.1935e+000 +1.9087e+000 +5.3701e-001 -2.7526e+000 +1.1417e+000 -1.4778e+000
2613 0 +7.044869529e+000 -1.160851305e+002 -1.160851305e+002 -2.1308e+000 +3.5889e+000 -3.9667e+000 +3.4056e+000 -3.0128e+000 +1.8106e+000 +3.7047e-001 -2.7697e+000 +1.3626e+000 -1.4371e+000
2704 0 +6.854238618e+000 -1.162757614e+002 -1.162757614e+002 -2.1164e+000 +3.6714e+000 -3.7346e+000 +3.2960e+000 -3.0023e+000 +1.9781e+000 +1.8988e-001 -3.0063e+000 +1.2163e+000 -1.1444e+000
3199 0 +6.477336842e+000 -1.166526632e+002 -1.166526632e+002 -2.0200e+000 +3.7202e+000 -3.6873e+000 +3.1182e+000 -2.8352e+000 +1.7687e+000 +1.5557e-001 -2.8353e+000 +1.4064e+000 -1.0036e+000
3503 0 +6.294769949e+000 -1.168352301e+002 -1.168352301e+002 -2.1346e+000 +3.6692e+000 -3.9563e+000 +3.2996e+000 -3.2074e+000 +1.8568e+000 +5.4461e-001 -3.0800e+000 +1.1805e+000 -7.9245e-001
3775 0 +6.116445686e+000 -1.170135543e+002 -1.170135543e+002 -2.4889e+000 +3.9618e+000 -4.1650e+000 +3.0236e+000 -3.0365e+000 +2.2534e+000 +3.4859e-001 -2.3586e+000 +1.7585e+000 -1.2554e+000
3799 0 +5.059970930e+000 -1.180700291e+002 -1.180700291e+002 -2.0109e+000 +4.0478e+000 -3.6063e+000 +3.1888e+000 -2.7813e+000 +1.7186e+000 +1.2272e-001 -2.9203e+000 +1.5634e+000 -5.7011e-001
4125 0 +3.618219540e+000 -1.195117805e+002 -1.195117805e+002 -2.1649e+000 +4.1990e+000 -3.8576e+000 +3.2697e+000 -2.9385e+000 +1.6909e+000 +6.0580e-001 -2.7780e+000 +1.5748e+000 -7.7949e-001
4549 0 +3.521397922e+000 -1.196086021e+002 -1.196086021e+002 -2.3998e+000 +4.0202e+000 -3.7729e+000 +3.1295e+000 -2.9821e+000 +1.7646e+000 +7.9143e-001 -3.0044e+000 +1.7161e+000 -8.3192e-001
4614 0 +3.231114084e+000 -1.198988859e+002 -1.198988859e+002 -2.3868e+000 +4.3876e+000 -3.8187e+000 +3.3896e+000 -2.9551e+000 +1.7185e+000 +5.5911e-001 -2.8929e+000 +1.8671e+000 -6.9706e-001
5580 0 +3.041370740e+000 -1.200886293e+002 -1.200886293e+002 -2.4496e+000 +4.5089e+000 -3.7523e+000 +3.3016e+000 -2.8938e+000 +1.7023e+000 +5.9130e-001 -2.9336e+000 +1.9675e+000 -5.7914e-001
5966 0 +2.923505296e+000 -1.202064947e+002 -1.202064947e+002 -2.4732e+000 +4.4114e+000 -3.8853e+000 +3.2909e+000 -2.8812e+000 +1.9258e+000 +6.1301e-001 -2.8026e+000 +1.9544e+000 -4.8016e-001
6734 0 +2.836205717e+000 -1.202937943e+002 -1.202937943e+002 -2.4830e+000 +4.4445e+000 -3.8141e+000 +3.2651e+000 -2.8513e+000 +1.8735e+000 +6.4922e-001 -2.8407e+000 +2.0354e+000 -4.6703e-001
7032 0 +2.744348866e+000 -1.203856511e+002 -1.203856511e+002 -2.3530e+000 +4.2370e+000 -3.7930e+000 +3.0818e+000 -2.6947e+000 +1.7500e+000 +7.0129e-001 -2.7147e+000 +1.9271e+000 -5.2015e-001
7134 0 +2.690813125e+000 -1.204391869e+002 -1.204391869e+002 -2.4062e+000 +4.3302e+000 -3.8033e+000 +3.2066e+000 -2.8201e+000 +1.7194e+000 +7.0361e-001 -2.8088e+000 +1.9877e+000 -4.7907e-001
7927 0 +2.586311919e+000 -1.205436881e+002 -1.205436881e+002 -2.4178e+000 +4.1389e+000 -4.0282e+000 +3.1895e+000 -2.7662e+000 +1.8253e+000 +8.0091e-001 -2.6595e+000 +2.0569e+000 -4.4516e-001
8492 0 +2.535240249e+000 -1.205947598e+002 -1.205947598e+002 -2.3704e+000 +4.2405e+000 -3.9468e+000 +3.1620e+000 -2.7401e+000 +1.7400e+000 +8.0225e-001 -2.6880e+000 +2.0917e+000 -4.3629e-001
8830 0 +2.501387089e+000 -1.206286129e+002 -1.206286129e+002 -2.2294e+000 +4.1957e+000 -4.1590e+000 +2.9910e+000 -2.5932e+000 +1.8636e+000 +7.4232e-001 -2.4368e+000 +2.1108e+000 -2.8904e-001
% f evaluations | g evaluations | best noise-free fitness - Fopt (-1.537900000000e+002) + sum g_i+ | measured fitness | best measured fitness or single-digit g-values | x1 | x2...
1 0 +7.009686110e+001 -8.369313890e+001 -8.369313890e+001 +0.0000e+000 +0.0000e+000 +0.0000e+000 +0.0000e+000 +0.0000e+000 +0.0000e+000 +0.0000e+000 +0.0000e+000 +0.0000e+000 +0.0000e+000
29 0 +5.720612426e+001 -9.658387574e+001 -9.658387574e+001 +2.7032e+000 +3.5327e+000 -4.1835e+000 +1.7737e+000 +9.7867e-001 -4.5884e+000 -1.2670e-001 -3.5637e+000 -3.1052e+000 +1.8036e+000
257 0 +5.492145932e+001 -9.886854068e+001 -9.886854068e+001 +4.5246e-003 +4.5053e+000 +5.6618e-001 +5.6056e-001 +2.9946e+000 -6.5842e+000 +1.0307e+000 -4.5568e+000 +1.0877e+000 +1.9757e+000
292 0 +3.408076734e+001 -1.197092327e+002 -1.197092327e+002 -3.8868e-001 -5.8587e-001 -2.2618e+000 +1.9548e+000 +7.7797e-002 -5.0814e+000 +1.7663e+000 -4.1302e+000 -4.1996e-001 +2.3516e+000
422 0 +3.127371023e+001 -1.225162898e+002 -1.225162898e+002 -7.0489e-001 -6.5650e-001 -2.6076e+000 +1.8890e+000 +1.1319e-001 -4.8734e+000 +1.5179e+000 -3.7510e+000 -7.4368e-001 +2.1532e+000
507 0 +2.886508252e+001 -1.249249175e+002 -1.249249175e+002 -1.4721e+000 -8.3169e-001 -2.0571e+000 +1.6144e+000 +4.9475e-001 -4.4330e+000 +2.2215e+000 -4.4818e+000 +9.7876e-004 +2.3374e+000
794 0 +2.211716741e+001 -1.316728326e+002 -1.316728326e+002 -2.1648e+000 -2.6945e-001 -1.2027e+000 +1.1571e+000 -3.0937e-001 -3.5860e+000 +1.6440e+000 -3.5961e+000 -1.8320e-001 +1.1406e+000
961 0 +2.043326622e+001 -1.333567338e+002 -1.333567338e+002 -2.9417e+000 -1.7748e+000 -1.4778e+000 +1.3260e+000 -8.8697e-001 -4.2432e+000 +1.6143e+000 -3.2717e+000 -1.8633e-002 +2.1119e+000
1194 0 +1.712456000e+001 -1.366654400e+002 -1.366654400e+002 -2.1296e+000 -1.6202e+000 -1.6221e+000 +1.5243e+000 -6.0595e-001 -4.2451e+000 +1.9230e+000 -3.4727e+000 +1.0948e-001 +2.1079e+000
1369 0 +1.093404464e+001 -1.428559554e+002 -1.428559554e+002 -1.7507e+000 -1.2591e+000 -8.8354e-001 +1.1763e+000 -1.1673e+000 -4.0796e+000 +5.9486e-001 -3.0918e+000 -1.6288e+000 +2.0185e+000
1709 0 +1.038564425e+001 -1.434043557e+002 -1.434043557e+002 -2.8949e+000 -2.3963e+000 -6.1345e-001 +1.9809e+000 -1.4984e+000 -2.7378e+000 +9.5403e-001 -4.3896e+000 -1.9425e+000 +2.1709e+000
1757 0 +7.354937031e+000 -1.464350630e+002 -1.464350630e+002 -1.6170e+000 -2.0086e+000 -1.8490e+000 +1.6304e+000 -1.5206e+000 -3.8630e+000 +9.5737e-001 -3.0589e+000 -1.6484e+000 +1.9385e+000
1835 0 +5.561190025e+000 -1.482288100e+002 -1.482288100e+002 -1.4967e+000 -2.3765e+000 -1.7277e+000 +1.2900e+000 -1.4552e+000 -4.0435e+000 +1.5288e+000 -3.9860e+000 -6.0342e-001 +1.6901e+000
2114 0 +5.256550304e+000 -1.485334497e+002 -1.485334497e+002 -1.4282e+000 -2.0418e+000 -1.9362e+000 +9.5999e-001 -1.4361e+000 -3.3877e+000 +9.0739e-001 -3.6944e+000 -1.4410e+000 +1.7554e+000
2121 0 +2.593426035e+000 -1.511965740e+002 -1.511965740e+002 -1.5538e+000 -2.1018e+000 -1.3532e+000 +1.3057e+000 -2.5312e+000 -3.9153e+000 +4.0264e-001 -4.0598e+000 -7.7239e-001 +5.7317e-001
2446 0 +1.939592623e+000 -1.518504074e+002 -1.518504074e+002 -1.4401e+000 -2.0677e+000 -1.5850e+000 +1.5658e+000 -2.2003e+000 -3.5998e+000 +1.1371e+000 -3.9179e+000 -7.7699e-001 +1.1404e+000
3042 0 +1.485718229e+000 -1.523042818e+002 -1.523042818e+002 -1.3975e+000 -2.2477e+000 -1.2612e+000 +1.3838e+000 -2.5124e+000 -3.4145e+000 +8.0913e-001 -3.9256e+000 -8.6184e-001 +8.0017e-001
3742 0 +1.406843493e+000 -1.523831565e+002 -1.523831565e+002 -1.3549e+000 -2.2990e+000 -1.1607e+000 +1.3693e+000 -2.5662e+000 -3.2492e+000 +8.2284e-001 -3.8652e+000 -9.3577e-001 +7.9975e-001
4053 0 +1.339632761e+000 -1.524503672e+002 -1.524503672e+002 -1.2851e+000 -2.3873e+000 -1.2246e+000 +1.2816e+000 -2.6535e+000 -3.3222e+000 +7.3532e-001 -3.8801e+000 -1.1185e+000 +7.1426e-001
4126 0 +1.269123801e+000 -1.525208762e+002 -1.525208762e+002 -1.3020e+000 -2.2751e+000 -1.0975e+000 +1.5543e+000 -2.7792e+000 -3.2285e+000 +8.8380e-001 -3.8999e+000 -1.0520e+000 +7.2598e-001
4194 0 +1.257823062e+000 -1.525321769e+002 -1.525321769e+002 -1.1644e+000 -2.4539e+000 -1.2959e+000 +1.3997e+000 -2.5425e+000 -3.4141e+000 +8.9981e-001 -3.9225e+000 -9.2789e-001 +8.1355e-001
4442 0 +1.226288637e+000 -1.525637114e+002 -1.525637114e+002 -1.1960e+000 -2.4439e+000 -1.2159e+000 +1.3595e+000 -2.5985e+000 -3.2952e+000 +8.5591e-001 -3.8771e+000 -1.0119e+000 +7.8656e-001
5842 0 +1.186433289e+000 -1.526035667e+002 -1.526035667e+002 -1.2475e+000 -2.3706e+000 -1.2193e+000 +1.4301e+000 -2.6968e+000 -3.3281e+000 +8.6171e-001 -3.8482e+000 -1.0632e+000 +8.3848e-001
6001 0 +1.031170370e+000 -1.527588296e+002 -1.527588296e+002 -1.1444e+000 -2.1793e+000 -1.2386e+000 +1.3586e+000 -2.5780e+000 -3.4723e+000 +7.9318e-001 -3.8633e+000 -1.0764e+000 +8.4805e-001
6881 0 +8.545622707e-001 -1.529354377e+002 -1.529354377e+002 -8.9438e-001 -2.1241e+000 -1.0024e+000 +1.2799e+000 -2.7903e+000 -3.7360e+000 +8.2081e-001 -4.2003e+000 -7.7878e-001 +8.6033e-001
6942 0 +8.264423165e-001 -1.529635577e+002 -1.529635577e+002 -9.9724e-001 -2.1056e+000 -1.1309e+000 +1.3163e+000 -2.6778e+000 -3.6693e+000 +7.9858e-001 -4.0538e+000 -9.1397e-001 +8.6411e-001
7247 0 +7.877110501e-001 -1.530022889e+002 -1.530022889e+002 -8.8631e-001 -2.2058e+000 -1.1278e+000 +1.2789e+000 -2.8773e+000 -3.7203e+000 +8.2649e-001 -4.1273e+000 -1.1157e+000 +8.6464e-001
7442 0 +7.610188790e-001 -1.530289811e+002 -1.530289811e+002 -9.2478e-001 -2.1349e+000 -1.1081e+000 +1.2919e+000 -2.7768e+000 -3.7218e+000 +8.1077e-001 -4.1175e+000 -9.6756e-001 +8.6624e-001
8951 0 +7.487668333e-001 -1.530412332e+002 -1.530412332e+002 -9.0337e-001 -2.1292e+000 -1.0771e+000 +1.2745e+000 -2.8064e+000 -3.7319e+000 +8.1628e-001 -4.1353e+000 -9.6117e-001 +8.3863e-001
% f evaluations | g evaluations | best noise-free fitness - Fopt (-4.860000000000e+001) + sum g_i+ | measured fitness | best measured fitness or single-digit g-values | x1 | x2...
1 0 +5.650257136e+001 +7.902571361e+000 +7.902571361e+000 +0.0000e+000 +0.0000e+000 +0.0000e+000 +0.0000e+000 +0.0000e+000 +0.0000e+000 +0.0000e+000 +0.0000e+000 +0.0000e+000 +0.0000e+000
46 0 +4.274118951e+001 -5.858810487e+000 -5.858810487e+000 -1.0166e+000 -4.5720e+000 -3.4262e+000 -3.9088e+000 -2.9342e-002 +1.0926e+000 +1.3258e+000 -4.1193e+000 -3.1027e+000 +2.1811e+000
274 0 +2.469484509e+001 -2.390515491e+001 -2.390515491e+001 -6.8510e-001 -3.9778e+000 -2.4752e+000 -2.1579e+000 -1.4004e+000 +1.8643e+000 +1.5043e-001 -2.5841e+000 -3.2085e+000 +2.2966e+000
368 0 +2.034990975e+001 -2.825009025e+001 -2.825009025e+001 -1.3478e+000 -4.7266e+000 -3.5615e+000 -3.1633e+000 -1.7705e-001 +2.1620e+000 +7.7035e-001 -3.5579e+000 -3.6935e+000 +2.4714e+000
413 0 +1.825744964e+001 -3.034255036e+001 -3.034255036e+001 -1.1375e+000 -3.9298e+000 -3.1747e+000 -3.3541e+000 +3.1942e-001 +1.8890e+000 +1.3499e+000 -3.0993e+000 -2.9445e+000 +2.3207e+000
428 0 +1.058370413e+001 -3.801629587e+001 -3.801629587e+001 -1.0005e+000 -4.3854e+000 -2.9754e+000 -2.6684e+000 +1.7723e-001 +2.0039e+000 +7.7118e-001 -2.4870e+000 -3.2231e+000 +1.5946e+000
628 0 +8.960094299e+000 -3.963990570e+001 -3.963990570e+001 -9.8372e-001 -4.5307e+000 -3.0307e+000 -2.6625e+000 +2.2171e-001 +2.1949e+000 +6.1510e-001 -2.8379e+000 -3.3072e+000 +1.6805e+000
2257 0 +8.888070532e+000 -3.971192947e+001 -3.971192947e+001 -9.3473e-001 -4.4758e+000 -3.0261e+000 -2.4244e+000 +4.0837e-001 +2.4687e+000 +5.4532e-001 -2.7836e+000 -3.2817e+000 +1.0102e+000
2306 0 +8.589499247e+000 -4.001050075e+001 -4.001050075e+001 -1.1346e+000 -4.3044e+000 -2.8876e+000 -2.0329e+000 +6.2200e-001 +2.4417e+000 +7.2240e-001 -2.9657e+000 -3.4199e+000 +1.2398e+000
2675 0 +8.437192117e+000 -4.016280788e+001 -4.016280788e+001 -1.0823e+000 -4.4195e+000 -2.9757e+000 -2.2110e+000 +6.4055e-001 +2.3283e+000 +8.3595e-001 -3.0069e+000 -3.7059e+000 +1.4973e+000
2778 0 +8.301781380e+000 -4.029821862e+001 -4.029821862e+001 -9.3962e-001 -4.5093e+000 -3.0289e+000 -2.5461e+000 +4.4373e-001 +2.5183e+000 +6.0858e-001 -2.8859e+000 -3.4653e+000 +1.2104e+000
3573 0 +8.074182577e+000 -4.052581742e+001 -4.052581742e+001 -1.2459e+000 -4.3472e+000 -2.8910e+000 -2.3160e+000 +3.9633e-001 +2.4240e+000 +5.7038e-001 -3.1541e+000 -3.5157e+000 +1.2198e+000
4371 0 +7.942402951e+000 -4.065759705e+001 -4.065759705e+001 -1.2218e+000 -4.3603e+000 -2.8489e+000 -2.2491e+000 +5.6174e-001 +2.5396e+000 +5.8067e-001 -3.0180e+000 -3.4512e+000 +1.1887e+000
5508 0 +7.186759492e+000 -4.141324051e+001 -4.141324051e+001 -1.1200e+000 -3.9368e+000 -3.2390e+000 -2.3735e+000 +6.3389e-001 +2.7167e+000 +4.5190e-001 -3.3624e+000 -3.4434e+000 +1.3998e+000
9295 0 +7.031289236e+000 -4.156871076e+001 -4.156871076e+001 -1.0221e+000 -3.9539e+000 -3.2334e+000 -2.4390e+000 +6.4591e-001 +2.7915e+000 +4.7845e-001 -3.3555e+000 -3.4154e+000 +1.4612e+000
% f evaluations | g evaluations | best noise-free fitness - Fopt (2.770000000000e+001) + sum g_i+ | measured fitness | best measured fitness or single-digit g-values | x1 | x2...
1 0 +7.538900726e+001 +1.030890073e+002 +1.030890073e+002 +0.0000e+000 +0.0000e+000 +0.0000e+000 +0.0000e+000 +0.0000e+000 +0.0000e+000 +0.0000e+000 +0.0000e+000 +0.0000e+000 +0.0000e+000
2 0 +6.740211105e+001 +9.510211105e+001 +9.510211105e+001 +7.0470e-002 +2.2297e+000 -3.6256e+000 -4.5831e+000 +5.1301e-001 +4.5681e-001 +2.5352e+000 -1.2394e+000 -4.7153e+000 -4.3568e+000
44 0 +6.468443691e+001 +9.238443691e+001 +9.238443691e+001 -3.0327e+000 +4.8748e+000 -3.8060e+000 -4.1138e+000 -1.6567e+000 +4.8068e-001 +2.4537e+000 +3.2043e+000 +4.8620e-001 -2.2157e+000
71 0 +5.625485158e+001 +8.395485158e+001 +8.395485158e+001 -2.4271e+000 +4.2981e+000 +4.1638e+000 -2.9507e+000 -6.4855e-001 -3.3124e+000 +1.0115e+000 +4.9417e+000 -3.6124e+000 +1.4248e+000
202 0 +3.595007535e+001 +6.365007535e+001 +6.365007535e+001 -2.2309e+000 +4.1464e+000 +2.4376e+000 -2.9927e+000 -4.7636e-001 -2.4593e+000 +1.0739e+000 +4.8339e+000 -4.2972e+000 +3.4422e+000
398 0 +3.077036555e+001 +5.847036555e+001 +5.847036555e+001 -1.2665e+000 +2.2459e+000 +1.4837e+000 -2.3054e+000 -1.9179e+000 -1.7127e+000 -1.5736e-002 +2.6190e+000 -3.3671e+000 +2.9767e+000
715 0 +2.738015782e+001 +5.508015782e+001 +5.508015782e+001 -1.5277e+000 +1.3484e+000 +2.7078e+000 -2.1902e+000 -1.7654e+000 -1.0495e+000 -1.0027e+000 +4.8431e+000 -3.4208e+000 +4.3180e+000
859 0 +2.326812469e+001 +5.096812469e+001 +5.096812469e+001 -1.4253e+000 +1.4821e+000 +2.4747e+000 -2.2242e+000 -1.7288e+000 -1.1050e+000 -8.3751e-001 +4.4725e+000 -3.4340e+000 +4.0584e+000
1078 0 +2.269401771e+001 +5.039401771e+001 +5.039401771e+001 -1.3631e+000 +1.5178e+000 +2.4044e+000 -2.1190e+000 -1.5637e+000 -1.1153e+000 -7.5268e-001 +4.3482e+000 -3.4492e+000 +3.7578e+000
1224 0 +2.052912501e+001 +4.822912501e+001 +4.822912501e+001 -1.2996e+000 +1.8773e+000 +2.2907e+000 -2.4048e+000 -1.5423e+000 -1.0279e+000 -4.5439e-001 +4.1100e+000 -3.0436e+000 +3.0211e+000
1323 0 +1.874920146e+001 +4.644920146e+001 +4.644920146e+001 -9.8665e-001 +1.2421e+000 +3.0036e+000 -3.1443e+000 -8.4482e-001 -1.5478e+000 -3.4061e-001 +3.9817e+000 -3.3031e+000 +3.4298e+000
1468 0 +1.442925918e+001 +4.212925918e+001 +4.212925918e+001 -1.6175e+000 +6.8257e-001 +2.8167e+000 -3.6658e+000 -2.0478e+000 -2.4734e+000 -2.8701e-001 +3.8777e+000 -2.6322e+000 +2.3305e+000
1559 0 +1.143000144e+001 +3.913000144e+001 +3.913000144e+001 -1.5890e+000 +6.4680e-001 +2.8568e+000 -3.5235e+000 -1.9841e+000 -2.3823e+000 -4.0792e-001 +3.9821e+000 -2.8214e+000 +2.7304e+000
1768 0 +1.106826009e+001 +3.876826009e+001 +3.876826009e+001 -1.5237e+000 +7.5274e-001 +2.8365e+000 -3.4058e+000 -1.8706e+000 -2.2314e+000 -4.2675e-001 +4.0005e+000 -2.9039e+000 +2.8515e+000
2478 0 +1.057299776e+001 +3.827299776e+001 +3.827299776e+001 -1.8212e+000 +8.2885e-001 +3.0078e+000 -3.3064e+000 -2.0625e+000 -2.1772e+000 -6.7291e-001 +3.7795e+000 -2.8703e+000 +2.9102e+000
2506 0 +1.039990550e+001 +3.809990550e+001 +3.809990550e+001 -1.7876e+000 +8.1155e-001 +2.9821e+000 -3.3099e+000 -2.0456e+000 -2.1875e+000 -6.7024e-001 +3.8031e+000 -2.8805e+000 +2.9103e+000
3120 0 +1.009300110e+001 +3.779300110e+001 +3.779300110e+001 -1.7829e+000 +8.2415e-001 +2.8064e+000 -3.3195e+000 -2.0648e+000 -2.2384e+000 -5.1334e-001 +3.7904e+000 -2.7873e+000 +3.0453e+000
3236 0 +9.626024259e+000 +3.732602426e+001 +3.732602426e+001 -1.9345e+000 +6.5308e-002 +3.1873e+000 -3.6179e+000 -1.8785e+000 -2.1158e+000 -9.8780e-001 +3.5992e+000 -2.7398e+000 +2.9762e+000
3326 0 +9.455004264e+000 +3.715500426e+001 +3.715500426e+001 -1.7210e+000 +4.5034e-001 +3.0835e+000 -3.5049e+000 -1.7491e+000 -2.1547e+000 -7.0587e-001 +3.6955e+000 -2.8280e+000 +3.4712e+000
3737 0 +9.328233317e+000 +3.702823332e+001 +3.702823332e+001 -1.4589e+000 +4.6016e-001 +2.9518e+000 -3.5606e+000 -1.5846e+000 -2.1525e+000 -5.9671e-001 +3.4165e+000 -2.9487e+000 +3.0372e+000
4537 0 +8.857529716e+000 +3.655752972e+001 +3.655752972e+001 -1.4979e+000 +2.0020e-001 +3.1060e+000 -3.6229e+000 -1.9429e+000 -1.9847e+000 -1.1070e+000 +3.5788e+000 -3.0310e+000 +3.2322e+000
5069 0 +8.645242423e+000 +3.634524242e+001 +3.634524242e+001 -1.1874e+000 -1.3342e-001 +2.8554e+000 -4.0606e+000 -1.6293e+000 -2.2522e+000 -1.4303e+000 +2.9474e+000 -2.9953e+000 +3.4320e+000
5133 0 +8.501663298e+000 +3.620166330e+001 +3.620166330e+001 -1.3983e+000 +2.1891e-001 +2.8818e+000 -3.7560e+000 -1.7067e+000 -2.2059e+000 -9.8249e-001 +3.2867e+000 -2.9412e+000 +3.1787e+000
7877 0 +8.282914651e+000 +3.598291465e+001 +3.598291465e+001 -1.2874e+000 +6.5212e-002 +2.7284e+000 -3.8478e+000 -1.7932e+000 -2.3338e+000 -1.0519e+000 +3.1836e+000 -2.9586e+000 +3.3488e+000
% f evaluations | g evaluations | best noise-free fitness - Fopt (2.993000000000e+001) + sum g_i+ | measured fitness | best measured fitness or single-digit g-values | x1 | x2...
1 0 +7.167228148e+001 +1.016022815e+002 +1.016022815e+002 +0.0000e+000 +0.0000e+000 +0.0000e+000 +0.0000e+000 +0.0000e+000 +0.0000e+000 +0.0000e+000 +0.0000e+000 +0.0000e+000 +0.0000e+000
13 0 +6.950849397e+001 +9.943849397e+001 +9.943849397e+001 -1.3488e+000 +4.7413e+000 +3.1290e+000 +2.9146e+000 +7.9573e-002 -1.6146e+000 -2.1567e+000 -3.8484e-001 -1.1722e+000 -3.7002e-001
34 0 +6.341975570e+001 +9.334975570e+001 +9.334975570e+001 -1.2647e+000 +2.6435e-001 +4.1990e+000 -1.0233e+000 +1.9818e+000 -3.0841e+000 -4.2429e+000 +9.9687e-001 +2.8296e+000 +1.5830e+000
253 0 +5.348062841e+001 +8.341062841e+001 +8.341062841e+001 +2.3657e+000 +1.3680e+000 -1.6535e-001 -5.0995e-001 -1.7215e+000 +6.8972e-001 -2.4331e+000 -1.6545e+000 +8.3373e-001 +4.2422e-001
618 0 +5.094538045e+001 +8.087538045e+001 +8.087538045e+001 +5.3381e-001 -1.0410e-001 +1.7842e+000 +8.6260e-001 -2.2804e+000 +1.4345e+000 +7.2057e-001 -3.4955e+000 +2.0762e+000 +1.2195e+000
664 0 +4.854733930e+001 +7.847733930e+001 +7.847733930e+001 +1.6816e+000 +5.8842e-001 -7.1529e-001 +9.6700e-001 -1.1060e+000 +5.5534e-001 -2.3504e+000 -2.3048e+000 +3.0343e-001 +1.2202e+000
761 0 +4.463721169e+001 +7.456721169e+001 +7.456721169e+001 +1.8043e+000 +1.2072e+000 -1.7265e+000 -1.3840e+000 -3.8958e+000 +9.0671e-001 -1.4371e+000 -2.2033e+000 +6.6504e-001 +1.4749e+000
807 0 +4.214329791e+001 +7.207329791e+001 +7.207329791e+001 +7.8744e-001 +2.3223e+000 -9.2727e-002 +4.3371e-001 -2.8102e+000 +6.1578e-001 -2.7396e+000 -3.9263e+000 -5.6403e-001 +1.7295e+000
823 0 +4.166593358e+001 +7.159593358e+001 +7.159593358e+001 +2.3231e+000 +1.3800e+000 -1.2665e+000 -7.2604e-001 -3.7276e+000 +2.7154e-001 -1.7779e+000 -1.8452e+000 +3.4079e-001 +8.8295e-001
837 0 +3.509409564e+001 +6.502409564e+001 +6.502409564e+001 +2.1805e+000 +1.0900e+000 -1.1763e+000 +1.3255e-001 -2.6240e+000 +6.2962e-001 -2.1329e+000 -2.0696e+000 +6.2553e-001 +8.3830e-002
969 0 +3.391206137e+001 +6.384206137e+001 +6.384206137e+001 +2.0697e+000 +1.3453e+000 -3.6630e+000 +1.3571e-001 -4.4966e+000 +1.1046e+000 -1.8347e+000 -2.5284e+000 +2.4079e-001 +9.0559e-001
1023 0 +3.096754016e+001 +6.089754016e+001 +6.089754016e+001 +2.0656e+000 +1.3276e+000 -3.0203e+000 -4.7184e-002 -4.2685e+000 +9.2329e-001 -1.7849e+000 -2.2968e+000 +3.2065e-001 +9.1911e-001
1109 0 +2.560390717e+001 +5.553390717e+001 +5.553390717e+001 +2.2850e+000 +1.2890e+000 -2.2079e+000 -1.1885e-001 -3.6254e+000 +1.0439e+000 -2.2621e+000 -2.3117e+000 +3.4519e-001 +3.2307e-001
1247 0 +2.437010972e+001 +5.430010972e+001 +5.430010972e+001 +1.8082e+000 +2.0586e+000 -2.3016e+000 -1.5566e-001 -4.6001e+000 +1.0091e+000 -3.1462e+000 -1.9027e+000 +3.8880e-001 +9.6654e-001
1455 0 +2.162580461e+001 +5.155580461e+001 +5.155580461e+001 +2.0879e+000 +1.3770e+000 -2.3357e+000 +4.0912e-001 -3.6694e+000 +4.8690e-001 -2.4212e+000 -2.8339e+000 +6.4630e-001 +5.2533e-001
1550 0 +2.103083392e+001 +5.096083392e+001 +5.096083392e+001 +1.9504e+000 +1.5351e+000 -2.3841e+000 +3.0275e-001 -3.8371e+000 +5.7345e-001 -2.5503e+000 -2.6676e+000 +5.7775e-001 +6.3039e-001
1777 0 +2.042586759e+001 +5.035586759e+001 +5.035586759e+001 +1.8727e+000 +1.2368e+000 -2.3020e+000 +5.1882e-001 -4.7755e+000 +7.3220e-001 -3.0660e+000 -2.4788e+000 +8.5726e-001 +1.2491e+000
1822 0 +1.910047130e+001 +4.903047130e+001 +4.903047130e+001 +1.8574e+000 +1.4647e+000 -2.2180e+000 +3.6825e-001 -4.5079e+000 +7.1860e-001 -3.2078e+000 -2.4551e+000 +7.1175e-001 +9.9821e-001
1877 0 +1.660428144e+001 +4.653428144e+001 +4.653428144e+001 +2.1350e+000 +1.0012e+000 -2.8028e+000 +1.0721e+000 -4.2266e+000 +1.5305e+000 -3.3038e+000 -2.8150e+000 +1.2530e+000 +1.7768e+000
2035 0 +1.609797971e+001 +4.602797971e+001 +4.602797971e+001 +1.8841e+000 +1.3743e+000 -1.3368e+000 +1.6861e-001 -4.0976e+000 +1.2445e+000 -3.2624e+000 -3.0285e+000 +9.9065e-001 +1.2352e+000
2177 0 +1.305663857e+001 +4.298663857e+001 +4.298663857e+001 +2.0556e+000 +1.1766e+000 -1.9558e+000 +6.4103e-001 -3.9314e+000 +1.6259e+000 -3.3631e+000 -3.0905e+000 +1.2153e+000 +1.5913e+000
2564 0 +1.268579327e+001 +4.261579327e+001 +4.261579327e+001 +2.0925e+000 +9.8163e-001 -2.2413e+000 +1.0803e+000 -3.7233e+000 +1.6416e+000 -3.5001e+000 -3.2058e+000 +1.0615e+000 +1.4778e+000
2845 0 +1.242439381e+001 +4.235439381e+001 +4.235439381e+001 +2.0465e+000 +1.1314e+000 -2.1008e+000 +7.7087e-001 -3.7951e+000 +1.4837e+000 -3.3412e+000 -3.1370e+000 +1.0246e+000 +1.3777e+000
3399 0 +1.197921405e+001 +4.190921405e+001 +4.190921405e+001 +2.3258e+000 +1.3678e+000 -2.0564e+000 +7.8826e-001 -3.8473e+000 +1.3658e+000 -3.5586e+000 -3.3073e+000 +6.1964e-001 +1.2367e+000
3518 0 +1.167428786e+001 +4.160428786e+001 +4.160428786e+001 +2.2544e+000 +1.3175e+000 -1.9763e+000 +8.9037e-001 -3.8423e+000 +1.5011e+000 -3.7049e+000 -3.3716e+000 +7.4637e-001 +1.3018e+000
4611 0 +1.141058524e+001 +4.134058524e+001 +4.134058524e+001 +2.1546e+000 +1.3706e+000 -2.0648e+000 +9.9686e-001 -3.6223e+000 +1.5983e+000 -3.6531e+000 -3.2807e+000 +7.3411e-001 +1.4036e+000
6581 0 +1.118222124e+001 +4.111222124e+001 +4.111222124e+001 +2.0646e+000 +1.5319e+000 -2.0946e+000 +1.0278e+000 -3.5806e+000 +1.5901e+000 -3.7576e+000 -3.2013e+000 +8.5280e-001 +1.4660e+000
% f evaluations | g evaluations | best noise-free fitness - Fopt (-1.983000000000e+001) + sum g_i+ | measured fitness | best measured fitness or single-digit g-values | x1 | x2...
1 0 +5.476883662e+001 +3.493883662e+001 +3.493883662e+001 +0.0000e+000 +0.0000e+000 +0.0000e+000 +0.0000e+000 +0.0000e+000 +0.0000e+000 +0.0000e+000 +0.0000e+000 +0.0000e+000 +0.0000e+000
46 0 +5.167988440e+001 +3.184988440e+001 +3.184988440e+001 +1.4935e-001 +1.9876e+000 -4.7240e+000 +3.1611e+000 +3.7479e+000 -3.8906e+000 -2.9186e+000 +1.3731e+000 +4.8606e+000 -1.1707e+000
56 0 +3.489157390e+001 +1.506157390e+001 +1.506157390e+001 +2.2771e+000 -2.1674e+000 -4.7300e+000 -3.2011e-002 +1.7037e+000 +1.3237e+000 +2.9711e+000 -4.9132e+000 +1.2870e+000 -3.9048e+000
286 0 +2.286073051e+001 +3.030730505e+000 +3.030730505e+000 +2.3085e+000 -1.7652e+000 -2.5527e+000 +4.1870e-002 +7.6670e-001 +1.1513e+000 +2.8872e+000 -4.6732e+000 +2.1259e-001 -3.1167e+000
743 0 +2.219340749e+001 +2.363407487e+000 +2.363407487e+000 +1.5831e+000 -2.0270e+000 -2.3169e+000 +4.4980e-001 +1.0084e+000 +1.3149e+000 +2.5151e+000 -4.3882e+000 +1.0745e-002 -3.5824e+000
865 0 +8.844621685e+000 -1.098537832e+001 -1.098537832e+001 +1.6433e+000 -2.3050e+000 -2.3718e+000 +5.3458e-001 +7.9860e-001 +1.6440e+000 +3.5352e+000 -4.9054e+000 +7.6891e-001 -3.4763e+000
1164 0 +8.309631650e+000 -1.152036835e+001 -1.152036835e+001 +1.4478e+000 -6.5732e-002 +4.4878e-001 -2.3011e-002 -3.2816e-001 -1.7159e-001 +7.5663e-001 -1.7940e+000 -3.8992e-002 -2.3354e+000
1568 0 +8.008091394e+000 -1.182190861e+001 -1.182190861e+001 +1.5792e+000 -7.6010e-002 +1.2423e+000 -3.7943e-002 -1.1800e+000 -1.6477e+000 +2.0090e+000 -8.4432e-001 +7.5759e-001 -3.0768e+000
1607 0 +6.581611963e+000 -1.324838804e+001 -1.324838804e+001 +1.6129e+000 +6.4649e-001 +8.5241e-001 -1.8066e-001 -3.9615e-002 -6.5665e-001 +6.3417e-001 -1.1086e+000 +3.2778e-001 -2.8214e+000
1772 0 +3.880021799e+000 -1.594997820e+001 -1.594997820e+001 +1.6173e+000 +1.4676e-001 +9.2650e-001 -1.0969e-001 -6.4118e-001 -1.1401e+000 +1.4222e+000 -1.1183e+000 +5.2587e-001 -2.9201e+000
2215 0 +3.509784306e+000 -1.632021569e+001 -1.632021569e+001 +1.3646e+000 +2.9789e-001 +4.8719e-001 -9.3294e-002 -7.7725e-001 -9.2473e-001 +1.2392e+000 -1.3100e+000 +4.9294e-001 -2.9669e+000
2258 0 +3.057462945e+000 -1.677253706e+001 -1.677253706e+001 +1.6868e+000 +2.3620e-001 +9.1067e-001 -1.5645e-001 -5.3352e-001 -1.2487e+000 +1.5014e+000 -1.0514e+000 +6.6241e-001 -3.3266e+000
2381 0 +2.109716437e+000 -1.772028356e+001 -1.772028356e+001 +1.9410e+000 +2.1231e-001 +1.3766e+000 +8.4083e-002 -3.4934e-001 -1.4075e+000 +1.4907e+000 -1.2041e+000 +4.2259e-001 -3.5949e+000
2745 0 +1.888643662e+000 -1.794135634e+001 -1.794135634e+001 +1.6172e+000 +4.1663e-001 +1.3241e+000 +1.7411e-001 -1.1749e+000 -8.8140e-001 +1.7636e+000 -2.1222e+000 +4.3544e-002 -3.6614e+000
2968 0 +1.709865148e+000 -1.812013485e+001 -1.812013485e+001 +1.6990e+000 +2.7709e-001 +1.3554e+000 +1.8298e-001 -9.7243e-001 -1.1307e+000 +1.7408e+000 -1.7889e+000 +2.4934e-001 -3.5879e+000
3376 0 +1.609193954e+000 -1.822080605e+001 -1.822080605e+001 +1.2389e+000 +4.2686e-001 +1.0771e+000 +6.2213e-002 -1.1731e+000 -1.2099e+000 +1.7853e+000 -1.6696e+000 +3.8418e-001 -3.4015e+000
3477 0 +1.376278674e+000 -1.845372133e+001 -1.845372133e+001 +1.3316e+000 +4.2773e-001 +1.1722e+000 +8.2861e-002 -1.2219e+000 -1.0868e+000 +1.8546e+000 -1.7834e+000 +2.7537e-001 -3.4666e+000
3481 0 +1.118560843e+000 -1.871143916e+001 -1.871143916e+001 +1.5237e+000 +3.7725e-001 +1.2587e+000 +8.0919e-002 -9.9625e-001 -1.1942e+000 +1.7668e+000 -1.6839e+000 +2.3359e-001 -3.5309e+000
3667 0 +9.131693544e-001 -1.891683065e+001 -1.891683065e+001 +1.5110e+000 +4.1969e-001 +1.2146e+000 +9.2837e-002 -1.0255e+000 -1.2246e+000 +1.8545e+000 -1.7365e+000 +2.9690e-001 -3.7318e+000
3867 0 +9.115586832e-001 -1.891844132e+001 -1.891844132e+001 +1.5166e+000 +4.3832e-001 +1.2375e+000 +6.0702e-002 -1.0025e+000 -1.2107e+000 +1.8275e+000 -1.6785e+000 +2.8405e-001 -3.7154e+000
4322 0 +8.454776758e-001 -1.898452232e+001 -1.898452232e+001 +1.4444e+000 +5.0966e-001 +1.1862e+000 +2.0784e-002 -1.0499e+000 -1.1974e+000 +1.8121e+000 -1.6886e+000 +3.1968e-001 -3.7106e+000
5025 0 +7.444220256e-001 -1.908557797e+001 -1.908557797e+001 +1.2220e+000 +6.9603e-001 +1.1318e+000 -3.8355e-002 -8.8606e-001 -1.5009e+000 +2.0428e+000 -1.5143e+000 +5.5645e-001 -3.6528e+000
5219 0 +6.400847729e-001 -1.918991523e+001 -1.918991523e+001 +1.3049e+000 +6.2682e-001 +1.1883e+000 +2.4574e-002 -8.8779e-001 -1.4850e+000 +1.9243e+000 -1.5145e+000 +4.6125e-001 -3.6245e+000
5318 0 +5.647395885e-001 -1.926526041e+001 -1.926526041e+001 +1.4018e+000 +5.8946e-001 +1.3062e+000 -2.6962e-003 -9.0410e-001 -1.4095e+000 +1.8965e+000 -1.6145e+000 +3.6633e-001 -3.6943e+000
5676 0 +5.563774914e-001 -1.927362251e+001 -1.927362251e+001 +1.4165e+000 +6.0151e-001 +1.3729e+000 +2.6498e-002 -7.0392e-001 -1.5814e+000 +1.9484e+000 -1.5716e+000 +4.9388e-001 -3.7155e+000
5768 0 +5.368888022e-001 -1.929311120e+001 -1.929311120e+001 +1.2836e+000 +5.9694e-001 +1.2754e+000 +7.2661e-002 -8.7305e-001 -1.4275e+000 +1.8304e+000 -1.5994e+000 +3.7176e-001 -3.5841e+000
5819 0 +5.227922141e-001 -1.930720779e+001 -1.930720779e+001 +1.3096e+000 +6.3694e-001 +1.3222e+000 -6.8510e-003 -7.5829e-001 -1.4738e+000 +1.9861e+000 -1.6614e+000 +5.1500e-001 -3.7201e+000
6095 0 +4.970457580e-001 -1.933295424e+001 -1.933295424e+001 +9.6338e-001 +8.5279e-001 +1.0630e+000 +4.5899e-001 -9.5142e-001 -1.3373e+000 +1.6245e+000 -1.8285e+000 -1.6598e-001 -3.3245e+000
6119 0 +4.497355017e-001 -1.938026450e+001 -1.938026450e+001 +1.0376e+000 +7.9307e-001 +1.1468e+000 +3.2176e-001 -8.8774e-001 -1.4137e+000 +1.7425e+000 -1.7585e+000 +7.6601e-002 -3.4223e+000
6156 0 +4.292807058e-001 -1.940071929e+001 -1.940071929e+001 +1.0599e+000 +7.4845e-001 +9.6885e-001 +3.0815e-001 -8.6667e-001 -1.3210e+000 +1.7251e+000 -1.8511e+000 +2.2092e-002 -3.4121e+000
6281 0 +1.384969502e-001 -1.969150305e+001 -1.969150305e+001 +1.0099e+000 +1.3393e+000 +1.2939e+000 +5.5799e-001 -6.4416e-001 -1.8314e+000 +2.0327e+000 -1.6986e+000 +4.9189e-002 -3.4554e+000
6356 0 +1.203439205e-001 -1.970965608e+001 -1.970965608e+001 +1.0010e+000 +1.1699e+000 +1.0520e+000 +4.8527e-001 -6.6076e-001 -1.6858e+000 +1.9908e+000 -1.7853e+000 +8.3258e-002 -3.4034e+000
7818 0 +1.134591466e-001 -1.971654085e+001 -1.971654085e+001 +9.1757e-001 +1.3031e+000 +1.1074e+000 +5.6189e-001 -5.7244e-001 -1.7963e+000 +1.9748e+000 -1.7639e+000 +1.7672e-002 -3.3210e+000
8024 0 +1.059682656e-001 -1.972403173e+001 -1.972403173e+001 +8.0725e-001 +1.2946e+000 +1.0060e+000 +3.1240e-001 -6.3471e-001 -1.6065e+000 +2.2790e+000 -1.8287e+000 +2.3873e-002 -3.4072e+000
8074 0 +9.200578509e-002 -1.973799421e+001 -1.973799421e+001 +8.7389e-001 +1.2750e+000 +1.0346e+000 +5.7444e-001 -4.8073e-001 -1.7428e+000 +2.0461e+000 -1.7958e+000 +1.0133e-001 -3.3943e+000
8476 0 +5.426177902e-002 -1.977573822e+001 -1.977573822e+001 +6.9717e-001 +1.3189e+000 +8.2687e-001 +7.1051e-001 -5.3281e-001 -1.6288e+000 +1.9160e+000 -1.9317e+000 -1.3151e-001 -3.2259e+000
8547 0 +5.018035141e-002 -1.977981965e+001 -1.977981965e+001 +7.1285e-001 +1.3809e+000 +9.0238e-001 +6.3419e-001 -4.3893e-001 -1.6048e+000 +2.0406e+000 -1.8732e+000 -6.8223e-003 -3.2454e+000
8828 0 +2.720192561e-002 -1.980279807e+001 -1.980279807e+001 +6.7057e-001 +1.3617e+000 +9.0081e-001 +5.4664e-001 -4.6852e-001 -1.5759e+000 +1.9824e+000 -2.0652e+000 -1.5962e-001 -3.2921e+000
9877 0 +2.067860794e-002 -1.980932139e+001 -1.980932139e+001 +7.1374e-001 +1.3326e+000 +9.2975e-001 +5.8262e-001 -4.8321e-001 -1.5081e+000 +1.9700e+000 -2.0684e+000 -2.4949e-001 -3.3076e+000
10077 0 +1.890183815e-002 -1.981109816e+001 -1.981109816e+001 +7.8405e-001 +1.3269e+000 +1.0011e+000 +5.7482e-001 -4.6927e-001 -1.4900e+000 +2.0171e+000 -1.9950e+000 -2.0885e-001 -3.3314e+000
