% f evaluations | g evaluations | best noise-free fitness - Fopt (-6.211100000000e+002) + sum g_i+ | measured fitness | best measured fitness or single-digit g-values | x1 | x2...
1 0 +2.918812790e+008 +2.918806579e+008 +2.918806579e+008
251 0 +2.683027055e+008 +2.683020844e+008 +2.683020844e+008
490 0 +2.451248226e+008 +2.451242014e+008 +2.451242014e+008
912 0 +2.376328181e+008 +2.376321970e+008 +2.376321970e+008
1032 0 +2.288818298e+008 +2.288812087e+008 +2.288812087e+008
1105 0 +2.230247163e+008 +2.230240952e+008 +2.230240952e+008
1158 0 +2.151053449e+008 +2.151047238e+008 +2.151047238e+008
1232 0 +2.037687039e+008 +2.037680828e+008 +2.037680828e+008
1250 0 +1.973249043e+008 +1.973242832e+008 +1.973242832e+008
1254 0 +1.786213003e+008 +1.786206791e+008 +1.786206791e+008
1432 0 +1.715645279e+008 +1.715639068e+008 +1.715639068e+008
1557 0 +1.690317816e+008 +1.690311605e+008 +1.690311605e+008
1591 0 +1.536848174e+008 +1.536841963e+008 +1.536841963e+008
1757 0 +1.341619781e+008 +1.341613570e+008 +1.341613570e+008
2032 0 +1.315755775e+008 +1.315749564e+008 +1.315749564e+008
2178 0 +1.281611028e+008 +1.281604817e+008 +1.281604817e+008
2197 0 +1.157171391e+008 +1.157165180e+008 +1.157165180e+008
2396 0 +1.121272999e+008 +1.121266788e+008 +1.121266788e+008
2866 0 +1.093646262e+008 +1.093640051e+008 +1.093640051e+008
3789 0 +1.061992413e+008 +1.061986202e+008 +1.061986202e+008
4092 0 +1.040312723e+008 +1.040306511e+008 +1.040306511e+008
4360 0 +1.018597745e+008 +1.018591534e+008 +1.018591534e+008
4702 0 +9.726799348e+007 +9.726737237e+007 +9.726737237e+007
5197 0 +9.496794961e+007 +9.496732850e+007 +9.496732850e+007
5616 0 +9.321278688e+007 +9.321216577e+007 +9.321216577e+007
5654 0 +8.845686166e+007 +8.845624055e+007 +8.845624055e+007
5778 0 +8.023270571e+007 +8.023208460e+007 +8.023208460e+007
5817 0 +7.922253655e+007 +7.922191544e+007 +7.922191544e+007
5935 0 +7.760272796e+007 +7.760210685e+007 +7.760210685e+007
6335 0 +7.502587714e+007 +7.502525603e+007 +7.502525603e+007
6402 0 +7.403687100e+007 +7.403624989e+007 +7.403624989e+007
7059 0 +7.001593444e+007 +7.001531333e+007 +7.001531333e+007
7267 0 +6.688192805e+007 +6.688130694e+007 +6.688130694e+007
7474 0 +6.532907334e+007 +6.532845223e+007 +6.532845223e+007
7627 0 +6.303668288e+007 +6.303606177e+007 +6.303606177e+007
7754 0 +5.846178273e+007 +5.846116162e+007 +5.846116162e+007
8135 0 +5.745136799e+007 +5.745074688e+007 +5.745074688e+007
8446 0 +5.608547397e+007 +5.608485286e+007 +5.608485286e+007
8526 0 +5.411537728e+007 +5.411475617e+007 +5.411475617e+007
8996 0 +5.277162560e+007 +5.277100449e+007 +5.277100449e+007
9059 0 +5.201819209e+007 +5.201757098e+007 +5.201757098e+007
9546 0 +5.111014217e+007 +5.110952106e+007 +5.110952106e+007
9965 0 +4.946344894e+007 +4.946282783e+007 +4.946282783e+007
% f evaluations | g evaluations | best noise-free fitness - Fopt (-2.548200000000e+002) + sum g_i+ | measured fitness | best measured fitness or single-digit g-values | x1 | x2...
1 0 +4.780123172e+008 +4.780120624e+008 +4.780120624e+008
246 0 +4.713455519e+008 +4.713452970e+008 +4.713452970e+008
269 0 +3.866599255e+008 +3.866596707e+008 +3.866596707e+008
349 0 +3.644468941e+008 +3.644466393e+008 +3.644466393e+008
494 0 +2.363175887e+008 +2.363173339e+008 +2.363173339e+008
846 0 +2.314955607e+008 +2.314953059e+008 +2.314953059e+008
1112 0 +2.264739085e+008 +2.264736537e+008 +2.264736537e+008
1242 0 +2.221688050e+008 +2.221685501e+008 +2.221685501e+008
1561 0 +2.125420562e+008 +2.125418014e+008 +2.125418014e+008
1568 0 +2.064879552e+008 +2.064877004e+008 +2.064877004e+008
1786 0 +2.023032282e+008 +2.023029734e+008 +2.023029734e+008
1810 0 +1.853419787e+008 +1.853417239e+008 +1.853417239e+008
1995 0 +1.794107685e+008 +1.794105137e+008 +1.794105137e+008
2221 0 +1.777016089e+008 +1.777013541e+008 +1.777013541e+008
2306 0 +1.658100964e+008 +1.658098416e+008 +1.658098416e+008
2326 0 +1.543330167e+008 +1.543327619e+008 +1.543327619e+008
2652 0 +1.430109185e+008 +1.430106637e+008 +1.430106637e+008
2752 0 +1.372253948e+008 +1.372251400e+008 +1.372251400e+008
2852 0 +1.340956247e+008 +1.340953699e+008 +1.340953699e+008
3296 0 +1.010343695e+008 +1.010341147e+008 +1.010341147e+008
3452 0 +9.729711916e+007 +9.729686434e+007 +9.729686434e+007
3552 0 +9.503140615e+007 +9.503115133e+007 +9.503115133e+007
3792 0 +9.277041337e+007 +9.277015855e+007 +9.277015855e+007
3897 0 +8.973870178e+007 +8.973844696e+007 +8.973844696e+007
4052 0 +8.742551165e+007 +8.742525683e+007 +8.742525683e+007
4151 0 +8.468036989e+007 +8.468011507e+007 +8.468011507e+007
4624 0 +8.271605874e+007 +8.271580392e+007 +8.271580392e+007
5695 0 +8.109261851e+007 +8.109236369e+007 +8.109236369e+007
5731 0 +6.924742699e+007 +6.924717217e+007 +6.924717217e+007
5953 0 +6.815816384e+007 +6.815790902e+007 +6.815790902e+007
6306 0 +6.726481082e+007 +6.726455600e+007 +6.726455600e+007
6676 0 +6.593863563e+007 +6.593838081e+007 +6.593838081e+007
6843 0 +6.446318511e+007 +6.446293029e+007 +6.446293029e+007
6909 0 +6.248008952e+007 +6.247983470e+007 +6.247983470e+007
7781 0 +6.076457834e+007 +6.076432352e+007 +6.076432352e+007
8010 0 +5.775517157e+007 +5.775491675e+007 +5.775491675e+007
8424 0 +5.671102940e+007 +5.671077458e+007 +5.671077458e+007
8623 0 +5.613930960e+007 +5.613905478e+007 +5.613905478e+007
8722 0 +5.459240754e+007 +5.459215272e+007 +5.459215272e+007
8737 0 +5.254823840e+007 +5.254798358e+007 +5.254798358e+007
8812 0 +5.232688261e+007 +5.232662779e+007 +5.232662779e+007
9122 0 +5.106895974e+007 +5.106870492e+007 +5.106870492e+007
% f evaluations | g evaluations | best noise-free fitness - Fopt (5.661000000000e+001) + sum g_i+ | measured fitness | best measured fitness or single-digit g-values | x1 | x2...
1 0 +3.234975236e+008 +3.234975803e+008 +3.234975803e+008
726 0 +2.740359938e+008 +2.740360504e+008 +2.740360504e+008
927 0 +2.492191079e+008 +2.492191645e+008 +2.492191645e+008
1052 0 +2.391192471e+008 +2.391193037e+008 +2.391193037e+008
1195 0 +2.084601206e+008 +2.084601772e+008 +2.084601772e+008
1328 0 +1.803714245e+008 +1.803714811e+008 +1.803714811e+008
1667 0 +1.725676951e+008 +1.725677517e+008 +1.725677517e+008
1911 0 +1.663903821e+008 +1.663904387e+008 +1.663904387e+008
2490 0 +1.648830292e+008 +1.648830858e+008 +1.648830858e+008
2744 0 +1.513868292e+008 +1.513868858e+008 +1.513868858e+008
2986 0 +1.490195573e+008 +1.490196139e+008 +1.490196139e+008
3559 0 +1.431282537e+008 +1.431283103e+008 +1.431283103e+008
3729 0 +1.404240444e+008 +1.404241010e+008 +1.404241010e+008
3929 0 +1.361955306e+008 +1.361955872e+008 +1.361955872e+008
4069 0 +1.340358094e+008 +1.340358661e+008 +1.340358661e+008
4635 0 +1.259137825e+008 +1.259138391e+008 +1.259138391e+008
4739 0 +1.232354851e+008 +1.232355417e+008 +1.232355417e+008
4789 0 +1.227926803e+008 +1.227927369e+008 +1.227927369e+008
5039 0 +1.190640072e+008 +1.190640638e+008 +1.190640638e+008
5189 0 +1.170380151e+008 +1.170380717e+008 +1.170380717e+008
6297 0 +1.139099809e+008 +1.139100375e+008 +1.139100375e+008
6853 0 +1.117361188e+008 +1.117361754e+008 +1.117361754e+008
6965 0 +1.094314774e+008 +1.094315340e+008 +1.094315340e+008
7143 0 +9.862823178e+007 +9.862828839e+007 +9.862828839e+007
7248 0 +8.737392423e+007 +8.737398084e+007 +8.737398084e+007
7913 0 +8.702499316e+007 +8.702504977e+007 +8.702504977e+007
8519 0 +8.269295570e+007 +8.269301231e+007 +8.269301231e+007
9483 0 +8.077267304e+007 +8.077272965e+007 +8.077272965e+007
9583 0 +7.821351475e+007 +7.821357136e+007 +7.821357136e+007
9683 0 +7.690557383e+007 +7.690563044e+007 +7.690563044e+007
10072 0 +7.571405048e+007 +7.571410709e+007 +7.571410709e+007
% f evaluations | g evaluations | best noise-free fitness - Fopt (-1.810000000000e+001) + sum g_i+ | measured fitness | best measured fitness or single-digit g-values | x1 | x2...
1 0 +2.845524290e+008 +2.845524109e+008 +2.845524109e+008
327 0 +2.649858554e+008 +2.649858373e+008 +2.649858373e+008
409 0 +2.107044080e+008 +2.107043899e+008 +2.107043899e+008
667 0 +2.051558187e+008 +2.051558006e+008 +2.051558006e+008
872 0 +1.847715457e+008 +1.847715276e+008 +1.847715276e+008
995 0 +1.676407215e+008 +1.676407034e+008 +1.676407034e+008
1204 0 +1.644711779e+008 +1.644711598e+008 +1.644711598e+008
1459 0 +1.522201281e+008 +1.522201100e+008 +1.522201100e+008
1576 0 +1.444173186e+008 +1.444173005e+008 +1.444173005e+008
1630 0 +1.409539867e+008 +1.409539686e+008 +1.409539686e+008
2001 0 +1.356770522e+008 +1.356770341e+008 +1.356770341e+008
2088 0 +1.220924661e+008 +1.220924480e+008 +1.220924480e+008
2159 0 +1.182986253e+008 +1.182986072e+008 +1.182986072e+008
2324 0 +1.106729751e+008 +1.106729570e+008 +1.106729570e+008
2641 0 +9.511321347e+007 +9.511319537e+007 +9.511319537e+007
2831 0 +8.730116738e+007 +8.730114928e+007 +8.730114928e+007
3340 0 +8.542736322e+007 +8.542734512e+007 +8.542734512e+007
3436 0 +8.429476133e+007 +8.429474323e+007 +8.429474323e+007
4269 0 +8.272169273e+007 +8.272167463e+007 +8.272167463e+007
4882 0 +8.040716495e+007 +8.040714685e+007 +8.040714685e+007
5069 0 +7.921130882e+007 +7.921129072e+007 +7.921129072e+007
5340 0 +7.630589579e+007 +7.630587769e+007 +7.630587769e+007
5882 0 +7.398628053e+007 +7.398626243e+007 +7.398626243e+007
6369 0 +7.119779043e+007 +7.119777233e+007 +7.119777233e+007
6382 0 +7.000722994e+007 +7.000721184e+007 +7.000721184e+007
6882 0 +6.917569282e+007 +6.917567472e+007 +6.917567472e+007
6992 0 +6.470003445e+007 +6.470001635e+007 +6.470001635e+007
7088 0 +6.295167113e+007 +6.295165303e+007 +6.295165303e+007
7089 0 +6.132803339e+007 +6.132801529e+007 +6.132801529e+007
7741 0 +5.928319452e+007 +5.928317642e+007 +5.928317642e+007
8040 0 +5.857183149e+007 +5.857181339e+007 +5.857181339e+007
8468 0 +5.735087547e+007 +5.735085737e+007 +5.735085737e+007
8869 0 +5.479485462e+007 +5.479483652e+007 +5.479483652e+007
9032 0 +5.095586928e+007 +5.095585118e+007 +5.095585118e+007
9147 0 +5.003162056e+007 +5.003160246e+007 +5.003160246e+007
9332 0 +4.738496045e+007 +4.738494235e+007 +4.738494235e+007
10053 0 +4.583182692e+007 +4.583180882e+007 +4.583180882e+007
% f evaluations | g evaluations | best noise-free fitness - Fopt (3.777000000000e+001) + sum g_i+ | measured fitness | best measured fitness or single-digit g-values | x1 | x2...
1 0 +2.003609534e+008 +2.003609912e+008 +2.003609912e+008
1224 0 +1.997485342e+008 +1.997485719e+008 +1.997485719e+008
1295 0 +1.947722983e+008 +1.947723361e+008 +1.947723361e+008
1340 0 +1.772556225e+008 +1.772556603e+008 +1.772556603e+008
1469 0 +1.708197937e+008 +1.708198315e+008 +1.708198315e+008
1634 0 +1.691517943e+008 +1.691518321e+008 +1.691518321e+008
1734 0 +1.629194238e+008 +1.629194616e+008 +1.629194616e+008
1831 0 +1.489103992e+008 +1.489104370e+008 +1.489104370e+008
1851 0 +1.433543852e+008 +1.433544229e+008 +1.433544229e+008
1934 0 +1.397284030e+008 +1.397284408e+008 +1.397284408e+008
2103 0 +1.301006976e+008 +1.301007354e+008 +1.301007354e+008
2352 0 +1.285516553e+008 +1.285516930e+008 +1.285516930e+008
2465 0 +1.258887839e+008 +1.258888217e+008 +1.258888217e+008
2576 0 +1.190511735e+008 +1.190512113e+008 +1.190512113e+008
2797 0 +1.161340006e+008 +1.161340384e+008 +1.161340384e+008
3247 0 +1.146511065e+008 +1.146511442e+008 +1.146511442e+008
3525 0 +1.082203042e+008 +1.082203419e+008 +1.082203419e+008
3624 0 +1.070536662e+008 +1.070537040e+008 +1.070537040e+008
4165 0 +1.035773757e+008 +1.035774135e+008 +1.035774135e+008
4416 0 +9.994433373e+007 +9.994437150e+007 +9.994437150e+007
4453 0 +9.512725642e+007 +9.512729419e+007 +9.512729419e+007
4824 0 +9.255999205e+007 +9.256002982e+007 +9.256002982e+007
4972 0 +9.091410614e+007 +9.091414391e+007 +9.091414391e+007
5765 0 +8.892955064e+007 +8.892958841e+007 +8.892958841e+007
6082 0 +8.633839223e+007 +8.633843000e+007 +8.633843000e+007
6801 0 +8.509440019e+007 +8.509443796e+007 +8.509443796e+007
7092 0 +8.286950724e+007 +8.286954501e+007 +8.286954501e+007
7343 0 +8.079861389e+007 +8.079865166e+007 +8.079865166e+007
8507 0 +7.819462822e+007 +7.819466599e+007 +7.819466599e+007
8642 0 +7.654743015e+007 +7.654746792e+007 +7.654746792e+007
9092 0 +7.414103117e+007 +7.414106894e+007 +7.414106894e+007
9201 0 +7.347109892e+007 +7.347113669e+007 +7.347113669e+007
9569 0 +7.217582030e+007 +7.217585807e+007 +7.217585807e+007
9815 0 +7.073879163e+007 +7.073882940e+007 +7.073882940e+007
% f evaluations | g evaluations | best noise-free fitness - Fopt (-6.325500000000e+002) + sum g_i+ | measured fitness | best measured fitness or single-digit g-values | x1 | x2...
1 0 +3.900911686e+008 +3.900905360e+008 +3.900905360e+008
291 0 +3.173604177e+008 +3.173597852e+008 +3.173597852e+008
421 0 +3.160883204e+008 +3.160876878e+008 +3.160876878e+008
504 0 +3.084076119e+008 +3.084069793e+008 +3.084069793e+008
511 0 +2.689168307e+008 +2.689161981e+008 +2.689161981e+008
631 0 +2.459210237e+008 +2.459203912e+008 +2.459203912e+008
842 0 +2.287379859e+008 +2.287373533e+008 +2.287373533e+008
889 0 +2.213692903e+008 +2.213686577e+008 +2.213686577e+008
1013 0 +1.984356580e+008 +1.984350254e+008 +1.984350254e+008
1363 0 +1.850895132e+008 +1.850888806e+008 +1.850888806e+008
1536 0 +1.791864986e+008 +1.791858661e+008 +1.791858661e+008
1772 0 +1.777765814e+008 +1.777759488e+008 +1.777759488e+008
1972 0 +1.734605051e+008 +1.734598726e+008 +1.734598726e+008
2231 0 +1.697336150e+008 +1.697329824e+008 +1.697329824e+008
2288 0 +1.594715022e+008 +1.594708696e+008 +1.594708696e+008
2488 0 +1.575737923e+008 +1.575731598e+008 +1.575731598e+008
2671 0 +1.534858799e+008 +1.534852473e+008 +1.534852473e+008
3356 0 +1.409424614e+008 +1.409418288e+008 +1.409418288e+008
3553 0 +1.365729974e+008 +1.365723649e+008 +1.365723649e+008
3842 0 +1.345521253e+008 +1.345514928e+008 +1.345514928e+008
4011 0 +1.296771780e+008 +1.296765454e+008 +1.296765454e+008
4131 0 +1.207199040e+008 +1.207192715e+008 +1.207192715e+008
4231 0 +1.195374130e+008 +1.195367804e+008 +1.195367804e+008
4311 0 +1.162849449e+008 +1.162843123e+008 +1.162843123e+008
4488 0 +1.074581209e+008 +1.074574883e+008 +1.074574883e+008
4542 0 +1.067972683e+008 +1.067966357e+008 +1.067966357e+008
4714 0 +1.030862696e+008 +1.030856370e+008 +1.030856370e+008
4736 0 +9.654207599e+007 +9.654144344e+007 +9.654144344e+007
4862 0 +9.517935077e+007 +9.517871822e+007 +9.517871822e+007
5044 0 +9.299439512e+007 +9.299376257e+007 +9.299376257e+007
5191 0 +9.110365500e+007 +9.110302245e+007 +9.110302245e+007
5729 0 +8.830508010e+007 +8.830444755e+007 +8.830444755e+007
6216 0 +8.580370978e+007 +8.580307723e+007 +8.580307723e+007
6414 0 +8.511363177e+007 +8.511299922e+007 +8.511299922e+007
6697 0 +8.145861357e+007 +8.145798102e+007 +8.145798102e+007
6978 0 +8.063755586e+007 +8.063692331e+007 +8.063692331e+007
7398 0 +7.632503094e+007 +7.632439839e+007 +7.632439839e+007
7550 0 +7.568810009e+007 +7.568746754e+007 +7.568746754e+007
7903 0 +7.305987490e+007 +7.305924235e+007 +7.305924235e+007
8237 0 +7.205550941e+007 +7.205487686e+007 +7.205487686e+007
8803 0 +6.939302477e+007 +6.939239222e+007 +6.939239222e+007
9237 0 +6.889707994e+007 +6.889644739e+007 +6.889644739e+007
9988 0 +6.746193109e+007 +6.746129854e+007 +6.746129854e+007
% f evaluations | g evaluations | best noise-free fitness - Fopt (-8.530000000000e+001) + sum g_i+ | measured fitness | best measured fitness or single-digit g-values | x1 | x2...
1 0 +9.293108617e+008 +9.293107764e+008 +9.293107764e+008
203 0 +9.056955591e+008 +9.056954738e+008 +9.056954738e+008
215 0 +7.703697239e+008 +7.703696386e+008 +7.703696386e+008
240 0 +7.414716980e+008 +7.414716127e+008 +7.414716127e+008
257 0 +7.200150922e+008 +7.200150069e+008 +7.200150069e+008
283 0 +4.555349975e+008 +4.555349122e+008 +4.555349122e+008
294 0 +4.451826349e+008 +4.451825496e+008 +4.451825496e+008
322 0 +4.064774778e+008 +4.064773925e+008 +4.064773925e+008
373 0 +3.826958634e+008 +3.826957781e+008 +3.826957781e+008
440 0 +3.450117441e+008 +3.450116588e+008 +3.450116588e+008
522 0 +3.155622625e+008 +3.155621772e+008 +3.155621772e+008
682 0 +2.878408534e+008 +2.878407681e+008 +2.878407681e+008
727 0 +2.767011263e+008 +2.767010410e+008 +2.767010410e+008
908 0 +2.740212310e+008 +2.740211457e+008 +2.740211457e+008
946 0 +2.623847253e+008 +2.623846400e+008 +2.623846400e+008
1064 0 +2.528056776e+008 +2.528055923e+008 +2.528055923e+008
1179 0 +2.308701505e+008 +2.308700652e+008 +2.308700652e+008
1558 0 +2.191626246e+008 +2.191625393e+008 +2.191625393e+008
1681 0 +2.082886176e+008 +2.082885323e+008 +2.082885323e+008
2398 0 +1.966895316e+008 +1.966894463e+008 +1.966894463e+008
2433 0 +1.887278772e+008 +1.887277919e+008 +1.887277919e+008
2602 0 +1.854359429e+008 +1.854358576e+008 +1.854358576e+008
2615 0 +1.809866008e+008 +1.809865155e+008 +1.809865155e+008
2659 0 +1.701880057e+008 +1.701879204e+008 +1.701879204e+008
2810 0 +1.695893734e+008 +1.695892881e+008 +1.695892881e+008
3288 0 +1.638408525e+008 +1.638407672e+008 +1.638407672e+008
3386 0 +1.572264658e+008 +1.572263805e+008 +1.572263805e+008
3499 0 +1.518793178e+008 +1.518792325e+008 +1.518792325e+008
3579 0 +1.469626367e+008 +1.469625514e+008 +1.469625514e+008
3978 0 +1.307353168e+008 +1.307352315e+008 +1.307352315e+008
4130 0 +1.256209734e+008 +1.256208881e+008 +1.256208881e+008
4915 0 +1.222292304e+008 +1.222291451e+008 +1.222291451e+008
5249 0 +1.177522096e+008 +1.177521243e+008 +1.177521243e+008
5313 0 +1.169516415e+008 +1.169515562e+008 +1.169515562e+008
5493 0 +1.105623395e+008 +1.105622542e+008 +1.105622542e+008
5989 0 +1.091963113e+008 +1.091962260e+008 +1.091962260e+008
6590 0 +1.071153318e+008 +1.071152465e+008 +1.071152465e+008
7277 0 +1.045046617e+008 +1.045045764e+008 +1.045045764e+008
7707 0 +9.874028168e+007 +9.874019638e+007 +9.874019638e+007
7843 0 +9.481520912e+007 +9.481512382e+007 +9.481512382e+007
7871 0 +9.193462143e+007 +9.193453613e+007 +9.193453613e+007
8171 0 +8.979888591e+007 +8.979880061e+007 +8.979880061e+007
8238 0 +8.639672440e+007 +8.639663910e+007 +8.639663910e+007
8281 0 +8.315927247e+007 +8.315918717e+007 +8.315918717e+007
8893 0 +7.652533879e+007 +7.652525349e+007 +7.652525349e+007
9280 0 +7.329770308e+007 +7.329761778e+007 +7.329761778e+007
9598 0 +7.222619620e+007 +7.222611090e+007 +7.222611090e+007
9813 0 +7.070968820e+007 +7.070960290e+007 +7.070960290e+007
9852 0 +6.525036686e+007 +6.525028156e+007 +6.525028156e+007
9916 0 +6.315953697e+007 +6.315945167e+007 +6.315945167e+007
9972 0 +6.143606936e+007 +6.143598406e+007 +6.143598406e+007
% f evaluations | g evaluations | best noise-free fitness - Fopt (1.719500000000e+002) + sum g_i+ | measured fitness | best measured fitness or single-digit g-values | x1 | x2...
1 0 +5.354822174e+008 +5.354823893e+008 +5.354823893e+008
202 0 +3.970472768e+008 +3.970474487e+008 +3.970474487e+008
271 0 +3.485347233e+008 +3.485348952e+008 +3.485348952e+008
441 0 +3.439386753e+008 +3.439388473e+008 +3.439388473e+008
450 0 +3.183515231e+008 +3.183516950e+008 +3.183516950e+008
574 0 +3.043151737e+008 +3.043153457e+008 +3.043153457e+008
624 0 +2.742818554e+008 +2.742820274e+008 +2.742820274e+008
1122 0 +2.654713504e+008 +2.654715223e+008 +2.654715223e+008
1236 0 +2.554836479e+008 +2.554838199e+008 +2.554838199e+008
1481 0 +2.486504038e+008 +2.486505757e+008 +2.486505757e+008
1487 0 +2.400149406e+008 +2.400151126e+008 +2.400151126e+008
1518 0 +1.980130121e+008 +1.980131840e+008 +1.980131840e+008
1722 0 +1.947890627e+008 +1.947892346e+008 +1.947892346e+008
1789 0 +1.838350330e+008 +1.838352049e+008 +1.838352049e+008
1873 0 +1.818554411e+008 +1.818556130e+008 +1.818556130e+008
1956 0 +1.765756797e+008 +1.765758516e+008 +1.765758516e+008
1958 0 +1.727842251e+008 +1.727843971e+008 +1.727843971e+008
2104 0 +1.611404558e+008 +1.611406277e+008 +1.611406277e+008
2348 0 +1.575811607e+008 +1.575813327e+008 +1.575813327e+008
2509 0 +1.507333912e+008 +1.507335631e+008 +1.507335631e+008
2916 0 +1.475222599e+008 +1.475224319e+008 +1.475224319e+008
3106 0 +1.406886726e+008 +1.406888445e+008 +1.406888445e+008
3306 0 +1.338954036e+008 +1.338955756e+008 +1.338955756e+008
3337 0 +1.304996767e+008 +1.304998486e+008 +1.304998486e+008
3545 0 +1.207462628e+008 +1.207464348e+008 +1.207464348e+008
3871 0 +1.195128382e+008 +1.195130101e+008 +1.195130101e+008
3981 0 +1.167596705e+008 +1.167598424e+008 +1.167598424e+008
4036 0 +1.124850243e+008 +1.124851963e+008 +1.124851963e+008
4181 0 +1.054587527e+008 +1.054589246e+008 +1.054589246e+008
4206 0 +9.660937844e+007 +9.660955039e+007 +9.660955039e+007
4681 0 +9.530644283e+007 +9.530661478e+007 +9.530661478e+007
5419 0 +9.311005989e+007 +9.311023184e+007 +9.311023184e+007
5569 0 +9.058810668e+007 +9.058827863e+007 +9.058827863e+007
5970 0 +8.707048835e+007 +8.707066030e+007 +8.707066030e+007
6686 0 +8.421844014e+007 +8.421861209e+007 +8.421861209e+007
6705 0 +8.276955800e+007 +8.276972995e+007 +8.276972995e+007
7020 0 +8.001814323e+007 +8.001831518e+007 +8.001831518e+007
7519 0 +7.838586092e+007 +7.838603287e+007 +7.838603287e+007
7586 0 +7.737587158e+007 +7.737604353e+007 +7.737604353e+007
7812 0 +7.474724093e+007 +7.474741288e+007 +7.474741288e+007
8067 0 +7.233449379e+007 +7.233466574e+007 +7.233466574e+007
8709 0 +7.029675741e+007 +7.029692936e+007 +7.029692936e+007
8828 0 +6.859893020e+007 +6.859910215e+007 +6.859910215e+007
9620 0 +6.747339241e+007 +6.747356436e+007 +6.747356436e+007
% f evaluations | g evaluations | best noise-free fitness - Fopt (6.816000000000e+001) + sum g_i+ | measured fitness | best measured fitness or single-digit g-values | x1 | x2...
1 0 +1.179020488e+009 +1.179020556e+009 +1.179020556e+009
21 0 +7.025642262e+008 +7.025642944e+008 +7.025642944e+008
52 0 +6.215558954e+008 +6.215559635e+008 +6.215559635e+008
53 0 +5.532701523e+008 +5.532702205e+008 +5.532702205e+008
226 0 +3.676513112e+008 +3.676513794e+008 +3.676513794e+008
466 0 +3.463877179e+008 +3.463877861e+008 +3.463877861e+008
564 0 +3.352319215e+008 +3.352319897e+008 +3.352319897e+008
580 0 +3.065386359e+008 +3.065387041e+008 +3.065387041e+008
607 0 +2.941328425e+008 +2.941329106e+008 +2.941329106e+008
843 0 +2.849419890e+008 +2.849420571e+008 +2.849420571e+008
1015 0 +2.668784527e+008 +2.668785208e+008 +2.668785208e+008
1340 0 +2.443296838e+008 +2.443297520e+008 +2.443297520e+008
1448 0 +2.386922345e+008 +2.386923027e+008 +2.386923027e+008
1593 0 +2.307479024e+008 +2.307479706e+008 +2.307479706e+008
1648 0 +2.259416132e+008 +2.259416814e+008 +2.259416814e+008
1708 0 +2.143389535e+008 +2.143390217e+008 +2.143390217e+008
1741 0 +1.935550558e+008 +1.935551239e+008 +1.935551239e+008
2216 0 +1.862620650e+008 +1.862621331e+008 +1.862621331e+008
2383 0 +1.853300316e+008 +1.853300998e+008 +1.853300998e+008
2686 0 +1.749585785e+008 +1.749586466e+008 +1.749586466e+008
2805 0 +1.728649499e+008 +1.728650181e+008 +1.728650181e+008
3062 0 +1.695493692e+008 +1.695494374e+008 +1.695494374e+008
3071 0 +1.605682532e+008 +1.605683213e+008 +1.605683213e+008
3109 0 +1.458788541e+008 +1.458789222e+008 +1.458789222e+008
3115 0 +1.443603924e+008 +1.443604606e+008 +1.443604606e+008
3411 0 +1.410891744e+008 +1.410892426e+008 +1.410892426e+008
3516 0 +1.379794885e+008 +1.379795567e+008 +1.379795567e+008
4007 0 +1.320708810e+008 +1.320709491e+008 +1.320709491e+008
4488 0 +1.304102573e+008 +1.304103255e+008 +1.304103255e+008
4667 0 +1.275870690e+008 +1.275871372e+008 +1.275871372e+008
5110 0 +1.256101317e+008 +1.256101999e+008 +1.256101999e+008
5611 0 +1.227106447e+008 +1.227107128e+008 +1.227107128e+008
5752 0 +1.145153462e+008 +1.145154143e+008 +1.145154143e+008
6082 0 +1.087474976e+008 +1.087475657e+008 +1.087475657e+008
6283 0 +1.057464533e+008 +1.057465215e+008 +1.057465215e+008
6488 0 +1.046712551e+008 +1.046713233e+008 +1.046713233e+008
6847 0 +1.020313104e+008 +1.020313786e+008 +1.020313786e+008
6915 0 +9.940339370e+007 +9.940346186e+007 +9.940346186e+007
7185 0 +9.687839013e+007 +9.687845829e+007 +9.687845829e+007
7471 0 +9.438376506e+007 +9.438383322e+007 +9.438383322e+007
7671 0 +9.308331326e+007 +9.308338142e+007 +9.308338142e+007
7898 0 +9.094902031e+007 +9.094908847e+007 +9.094908847e+007
7951 0 +8.841175281e+007 +8.841182097e+007 +8.841182097e+007
8011 0 +8.709111003e+007 +8.709117819e+007 +8.709117819e+007
8215 0 +8.251153571e+007 +8.251160387e+007 +8.251160387e+007
8271 0 +8.020978764e+007 +8.020985580e+007 +8.020985580e+007
8282 0 +7.675744019e+007 +7.675750835e+007 +7.675750835e+007
8283 0 +7.407377012e+007 +7.407383828e+007 +7.407383828e+007
8820 0 +7.236358742e+007 +7.236365558e+007 +7.236365558e+007
9444 0 +7.044052729e+007 +7.044059545e+007 +7.044059545e+007
9568 0 +6.860527723e+007 +6.860534539e+007 +6.860534539e+007
9790 0 +6.749883021e+007 +6.749889837e+007 +6.749889837e+007
% f evaluations | g evaluations | best noise-free fitness - Fopt (1.000000000000e+003) + sum g_i+ | measured fitness | best measured fitness or single-digit g-values | x1 | x2...
1 0 +8.524611580e+008 +8.524621580e+008 +8.524621580e+008
26 0 +8.038730181e+008 +8.038740181e+008 +8.038740181e+008
34 0 +7.080160785e+008 +7.080170785e+008 +7.080170785e+008
69 0 +6.617749137e+008 +6.617759137e+008 +6.617759137e+008
207 0 +3.808136889e+008 +3.808146889e+008 +3.808146889e+008
405 0 +3.318947967e+008 +3.318957967e+008 +3.318957967e+008
434 0 +2.805245529e+008 +2.805255529e+008 +2.805255529e+008
590 0 +2.494978882e+008 +2.494988882e+008 +2.494988882e+008
701 0 +2.316877495e+008 +2.316887495e+008 +2.316887495e+008
747 0 +2.150328843e+008 +2.150338843e+008 +2.150338843e+008
1212 0 +2.093903081e+008 +2.093913081e+008 +2.093913081e+008
1330 0 +2.077268582e+008 +2.077278582e+008 +2.077278582e+008
1351 0 +1.990794046e+008 +1.990804046e+008 +1.990804046e+008
1410 0 +1.898740808e+008 +1.898750808e+008 +1.898750808e+008
1421 0 +1.797741220e+008 +1.797751220e+008 +1.797751220e+008
1518 0 +1.703828432e+008 +1.703838432e+008 +1.703838432e+008
1525 0 +1.623553046e+008 +1.623563046e+008 +1.623563046e+008
1662 0 +1.619062662e+008 +1.619072662e+008 +1.619072662e+008
2093 0 +1.522841040e+008 +1.522851040e+008 +1.522851040e+008
2251 0 +1.488812385e+008 +1.488822385e+008 +1.488822385e+008
2674 0 +1.470803725e+008 +1.470813725e+008 +1.470813725e+008
3013 0 +1.425533703e+008 +1.425543703e+008 +1.425543703e+008
3143 0 +1.391697107e+008 +1.391707107e+008 +1.391707107e+008
3304 0 +1.348439392e+008 +1.348449392e+008 +1.348449392e+008
3604 0 +1.302460116e+008 +1.302470116e+008 +1.302470116e+008
3894 0 +1.277926898e+008 +1.277936898e+008 +1.277936898e+008
4239 0 +1.251356247e+008 +1.251366247e+008 +1.251366247e+008
4917 0 +1.211104286e+008 +1.211114286e+008 +1.211114286e+008
5049 0 +1.143145417e+008 +1.143155417e+008 +1.143155417e+008
5921 0 +1.112251330e+008 +1.112261330e+008 +1.112261330e+008
5979 0 +1.092657586e+008 +1.092667586e+008 +1.092667586e+008
6239 0 +1.064863249e+008 +1.064873249e+008 +1.064873249e+008
6751 0 +1.041859423e+008 +1.041869423e+008 +1.041869423e+008
7347 0 +1.021277109e+008 +1.021287109e+008 +1.021287109e+008
8283 0 +9.932649928e+007 +9.932749928e+007 +9.932749928e+007
8619 0 +9.709278326e+007 +9.709378326e+007 +9.709378326e+007
8727 0 +9.502075851e+007 +9.502175851e+007 +9.502175851e+007
9029 0 +9.316195061e+007 +9.316295061e+007 +9.316295061e+007
9447 0 +9.076612403e+007 +9.076712403e+007 +9.076712403e+007
9651 0 +8.896741674e+007 +8.896841674e+007 +8.896841674e+007
9902 0 +8.703457597e+007 +8.703557597e+007 +8.703557597e+007
% f evaluations | g evaluations | best noise-free fitness - Fopt (-6.837000000000e+001) + sum g_i+ | measured fitness | best measured fitness or single-digit g-values | x1 | x2...
1 0 +1.518343387e+009 +1.518343319e+009 +1.518343319e+009
4 0 +1.316390680e+009 +1.316390611e+009 +1.316390611e+009
24 0 +1.171297633e+009 +1.171297565e+009 +1.171297565e+009
30 0 +9.866097955e+008 +9.866097272e+008 +9.866097272e+008
46 0 +9.109158743e+008 +9.109158059e+008 +9.109158059e+008
83 0 +6.773307703e+008 +6.773307019e+008 +6.773307019e+008
220 0 +6.424824121e+008 +6.424823437e+008 +6.424823437e+008
232 0 +5.370170179e+008 +5.370169495e+008 +5.370169495e+008
243 0 +3.971575644e+008 +3.971574961e+008 +3.971574961e+008
383 0 +2.978566848e+008 +2.978566164e+008 +2.978566164e+008
530 0 +2.542874625e+008 +2.542873942e+008 +2.542873942e+008
625 0 +2.510945322e+008 +2.510944638e+008 +2.510944638e+008
742 0 +2.430844420e+008 +2.430843736e+008 +2.430843736e+008
804 0 +2.151129810e+008 +2.151129126e+008 +2.151129126e+008
1054 0 +2.074457617e+008 +2.074456934e+008 +2.074456934e+008
1291 0 +1.929808254e+008 +1.929807571e+008 +1.929807571e+008
1384 0 +1.832923325e+008 +1.832922641e+008 +1.832922641e+008
1491 0 +1.817029273e+008 +1.817028589e+008 +1.817028589e+008
1796 0 +1.646264731e+008 +1.646264047e+008 +1.646264047e+008
1825 0 +1.604872279e+008 +1.604871596e+008 +1.604871596e+008
1856 0 +1.569736610e+008 +1.569735926e+008 +1.569735926e+008
1862 0 +1.436811450e+008 +1.436810766e+008 +1.436810766e+008
2175 0 +1.402880148e+008 +1.402879464e+008 +1.402879464e+008
2326 0 +1.369575953e+008 +1.369575269e+008 +1.369575269e+008
2475 0 +1.290647135e+008 +1.290646451e+008 +1.290646451e+008
2484 0 +1.270016050e+008 +1.270015366e+008 +1.270015366e+008
2551 0 +1.212272570e+008 +1.212271886e+008 +1.212271886e+008
2693 0 +1.178039736e+008 +1.178039053e+008 +1.178039053e+008
2804 0 +1.157931633e+008 +1.157930949e+008 +1.157930949e+008
2893 0 +1.138942366e+008 +1.138941682e+008 +1.138941682e+008
3597 0 +1.103161965e+008 +1.103161281e+008 +1.103161281e+008
3651 0 +1.092326851e+008 +1.092326168e+008 +1.092326168e+008
3782 0 +1.014126949e+008 +1.014126265e+008 +1.014126265e+008
3873 0 +9.452427150e+007 +9.452420313e+007 +9.452420313e+007
3928 0 +9.272842049e+007 +9.272835212e+007 +9.272835212e+007
4293 0 +9.069795968e+007 +9.069789131e+007 +9.069789131e+007
4593 0 +8.778657460e+007 +8.778650623e+007 +8.778650623e+007
4893 0 +8.664839862e+007 +8.664833025e+007 +8.664833025e+007
5396 0 +8.505500231e+007 +8.505493394e+007 +8.505493394e+007
5541 0 +7.958039240e+007 +7.958032403e+007 +7.958032403e+007
5693 0 +7.906827054e+007 +7.906820217e+007 +7.906820217e+007
6216 0 +7.757378990e+007 +7.757372153e+007 +7.757372153e+007
7648 0 +7.233517455e+007 +7.233510618e+007 +7.233510618e+007
7719 0 +6.901871118e+007 +6.901864281e+007 +6.901864281e+007
7928 0 +6.667473998e+007 +6.667467161e+007 +6.667467161e+007
8128 0 +6.455540607e+007 +6.455533770e+007 +6.455533770e+007
8542 0 +6.220071428e+007 +6.220064591e+007 +6.220064591e+007
% f evaluations | g evaluations | best noise-free fitness - Fopt (-5.548000000000e+001) + sum g_i+ | measured fitness | best measured fitness or single-digit g-values | x1 | x2...
1 0 +3.590253220e+009 +3.590253165e+009 +3.590253165e+009
4 0 +2.494900792e+009 +2.494900736e+009 +2.494900736e+009
5 0 +2.267473418e+009 +2.267473362e+009 +2.267473362e+009
16 0 +1.433549983e+009 +1.433549927e+009 +1.433549927e+009
21 0 +1.209874145e+009 +1.209874090e+009 +1.209874090e+009
25 0 +9.270840717e+008 +9.270840162e+008 +9.270840162e+008
65 0 +5.053585806e+008 +5.053585252e+008 +5.053585252e+008
205 0 +4.765848196e+008 +4.765847641e+008 +4.765847641e+008
216 0 +4.126089422e+008 +4.126088867e+008 +4.126088867e+008
296 0 +2.918381920e+008 +2.918381366e+008 +2.918381366e+008
479 0 +2.878110486e+008 +2.878109931e+008 +2.878109931e+008
704 0 +2.756678344e+008 +2.756677789e+008 +2.756677789e+008
814 0 +2.736798297e+008 +2.736797742e+008 +2.736797742e+008
836 0 +2.382683363e+008 +2.382682809e+008 +2.382682809e+008
983 0 +2.337020228e+008 +2.337019673e+008 +2.337019673e+008
1036 0 +2.281270271e+008 +2.281269716e+008 +2.281269716e+008
1208 0 +2.187268260e+008 +2.187267705e+008 +2.187267705e+008
1771 0 +2.103427418e+008 +2.103426864e+008 +2.103426864e+008
2016 0 +2.052916474e+008 +2.052915919e+008 +2.052915919e+008
2140 0 +2.018236816e+008 +2.018236261e+008 +2.018236261e+008
2335 0 +1.985443113e+008 +1.985442559e+008 +1.985442559e+008
2571 0 +1.943281626e+008 +1.943281072e+008 +1.943281072e+008
2871 0 +1.904673844e+008 +1.904673290e+008 +1.904673290e+008
3009 0 +1.831865145e+008 +1.831864590e+008 +1.831864590e+008
3283 0 +1.813770860e+008 +1.813770305e+008 +1.813770305e+008
3404 0 +1.733246616e+008 +1.733246061e+008 +1.733246061e+008
4142 0 +1.685059545e+008 +1.685058991e+008 +1.685058991e+008
4217 0 +1.589804233e+008 +1.589803678e+008 +1.589803678e+008
4308 0 +1.560697854e+008 +1.560697299e+008 +1.560697299e+008
4349 0 +1.542999643e+008 +1.542999088e+008 +1.542999088e+008
4423 0 +1.461438359e+008 +1.461437804e+008 +1.461437804e+008
4523 0 +1.440820070e+008 +1.440819516e+008 +1.440819516e+008
4990 0 +1.396669805e+008 +1.396669250e+008 +1.396669250e+008
5008 0 +1.375697549e+008 +1.375696994e+008 +1.375696994e+008
5163 0 +1.266707575e+008 +1.266707020e+008 +1.266707020e+008
5221 0 +1.235505898e+008 +1.235505343e+008 +1.235505343e+008
5553 0 +1.227999558e+008 +1.227999003e+008 +1.227999003e+008
6078 0 +1.176679454e+008 +1.176678899e+008 +1.176678899e+008
6085 0 +1.155196548e+008 +1.155195993e+008 +1.155195993e+008
6173 0 +1.103802835e+008 +1.103802280e+008 +1.103802280e+008
6456 0 +1.074469425e+008 +1.074468871e+008 +1.074468871e+008
6519 0 +1.070785654e+008 +1.070785100e+008 +1.070785100e+008
7273 0 +1.044779446e+008 +1.044778891e+008 +1.044778891e+008
7709 0 +1.014071623e+008 +1.014071068e+008 +1.014071068e+008
7740 0 +9.856460195e+007 +9.856454647e+007 +9.856454647e+007
8427 0 +9.736668242e+007 +9.736662694e+007 +9.736662694e+007
9065 0 +9.488434476e+007 +9.488428928e+007 +9.488428928e+007
9226 0 +9.268387228e+007 +9.268381680e+007 +9.268381680e+007
9526 0 +9.063165566e+007 +9.063160018e+007 +9.063160018e+007
% f evaluations | g evaluations | best noise-free fitness - Fopt (-5.349000000000e+001) + sum g_i+ | measured fitness | best measured fitness or single-digit g-values | x1 | x2...
1 0 +2.289126133e+009 +2.289126079e+009 +2.289126079e+009
15 0 +1.194767035e+009 +1.194766981e+009 +1.194766981e+009
80 0 +5.010378681e+008 +5.010378146e+008 +5.010378146e+008
225 0 +4.309163656e+008 +4.309163122e+008 +4.309163122e+008
334 0 +3.811702225e+008 +3.811701690e+008 +3.811701690e+008
383 0 +3.069565056e+008 +3.069564521e+008 +3.069564521e+008
492 0 +2.997686284e+008 +2.997685749e+008 +2.997685749e+008
552 0 +2.876215063e+008 +2.876214529e+008 +2.876214529e+008
572 0 +2.722723133e+008 +2.722722598e+008 +2.722722598e+008
575 0 +2.596695461e+008 +2.596694926e+008 +2.596694926e+008
608 0 +2.486362789e+008 +2.486362254e+008 +2.486362254e+008
669 0 +2.431085104e+008 +2.431084569e+008 +2.431084569e+008
692 0 +2.349737229e+008 +2.349736695e+008 +2.349736695e+008
788 0 +2.343174003e+008 +2.343173468e+008 +2.343173468e+008
802 0 +2.021437964e+008 +2.021437429e+008 +2.021437429e+008
837 0 +1.868885231e+008 +1.868884696e+008 +1.868884696e+008
869 0 +1.764449931e+008 +1.764449396e+008 +1.764449396e+008
1050 0 +1.684597177e+008 +1.684596642e+008 +1.684596642e+008
1253 0 +1.567817119e+008 +1.567816584e+008 +1.567816584e+008
1453 0 +1.545092342e+008 +1.545091807e+008 +1.545091807e+008
1682 0 +1.497035147e+008 +1.497034612e+008 +1.497034612e+008
1790 0 +1.449934263e+008 +1.449933728e+008 +1.449933728e+008
1856 0 +1.430146001e+008 +1.430145466e+008 +1.430145466e+008
2177 0 +1.350814305e+008 +1.350813770e+008 +1.350813770e+008
2405 0 +1.336114819e+008 +1.336114284e+008 +1.336114284e+008
2424 0 +1.279440811e+008 +1.279440276e+008 +1.279440276e+008
2553 0 +1.219491695e+008 +1.219491160e+008 +1.219491160e+008
2619 0 +1.169148843e+008 +1.169148308e+008 +1.169148308e+008
3080 0 +1.147939939e+008 +1.147939404e+008 +1.147939404e+008
3561 0 +1.102045302e+008 +1.102044767e+008 +1.102044767e+008
3719 0 +1.089802952e+008 +1.089802417e+008 +1.089802417e+008
3780 0 +1.049368330e+008 +1.049367796e+008 +1.049367796e+008
3821 0 +1.036957683e+008 +1.036957148e+008 +1.036957148e+008
3953 0 +1.016122354e+008 +1.016121819e+008 +1.016121819e+008
4283 0 +9.332302998e+007 +9.332297649e+007 +9.332297649e+007
4326 0 +9.106374778e+007 +9.106369429e+007 +9.106369429e+007
5477 0 +8.904469290e+007 +8.904463941e+007 +8.904463941e+007
5614 0 +8.383235846e+007 +8.383230497e+007 +8.383230497e+007
5956 0 +8.286315765e+007 +8.286310416e+007 +8.286310416e+007
6156 0 +8.117241396e+007 +8.117236047e+007 +8.117236047e+007
6626 0 +7.881463047e+007 +7.881457698e+007 +7.881457698e+007
7148 0 +7.697549381e+007 +7.697544032e+007 +7.697544032e+007
7551 0 +7.551400892e+007 +7.551395543e+007 +7.551395543e+007
9207 0 +7.135854971e+007 +7.135849622e+007 +7.135849622e+007
9322 0 +7.030863073e+007 +7.030857724e+007 +7.030857724e+007
9380 0 +6.839879286e+007 +6.839873937e+007 +6.839873937e+007
% f evaluations | g evaluations | best noise-free fitness - Fopt (1.172700000000e+002) + sum g_i+ | measured fitness | best measured fitness or single-digit g-values | x1 | x2...
1 0 +5.154203397e+009 +5.154203514e+009 +5.154203514e+009
2 0 +2.647349312e+009 +2.647349429e+009 +2.647349429e+009
15 0 +1.697202324e+009 +1.697202441e+009 +1.697202441e+009
16 0 +1.648365044e+009 +1.648365162e+009 +1.648365162e+009
17 0 +1.257184540e+009 +1.257184657e+009 +1.257184657e+009
81 0 +1.189555937e+009 +1.189556054e+009 +1.189556054e+009
86 0 +1.037473413e+009 +1.037473530e+009 +1.037473530e+009
215 0 +7.095267585e+008 +7.095268758e+008 +7.095268758e+008
228 0 +5.558515952e+008 +5.558517125e+008 +5.558517125e+008
281 0 +5.181866214e+008 +5.181867387e+008 +5.181867387e+008
331 0 +4.896657489e+008 +4.896658662e+008 +4.896658662e+008
524 0 +4.414882285e+008 +4.414883458e+008 +4.414883458e+008
526 0 +4.241046556e+008 +4.241047729e+008 +4.241047729e+008
560 0 +3.438903351e+008 +3.438904523e+008 +3.438904523e+008
625 0 +2.887701924e+008 +2.887703097e+008 +2.887703097e+008
632 0 +2.841582932e+008 +2.841584104e+008 +2.841584104e+008
724 0 +2.428264983e+008 +2.428266156e+008 +2.428266156e+008
814 0 +2.030100411e+008 +2.030101584e+008 +2.030101584e+008
960 0 +1.941090798e+008 +1.941091970e+008 +1.941091970e+008
1022 0 +1.758952642e+008 +1.758953815e+008 +1.758953815e+008
1422 0 +1.728007380e+008 +1.728008553e+008 +1.728008553e+008
1662 0 +1.659704768e+008 +1.659705940e+008 +1.659705940e+008
1703 0 +1.656353471e+008 +1.656354644e+008 +1.656354644e+008
1870 0 +1.536738058e+008 +1.536739231e+008 +1.536739231e+008
1887 0 +1.478782343e+008 +1.478783515e+008 +1.478783515e+008
1962 0 +1.441188832e+008 +1.441190005e+008 +1.441190005e+008
2060 0 +1.386511756e+008 +1.386512929e+008 +1.386512929e+008
2103 0 +1.375129854e+008 +1.375131027e+008 +1.375131027e+008
2600 0 +1.344463294e+008 +1.344464467e+008 +1.344464467e+008
2968 0 +1.264939698e+008 +1.264940871e+008 +1.264940871e+008
3057 0 +1.251336705e+008 +1.251337878e+008 +1.251337878e+008
3281 0 +1.208523001e+008 +1.208524174e+008 +1.208524174e+008
3741 0 +1.187915849e+008 +1.187917022e+008 +1.187917022e+008
3923 0 +1.129733181e+008 +1.129734354e+008 +1.129734354e+008
4388 0 +1.119252717e+008 +1.119253889e+008 +1.119253889e+008
4655 0 +1.067557993e+008 +1.067559165e+008 +1.067559165e+008
4929 0 +1.039963411e+008 +1.039964583e+008 +1.039964583e+008
5125 0 +1.003239758e+008 +1.003240931e+008 +1.003240931e+008
5376 0 +9.801202815e+007 +9.801214542e+007 +9.801214542e+007
5537 0 +9.656415333e+007 +9.656427060e+007 +9.656427060e+007
6129 0 +9.545024589e+007 +9.545036316e+007 +9.545036316e+007
7017 0 +9.315105325e+007 +9.315117052e+007 +9.315117052e+007
7205 0 +8.597787843e+007 +8.597799570e+007 +8.597799570e+007
7505 0 +8.491240197e+007 +8.491251924e+007 +8.491251924e+007
7781 0 +8.309904489e+007 +8.309916216e+007 +8.309916216e+007
8856 0 +7.835494317e+007 +7.835506044e+007 +7.835506044e+007
9048 0 +7.748328730e+007 +7.748340457e+007 +7.748340457e+007
9857 0 +7.583808699e+007 +7.583820426e+007 +7.583820426e+007
% f evaluations | g evaluations | best noise-free fitness - Fopt (7.789000000000e+001) + sum g_i+ | measured fitness | best measured fitness or single-digit g-values | x1 | x2...
1 0 +4.769614332e+008 +4.769615111e+008 +4.769615111e+008
316 0 +4.008797570e+008 +4.008798349e+008 +4.008798349e+008
393 0 +3.293032209e+008 +3.293032988e+008 +3.293032988e+008
511 0 +3.166292735e+008 +3.166293514e+008 +3.166293514e+008
580 0 +3.125649871e+008 +3.125650650e+008 +3.125650650e+008
591 0 +2.785737424e+008 +2.785738203e+008 +2.785738203e+008
805 0 +2.594282681e+008 +2.594283460e+008 +2.594283460e+008
939 0 +2.552380217e+008 +2.552380996e+008 +2.552380996e+008
943 0 +2.069466335e+008 +2.069467114e+008 +2.069467114e+008
1105 0 +2.039588515e+008 +2.039589294e+008 +2.039589294e+008
1322 0 +1.955996567e+008 +1.955997346e+008 +1.955997346e+008
1503 0 +1.933428053e+008 +1.933428832e+008 +1.933428832e+008
1556 0 +1.894831423e+008 +1.894832202e+008 +1.894832202e+008
1585 0 +1.791279007e+008 +1.791279786e+008 +1.791279786e+008
1673 0 +1.610049972e+008 +1.610050751e+008 +1.610050751e+008
1856 0 +1.582110333e+008 +1.582111112e+008 +1.582111112e+008
1936 0 +1.531776412e+008 +1.531777191e+008 +1.531777191e+008
2156 0 +1.499101546e+008 +1.499102325e+008 +1.499102325e+008
2436 0 +1.460593497e+008 +1.460594276e+008 +1.460594276e+008
2567 0 +1.429598506e+008 +1.429599285e+008 +1.429599285e+008
2813 0 +1.313916981e+008 +1.313917760e+008 +1.313917760e+008
3079 0 +1.251995438e+008 +1.251996216e+008 +1.251996216e+008
3413 0 +1.219507706e+008 +1.219508485e+008 +1.219508485e+008
3724 0 +1.181538349e+008 +1.181539128e+008 +1.181539128e+008
3726 0 +1.129348947e+008 +1.129349725e+008 +1.129349725e+008
4153 0 +1.114070237e+008 +1.114071016e+008 +1.114071016e+008
4657 0 +1.073129884e+008 +1.073130663e+008 +1.073130663e+008
4724 0 +1.017647181e+008 +1.017647960e+008 +1.017647960e+008
5355 0 +9.981560955e+007 +9.981568744e+007 +9.981568744e+007
5442 0 +9.602771730e+007 +9.602779519e+007 +9.602779519e+007
5492 0 +9.428313503e+007 +9.428321292e+007 +9.428321292e+007
5820 0 +8.927431852e+007 +8.927439641e+007 +8.927439641e+007
5927 0 +8.675520483e+007 +8.675528272e+007 +8.675528272e+007
5934 0 +8.482716183e+007 +8.482723972e+007 +8.482723972e+007
6060 0 +8.135697415e+007 +8.135705204e+007 +8.135705204e+007
6211 0 +8.050497942e+007 +8.050505731e+007 +8.050505731e+007
6864 0 +7.876221575e+007 +7.876229364e+007 +7.876229364e+007
7080 0 +7.732154150e+007 +7.732161939e+007 +7.732161939e+007
9480 0 +7.487416638e+007 +7.487424427e+007 +7.487424427e+007
9622 0 +7.372848962e+007 +7.372856751e+007 +7.372856751e+007
9818 0 +7.232825840e+007 +7.232833629e+007 +7.232833629e+007
9985 0 +7.045363868e+007 +7.045371657e+007 +7.045371657e+007
