% f evaluations | g evaluations | best noise-free fitness - Fopt (-1.694000000000e+001) + sum g_i+ | measured fitness | best measured fitness or single-digit g-values | x1 | x2...
1 0 +2.668714155e+001 +9.747141552e+000 +9.747141552e+000 +0.0000e+000 +0.0000e+000 +0.0000e+000 +0.0000e+000 +0.0000e+000
2 0 +1.708060715e+001 +1.406071524e-001 +1.406071524e-001 -1.1954e+000 -4.9003e+000 -2.2418e+000 -2.4231e+000 -7.3209e-002
5 0 +1.493753885e+001 -2.002461148e+000 -2.002461148e+000 -7.1499e-002 +2.0290e+000 +1.4194e+000 +2.9817e+000 -1.1904e+000
29 0 +1.279483021e+001 -4.145169788e+000 -4.145169788e+000 +3.8618e+000 -2.8124e+000 +9.6694e-001 -2.7611e+000 +1.2236e+000
35 0 +1.130380338e+001 -5.636196621e+000 -5.636196621e+000 +2.7764e+000 -2.3430e+000 -9.0896e-001 -1.9957e+000 -1.2547e+000
45 0 +9.835746144e+000 -7.104253856e+000 -7.104253856e+000 +9.8418e-001 +9.7437e-001 +1.5384e+000 -5.4411e-001 -1.9062e+000
59 0 +8.653075735e+000 -8.286924265e+000 -8.286924265e+000 +2.0837e+000 +2.1550e+000 +1.3874e-002 +1.1290e+000 +2.0610e+000
171 0 +8.401902385e+000 -8.538097615e+000 -8.538097615e+000 +4.2400e+000 +2.2301e+000 -3.8101e+000 -1.1515e+000 -3.7404e+000
202 0 +7.240186233e+000 -9.699813767e+000 -9.699813767e+000 +4.3950e+000 +9.9193e-001 -1.5584e+000 +9.4849e-001 -2.3687e+000
221 0 +6.148558688e+000 -1.079144131e+001 -1.079144131e+001 +4.5765e+000 +2.2039e+000 -3.3569e+000 +1.6463e+000 +2.3034e+000
232 0 +3.063329110e+000 -1.387667089e+001 -1.387667089e+001 +2.8198e+000 +2.8212e+000 +2.1947e-001 +1.4967e+000 +1.1096e+000
331 0 +2.828410933e+000 -1.411158907e+001 -1.411158907e+001 +2.6981e+000 +2.3130e+000 -6.0536e-001 +1.1699e+000 +2.8292e-001
553 0 +2.220849876e+000 -1.471915012e+001 -1.471915012e+001 +2.2704e+000 +2.0491e+000 -1.0195e+000 +2.1736e+000 +7.5762e-001
575 0 +1.836716231e+000 -1.510328377e+001 -1.510328377e+001 +3.5075e+000 +2.0335e+000 -8.4766e-001 +1.7571e+000 +5.9405e-001
597 0 +1.482076310e+000 -1.545792369e+001 -1.545792369e+001 +3.4294e+000 +2.3797e+000 -1.1004e+000 +1.3089e+000 +9.7276e-001
627 0 +1.459295826e+000 -1.548070417e+001 -1.548070417e+001 +3.7365e+000 +2.7169e+000 -1.1304e+000 +1.3564e+000 +1.1821e+000
703 0 +1.370524367e+000 -1.556947563e+001 -1.556947563e+001 +3.7057e+000 +2.0741e+000 -1.1436e+000 +6.6691e-001 +1.2061e+000
766 0 +1.239926576e+000 -1.570007342e+001 -1.570007342e+001 +4.0905e+000 +2.8205e+000 -1.5123e+000 +1.4560e+000 +1.5232e+000
775 0 +7.740745169e-001 -1.616592548e+001 -1.616592548e+001 +3.8841e+000 +2.9331e+000 -1.3214e+000 +1.5870e+000 +1.7296e+000
810 0 +6.457950178e-001 -1.629420498e+001 -1.629420498e+001 +3.8437e+000 +2.8969e+000 -1.2992e+000 +1.5482e+000 +1.5405e+000
1010 0 +6.300552175e-001 -1.630994478e+001 -1.630994478e+001 +3.8390e+000 +2.8992e+000 -1.2959e+000 +1.5540e+000 +1.5353e+000
1018 0 +4.766854270e-001 -1.646331457e+001 -1.646331457e+001 +3.7345e+000 +2.8020e+000 -1.4695e+000 +1.4871e+000 +1.4147e+000
1121 0 +3.157183660e-001 -1.662428163e+001 -1.662428163e+001 +3.6218e+000 +2.6111e+000 -1.5006e+000 +1.3827e+000 +1.5254e+000
1186 0 +2.727899975e-001 -1.666721000e+001 -1.666721000e+001 +3.4331e+000 +2.5583e+000 -1.7022e+000 +1.6370e+000 +1.4330e+000
1298 0 +1.559759600e-001 -1.678402404e+001 -1.678402404e+001 +3.4791e+000 +2.5695e+000 -1.5613e+000 +1.5800e+000 +1.4209e+000
1640 0 +1.413175277e-001 -1.679868247e+001 -1.679868247e+001 +3.6795e+000 +2.6914e+000 -1.5254e+000 +1.5942e+000 +1.4815e+000
1717 0 +1.365130770e-001 -1.680348692e+001 -1.680348692e+001 +3.6955e+000 +2.5587e+000 -1.5828e+000 +1.5566e+000 +1.4141e+000
1832 0 +1.027977628e-001 -1.683720224e+001 -1.683720224e+001 +3.6415e+000 +2.5495e+000 -1.5737e+000 +1.5655e+000 +1.4217e+000
1898 0 +7.303125639e-002 -1.686696874e+001 -1.686696874e+001 +3.5828e+000 +2.5258e+000 -1.5855e+000 +1.5596e+000 +1.3984e+000
1938 0 +4.364490003e-002 -1.689635510e+001 -1.689635510e+001 +3.6215e+000 +2.5561e+000 -1.5305e+000 +1.4998e+000 +1.3942e+000
2343 0 +2.962795832e-002 -1.691037204e+001 -1.691037204e+001 +3.6542e+000 +2.5448e+000 -1.5173e+000 +1.4702e+000 +1.3800e+000
2411 0 +2.153921316e-002 -1.691846079e+001 -1.691846079e+001 +3.6592e+000 +2.5512e+000 -1.5188e+000 +1.4746e+000 +1.3834e+000
2468 0 +1.717845072e-002 -1.692282155e+001 -1.692282155e+001 +3.6528e+000 +2.5518e+000 -1.5168e+000 +1.4752e+000 +1.3852e+000
2601 0 +1.565000109e-002 -1.692435000e+001 -1.692435000e+001 +3.6536e+000 +2.5517e+000 -1.5164e+000 +1.4749e+000 +1.3851e+000
2804 0 +1.544447317e-002 -1.692455553e+001 -1.692455553e+001 +3.6573e+000 +2.5522e+000 -1.5175e+000 +1.4749e+000 +1.3848e+000
2869 0 +1.307309233e-002 -1.692692691e+001 -1.692692691e+001 +3.6552e+000 +2.5524e+000 -1.5182e+000 +1.4757e+000 +1.3842e+000
3069 0 +1.234020763e-002 -1.692765979e+001 -1.692765979e+001 +3.6552e+000 +2.5525e+000 -1.5179e+000 +1.4756e+000 +1.3842e+000
3170 0 +1.184167583e-002 -1.692815832e+001 -1.692815832e+001 +3.6544e+000 +2.5519e+000 -1.5192e+000 +1.4757e+000 +1.3834e+000
3387 0 +1.140284344e-002 -1.692859716e+001 -1.692859716e+001 +3.6541e+000 +2.5518e+000 -1.5193e+000 +1.4758e+000 +1.3833e+000
3434 0 +1.091607716e-002 -1.692908392e+001 -1.692908392e+001 +3.6550e+000 +2.5521e+000 -1.5190e+000 +1.4752e+000 +1.3834e+000
3468 0 +1.055035197e-002 -1.692944965e+001 -1.692944965e+001 +3.6545e+000 +2.5521e+000 -1.5193e+000 +1.4755e+000 +1.3832e+000
3791 0 +9.610671171e-003 -1.693038933e+001 -1.693038933e+001 +3.6550e+000 +2.5522e+000 -1.5190e+000 +1.4754e+000 +1.3834e+000
4013 0 +9.329418339e-003 -1.693067058e+001 -1.693067058e+001 +3.6550e+000 +2.5521e+000 -1.5192e+000 +1.4755e+000 +1.3833e+000
4370 0 +9.017634244e-003 -1.693098237e+001 -1.693098237e+001 +3.6550e+000 +2.5522e+000 -1.5191e+000 +1.4755e+000 +1.3833e+000
5528 0 +8.907996963e-003 -1.693109200e+001 -1.693109200e+001 +3.6551e+000 +2.5521e+000 -1.5192e+000 +1.4755e+000 +1.3833e+000
6293 0 +8.682808787e-003 -1.693131719e+001 -1.693131719e+001 +3.6551e+000 +2.5521e+000 -1.5191e+000 +1.4755e+000 +1.3834e+000
6544 0 +8.501617986e-003 -1.693149838e+001 -1.693149838e+001 +3.6551e+000 +2.5521e+000 -1.5191e+000 +1.4755e+000 +1.3834e+000
6755 0 +8.307862331e-003 -1.693169214e+001 -1.693169214e+001 +3.6551e+000 +2.5521e+000 -1.5191e+000 +1.4755e+000 +1.3834e+000
7378 0 +8.111966884e-003 -1.693188803e+001 -1.693188803e+001 +3.6551e+000 +2.5521e+000 -1.5191e+000 +1.4755e+000 +1.3834e+000
% f evaluations | g evaluations | best noise-free fitness - Fopt (1.881000000000e+001) + sum g_i+ | measured fitness | best measured fitness or single-digit g-values | x1 | x2...
1 0 +7.554084938e+000 +2.636408494e+001 +2.636408494e+001 +0.0000e+000 +0.0000e+000 +0.0000e+000 +0.0000e+000 +0.0000e+000
7 0 +7.003377925e+000 +2.581337792e+001 +2.581337792e+001 -2.3745e+000 -3.1120e+000 -2.6194e+000 +2.2123e+000 +3.6377e+000
56 0 +6.031000731e+000 +2.484100073e+001 +2.484100073e+001 -7.9654e-001 +2.3977e+000 -1.7875e+000 +1.8534e+000 +2.5160e+000
72 0 +3.922305552e+000 +2.273230555e+001 +2.273230555e+001 -4.5714e-002 +3.6325e+000 -5.9976e-001 +2.6835e+000 +1.1761e+000
269 0 +2.632068571e+000 +2.144206857e+001 +2.144206857e+001 -8.7072e-001 +3.0655e+000 -2.5026e+000 +4.0608e-001 -1.9898e-001
325 0 +2.079229045e+000 +2.088922904e+001 +2.088922904e+001 -6.6770e-001 +3.3068e+000 -5.3851e-001 +5.6671e-001 +1.9296e+000
540 0 +1.554177998e+000 +2.036417800e+001 +2.036417800e+001 -2.1039e-001 +2.6848e+000 -8.8626e-001 +5.9924e-002 +1.2704e+000
611 0 +1.262482077e+000 +2.007248208e+001 +2.007248208e+001 -7.9656e-002 +2.5560e+000 -6.0922e-001 -2.0028e-002 +2.0740e+000
617 0 +8.671728336e-001 +1.967717283e+001 +1.967717283e+001 -4.8698e-001 +2.1164e+000 -5.2684e-001 +4.3299e-002 +1.6773e+000
686 0 +7.709129126e-001 +1.958091291e+001 +1.958091291e+001 -1.9632e-001 +2.8343e+000 -8.4318e-001 +3.6631e-001 +1.5329e+000
1013 0 +7.226883547e-001 +1.953268835e+001 +1.953268835e+001 -1.7360e-001 +2.9052e+000 -9.3708e-001 +4.0603e-001 +1.4390e+000
1019 0 +5.562417166e-001 +1.936624172e+001 +1.936624172e+001 -1.3431e-001 +2.2022e+000 -6.4299e-001 +2.7536e-001 +1.5086e+000
1213 0 +5.330986086e-001 +1.934309861e+001 +1.934309861e+001 -1.5065e-001 +2.6658e+000 -8.6103e-001 +3.6413e-001 +1.4407e+000
1371 0 +4.822691858e-001 +1.929226919e+001 +1.929226919e+001 -1.4015e-001 +2.3829e+000 -6.9034e-001 +2.7359e-001 +1.5155e+000
1588 0 +3.721510604e-001 +1.918215106e+001 +1.918215106e+001 -2.2729e-001 +1.8301e+000 -7.4850e-001 +2.6112e-001 +1.4619e+000
1626 0 +2.724243472e-001 +1.908242435e+001 +1.908242435e+001 -2.6264e-001 +1.9319e+000 -7.8322e-001 +1.6729e-001 +1.4032e+000
1629 0 +2.396123927e-001 +1.904961239e+001 +1.904961239e+001 -2.4583e-001 +1.5230e+000 -8.8249e-001 -3.7534e-004 +1.5808e+000
1745 0 +1.410716427e-001 +1.895107164e+001 +1.895107164e+001 -2.0078e-001 +1.9267e+000 -8.7808e-001 +9.6839e-002 +1.5202e+000
1779 0 +6.518742327e-002 +1.887518742e+001 +1.887518742e+001 -2.0300e-001 +1.8249e+000 -8.6300e-001 -7.8229e-003 +1.6461e+000
2010 0 +4.510240374e-002 +1.885510240e+001 +1.885510240e+001 -1.9213e-001 +1.8260e+000 -8.3498e-001 -1.4428e-002 +1.6284e+000
2213 0 +3.851021941e-002 +1.884851022e+001 +1.884851022e+001 -2.0141e-001 +1.8307e+000 -8.3904e-001 -2.6630e-003 +1.6373e+000
2380 0 +2.989548243e-002 +1.883989548e+001 +1.883989548e+001 -2.0206e-001 +1.7997e+000 -8.4375e-001 -2.0260e-002 +1.6505e+000
2613 0 +2.840779537e-002 +1.883840780e+001 +1.883840780e+001 -2.0200e-001 +1.8253e+000 -8.3950e-001 -7.6224e-003 +1.6418e+000
2635 0 +2.231000486e-002 +1.883231000e+001 +1.883231000e+001 -2.0167e-001 +1.8168e+000 -8.4069e-001 -3.6329e-003 +1.6345e+000
2955 0 +2.141388903e-002 +1.883141389e+001 +1.883141389e+001 -2.0215e-001 +1.8169e+000 -8.4037e-001 -3.2662e-003 +1.6354e+000
3010 0 +2.087582522e-002 +1.883087583e+001 +1.883087583e+001 -2.0214e-001 +1.8141e+000 -8.4081e-001 -5.1821e-003 +1.6371e+000
3095 0 +1.725065102e-002 +1.882725065e+001 +1.882725065e+001 -2.0420e-001 +1.8148e+000 -8.4013e-001 -4.5049e-003 +1.6360e+000
3230 0 +1.484659009e-002 +1.882484659e+001 +1.882484659e+001 -2.0454e-001 +1.8134e+000 -8.3965e-001 -6.6058e-003 +1.6376e+000
3574 0 +1.389278499e-002 +1.882389278e+001 +1.882389278e+001 -2.0436e-001 +1.8143e+000 -8.3926e-001 -6.3039e-003 +1.6373e+000
4026 0 +1.364258138e-002 +1.882364258e+001 +1.882364258e+001 -2.0436e-001 +1.8141e+000 -8.3939e-001 -6.4142e-003 +1.6374e+000
4216 0 +1.343718451e-002 +1.882343718e+001 +1.882343718e+001 -2.0439e-001 +1.8133e+000 -8.3938e-001 -6.4524e-003 +1.6374e+000
4274 0 +1.314481546e-002 +1.882314482e+001 +1.882314482e+001 -2.0450e-001 +1.8135e+000 -8.3948e-001 -6.3951e-003 +1.6373e+000
4441 0 +1.282755302e-002 +1.882282755e+001 +1.882282755e+001 -2.0454e-001 +1.8134e+000 -8.3945e-001 -6.3307e-003 +1.6373e+000
4530 0 +1.252259758e-002 +1.882252260e+001 +1.882252260e+001 -2.0454e-001 +1.8134e+000 -8.3945e-001 -6.3145e-003 +1.6373e+000
4713 0 +1.228389820e-002 +1.882228390e+001 +1.882228390e+001 -2.0454e-001 +1.8133e+000 -8.3955e-001 -6.4791e-003 +1.6373e+000
5030 0 +1.199179810e-002 +1.882199180e+001 +1.882199180e+001 -2.0455e-001 +1.8134e+000 -8.3936e-001 -6.2065e-003 +1.6372e+000
5532 0 +1.174104419e-002 +1.882174104e+001 +1.882174104e+001 -2.0459e-001 +1.8134e+000 -8.3934e-001 -6.1465e-003 +1.6372e+000
5898 0 +1.147554543e-002 +1.882147555e+001 +1.882147555e+001 -2.0457e-001 +1.8134e+000 -8.3937e-001 -6.1999e-003 +1.6372e+000
% f evaluations | g evaluations | best noise-free fitness - Fopt (2.731500000000e+002) + sum g_i+ | measured fitness | best measured fitness or single-digit g-values | x1 | x2...
1 0 +1.688902988e+001 +2.900390299e+002 +2.900390299e+002 +0.0000e+000 +0.0000e+000 +0.0000e+000 +0.0000e+000 +0.0000e+000
4 0 +1.559216325e+001 +2.887421633e+002 +2.887421633e+002 -1.3205e+000 +3.4257e-001 -1.4004e+000 -2.6309e+000 +1.4126e-001
7 0 +1.312578839e+001 +2.862757884e+002 +2.862757884e+002 -3.9721e+000 -3.3561e+000 -2.3311e+000 +1.4955e+000 +4.6477e+000
19 0 +9.129598338e+000 +2.822795983e+002 +2.822795983e+002 +4.8102e+000 +4.5498e+000 +2.5769e+000 +1.2169e-001 +3.1963e+000
61 0 +5.872854713e+000 +2.790228547e+002 +2.790228547e+002 +3.6947e+000 +3.1488e+000 +4.5068e+000 +1.8473e+000 +1.0366e+000
70 0 +3.424016777e+000 +2.765740168e+002 +2.765740168e+002 -2.6332e+000 +4.2158e+000 -4.2702e-001 +2.2745e+000 +3.7692e+000
245 0 +2.758836018e+000 +2.759088360e+002 +2.759088360e+002 -2.7001e+000 +4.4720e+000 -1.1724e+000 +2.4633e+000 +4.2727e+000
287 0 +2.031381596e+000 +2.751813816e+002 +2.751813816e+002 -2.4136e+000 +4.0927e+000 +7.3904e-002 +1.5691e+000 +2.0495e+000
321 0 +1.821434963e+000 +2.749714350e+002 +2.749714350e+002 -2.6731e+000 +4.0085e+000 -5.6837e-001 +2.3096e+000 +3.2355e+000
393 0 +7.441943197e-001 +2.738941943e+002 +2.738941943e+002 -3.3671e+000 +4.1005e+000 -4.7829e-001 +2.2365e+000 +2.4406e+000
725 0 +7.263401267e-001 +2.738763401e+002 +2.738763401e+002 -2.8790e+000 +3.5699e+000 -3.0133e-001 +2.3872e+000 +1.7250e+000
772 0 +6.681366937e-001 +2.738181367e+002 +2.738181367e+002 -3.3548e+000 +3.7834e+000 -4.1408e-001 +2.3652e+000 +2.1953e+000
793 0 +6.113731455e-001 +2.737613731e+002 +2.737613731e+002 -3.2061e+000 +3.5717e+000 -5.7528e-001 +2.5598e+000 +1.9585e+000
921 0 +4.063705919e-001 +2.735563706e+002 +2.735563706e+002 -3.1856e+000 +3.6080e+000 -5.5550e-001 +2.4659e+000 +2.0043e+000
949 0 +3.544787019e-001 +2.735044787e+002 +2.735044787e+002 -3.4762e+000 +3.7548e+000 -4.6897e-001 +2.4699e+000 +2.0992e+000
1032 0 +2.868622720e-001 +2.734368623e+002 +2.734368623e+002 -3.2322e+000 +3.7044e+000 -4.2103e-001 +2.5037e+000 +1.9829e+000
1138 0 +2.636568901e-001 +2.734136569e+002 +2.734136569e+002 -3.1125e+000 +3.7231e+000 -3.5050e-001 +2.5206e+000 +1.9246e+000
1162 0 +2.502074459e-001 +2.734002074e+002 +2.734002074e+002 -3.2275e+000 +3.7396e+000 -4.2880e-001 +2.4544e+000 +2.0307e+000
1412 0 +1.351369085e-001 +2.732851369e+002 +2.732851369e+002 -3.5217e+000 +3.7324e+000 -4.9228e-001 +2.4994e+000 +1.9628e+000
1505 0 +1.330292536e-001 +2.732830293e+002 +2.732830293e+002 -3.5058e+000 +3.7341e+000 -4.9113e-001 +2.5034e+000 +1.9629e+000
1612 0 +9.998914681e-002 +2.732499891e+002 +2.732499891e+002 -3.5977e+000 +3.6882e+000 -4.7690e-001 +2.5133e+000 +2.0017e+000
1676 0 +9.633306907e-002 +2.732463331e+002 +2.732463331e+002 -3.6676e+000 +3.7636e+000 -4.5061e-001 +2.5771e+000 +2.0319e+000
1705 0 +7.463003294e-002 +2.732246300e+002 +2.732246300e+002 -3.6513e+000 +3.7356e+000 -4.7974e-001 +2.5399e+000 +1.9924e+000
1727 0 +6.254035349e-002 +2.732125404e+002 +2.732125404e+002 -3.6496e+000 +3.7509e+000 -4.5455e-001 +2.5691e+000 +2.0135e+000
1751 0 +4.617989668e-002 +2.731961799e+002 +2.731961799e+002 -3.6893e+000 +3.7558e+000 -4.8313e-001 +2.5738e+000 +2.0115e+000
2076 0 +3.118758003e-002 +2.731811876e+002 +2.731811876e+002 -3.6782e+000 +3.7546e+000 -4.7433e-001 +2.5791e+000 +2.0181e+000
2468 0 +2.723506358e-002 +2.731772351e+002 +2.731772351e+002 -3.5877e+000 +3.7612e+000 -4.8316e-001 +2.5639e+000 +2.0016e+000
2554 0 +2.308099510e-002 +2.731730810e+002 +2.731730810e+002 -3.6016e+000 +3.7568e+000 -4.7722e-001 +2.5686e+000 +2.0067e+000
2564 0 +1.632986047e-002 +2.731663299e+002 +2.731663299e+002 -3.5807e+000 +3.7519e+000 -4.7872e-001 +2.5641e+000 +2.0081e+000
2651 0 +1.492918739e-002 +2.731649292e+002 +2.731649292e+002 -3.5910e+000 +3.7556e+000 -4.8311e-001 +2.5705e+000 +2.0108e+000
2716 0 +9.131021771e-003 +2.731591310e+002 +2.731591310e+002 -3.5711e+000 +3.7512e+000 -4.7881e-001 +2.5665e+000 +2.0086e+000
2739 0 +7.741212546e-003 +2.731577412e+002 +2.731577412e+002 -3.5808e+000 +3.7550e+000 -4.8066e-001 +2.5698e+000 +2.0081e+000
2757 0 +7.117125008e-003 +2.731571171e+002 +2.731571171e+002 -3.5868e+000 +3.7548e+000 -4.8164e-001 +2.5681e+000 +2.0076e+000
2839 0 +6.122126117e-003 +2.731561221e+002 +2.731561221e+002 -3.5739e+000 +3.7546e+000 -4.8303e-001 +2.5669e+000 +2.0068e+000
3050 0 +2.972345293e-003 +2.731529723e+002 +2.731529723e+002 -3.5801e+000 +3.7537e+000 -4.8063e-001 +2.5684e+000 +2.0069e+000
3274 0 +2.660879792e-003 +2.731526609e+002 +2.731526609e+002 -3.5788e+000 +3.7537e+000 -4.8068e-001 +2.5682e+000 +2.0068e+000
3315 0 +1.530972432e-003 +2.731515310e+002 +2.731515310e+002 -3.5799e+000 +3.7536e+000 -4.7766e-001 +2.5690e+000 +2.0084e+000
3469 0 +8.796517208e-004 +2.731508797e+002 +2.731508797e+002 -3.5794e+000 +3.7534e+000 -4.7818e-001 +2.5689e+000 +2.0078e+000
3509 0 +5.613804736e-004 +2.731505614e+002 +2.731505614e+002 -3.5793e+000 +3.7535e+000 -4.7823e-001 +2.5689e+000 +2.0078e+000
3760 0 +4.949793573e-004 +2.731504950e+002 +2.731504950e+002 -3.5783e+000 +3.7536e+000 -4.7831e-001 +2.5688e+000 +2.0078e+000
3843 0 +4.558316045e-004 +2.731504558e+002 +2.731504558e+002 -3.5795e+000 +3.7536e+000 -4.7841e-001 +2.5689e+000 +2.0077e+000
3913 0 +4.311510734e-004 +2.731504312e+002 +2.731504312e+002 -3.5794e+000 +3.7536e+000 -4.7833e-001 +2.5689e+000 +2.0079e+000
4083 0 +4.204043751e-004 +2.731504204e+002 +2.731504204e+002 -3.5795e+000 +3.7536e+000 -4.7824e-001 +2.5689e+000 +2.0081e+000
4110 0 +2.744716593e-004 +2.731502745e+002 +2.731502745e+002 -3.5794e+000 +3.7536e+000 -4.7848e-001 +2.5689e+000 +2.0081e+000
4250 0 +2.098347415e-004 +2.731502098e+002 +2.731502098e+002 -3.5792e+000 +3.7536e+000 -4.7839e-001 +2.5688e+000 +2.0079e+000
4308 0 +1.429113710e-004 +2.731501429e+002 +2.731501429e+002 -3.5793e+000 +3.7536e+000 -4.7829e-001 +2.5689e+000 +2.0080e+000
4410 0 +1.326915027e-004 +2.731501327e+002 +2.731501327e+002 -3.5793e+000 +3.7536e+000 -4.7831e-001 +2.5689e+000 +2.0080e+000
4450 0 +1.142562352e-004 +2.731501143e+002 +2.731501143e+002 -3.5793e+000 +3.7536e+000 -4.7826e-001 +2.5689e+000 +2.0080e+000
4650 0 +1.121848628e-004 +2.731501122e+002 +2.731501122e+002 -3.5793e+000 +3.7536e+000 -4.7825e-001 +2.5689e+000 +2.0080e+000
4964 0 +1.069722354e-004 +2.731501070e+002 +2.731501070e+002 -3.5793e+000 +3.7536e+000 -4.7827e-001 +2.5689e+000 +2.0080e+000
5115 0 +1.012440571e-004 +2.731501012e+002 +2.731501012e+002 -3.5793e+000 +3.7536e+000 -4.7827e-001 +2.5689e+000 +2.0080e+000
5368 0 +9.576674483e-005 +2.731500958e+002 +2.731500958e+002 -3.5793e+000 +3.7536e+000 -4.7827e-001 +2.5689e+000 +2.0080e+000
5415 0 +8.769142920e-005 +2.731500877e+002 +2.731500877e+002 -3.5793e+000 +3.7536e+000 -4.7827e-001 +2.5689e+000 +2.0080e+000
5524 0 +6.984614316e-005 +2.731500698e+002 +2.731500698e+002 -3.5793e+000 +3.7536e+000 -4.7827e-001 +2.5689e+000 +2.0080e+000
5630 0 +6.479412929e-005 +2.731500648e+002 +2.731500648e+002 -3.5793e+000 +3.7536e+000 -4.7827e-001 +2.5689e+000 +2.0080e+000
6069 0 +6.447052584e-005 +2.731500645e+002 +2.731500645e+002 -3.5793e+000 +3.7536e+000 -4.7827e-001 +2.5689e+000 +2.0080e+000
6369 0 +6.244737727e-005 +2.731500624e+002 +2.731500624e+002 -3.5793e+000 +3.7536e+000 -4.7827e-001 +2.5689e+000 +2.0080e+000
6843 0 +6.162128142e-005 +2.731500616e+002 +2.731500616e+002 -3.5793e+000 +3.7536e+000 -4.7827e-001 +2.5689e+000 +2.0080e+000
7210 0 +5.889876780e-005 +2.731500589e+002 +2.731500589e+002 -3.5793e+000 +3.7536e+000 -4.7827e-001 +2.5689e+000 +2.0080e+000
7425 0 +5.880595370e-005 +2.731500588e+002 +2.731500588e+002 -3.5793e+000 +3.7536e+000 -4.7827e-001 +2.5689e+000 +2.0080e+000
% f evaluations | g evaluations | best noise-free fitness - Fopt (3.718000000000e+001) + sum g_i+ | measured fitness | best measured fitness or single-digit g-values | x1 | x2...
1 0 +3.440707979e+001 +7.158707979e+001 +7.158707979e+001 +0.0000e+000 +0.0000e+000 +0.0000e+000 +0.0000e+000 +0.0000e+000
2 0 +1.180602514e+001 +4.898602514e+001 +4.898602514e+001 -1.1936e+000 -1.8485e+000 +1.2656e+000 +5.9096e-001 -4.3178e+000
9 0 +9.198431678e+000 +4.637843168e+001 +4.637843168e+001 -1.3979e+000 +5.9103e-001 +2.7429e+000 +3.7448e+000 +6.3720e-001
21 0 +8.068276397e+000 +4.524827640e+001 +4.524827640e+001 -3.8073e+000 +1.3808e-001 +2.3006e+000 +3.7608e+000 -2.8904e+000
33 0 +7.812694022e+000 +4.499269402e+001 +4.499269402e+001 -4.9015e+000 +9.9436e-001 +8.0599e-001 +3.4596e+000 -3.7928e+000
46 0 +7.499791968e+000 +4.467979197e+001 +4.467979197e+001 -1.7959e+000 +5.6956e-001 +3.4595e+000 +1.7322e+000 -1.7243e-001
145 0 +6.604838967e+000 +4.378483897e+001 +4.378483897e+001 -4.0721e+000 +4.2633e+000 -2.3708e-002 +1.6925e+000 -3.2074e+000
202 0 +5.358464148e+000 +4.253846415e+001 +4.253846415e+001 -3.7939e+000 +1.3775e+000 -1.1920e-001 +8.7127e-001 -5.0000e+000
310 0 +4.441099840e+000 +4.162109984e+001 +4.162109984e+001 -3.5345e+000 +4.0032e+000 +1.9608e+000 +2.3025e+000 -4.3715e+000
329 0 +3.108389670e+000 +4.028838967e+001 +4.028838967e+001 -5.0876e+000 +3.7177e+000 -2.2203e-001 +2.7630e+000 -4.5937e+000
346 0 +2.783900575e+000 +3.996390057e+001 +3.996390057e+001 -5.0653e+000 +2.2917e+000 +1.1333e+000 +1.8271e+000 -3.1787e+000
415 0 +2.681162067e+000 +3.986116207e+001 +3.986116207e+001 -5.0202e+000 +1.7723e+000 +1.5973e+000 +2.0099e+000 -4.1342e+000
445 0 +1.433021204e+000 +3.861302120e+001 +3.861302120e+001 -4.9180e+000 +1.7539e+000 +1.5872e+000 +1.7076e+000 -3.5879e+000
627 0 +9.624775138e-001 +3.814247751e+001 +3.814247751e+001 -3.7279e+000 +1.7083e+000 +2.0550e+000 +1.6572e+000 -3.6134e+000
710 0 +8.281888310e-001 +3.800818883e+001 +3.800818883e+001 -4.0581e+000 +2.0780e+000 +1.9047e+000 +1.8063e+000 -3.1321e+000
712 0 +5.450165055e-001 +3.772501651e+001 +3.772501651e+001 -4.1698e+000 +1.8772e+000 +1.7245e+000 +1.5160e+000 -3.4921e+000
895 0 +2.828140329e-001 +3.746281403e+001 +3.746281403e+001 -4.0883e+000 +2.0369e+000 +1.8471e+000 +1.6394e+000 -3.5777e+000
1046 0 +2.142371543e-001 +3.739423715e+001 +3.739423715e+001 -4.0104e+000 +2.0464e+000 +1.8391e+000 +1.6101e+000 -3.5262e+000
1169 0 +1.706953777e-001 +3.735069538e+001 +3.735069538e+001 -3.8455e+000 +1.8458e+000 +1.8552e+000 +1.6762e+000 -3.5108e+000
1179 0 +9.953558154e-002 +3.727953558e+001 +3.727953558e+001 -4.0322e+000 +2.0339e+000 +1.8244e+000 +1.6543e+000 -3.5813e+000
1535 0 +9.322222522e-002 +3.727322223e+001 +3.727322223e+001 -3.9944e+000 +2.0420e+000 +1.8312e+000 +1.6511e+000 -3.5673e+000
1716 0 +7.846511177e-002 +3.725846511e+001 +3.725846511e+001 -4.0125e+000 +2.0379e+000 +1.8281e+000 +1.6527e+000 -3.5738e+000
1925 0 +6.853576902e-002 +3.724853577e+001 +3.724853577e+001 -4.0105e+000 +2.0393e+000 +1.8374e+000 +1.6578e+000 -3.5805e+000
1935 0 +6.730037645e-002 +3.724730038e+001 +3.724730038e+001 -4.0058e+000 +2.0392e+000 +1.8317e+000 +1.6536e+000 -3.5694e+000
1961 0 +5.693032808e-002 +3.723693033e+001 +3.723693033e+001 -4.0143e+000 +2.0550e+000 +1.8375e+000 +1.6576e+000 -3.5768e+000
2117 0 +4.586552809e-002 +3.722586553e+001 +3.722586553e+001 -4.0150e+000 +2.0552e+000 +1.8365e+000 +1.6611e+000 -3.5813e+000
2402 0 +4.432732888e-002 +3.722432733e+001 +3.722432733e+001 -4.0147e+000 +2.0558e+000 +1.8370e+000 +1.6612e+000 -3.5801e+000
2599 0 +4.265371747e-002 +3.722265372e+001 +3.722265372e+001 -4.0169e+000 +2.0540e+000 +1.8365e+000 +1.6616e+000 -3.5811e+000
2602 0 +4.050667121e-002 +3.722050667e+001 +3.722050667e+001 -4.0171e+000 +2.0545e+000 +1.8356e+000 +1.6613e+000 -3.5814e+000
2758 0 +3.935436382e-002 +3.721935436e+001 +3.721935436e+001 -4.0186e+000 +2.0544e+000 +1.8349e+000 +1.6617e+000 -3.5814e+000
2839 0 +3.855874024e-002 +3.721855874e+001 +3.721855874e+001 -4.0192e+000 +2.0543e+000 +1.8352e+000 +1.6612e+000 -3.5811e+000
3020 0 +3.652814574e-002 +3.721652815e+001 +3.721652815e+001 -4.0182e+000 +2.0544e+000 +1.8339e+000 +1.6606e+000 -3.5808e+000
3067 0 +3.622426610e-002 +3.721622427e+001 +3.721622427e+001 -4.0190e+000 +2.0546e+000 +1.8337e+000 +1.6609e+000 -3.5815e+000
3164 0 +3.292868750e-002 +3.721292869e+001 +3.721292869e+001 -4.0190e+000 +2.0549e+000 +1.8336e+000 +1.6607e+000 -3.5814e+000
3425 0 +3.152800569e-002 +3.721152801e+001 +3.721152801e+001 -4.0190e+000 +2.0550e+000 +1.8338e+000 +1.6607e+000 -3.5813e+000
5938 0 +3.075642375e-002 +3.721075642e+001 +3.721075642e+001 -4.0193e+000 +2.0551e+000 +1.8336e+000 +1.6607e+000 -3.5808e+000
6112 0 +3.004086836e-002 +3.721004087e+001 +3.721004087e+001 -4.0192e+000 +2.0551e+000 +1.8336e+000 +1.6607e+000 -3.5808e+000
6226 0 +2.930743520e-002 +3.720930744e+001 +3.720930744e+001 -4.0192e+000 +2.0551e+000 +1.8336e+000 +1.6607e+000 -3.5808e+000
6611 0 +2.848019108e-002 +3.720848019e+001 +3.720848019e+001 -4.0192e+000 +2.0551e+000 +1.8336e+000 +1.6607e+000 -3.5808e+000
% f evaluations | g evaluations | best noise-free fitness - Fopt (-1.479000000000e+002) + sum g_i+ | measured fitness | best measured fitness or single-digit g-values | x1 | x2...
1 0 +1.645177782e+001 -1.314482222e+002 -1.314482222e+002 +0.0000e+000 +0.0000e+000 +0.0000e+000 +0.0000e+000 +0.0000e+000
2 0 +1.265175590e+001 -1.352482441e+002 -1.352482441e+002 +6.1772e-001 +6.3218e-001 -2.7899e-001 -4.1605e+000 +1.6891e+000
12 0 +4.029322092e+000 -1.438706779e+002 -1.438706779e+002 -2.1699e+000 +2.8163e-001 +2.2299e+000 +1.3367e-001 -2.6413e+000
118 0 +3.437888752e+000 -1.444621112e+002 -1.444621112e+002 -2.8889e+000 -1.7455e+000 +1.2638e-001 +3.6443e-001 -3.8418e+000
219 0 +1.365234630e+000 -1.465347654e+002 -1.465347654e+002 -1.7204e+000 +5.7397e-001 +8.0868e-001 -1.4551e+000 -2.9140e+000
348 0 +1.254616337e+000 -1.466453837e+002 -1.466453837e+002 -2.4753e+000 +1.7546e-001 +6.3997e-001 -1.2029e+000 -2.3631e+000
364 0 +9.410471510e-001 -1.469589528e+002 -1.469589528e+002 -1.4645e+000 +4.6394e-001 +7.8500e-001 -2.1608e+000 -3.1610e+000
502 0 +5.425386369e-001 -1.473574614e+002 -1.473574614e+002 -1.7821e+000 -2.0819e-001 +1.2871e+000 -1.9805e+000 -2.8794e+000
626 0 +3.239876289e-001 -1.475760124e+002 -1.475760124e+002 -1.5529e+000 +9.5445e-002 +1.1549e+000 -2.1662e+000 -3.0371e+000
817 0 +2.784954353e-001 -1.476215046e+002 -1.476215046e+002 -1.5795e+000 +4.6927e-002 +1.1156e+000 -1.9607e+000 -3.3017e+000
1201 0 +2.620749635e-001 -1.476379250e+002 -1.476379250e+002 -1.6618e+000 -5.6319e-004 +1.1739e+000 -1.9130e+000 -3.1985e+000
1227 0 +2.177542665e-001 -1.476822457e+002 -1.476822457e+002 -1.6900e+000 +5.4741e-002 +1.1255e+000 -1.9160e+000 -3.2399e+000
1264 0 +1.954658519e-001 -1.477045341e+002 -1.477045341e+002 -1.6221e+000 +5.8132e-002 +1.1493e+000 -1.9735e+000 -3.1588e+000
1312 0 +1.769178421e-001 -1.477230822e+002 -1.477230822e+002 -1.6811e+000 +1.3865e-001 +1.2309e+000 -1.9129e+000 -3.0785e+000
1421 0 +1.588691460e-001 -1.477411309e+002 -1.477411309e+002 -1.7176e+000 +1.3528e-001 +1.1107e+000 -1.9547e+000 -3.1341e+000
1478 0 +1.547568365e-001 -1.477452432e+002 -1.477452432e+002 -1.6238e+000 +1.2513e-001 +1.2044e+000 -2.0135e+000 -3.1145e+000
1501 0 +1.466458816e-001 -1.477533541e+002 -1.477533541e+002 -1.6450e+000 -3.2951e-002 +1.3404e+000 -1.9482e+000 -3.0092e+000
1532 0 +1.255445182e-001 -1.477744555e+002 -1.477744555e+002 -1.6860e+000 +4.4506e-002 +1.3589e+000 -1.9483e+000 -2.9777e+000
1667 0 +1.155068232e-001 -1.477844932e+002 -1.477844932e+002 -1.6629e+000 +4.9543e-002 +1.2819e+000 -1.9447e+000 -3.0493e+000
1734 0 +1.007820971e-001 -1.477992179e+002 -1.477992179e+002 -1.6695e+000 +6.6680e-002 +1.2914e+000 -1.9693e+000 -3.0520e+000
1741 0 +9.584812606e-002 -1.478041519e+002 -1.478041519e+002 -1.6772e+000 +7.1280e-002 +1.2827e+000 -1.9671e+000 -3.0090e+000
1834 0 +7.825330239e-002 -1.478217467e+002 -1.478217467e+002 -1.6776e+000 +7.6555e-002 +1.2311e+000 -1.9737e+000 -3.0839e+000
1933 0 +5.905628106e-002 -1.478409437e+002 -1.478409437e+002 -1.6809e+000 +5.3054e-002 +1.2883e+000 -1.9804e+000 -3.0348e+000
1936 0 +5.166034626e-002 -1.478483397e+002 -1.478483397e+002 -1.6617e+000 +8.8799e-002 +1.2153e+000 -1.9944e+000 -3.0526e+000
2047 0 +3.936156930e-002 -1.478606384e+002 -1.478606384e+002 -1.6716e+000 +8.4956e-002 +1.2269e+000 -1.9850e+000 -3.0590e+000
2072 0 +3.096736669e-002 -1.478690326e+002 -1.478690326e+002 -1.6697e+000 +7.8717e-002 +1.2260e+000 -1.9887e+000 -3.0708e+000
2265 0 +2.299311598e-002 -1.478770069e+002 -1.478770069e+002 -1.6727e+000 +8.0399e-002 +1.2250e+000 -1.9837e+000 -3.0722e+000
2418 0 +2.091532232e-002 -1.478790847e+002 -1.478790847e+002 -1.6711e+000 +7.9472e-002 +1.2234e+000 -1.9848e+000 -3.0715e+000
2490 0 +1.804528424e-002 -1.478819547e+002 -1.478819547e+002 -1.6690e+000 +1.0240e-001 +1.1913e+000 -1.9939e+000 -3.0876e+000
2697 0 +1.771233154e-002 -1.478822877e+002 -1.478822877e+002 -1.6671e+000 +1.1641e-001 +1.1670e+000 -2.0031e+000 -3.0994e+000
2716 0 +1.589178143e-002 -1.478841082e+002 -1.478841082e+002 -1.6702e+000 +1.0354e-001 +1.1887e+000 -1.9989e+000 -3.0904e+000
2871 0 +1.526508922e-002 -1.478847349e+002 -1.478847349e+002 -1.6666e+000 +1.1919e-001 +1.1628e+000 -2.0059e+000 -3.0996e+000
2948 0 +1.454412925e-002 -1.478854559e+002 -1.478854559e+002 -1.6711e+000 +1.2209e-001 +1.1586e+000 -2.0053e+000 -3.0990e+000
2970 0 +9.774111980e-003 -1.478902259e+002 -1.478902259e+002 -1.6676e+000 +1.1788e-001 +1.1652e+000 -2.0070e+000 -3.0994e+000
3048 0 +8.942494269e-003 -1.478910575e+002 -1.478910575e+002 -1.6680e+000 +1.2660e-001 +1.1508e+000 -2.0117e+000 -3.1044e+000
3115 0 +8.731980624e-003 -1.478912680e+002 -1.478912680e+002 -1.6677e+000 +1.3049e-001 +1.1445e+000 -2.0133e+000 -3.1077e+000
3152 0 +5.803183051e-003 -1.478941968e+002 -1.478941968e+002 -1.6686e+000 +1.3463e-001 +1.1376e+000 -2.0153e+000 -3.1121e+000
3218 0 +5.698455975e-003 -1.478943015e+002 -1.478943015e+002 -1.6683e+000 +1.3360e-001 +1.1393e+000 -2.0148e+000 -3.1107e+000
3240 0 +5.449820085e-003 -1.478945502e+002 -1.478945502e+002 -1.6698e+000 +1.3784e-001 +1.1296e+000 -2.0187e+000 -3.1142e+000
3244 0 +5.159887457e-003 -1.478948401e+002 -1.478948401e+002 -1.6697e+000 +1.3366e-001 +1.1381e+000 -2.0152e+000 -3.1099e+000
3269 0 +3.694262194e-003 -1.478963057e+002 -1.478963057e+002 -1.6686e+000 +1.3801e-001 +1.1322e+000 -2.0190e+000 -3.1140e+000
3544 0 +2.057359309e-003 -1.478979426e+002 -1.478979426e+002 -1.6688e+000 +1.3500e-001 +1.1372e+000 -2.0167e+000 -3.1115e+000
3647 0 +1.843905495e-003 -1.478981561e+002 -1.478981561e+002 -1.6688e+000 +1.3530e-001 +1.1368e+000 -2.0169e+000 -3.1117e+000
3711 0 +1.806654981e-003 -1.478981933e+002 -1.478981933e+002 -1.6687e+000 +1.3451e-001 +1.1381e+000 -2.0165e+000 -3.1109e+000
3730 0 +1.577649876e-003 -1.478984224e+002 -1.478984224e+002 -1.6688e+000 +1.3508e-001 +1.1372e+000 -2.0167e+000 -3.1113e+000
3930 0 +1.527902979e-003 -1.478984721e+002 -1.478984721e+002 -1.6687e+000 +1.3495e-001 +1.1374e+000 -2.0166e+000 -3.1112e+000
4084 0 +1.458540447e-003 -1.478985415e+002 -1.478985415e+002 -1.6689e+000 +1.3499e-001 +1.1373e+000 -2.0166e+000 -3.1114e+000
4106 0 +1.388613032e-003 -1.478986114e+002 -1.478986114e+002 -1.6688e+000 +1.3477e-001 +1.1378e+000 -2.0164e+000 -3.1110e+000
4132 0 +1.353259450e-003 -1.478986467e+002 -1.478986467e+002 -1.6688e+000 +1.3484e-001 +1.1376e+000 -2.0165e+000 -3.1112e+000
4245 0 +1.313036789e-003 -1.478986870e+002 -1.478986870e+002 -1.6688e+000 +1.3519e-001 +1.1371e+000 -2.0167e+000 -3.1114e+000
4332 0 +1.196447675e-003 -1.478988036e+002 -1.478988036e+002 -1.6689e+000 +1.3463e-001 +1.1380e+000 -2.0164e+000 -3.1109e+000
4440 0 +1.067345234e-003 -1.478989327e+002 -1.478989327e+002 -1.6689e+000 +1.3474e-001 +1.1377e+000 -2.0165e+000 -3.1111e+000
4509 0 +1.044671010e-003 -1.478989553e+002 -1.478989553e+002 -1.6689e+000 +1.3474e-001 +1.1378e+000 -2.0165e+000 -3.1110e+000
4614 0 +1.022580036e-003 -1.478989774e+002 -1.478989774e+002 -1.6689e+000 +1.3481e-001 +1.1376e+000 -2.0166e+000 -3.1111e+000
4796 0 +9.881127895e-004 -1.478990119e+002 -1.478990119e+002 -1.6689e+000 +1.3476e-001 +1.1377e+000 -2.0165e+000 -3.1111e+000
4916 0 +9.543268368e-004 -1.478990457e+002 -1.478990457e+002 -1.6689e+000 +1.3481e-001 +1.1376e+000 -2.0165e+000 -3.1111e+000
5144 0 +8.944891160e-004 -1.478991055e+002 -1.478991055e+002 -1.6689e+000 +1.3480e-001 +1.1376e+000 -2.0165e+000 -3.1111e+000
5620 0 +8.907083862e-004 -1.478991093e+002 -1.478991093e+002 -1.6689e+000 +1.3480e-001 +1.1376e+000 -2.0165e+000 -3.1111e+000
5694 0 +8.692160357e-004 -1.478991308e+002 -1.478991308e+002 -1.6689e+000 +1.3478e-001 +1.1377e+000 -2.0165e+000 -3.1111e+000
6730 0 +8.484909557e-004 -1.478991515e+002 -1.478991515e+002 -1.6689e+000 +1.3478e-001 +1.1377e+000 -2.0165e+000 -3.1111e+000
% f evaluations | g evaluations | best noise-free fitness - Fopt (4.817100000000e+002) + sum g_i+ | measured fitness | best measured fitness or single-digit g-values | x1 | x2...
1 0 +1.884784609e+001 +5.005578461e+002 +5.005578461e+002 +0.0000e+000 +0.0000e+000 +0.0000e+000 +0.0000e+000 +0.0000e+000
10 0 +9.815182922e+000 +4.915251829e+002 +4.915251829e+002 +4.8513e+000 -3.8065e+000 -2.7026e+000 -4.5575e-001 +1.4481e+000
38 0 +7.280041953e+000 +4.889900420e+002 +4.889900420e+002 +3.6630e+000 -2.6003e+000 -2.4022e+000 +4.4632e+000 +4.4163e-001
46 0 +5.604482206e+000 +4.873144822e+002 +4.873144822e+002 +1.0434e+000 -1.6320e+000 -2.7264e+000 +1.9120e+000 +1.7787e-001
192 0 +4.898319995e+000 +4.866083200e+002 +4.866083200e+002 -4.4090e-001 -4.3587e+000 -4.1088e+000 +1.1318e+000 -2.6679e+000
285 0 +2.412769593e+000 +4.841227696e+002 +4.841227696e+002 +1.6464e+000 -3.5325e+000 -4.1623e+000 +2.0045e+000 -4.4993e-001
363 0 +1.205228957e+000 +4.829152290e+002 +4.829152290e+002 +5.6802e-001 -3.4020e+000 -3.1688e+000 +3.5552e+000 -2.9256e-001
619 0 +8.923989553e-001 +4.826023990e+002 +4.826023990e+002 +3.0190e-001 -3.3570e+000 -2.5861e+000 +2.8117e+000 -6.9906e-001
799 0 +5.656366569e-001 +4.822756367e+002 +4.822756367e+002 +7.0112e-001 -2.8913e+000 -2.8538e+000 +3.2150e+000 -4.3741e-001
853 0 +3.257924327e-001 +4.820357924e+002 +4.820357924e+002 +5.9179e-001 -3.0177e+000 -2.8185e+000 +3.0431e+000 -4.3560e-001
1042 0 +2.531389484e-001 +4.819631389e+002 +4.819631389e+002 +9.7665e-001 -2.9406e+000 -2.7708e+000 +3.0215e+000 -3.5339e-001
1122 0 +1.935905975e-001 +4.819035906e+002 +4.819035906e+002 +1.0704e+000 -2.9198e+000 -2.8974e+000 +3.0061e+000 -3.1165e-001
1290 0 +8.902531945e-002 +4.817990253e+002 +4.817990253e+002 +1.0521e+000 -2.9282e+000 -2.9075e+000 +3.0521e+000 -3.2936e-001
1445 0 +7.069053926e-002 +4.817806905e+002 +4.817806905e+002 +1.0443e+000 -2.9356e+000 -2.9268e+000 +3.0587e+000 -3.4053e-001
1616 0 +6.300660817e-002 +4.817730066e+002 +4.817730066e+002 +1.0214e+000 -2.9350e+000 -2.9241e+000 +3.0644e+000 -3.4314e-001
1756 0 +6.087831513e-002 +4.817708783e+002 +4.817708783e+002 +1.0024e+000 -2.9786e+000 -2.8839e+000 +3.0121e+000 -3.6873e-001
1807 0 +4.455900821e-002 +4.817545590e+002 +4.817545590e+002 +1.0108e+000 -2.9801e+000 -2.8976e+000 +3.0442e+000 -3.5969e-001
1953 0 +4.279463137e-002 +4.817527946e+002 +4.817527946e+002 +1.0176e+000 -2.9879e+000 -2.9022e+000 +3.0417e+000 -3.6409e-001
2007 0 +2.688211755e-002 +4.817368821e+002 +4.817368821e+002 +1.0140e+000 -2.9837e+000 -2.9004e+000 +3.0377e+000 -3.6292e-001
2054 0 +1.941733739e-002 +4.817294173e+002 +4.817294173e+002 +1.0419e+000 -2.9958e+000 -2.9033e+000 +3.0410e+000 -3.6626e-001
2352 0 +1.763474259e-002 +4.817276347e+002 +4.817276347e+002 +1.0466e+000 -2.9999e+000 -2.9026e+000 +3.0394e+000 -3.6768e-001
2353 0 +1.632083828e-002 +4.817263208e+002 +4.817263208e+002 +1.0352e+000 -2.9914e+000 -2.9051e+000 +3.0423e+000 -3.6470e-001
2430 0 +1.287886936e-002 +4.817228789e+002 +4.817228789e+002 +1.0177e+000 -2.9952e+000 -2.8958e+000 +3.0370e+000 -3.6618e-001
2440 0 +1.222316188e-002 +4.817222232e+002 +4.817222232e+002 +1.0206e+000 -2.9930e+000 -2.8954e+000 +3.0421e+000 -3.7336e-001
2502 0 +1.018393944e-002 +4.817201839e+002 +4.817201839e+002 +1.0218e+000 -2.9943e+000 -2.8944e+000 +3.0420e+000 -3.7417e-001
2566 0 +9.157241689e-003 +4.817191572e+002 +4.817191572e+002 +1.0257e+000 -2.9927e+000 -2.8980e+000 +3.0414e+000 -3.7041e-001
2613 0 +5.753974980e-003 +4.817157540e+002 +4.817157540e+002 +1.0366e+000 -2.9997e+000 -2.8944e+000 +3.0399e+000 -3.6472e-001
2923 0 +4.652281391e-003 +4.817146523e+002 +4.817146523e+002 +1.0377e+000 -3.0001e+000 -2.8957e+000 +3.0409e+000 -3.6220e-001
3097 0 +4.564485711e-003 +4.817145645e+002 +4.817145645e+002 +1.0364e+000 -2.9996e+000 -2.8954e+000 +3.0411e+000 -3.6374e-001
3276 0 +3.952882383e-003 +4.817139529e+002 +4.817139529e+002 +1.0406e+000 -2.9994e+000 -2.8960e+000 +3.0447e+000 -3.6586e-001
3310 0 +3.864086331e-003 +4.817138641e+002 +4.817138641e+002 +1.0431e+000 -3.0012e+000 -2.8953e+000 +3.0439e+000 -3.6643e-001
3327 0 +2.784969930e-003 +4.817127850e+002 +4.817127850e+002 +1.0410e+000 -3.0003e+000 -2.8961e+000 +3.0430e+000 -3.6597e-001
3541 0 +2.353718051e-003 +4.817123537e+002 +4.817123537e+002 +1.0422e+000 -3.0004e+000 -2.8962e+000 +3.0436e+000 -3.6675e-001
3549 0 +1.232741859e-003 +4.817112327e+002 +4.817112327e+002 +1.0413e+000 -3.0009e+000 -2.8960e+000 +3.0440e+000 -3.6666e-001
3627 0 +9.884518471e-004 +4.817109885e+002 +4.817109885e+002 +1.0408e+000 -3.0006e+000 -2.8957e+000 +3.0444e+000 -3.6648e-001
3721 0 +8.802425742e-004 +4.817108802e+002 +4.817108802e+002 +1.0409e+000 -3.0007e+000 -2.8959e+000 +3.0443e+000 -3.6626e-001
3746 0 +8.489620891e-004 +4.817108490e+002 +4.817108490e+002 +1.0407e+000 -3.0006e+000 -2.8955e+000 +3.0440e+000 -3.6622e-001
3827 0 +5.794155758e-004 +4.817105794e+002 +4.817105794e+002 +1.0407e+000 -3.0006e+000 -2.8956e+000 +3.0443e+000 -3.6638e-001
4027 0 +5.433772599e-004 +4.817105434e+002 +4.817105434e+002 +1.0407e+000 -3.0006e+000 -2.8956e+000 +3.0443e+000 -3.6637e-001
4102 0 +4.993018910e-004 +4.817104993e+002 +4.817104993e+002 +1.0417e+000 -3.0010e+000 -2.8958e+000 +3.0441e+000 -3.6601e-001
4115 0 +4.657029654e-004 +4.817104657e+002 +4.817104657e+002 +1.0407e+000 -3.0007e+000 -2.8956e+000 +3.0444e+000 -3.6635e-001
4302 0 +3.948638872e-004 +4.817103949e+002 +4.817103949e+002 +1.0405e+000 -3.0007e+000 -2.8959e+000 +3.0440e+000 -3.6661e-001
4308 0 +2.650347830e-004 +4.817102650e+002 +4.817102650e+002 +1.0408e+000 -3.0009e+000 -2.8960e+000 +3.0439e+000 -3.6654e-001
4426 0 +2.435811182e-004 +4.817102436e+002 +4.817102436e+002 +1.0408e+000 -3.0009e+000 -2.8960e+000 +3.0440e+000 -3.6653e-001
4502 0 +2.375758663e-004 +4.817102376e+002 +4.817102376e+002 +1.0408e+000 -3.0009e+000 -2.8959e+000 +3.0440e+000 -3.6653e-001
4602 0 +1.699459649e-004 +4.817101699e+002 +4.817101699e+002 +1.0409e+000 -3.0009e+000 -2.8959e+000 +3.0440e+000 -3.6646e-001
4705 0 +1.398040221e-004 +4.817101398e+002 +4.817101398e+002 +1.0408e+000 -3.0008e+000 -2.8960e+000 +3.0440e+000 -3.6647e-001
4805 0 +9.658242163e-005 +4.817100966e+002 +4.817100966e+002 +1.0408e+000 -3.0008e+000 -2.8960e+000 +3.0440e+000 -3.6642e-001
5005 0 +9.159187709e-005 +4.817100916e+002 +4.817100916e+002 +1.0408e+000 -3.0008e+000 -2.8960e+000 +3.0440e+000 -3.6641e-001
5081 0 +8.150887641e-005 +4.817100815e+002 +4.817100815e+002 +1.0407e+000 -3.0008e+000 -2.8960e+000 +3.0440e+000 -3.6645e-001
5149 0 +7.092526317e-005 +4.817100709e+002 +4.817100709e+002 +1.0407e+000 -3.0008e+000 -2.8960e+000 +3.0440e+000 -3.6643e-001
5221 0 +6.294074541e-005 +4.817100629e+002 +4.817100629e+002 +1.0407e+000 -3.0008e+000 -2.8960e+000 +3.0440e+000 -3.6643e-001
5255 0 +3.367271177e-005 +4.817100337e+002 +4.817100337e+002 +1.0408e+000 -3.0008e+000 -2.8960e+000 +3.0440e+000 -3.6642e-001
5510 0 +3.085066606e-005 +4.817100309e+002 +4.817100309e+002 +1.0408e+000 -3.0008e+000 -2.8960e+000 +3.0440e+000 -3.6641e-001
5647 0 +3.012397991e-005 +4.817100301e+002 +4.817100301e+002 +1.0408e+000 -3.0008e+000 -2.8960e+000 +3.0440e+000 -3.6641e-001
5694 0 +2.917307347e-005 +4.817100292e+002 +4.817100292e+002 +1.0408e+000 -3.0008e+000 -2.8960e+000 +3.0440e+000 -3.6641e-001
5769 0 +2.559862702e-005 +4.817100256e+002 +4.817100256e+002 +1.0408e+000 -3.0008e+000 -2.8960e+000 +3.0440e+000 -3.6640e-001
5777 0 +2.121204170e-005 +4.817100212e+002 +4.817100212e+002 +1.0408e+000 -3.0008e+000 -2.8960e+000 +3.0440e+000 -3.6641e-001
5787 0 +1.347291163e-005 +4.817100135e+002 +4.817100135e+002 +1.0408e+000 -3.0008e+000 -2.8960e+000 +3.0440e+000 -3.6641e-001
6078 0 +1.194258539e-005 +4.817100119e+002 +4.817100119e+002 +1.0408e+000 -3.0008e+000 -2.8960e+000 +3.0440e+000 -3.6641e-001
6177 0 +1.116831874e-005 +4.817100112e+002 +4.817100112e+002 +1.0408e+000 -3.0008e+000 -2.8960e+000 +3.0440e+000 -3.6641e-001
6254 0 +1.042246186e-005 +4.817100104e+002 +4.817100104e+002 +1.0408e+000 -3.0008e+000 -2.8960e+000 +3.0440e+000 -3.6641e-001
6454 0 +1.014892206e-005 +4.817100101e+002 +4.817100101e+002 +1.0408e+000 -3.0008e+000 -2.8960e+000 +3.0440e+000 -3.6641e-001
6477 0 +9.921441119e-006 +4.817100099e+002 +4.817100099e+002 +1.0408e+000 -3.0008e+000 -2.8960e+000 +3.0440e+000 -3.6641e-001
6577 0 +9.500153283e-006 +4.817100095e+002 +4.817100095e+002 +1.0408e+000 -3.0008e+000 -2.8960e+000 +3.0440e+000 -3.6641e-001
6996 0 +9.268921474e-006 +4.817100093e+002 +4.817100093e+002 +1.0408e+000 -3.0008e+000 -2.8960e+000 +3.0440e+000 -3.6641e-001
7195 0 +9.027769863e-006 +4.817100090e+002 +4.817100090e+002 +1.0408e+000 -3.0008e+000 -2.8960e+000 +3.0440e+000 -3.6641e-001
7213 0 +8.864526535e-006 +4.817100089e+002 +4.817100089e+002 +1.0408e+000 -3.0008e+000 -2.8960e+000 +3.0440e+000 -3.6641e-001
7242 0 +8.696552982e-006 +4.817100087e+002 +4.817100087e+002 +1.0408e+000 -3.0008e+000 -2.8960e+000 +3.0440e+000 -3.6641e-001
7434 0 +8.459417529e-006 +4.817100085e+002 +4.817100085e+002 +1.0408e+000 -3.0008e+000 -2.8960e+000 +3.0440e+000 -3.6641e-001
7769 0 +8.311021134e-006 +4.817100083e+002 +4.817100083e+002 +1.0408e+000 -3.0008e+000 -2.8960e+000 +3.0440e+000 -3.6641e-001
8105 0 +8.045605341e-006 +4.817100080e+002 +4.817100080e+002 +1.0408e+000 -3.0008e+000 -2.8960e+000 +3.0440e+000 -3.6641e-001
8195 0 +7.601134882e-006 +4.817100076e+002 +4.817100076e+002 +1.0408e+000 -3.0008e+000 -2.8960e+000 +3.0440e+000 -3.6641e-001
9005 0 +7.554208025e-006 +4.817100076e+002 +4.817100076e+002 +1.0408e+000 -3.0008e+000 -2.8960e+000 +3.0440e+000 -3.6641e-001
% f evaluations | g evaluations | best noise-free fitness - Fopt (-3.646000000000e+001) + sum g_i+ | measured fitness | best measured fitness or single-digit g-values | x1 | x2...
1 0 +9.679645913e+000 -2.678035409e+001 -2.678035409e+001 +0.0000e+000 +0.0000e+000 +0.0000e+000 +0.0000e+000 +0.0000e+000
20 0 +7.755780952e+000 -2.870421905e+001 -2.870421905e+001 -9.5074e-001 -3.5698e+000 -1.2238e-002 +2.6745e+000 +1.4059e+000
48 0 +5.753137001e+000 -3.070686300e+001 -3.070686300e+001 +3.0589e+000 -3.9294e+000 -2.4756e+000 +1.4193e+000 +2.6143e+000
170 0 +4.997345519e+000 -3.146265448e+001 -3.146265448e+001 +2.1766e+000 -8.3773e-001 -2.1865e+000 +1.3721e+000 +2.1595e+000
220 0 +4.669775453e+000 -3.179022455e+001 -3.179022455e+001 +2.6287e-001 -1.9816e+000 -1.8354e+000 +1.1717e+000 +2.9771e+000
270 0 +3.396778977e+000 -3.306322102e+001 -3.306322102e+001 +2.5593e+000 -2.2469e+000 -2.4686e+000 -2.6915e-001 +5.0000e+000
326 0 +2.719661523e+000 -3.374033848e+001 -3.374033848e+001 +2.6878e+000 -2.0939e+000 -2.9563e+000 +1.0711e+000 +3.1270e+000
384 0 +1.533427410e+000 -3.492657259e+001 -3.492657259e+001 +3.2238e+000 -2.5940e+000 -1.9078e+000 +3.2526e-001 +4.5268e+000
586 0 +1.437753489e+000 -3.502224651e+001 -3.502224651e+001 +2.9071e+000 -3.2057e+000 -2.5548e+000 +7.4748e-001 +5.0000e+000
616 0 +1.146821572e+000 -3.531317843e+001 -3.531317843e+001 +2.8101e+000 -2.5436e+000 -2.6660e+000 +7.1731e-001 +5.0000e+000
662 0 +9.558575569e-001 -3.550414244e+001 -3.550414244e+001 +2.3643e+000 -3.0025e+000 -2.7123e+000 +3.2072e-001 +4.4255e+000
762 0 +9.461060131e-001 -3.551389399e+001 -3.551389399e+001 +2.6569e+000 -2.9509e+000 -2.6210e+000 +6.1932e-001 +4.6688e+000
768 0 +5.325276464e-001 -3.592747235e+001 -3.592747235e+001 +2.5926e+000 -2.8653e+000 -2.4600e+000 +2.8540e-001 +4.6989e+000
1018 0 +4.547743332e-001 -3.600522567e+001 -3.600522567e+001 +2.6654e+000 -2.7896e+000 -2.4449e+000 +3.9867e-001 +4.7072e+000
1126 0 +3.416458415e-001 -3.611835416e+001 -3.611835416e+001 +2.6921e+000 -2.7184e+000 -2.4691e+000 +4.3035e-001 +4.7270e+000
1448 0 +3.165207771e-001 -3.614347922e+001 -3.614347922e+001 +2.6397e+000 -2.7279e+000 -2.4721e+000 +3.2340e-001 +4.7308e+000
1517 0 +2.490394687e-001 -3.621096053e+001 -3.621096053e+001 +2.6382e+000 -2.7237e+000 -2.4473e+000 +3.8789e-001 +4.7325e+000
1634 0 +2.272367079e-001 -3.623276329e+001 -3.623276329e+001 +2.6313e+000 -2.7079e+000 -2.4820e+000 +3.9735e-001 +4.7478e+000
1716 0 +1.975995754e-001 -3.626240042e+001 -3.626240042e+001 +2.6504e+000 -2.7070e+000 -2.4558e+000 +3.8096e-001 +4.7482e+000
1870 0 +1.888594574e-001 -3.627114054e+001 -3.627114054e+001 +2.6363e+000 -2.6780e+000 -2.4694e+000 +3.8951e-001 +4.7545e+000
1887 0 +1.378369495e-001 -3.632216305e+001 -3.632216305e+001 +2.6270e+000 -2.6838e+000 -2.4556e+000 +3.8801e-001 +4.7368e+000
2034 0 +1.320985124e-001 -3.632790149e+001 -3.632790149e+001 +2.6233e+000 -2.6863e+000 -2.4548e+000 +3.8681e-001 +4.7276e+000
2087 0 +1.306614484e-001 -3.632933855e+001 -3.632933855e+001 +2.6268e+000 -2.6848e+000 -2.4497e+000 +3.7734e-001 +4.7296e+000
2117 0 +1.146684728e-001 -3.634533153e+001 -3.634533153e+001 +2.6256e+000 -2.6817e+000 -2.4469e+000 +3.7750e-001 +4.7290e+000
2285 0 +1.048417453e-001 -3.635515825e+001 -3.635515825e+001 +2.6267e+000 -2.6709e+000 -2.4474e+000 +3.6242e-001 +4.7347e+000
2343 0 +1.037716143e-001 -3.635622839e+001 -3.635622839e+001 +2.6273e+000 -2.6767e+000 -2.4463e+000 +3.6622e-001 +4.7318e+000
2418 0 +1.014098601e-001 -3.635859014e+001 -3.635859014e+001 +2.6286e+000 -2.6773e+000 -2.4447e+000 +3.6594e-001 +4.7298e+000
2436 0 +8.780831652e-002 -3.637219168e+001 -3.637219168e+001 +2.6256e+000 -2.6760e+000 -2.4456e+000 +3.6647e-001 +4.7326e+000
2761 0 +8.682976531e-002 -3.637317023e+001 -3.637317023e+001 +2.6263e+000 -2.6758e+000 -2.4456e+000 +3.6646e-001 +4.7329e+000
2986 0 +8.273858998e-002 -3.637726141e+001 -3.637726141e+001 +2.6268e+000 -2.6763e+000 -2.4453e+000 +3.6609e-001 +4.7332e+000
3055 0 +7.999386600e-002 -3.638000613e+001 -3.638000613e+001 +2.6263e+000 -2.6755e+000 -2.4450e+000 +3.6535e-001 +4.7325e+000
3417 0 +7.612659276e-002 -3.638387341e+001 -3.638387341e+001 +2.6261e+000 -2.6761e+000 -2.4445e+000 +3.6500e-001 +4.7328e+000
3606 0 +7.581770915e-002 -3.638418229e+001 -3.638418229e+001 +2.6260e+000 -2.6760e+000 -2.4445e+000 +3.6509e-001 +4.7327e+000
3670 0 +7.192686356e-002 -3.638807314e+001 -3.638807314e+001 +2.6260e+000 -2.6760e+000 -2.4444e+000 +3.6483e-001 +4.7324e+000
3886 0 +7.054115392e-002 -3.638945885e+001 -3.638945885e+001 +2.6260e+000 -2.6760e+000 -2.4444e+000 +3.6481e-001 +4.7324e+000
4583 0 +6.915647393e-002 -3.639084353e+001 -3.639084353e+001 +2.6260e+000 -2.6760e+000 -2.4443e+000 +3.6478e-001 +4.7324e+000
5806 0 +6.727271909e-002 -3.639272728e+001 -3.639272728e+001 +2.6260e+000 -2.6759e+000 -2.4443e+000 +3.6485e-001 +4.7324e+000
6234 0 +6.575112996e-002 -3.639424887e+001 -3.639424887e+001 +2.6260e+000 -2.6759e+000 -2.4443e+000 +3.6483e-001 +4.7324e+000
% f evaluations | g evaluations | best noise-free fitness - Fopt (3.920000000000e+001) + sum g_i+ | measured fitness | best measured fitness or single-digit g-values | x1 | x2...
1 0 +1.883092179e+001 +5.803092179e+001 +5.803092179e+001 +0.0000e+000 +0.0000e+000 +0.0000e+000 +0.0000e+000 +0.0000e+000
3 0 +6.845062595e+000 +4.604506260e+001 +4.604506260e+001 -1.2759e+000 +3.3112e+000 +3.2539e+000 +3.0892e+000 +4.7494e+000
93 0 +5.156228860e+000 +4.435622886e+001 +4.435622886e+001 +4.8581e+000 +1.6529e+000 +3.4808e+000 +4.2431e+000 +2.6637e-001
193 0 +4.685988831e+000 +4.388598883e+001 +4.388598883e+001 +3.1008e+000 +2.6884e+000 +1.8476e+000 +1.2776e+000 +2.2429e+000
229 0 +4.587600453e+000 +4.378760045e+001 +4.378760045e+001 +1.9776e+000 +7.5851e-001 +3.5649e+000 +2.0952e+000 +3.1113e+000
246 0 +3.902408622e+000 +4.310240862e+001 +4.310240862e+001 +1.9536e+000 +2.0809e+000 +2.1343e+000 +2.1877e+000 +1.3659e+000
285 0 +3.826365408e+000 +4.302636541e+001 +4.302636541e+001 +3.6244e+000 +2.1022e+000 +2.5764e+000 +2.8108e+000 +4.1060e+000
306 0 +3.433082599e+000 +4.263308260e+001 +4.263308260e+001 +3.5229e+000 +2.0582e+000 +2.5521e+000 +2.7360e+000 +4.0845e+000
321 0 +2.372589894e+000 +4.157258989e+001 +4.157258989e+001 +2.8471e+000 +2.4805e+000 +2.3376e+000 +2.7625e+000 +1.3537e+000
334 0 +1.505365872e+000 +4.070536587e+001 +4.070536587e+001 +2.8150e+000 +1.6100e+000 +2.2280e+000 +2.7868e+000 +2.8345e+000
583 0 +8.874733751e-001 +4.008747338e+001 +4.008747338e+001 +3.4494e+000 +1.3714e+000 +2.1901e+000 +3.6404e+000 +1.7892e+000
632 0 +8.535818755e-001 +4.005358188e+001 +4.005358188e+001 +3.4678e+000 +2.0802e+000 +2.1963e+000 +3.6193e+000 +2.0277e+000
768 0 +8.508162303e-001 +4.005081623e+001 +4.005081623e+001 +3.1944e+000 +1.8726e+000 +1.8814e+000 +3.1883e+000 +2.2981e+000
769 0 +5.935935365e-001 +3.979359354e+001 +3.979359354e+001 +3.0583e+000 +1.7498e+000 +2.4418e+000 +3.0580e+000 +2.7357e+000
1032 0 +4.102829046e-001 +3.961028290e+001 +3.961028290e+001 +3.1085e+000 +1.8060e+000 +2.3999e+000 +3.1022e+000 +2.6574e+000
1197 0 +3.179837034e-001 +3.951798370e+001 +3.951798370e+001 +3.2191e+000 +1.7921e+000 +2.2675e+000 +3.1987e+000 +2.5441e+000
1274 0 +3.137504677e-001 +3.951375047e+001 +3.951375047e+001 +3.1320e+000 +1.7999e+000 +2.3489e+000 +2.9848e+000 +2.6412e+000
1397 0 +2.585676525e-001 +3.945856765e+001 +3.945856765e+001 +3.1100e+000 +1.7394e+000 +2.3256e+000 +2.9749e+000 +2.6227e+000
1904 0 +2.400742769e-001 +3.944007428e+001 +3.944007428e+001 +3.1167e+000 +1.7814e+000 +2.3153e+000 +3.0374e+000 +2.6498e+000
2004 0 +2.374534051e-001 +3.943745341e+001 +3.943745341e+001 +3.1113e+000 +1.7854e+000 +2.3189e+000 +3.0381e+000 +2.6477e+000
2116 0 +2.296566309e-001 +3.942965663e+001 +3.942965663e+001 +3.1134e+000 +1.7624e+000 +2.3126e+000 +2.9841e+000 +2.6385e+000
2188 0 +2.215925238e-001 +3.942159252e+001 +3.942159252e+001 +3.1176e+000 +1.7897e+000 +2.2972e+000 +3.0114e+000 +2.6345e+000
2226 0 +2.050049383e-001 +3.940500494e+001 +3.940500494e+001 +3.1257e+000 +1.8072e+000 +2.3045e+000 +3.0395e+000 +2.6484e+000
2371 0 +1.932263831e-001 +3.939322638e+001 +3.939322638e+001 +3.1228e+000 +1.7972e+000 +2.3053e+000 +3.0383e+000 +2.6298e+000
2399 0 +1.903750110e-001 +3.939037501e+001 +3.939037501e+001 +3.1138e+000 +1.8047e+000 +2.3007e+000 +3.0358e+000 +2.6353e+000
2488 0 +1.819264043e-001 +3.938192640e+001 +3.938192640e+001 +3.1141e+000 +1.7960e+000 +2.3053e+000 +3.0326e+000 +2.6375e+000
2500 0 +1.754676815e-001 +3.937546768e+001 +3.937546768e+001 +3.1018e+000 +1.8015e+000 +2.2948e+000 +3.0229e+000 +2.6424e+000
2638 0 +1.658229754e-001 +3.936582298e+001 +3.936582298e+001 +3.1018e+000 +1.7918e+000 +2.3047e+000 +3.0285e+000 +2.6254e+000
2674 0 +1.560670781e-001 +3.935606708e+001 +3.935606708e+001 +3.1012e+000 +1.7817e+000 +2.2884e+000 +3.0298e+000 +2.6335e+000
2685 0 +1.505620531e-001 +3.935056205e+001 +3.935056205e+001 +3.1018e+000 +1.7965e+000 +2.2962e+000 +3.0241e+000 +2.6333e+000
2718 0 +1.460373340e-001 +3.934603733e+001 +3.934603733e+001 +3.1011e+000 +1.7978e+000 +2.2950e+000 +3.0247e+000 +2.6342e+000
2770 0 +1.396088678e-001 +3.933960887e+001 +3.933960887e+001 +3.0958e+000 +1.7964e+000 +2.2902e+000 +3.0174e+000 +2.6341e+000
2870 0 +1.344846355e-001 +3.933448464e+001 +3.933448464e+001 +3.0968e+000 +1.7955e+000 +2.2921e+000 +3.0185e+000 +2.6332e+000
2984 0 +1.275323121e-001 +3.932753231e+001 +3.932753231e+001 +3.0951e+000 +1.7980e+000 +2.2900e+000 +3.0208e+000 +2.6317e+000
3087 0 +1.246620661e-001 +3.932466207e+001 +3.932466207e+001 +3.0975e+000 +1.7975e+000 +2.2907e+000 +3.0209e+000 +2.6307e+000
3165 0 +1.206200475e-001 +3.932062005e+001 +3.932062005e+001 +3.0961e+000 +1.8004e+000 +2.2923e+000 +3.0191e+000 +2.6319e+000
3209 0 +1.181530801e-001 +3.931815308e+001 +3.931815308e+001 +3.0961e+000 +1.7999e+000 +2.2920e+000 +3.0190e+000 +2.6320e+000
3213 0 +1.150364937e-001 +3.931503649e+001 +3.931503649e+001 +3.0968e+000 +1.7995e+000 +2.2917e+000 +3.0206e+000 +2.6305e+000
3360 0 +1.148114614e-001 +3.931481146e+001 +3.931481146e+001 +3.0991e+000 +1.7994e+000 +2.2925e+000 +3.0225e+000 +2.6303e+000
3379 0 +1.099478147e-001 +3.930994781e+001 +3.930994781e+001 +3.0963e+000 +1.7998e+000 +2.2917e+000 +3.0205e+000 +2.6312e+000
3404 0 +1.092905721e-001 +3.930929057e+001 +3.930929057e+001 +3.0968e+000 +1.7998e+000 +2.2917e+000 +3.0211e+000 +2.6309e+000
3900 0 +1.068135633e-001 +3.930681356e+001 +3.930681356e+001 +3.0967e+000 +1.7998e+000 +2.2916e+000 +3.0210e+000 +2.6309e+000
4327 0 +1.034920423e-001 +3.930349204e+001 +3.930349204e+001 +3.0966e+000 +1.7998e+000 +2.2914e+000 +3.0212e+000 +2.6310e+000
5327 0 +1.021821866e-001 +3.930218219e+001 +3.930218219e+001 +3.0966e+000 +1.7998e+000 +2.2914e+000 +3.0212e+000 +2.6310e+000
% f evaluations | g evaluations | best noise-free fitness - Fopt (-3.225000000000e+001) + sum g_i+ | measured fitness | best measured fitness or single-digit g-values | x1 | x2...
1 0 +1.255272141e+001 -1.969727859e+001 -1.969727859e+001 +0.0000e+000 +0.0000e+000 +0.0000e+000 +0.0000e+000 +0.0000e+000
8 0 +1.239565541e+001 -1.985434459e+001 -1.985434459e+001 +1.9144e+000 -1.6433e+000 +2.0904e-001 -4.7359e+000 +4.3164e+000
9 0 +1.110885116e+001 -2.114114884e+001 -2.114114884e+001 +4.1100e+000 -4.5269e-001 +2.8438e+000 -3.2037e+000 +2.1781e+000
52 0 +9.473523095e+000 -2.277647690e+001 -2.277647690e+001 -1.3013e+000 +3.8683e+000 +3.9174e-001 -1.7299e+000 +1.1176e+000
93 0 +8.272093362e+000 -2.397790664e+001 -2.397790664e+001 +2.6781e+000 -3.9144e-001 -1.6466e+000 -2.2674e+000 +1.1693e+000
208 0 +6.776055681e+000 -2.547394432e+001 -2.547394432e+001 +2.6437e+000 -1.5742e+000 +1.0039e-001 -3.6758e+000 +4.2958e+000
221 0 +2.533223584e+000 -2.971677642e+001 -2.971677642e+001 +2.3378e+000 +1.3275e+000 -8.7898e-001 -3.1790e+000 +3.2021e+000
354 0 +2.424900863e+000 -2.982509914e+001 -2.982509914e+001 +3.4266e+000 +2.0965e+000 -5.5989e-001 -2.0846e+000 +5.0000e+000
430 0 +2.260320718e+000 -2.998967928e+001 -2.998967928e+001 +3.1057e+000 +1.5149e+000 -7.4107e-001 -2.4233e+000 +4.4349e+000
457 0 +2.071883969e+000 -3.017811603e+001 -3.017811603e+001 +3.2399e+000 +1.0691e+000 -5.8781e-001 -3.4282e+000 +3.3246e+000
465 0 +1.993663244e+000 -3.025633676e+001 -3.025633676e+001 +3.2666e+000 +1.9259e+000 -5.3596e-002 -2.8344e+000 +3.9020e+000
513 0 +1.843823717e+000 -3.040617628e+001 -3.040617628e+001 +3.2573e+000 +2.4676e+000 -2.9265e-001 -2.2357e+000 +4.8771e+000
532 0 +1.693945023e+000 -3.055605498e+001 -3.055605498e+001 +3.8135e+000 +1.6880e+000 -1.4673e-001 -2.3319e+000 +4.9621e+000
599 0 +1.501445423e+000 -3.074855458e+001 -3.074855458e+001 +4.1455e+000 +1.4759e+000 -1.5943e+000 -2.3101e+000 +3.3511e+000
618 0 +6.192543937e-001 -3.163074561e+001 -3.163074561e+001 +3.4700e+000 +1.3670e+000 -9.0338e-001 -2.7289e+000 +3.3564e+000
750 0 +5.101279030e-001 -3.173987210e+001 -3.173987210e+001 +3.7467e+000 +1.3713e+000 -1.0796e+000 -2.8025e+000 +3.4025e+000
957 0 +4.133369207e-001 -3.183666308e+001 -3.183666308e+001 +3.6398e+000 +1.0481e+000 -1.0383e+000 -3.0041e+000 +3.2325e+000
1031 0 +2.471590180e-001 -3.200284098e+001 -3.200284098e+001 +3.6564e+000 +9.7383e-001 -8.7192e-001 -2.9506e+000 +3.0204e+000
1132 0 +2.341966574e-001 -3.201580334e+001 -3.201580334e+001 +3.5867e+000 +8.4325e-001 -9.0900e-001 -2.9859e+000 +3.0342e+000
1331 0 +2.258527498e-001 -3.202414725e+001 -3.202414725e+001 +3.5889e+000 +9.0467e-001 -8.7674e-001 -2.9436e+000 +3.0556e+000
1418 0 +1.960955846e-001 -3.205390442e+001 -3.205390442e+001 +3.6424e+000 +9.6079e-001 -9.3797e-001 -2.9097e+000 +3.0321e+000
1421 0 +9.088764232e-002 -3.215911236e+001 -3.215911236e+001 +3.5863e+000 +9.8723e-001 -8.6878e-001 -2.8352e+000 +3.1953e+000
1554 0 +8.287307983e-002 -3.216712692e+001 -3.216712692e+001 +3.5903e+000 +9.7982e-001 -8.9375e-001 -2.8888e+000 +3.1204e+000
1613 0 +7.938864314e-002 -3.217061136e+001 -3.217061136e+001 +3.5685e+000 +1.0315e+000 -8.6958e-001 -2.8511e+000 +3.2390e+000
1677 0 +5.944843836e-002 -3.219055156e+001 -3.219055156e+001 +3.5911e+000 +1.0458e+000 -8.6817e-001 -2.8064e+000 +3.2194e+000
1679 0 +5.863208403e-002 -3.219136792e+001 -3.219136792e+001 +3.5838e+000 +1.0630e+000 -8.6749e-001 -2.8352e+000 +3.2167e+000
1730 0 +3.986759568e-002 -3.221013240e+001 -3.221013240e+001 +3.5944e+000 +1.0440e+000 -8.8565e-001 -2.8275e+000 +3.2057e+000
2213 0 +2.916011892e-002 -3.222083988e+001 -3.222083988e+001 +3.5896e+000 +1.0391e+000 -8.8286e-001 -2.8332e+000 +3.2103e+000
2415 0 +2.849550533e-002 -3.222150449e+001 -3.222150449e+001 +3.5980e+000 +1.0373e+000 -8.7653e-001 -2.8392e+000 +3.2127e+000
2610 0 +2.634178742e-002 -3.222365821e+001 -3.222365821e+001 +3.5947e+000 +1.0677e+000 -8.7581e-001 -2.8117e+000 +3.2485e+000
2721 0 +2.043272867e-002 -3.222956727e+001 -3.222956727e+001 +3.5908e+000 +1.0545e+000 -8.7411e-001 -2.8114e+000 +3.2438e+000
2829 0 +1.802737306e-002 -3.223197263e+001 -3.223197263e+001 +3.5993e+000 +1.0618e+000 -8.7795e-001 -2.8118e+000 +3.2488e+000
2929 0 +1.482142888e-002 -3.223517857e+001 -3.223517857e+001 +3.5972e+000 +1.0658e+000 -8.7729e-001 -2.8054e+000 +3.2557e+000
2971 0 +1.398945196e-002 -3.223601055e+001 -3.223601055e+001 +3.6002e+000 +1.0639e+000 -8.7589e-001 -2.8073e+000 +3.2527e+000
3026 0 +1.377244841e-002 -3.223622755e+001 -3.223622755e+001 +3.5896e+000 +1.0645e+000 -8.7225e-001 -2.8088e+000 +3.2506e+000
3071 0 +1.297237775e-002 -3.223702762e+001 -3.223702762e+001 +3.5995e+000 +1.0647e+000 -8.7481e-001 -2.8030e+000 +3.2574e+000
3190 0 +1.267719041e-002 -3.223732281e+001 -3.223732281e+001 +3.6035e+000 +1.0648e+000 -8.7450e-001 -2.8046e+000 +3.2559e+000
3197 0 +1.237924397e-002 -3.223762076e+001 -3.223762076e+001 +3.5869e+000 +1.0721e+000 -8.6569e-001 -2.8071e+000 +3.2579e+000
3262 0 +1.140326766e-002 -3.223859673e+001 -3.223859673e+001 +3.5890e+000 +1.0714e+000 -8.6543e-001 -2.8070e+000 +3.2590e+000
3340 0 +1.026350600e-002 -3.223973649e+001 -3.223973649e+001 +3.5873e+000 +1.0691e+000 -8.6555e-001 -2.8075e+000 +3.2557e+000
3368 0 +7.881890192e-003 -3.224211811e+001 -3.224211811e+001 +3.5905e+000 +1.0627e+000 -8.6727e-001 -2.8130e+000 +3.2474e+000
3380 0 +7.585019136e-003 -3.224241498e+001 -3.224241498e+001 +3.5931e+000 +1.0616e+000 -8.6542e-001 -2.8125e+000 +3.2522e+000
3403 0 +6.403787482e-003 -3.224359621e+001 -3.224359621e+001 +3.5942e+000 +1.0608e+000 -8.6738e-001 -2.8122e+000 +3.2507e+000
3462 0 +5.809716670e-003 -3.224419028e+001 -3.224419028e+001 +3.5931e+000 +1.0631e+000 -8.6643e-001 -2.8110e+000 +3.2533e+000
3515 0 +5.534726337e-003 -3.224446527e+001 -3.224446527e+001 +3.5916e+000 +1.0654e+000 -8.6531e-001 -2.8097e+000 +3.2556e+000
3581 0 +5.362685792e-003 -3.224463731e+001 -3.224463731e+001 +3.5922e+000 +1.0655e+000 -8.6574e-001 -2.8095e+000 +3.2558e+000
3601 0 +4.400784963e-003 -3.224559922e+001 -3.224559922e+001 +3.5932e+000 +1.0631e+000 -8.6617e-001 -2.8109e+000 +3.2536e+000
3636 0 +2.577085149e-003 -3.224742291e+001 -3.224742291e+001 +3.5947e+000 +1.0629e+000 -8.6429e-001 -2.8107e+000 +3.2566e+000
3707 0 +2.472937694e-003 -3.224752706e+001 -3.224752706e+001 +3.5947e+000 +1.0627e+000 -8.6454e-001 -2.8109e+000 +3.2561e+000
3809 0 +1.407299753e-003 -3.224859270e+001 -3.224859270e+001 +3.5946e+000 +1.0634e+000 -8.6413e-001 -2.8102e+000 +3.2571e+000
4325 0 +1.235152287e-003 -3.224876485e+001 -3.224876485e+001 +3.5947e+000 +1.0632e+000 -8.6415e-001 -2.8104e+000 +3.2569e+000
4393 0 +7.617372574e-004 -3.224923826e+001 -3.224923826e+001 +3.5958e+000 +1.0621e+000 -8.6387e-001 -2.8102e+000 +3.2585e+000
4484 0 +6.177064509e-004 -3.224938229e+001 -3.224938229e+001 +3.5960e+000 +1.0617e+000 -8.6403e-001 -2.8103e+000 +3.2582e+000
4552 0 +5.421133037e-004 -3.224945789e+001 -3.224945789e+001 +3.5959e+000 +1.0617e+000 -8.6406e-001 -2.8104e+000 +3.2580e+000
4583 0 +4.827908941e-004 -3.224951721e+001 -3.224951721e+001 +3.5961e+000 +1.0614e+000 -8.6408e-001 -2.8104e+000 +3.2586e+000
4625 0 +3.892752752e-004 -3.224961072e+001 -3.224961072e+001 +3.5961e+000 +1.0617e+000 -8.6402e-001 -2.8102e+000 +3.2586e+000
4743 0 +3.485694388e-004 -3.224965143e+001 -3.224965143e+001 +3.5960e+000 +1.0617e+000 -8.6382e-001 -2.8102e+000 +3.2586e+000
4793 0 +3.307748816e-004 -3.224966923e+001 -3.224966923e+001 +3.5960e+000 +1.0617e+000 -8.6405e-001 -2.8103e+000 +3.2585e+000
4827 0 +2.680827998e-004 -3.224973192e+001 -3.224973192e+001 +3.5959e+000 +1.0617e+000 -8.6396e-001 -2.8102e+000 +3.2586e+000
4834 0 +2.625985643e-004 -3.224973740e+001 -3.224973740e+001 +3.5961e+000 +1.0615e+000 -8.6414e-001 -2.8105e+000 +3.2582e+000
4935 0 +1.794892524e-004 -3.224982051e+001 -3.224982051e+001 +3.5961e+000 +1.0615e+000 -8.6413e-001 -2.8104e+000 +3.2583e+000
5166 0 +1.463318768e-004 -3.224985367e+001 -3.224985367e+001 +3.5960e+000 +1.0614e+000 -8.6402e-001 -2.8105e+000 +3.2582e+000
5213 0 +1.362157742e-004 -3.224986378e+001 -3.224986378e+001 +3.5960e+000 +1.0615e+000 -8.6404e-001 -2.8105e+000 +3.2582e+000
5256 0 +1.199286408e-004 -3.224988007e+001 -3.224988007e+001 +3.5960e+000 +1.0615e+000 -8.6401e-001 -2.8105e+000 +3.2582e+000
5295 0 +1.151320891e-004 -3.224988487e+001 -3.224988487e+001 +3.5959e+000 +1.0615e+000 -8.6391e-001 -2.8105e+000 +3.2583e+000
5308 0 +7.542237390e-005 -3.224992458e+001 -3.224992458e+001 +3.5960e+000 +1.0615e+000 -8.6405e-001 -2.8105e+000 +3.2583e+000
5551 0 +3.066409487e-005 -3.224996934e+001 -3.224996934e+001 +3.5960e+000 +1.0616e+000 -8.6402e-001 -2.8104e+000 +3.2584e+000
5844 0 +2.908431313e-005 -3.224997092e+001 -3.224997092e+001 +3.5960e+000 +1.0616e+000 -8.6402e-001 -2.8104e+000 +3.2584e+000
6122 0 +2.051302760e-005 -3.224997949e+001 -3.224997949e+001 +3.5960e+000 +1.0616e+000 -8.6400e-001 -2.8104e+000 +3.2584e+000
6309 0 +1.701131846e-005 -3.224998299e+001 -3.224998299e+001 +3.5960e+000 +1.0616e+000 -8.6400e-001 -2.8104e+000 +3.2584e+000
6386 0 +1.520912073e-005 -3.224998479e+001 -3.224998479e+001 +3.5960e+000 +1.0616e+000 -8.6400e-001 -2.8104e+000 +3.2584e+000
6422 0 +1.455559109e-005 -3.224998544e+001 -3.224998544e+001 +3.5960e+000 +1.0616e+000 -8.6400e-001 -2.8104e+000 +3.2584e+000
6509 0 +1.389167279e-005 -3.224998611e+001 -3.224998611e+001 +3.5960e+000 +1.0616e+000 -8.6400e-001 -2.8104e+000 +3.2584e+000
6622 0 +1.350371816e-005 -3.224998650e+001 -3.224998650e+001 +3.5960e+000 +1.0616e+000 -8.6400e-001 -2.8104e+000 +3.2584e+000
6813 0 +1.239536854e-005 -3.224998760e+001 -3.224998760e+001 +3.5960e+000 +1.0616e+000 -8.6400e-001 -2.8104e+000 +3.2584e+000
6951 0 +1.194072429e-005 -3.224998806e+001 -3.224998806e+001 +3.5960e+000 +1.0616e+000 -8.6400e-001 -2.8104e+000 +3.2584e+000
7361 0 +1.170408896e-005 -3.224998830e+001 -3.224998830e+001 +3.5960e+000 +1.0616e+000 -8.6400e-001 -2.8104e+000 +3.2584e+000
7383 0 +1.144227988e-005 -3.224998856e+001 -3.224998856e+001 +3.5960e+000 +1.0616e+000 -8.6400e-001 -2.8104e+000 +3.2584e+000
7741 0 +1.096334206e-005 -3.224998904e+001 -3.224998904e+001 +3.5960e+000 +1.0616e+000 -8.6400e-001 -2.8104e+000 +3.2584e+000
7883 0 +1.052181162e-005 -3.224998948e+001 -3.224998948e+001 +3.5960e+000 +1.0616e+000 -8.6400e-001 -2.8104e+000 +3.2584e+000
8132 0 +1.046103094e-005 -3.224998954e+001 -3.224998954e+001 +3.5960e+000 +1.0616e+000 -8.6400e-001 -2.8104e+000 +3.2584e+000
8335 0 +1.017872037e-005 -3.224998982e+001 -3.224998982e+001 +3.5960e+000 +1.0616e+000 -8.6400e-001 -2.8104e+000 +3.2584e+000
8541 0 +9.597620362e-006 -3.224999040e+001 -3.224999040e+001 +3.5960e+000 +1.0616e+000 -8.6400e-001 -2.8104e+000 +3.2584e+000
8741 0 +9.502296606e-006 -3.224999050e+001 -3.224999050e+001 +3.5960e+000 +1.0616e+000 -8.6400e-001 -2.8104e+000 +3.2584e+000
9421 0 +9.255653175e-006 -3.224999074e+001 -3.224999074e+001 +3.5960e+000 +1.0616e+000 -8.6400e-001 -2.8104e+000 +3.2584e+000
% f evaluations | g evaluations | best noise-free fitness - Fopt (3.681200000000e+002) + sum g_i+ | measured fitness | best measured fitness or single-digit g-values | x1 | x2...
1 0 +1.181838941e+001 +3.799383894e+002 +3.799383894e+002 +0.0000e+000 +0.0000e+000 +0.0000e+000 +0.0000e+000 +0.0000e+000
7 0 +9.475981379e+000 +3.775959814e+002 +3.775959814e+002 +1.5812e+000 -1.3729e-001 +2.9908e+000 +7.9598e-001 +1.2175e+000
30 0 +6.583658779e+000 +3.747036588e+002 +3.747036588e+002 -3.1813e+000 +1.9761e+000 +4.3080e+000 +1.8507e-001 +1.7609e+000
114 0 +5.120825043e+000 +3.732408250e+002 +3.732408250e+002 -1.9337e+000 -9.2603e-001 -1.1606e-001 -1.1643e+000 -1.1722e-001
180 0 +4.197061761e+000 +3.723170618e+002 +3.723170618e+002 -1.9978e+000 -1.1023e+000 -2.3360e-001 -3.7914e+000 -1.0687e+000
286 0 +2.920247809e+000 +3.710402478e+002 +3.710402478e+002 -3.4631e+000 -1.0084e+000 +5.5442e-002 -2.6798e+000 -1.0518e-001
308 0 +2.501799143e+000 +3.706217991e+002 +3.706217991e+002 -3.5606e+000 -1.9193e+000 +7.4024e-001 -2.8912e+000 -1.1129e+000
314 0 +1.584581603e+000 +3.697045816e+002 +3.697045816e+002 -3.3693e+000 -1.1268e+000 +4.5439e-001 -1.9435e+000 +1.4849e-004
398 0 +1.401660791e+000 +3.695216608e+002 +3.695216608e+002 -2.4932e+000 -2.0101e+000 -1.2686e-001 -2.6477e+000 -3.8836e-001
637 0 +5.905479599e-001 +3.687105480e+002 +3.687105480e+002 -2.3926e+000 -3.8866e-001 +9.0237e-001 -2.1432e+000 -4.7281e-001
845 0 +3.984667810e-001 +3.685184668e+002 +3.685184668e+002 -2.4726e+000 -1.2087e+000 +7.6667e-001 -2.1540e+000 -5.4976e-001
1056 0 +3.675066118e-001 +3.684875066e+002 +3.684875066e+002 -2.5287e+000 -1.0032e+000 +7.7248e-001 -2.3646e+000 -7.3624e-001
1066 0 +3.349094738e-001 +3.684549095e+002 +3.684549095e+002 -2.4320e+000 -1.4279e+000 +6.4341e-001 -2.2428e+000 -6.0942e-001
1083 0 +3.204048733e-001 +3.684404049e+002 +3.684404049e+002 -2.4083e+000 -1.3078e+000 +5.7633e-001 -2.3868e+000 -5.0987e-001
1116 0 +2.573485617e-001 +3.683773486e+002 +3.683773486e+002 -2.4925e+000 -1.1332e+000 +6.4066e-001 -2.3609e+000 -5.2449e-001
1245 0 +2.205845571e-001 +3.683405846e+002 +3.683405846e+002 -2.4004e+000 -1.1521e+000 +8.2448e-001 -2.2565e+000 -5.6813e-001
1292 0 +1.586907787e-001 +3.682786908e+002 +3.682786908e+002 -2.4685e+000 -1.0927e+000 +6.4851e-001 -2.3479e+000 -5.3254e-001
1316 0 +1.452709047e-001 +3.682652709e+002 +3.682652709e+002 -2.4725e+000 -1.0930e+000 +6.4648e-001 -2.3518e+000 -5.3153e-001
1567 0 +1.308044405e-001 +3.682508044e+002 +3.682508044e+002 -2.4829e+000 -1.0970e+000 +6.3311e-001 -2.3717e+000 -5.3737e-001
1616 0 +1.277495990e-001 +3.682477496e+002 +3.682477496e+002 -2.4785e+000 -1.0892e+000 +6.4275e-001 -2.3591e+000 -5.3054e-001
1656 0 +1.103332952e-001 +3.682303333e+002 +3.682303333e+002 -2.4985e+000 -1.1168e+000 +6.9755e-001 -2.3374e+000 -6.4700e-001
1729 0 +9.655546712e-002 +3.682165555e+002 +3.682165555e+002 -2.5027e+000 -1.1111e+000 +7.0632e-001 -2.3215e+000 -6.4247e-001
1742 0 +6.135238302e-002 +3.681813524e+002 +3.681813524e+002 -2.4917e+000 -1.0994e+000 +6.8596e-001 -2.3474e+000 -6.1569e-001
1969 0 +5.846923839e-002 +3.681784692e+002 +3.681784692e+002 -2.4539e+000 -1.0936e+000 +7.0241e-001 -2.3391e+000 -6.6759e-001
2008 0 +5.343017104e-002 +3.681734302e+002 +3.681734302e+002 -2.4618e+000 -1.0846e+000 +7.1989e-001 -2.3321e+000 -6.6952e-001
2040 0 +2.816683798e-002 +3.681481668e+002 +3.681481668e+002 -2.4687e+000 -1.0759e+000 +7.1348e-001 -2.3345e+000 -6.5202e-001
2048 0 +2.566709013e-002 +3.681456671e+002 +3.681456671e+002 -2.4649e+000 -1.0974e+000 +7.1682e-001 -2.3319e+000 -6.7105e-001
2121 0 +1.917051890e-002 +3.681391705e+002 +3.681391705e+002 -2.4616e+000 -1.0992e+000 +7.0736e-001 -2.3388e+000 -6.5660e-001
2252 0 +1.849854920e-002 +3.681384985e+002 +3.681384985e+002 -2.4607e+000 -1.0890e+000 +7.1515e-001 -2.3334e+000 -6.5923e-001
2311 0 +1.633252842e-002 +3.681363325e+002 +3.681363325e+002 -2.4661e+000 -1.0955e+000 +7.2016e-001 -2.3308e+000 -6.5964e-001
2396 0 +1.542454793e-002 +3.681354245e+002 +3.681354245e+002 -2.4645e+000 -1.1001e+000 +7.0482e-001 -2.3350e+000 -6.6194e-001
2434 0 +1.305746262e-002 +3.681330575e+002 +3.681330575e+002 -2.4576e+000 -1.1025e+000 +7.0875e-001 -2.3304e+000 -6.6297e-001
2618 0 +9.003673039e-003 +3.681290037e+002 +3.681290037e+002 -2.4586e+000 -1.1049e+000 +7.1054e-001 -2.3277e+000 -6.6146e-001
2911 0 +7.449910480e-003 +3.681274499e+002 +3.681274499e+002 -2.4612e+000 -1.1021e+000 +7.1160e-001 -2.3295e+000 -6.6092e-001
2941 0 +4.113823511e-003 +3.681241138e+002 +3.681241138e+002 -2.4625e+000 -1.1041e+000 +7.0966e-001 -2.3319e+000 -6.6301e-001
3341 0 +3.284353094e-003 +3.681232844e+002 +3.681232844e+002 -2.4626e+000 -1.1042e+000 +7.0955e-001 -2.3320e+000 -6.6290e-001
3582 0 +3.199128807e-003 +3.681231991e+002 +3.681231991e+002 -2.4626e+000 -1.1038e+000 +7.0949e-001 -2.3321e+000 -6.6284e-001
3786 0 +3.130373925e-003 +3.681231304e+002 +3.681231304e+002 -2.4626e+000 -1.1039e+000 +7.0956e-001 -2.3320e+000 -6.6281e-001
3911 0 +3.004962336e-003 +3.681230050e+002 +3.681230050e+002 -2.4625e+000 -1.1036e+000 +7.0974e-001 -2.3318e+000 -6.6260e-001
4018 0 +2.661172306e-003 +3.681226612e+002 +3.681226612e+002 -2.4626e+000 -1.1036e+000 +7.0967e-001 -2.3318e+000 -6.6263e-001
4185 0 +2.627857027e-003 +3.681226279e+002 +3.681226279e+002 -2.4626e+000 -1.1038e+000 +7.0964e-001 -2.3318e+000 -6.6269e-001
4358 0 +2.520571398e-003 +3.681225206e+002 +3.681225206e+002 -2.4626e+000 -1.1037e+000 +7.0969e-001 -2.3318e+000 -6.6265e-001
4517 0 +2.511576572e-003 +3.681225116e+002 +3.681225116e+002 -2.4626e+000 -1.1037e+000 +7.0967e-001 -2.3318e+000 -6.6263e-001
4680 0 +2.354796834e-003 +3.681223548e+002 +3.681223548e+002 -2.4626e+000 -1.1036e+000 +7.0970e-001 -2.3318e+000 -6.6263e-001
4880 0 +2.324594933e-003 +3.681223246e+002 +3.681223246e+002 -2.4626e+000 -1.1036e+000 +7.0970e-001 -2.3318e+000 -6.6263e-001
5216 0 +2.277682821e-003 +3.681222777e+002 +3.681222777e+002 -2.4626e+000 -1.1036e+000 +7.0970e-001 -2.3318e+000 -6.6263e-001
6882 0 +2.234894388e-003 +3.681222349e+002 +3.681222349e+002 -2.4626e+000 -1.1036e+000 +7.0970e-001 -2.3318e+000 -6.6263e-001
% f evaluations | g evaluations | best noise-free fitness - Fopt (4.739000000000e+001) + sum g_i+ | measured fitness | best measured fitness or single-digit g-values | x1 | x2...
1 0 +8.165228910e+000 +5.555522891e+001 +5.555522891e+001 +0.0000e+000 +0.0000e+000 +0.0000e+000 +0.0000e+000 +0.0000e+000
44 0 +4.227400814e+000 +5.161740081e+001 +5.161740081e+001 -1.9099e+000 +1.6586e+000 -3.9591e+000 +4.4094e-001 +4.7318e-001
234 0 +4.133681268e+000 +5.152368127e+001 +5.152368127e+001 +2.9895e-002 +1.5145e+000 -1.8455e+000 +1.3601e+000 -4.8904e-001
309 0 +3.127537388e+000 +5.051753739e+001 +5.051753739e+001 -1.1746e+000 +2.6591e+000 -4.8685e-001 +1.0441e+000 +3.3948e-002
403 0 +1.478759103e+000 +4.886875910e+001 +4.886875910e+001 -1.5267e+000 +1.6672e+000 -2.4223e+000 -6.9220e-001 -3.9757e-001
459 0 +1.434859419e+000 +4.882485942e+001 +4.882485942e+001 -3.1173e-001 +2.2890e+000 -1.1263e+000 +2.9213e-002 +3.0648e-001
505 0 +7.343415946e-001 +4.812434159e+001 +4.812434159e+001 -4.1676e-001 +2.3044e+000 -1.0684e+000 +1.9751e-001 +9.0742e-002
895 0 +6.907953383e-001 +4.808079534e+001 +4.808079534e+001 -5.0039e-001 +2.5695e+000 -8.7762e-001 -8.5212e-002 +1.1312e-002
920 0 +5.282176027e-001 +4.791821760e+001 +4.791821760e+001 -6.8435e-001 +2.3560e+000 -9.0785e-001 +3.0228e-002 +1.5465e-001
988 0 +4.620037537e-001 +4.785200375e+001 +4.785200375e+001 -5.1089e-001 +2.4424e+000 -1.0241e+000 +1.0786e-001 +1.4332e-001
995 0 +4.029157665e-001 +4.779291577e+001 +4.779291577e+001 -3.4616e-001 +2.3856e+000 -8.3436e-001 +1.5146e-001 -5.6816e-002
1118 0 +3.112885297e-001 +4.770128853e+001 +4.770128853e+001 -4.0128e-001 +2.5082e+000 -8.7455e-001 +9.4161e-002 +3.2702e-002
1670 0 +2.412794929e-001 +4.763127949e+001 +4.763127949e+001 -4.8417e-001 +2.5175e+000 -9.3792e-001 +1.3567e-001 +2.2255e-001
1745 0 +1.943362026e-001 +4.758433620e+001 +4.758433620e+001 -4.3675e-001 +2.5644e+000 -9.1187e-001 +1.5700e-001 +2.2331e-001
1773 0 +1.378693939e-001 +4.752786939e+001 +4.752786939e+001 -4.4387e-001 +2.6616e+000 -8.0581e-001 +2.2291e-001 +3.5351e-001
1813 0 +9.593587927e-002 +4.748593588e+001 +4.748593588e+001 -4.5783e-001 +2.6446e+000 -8.3141e-001 +2.1600e-001 +3.5783e-001
1817 0 +7.539990679e-002 +4.746539991e+001 +4.746539991e+001 -4.9686e-001 +2.6155e+000 -8.7902e-001 +2.4538e-001 +4.0224e-001
1895 0 +6.762638557e-002 +4.745762639e+001 +4.745762639e+001 -4.8761e-001 +2.6517e+000 -8.5797e-001 +2.3709e-001 +4.3466e-001
1969 0 +6.376767911e-002 +4.745376768e+001 +4.745376768e+001 -4.8694e-001 +2.6363e+000 -8.4208e-001 +2.3266e-001 +4.2219e-001
2029 0 +5.745122139e-002 +4.744745122e+001 +4.744745122e+001 -4.9148e-001 +2.6339e+000 -8.4896e-001 +2.3098e-001 +4.1429e-001
2047 0 +2.996283233e-002 +4.741996283e+001 +4.741996283e+001 -4.8509e-001 +2.6486e+000 -8.4640e-001 +2.3217e-001 +4.2414e-001
2208 0 +2.549025952e-002 +4.741549026e+001 +4.741549026e+001 -4.8132e-001 +2.6423e+000 -8.4439e-001 +2.3650e-001 +4.2024e-001
2235 0 +2.404577183e-002 +4.741404577e+001 +4.741404577e+001 -4.7862e-001 +2.6407e+000 -8.4433e-001 +2.2599e-001 +4.3176e-001
2354 0 +1.494511028e-002 +4.740494511e+001 +4.740494511e+001 -4.8140e-001 +2.6446e+000 -8.4345e-001 +2.3026e-001 +4.3439e-001
2422 0 +1.428358164e-002 +4.740428358e+001 +4.740428358e+001 -4.8191e-001 +2.6441e+000 -8.4672e-001 +2.2756e-001 +4.2708e-001
2432 0 +1.258710146e-002 +4.740258710e+001 +4.740258710e+001 -4.7800e-001 +2.6438e+000 -8.4373e-001 +2.2871e-001 +4.2499e-001
2664 0 +1.222068719e-002 +4.740222069e+001 +4.740222069e+001 -4.7857e-001 +2.6465e+000 -8.4071e-001 +2.3227e-001 +4.2985e-001
2668 0 +8.872122273e-003 +4.739887212e+001 +4.739887212e+001 -4.7937e-001 +2.6461e+000 -8.4411e-001 +2.3122e-001 +4.2884e-001
2893 0 +8.403679640e-003 +4.739840368e+001 +4.739840368e+001 -4.7954e-001 +2.6441e+000 -8.4445e-001 +2.2888e-001 +4.2670e-001
2918 0 +7.264972181e-003 +4.739726497e+001 +4.739726497e+001 -4.7997e-001 +2.6462e+000 -8.4367e-001 +2.2974e-001 +4.2903e-001
2975 0 +7.182866528e-003 +4.739718287e+001 +4.739718287e+001 -4.8029e-001 +2.6455e+000 -8.4414e-001 +2.2884e-001 +4.2863e-001
3010 0 +6.415397849e-003 +4.739641540e+001 +4.739641540e+001 -4.7984e-001 +2.6455e+000 -8.4361e-001 +2.2992e-001 +4.2905e-001
3103 0 +5.623308060e-003 +4.739562331e+001 +4.739562331e+001 -4.8001e-001 +2.6451e+000 -8.4398e-001 +2.2979e-001 +4.2905e-001
3241 0 +4.809702150e-003 +4.739480970e+001 +4.739480970e+001 -4.8007e-001 +2.6454e+000 -8.4386e-001 +2.2948e-001 +4.2881e-001
3722 0 +4.542314029e-003 +4.739454231e+001 +4.739454231e+001 -4.7969e-001 +2.6455e+000 -8.4338e-001 +2.2975e-001 +4.2906e-001
4022 0 +4.345090974e-003 +4.739434509e+001 +4.739434509e+001 -4.7980e-001 +2.6453e+000 -8.4342e-001 +2.2976e-001 +4.2900e-001
4247 0 +4.225535648e-003 +4.739422554e+001 +4.739422554e+001 -4.7991e-001 +2.6453e+000 -8.4352e-001 +2.2971e-001 +4.2896e-001
4418 0 +3.882939304e-003 +4.739388294e+001 +4.739388294e+001 -4.7988e-001 +2.6453e+000 -8.4346e-001 +2.2969e-001 +4.2897e-001
4527 0 +3.801770883e-003 +4.739380177e+001 +4.739380177e+001 -4.7989e-001 +2.6453e+000 -8.4345e-001 +2.2968e-001 +4.2896e-001
5041 0 +3.690585305e-003 +4.739369059e+001 +4.739369059e+001 -4.7991e-001 +2.6453e+000 -8.4345e-001 +2.2967e-001 +4.2898e-001
5381 0 +3.570403988e-003 +4.739357040e+001 +4.739357040e+001 -4.7991e-001 +2.6453e+000 -8.4346e-001 +2.2967e-001 +4.2897e-001
5581 0 +3.538124127e-003 +4.739353812e+001 +4.739353812e+001 -4.7991e-001 +2.6453e+000 -8.4346e-001 +2.2967e-001 +4.2897e-001
% f evaluations | g evaluations | best noise-free fitness - Fopt (-3.428900000000e+002) + sum g_i+ | measured fitness | best measured fitness or single-digit g-values | x1 | x2...
1 0 +3.139104561e+001 -3.114989544e+002 -3.114989544e+002 +0.0000e+000 +0.0000e+000 +0.0000e+000 +0.0000e+000 +0.0000e+000
4 0 +2.700803693e+001 -3.158819631e+002 -3.158819631e+002 -5.9067e-001 -1.2401e+000 +4.4482e+000 +1.9063e+000 +1.0789e+000
6 0 +7.552934592e+000 -3.353370654e+002 -3.353370654e+002 -2.7911e+000 -4.7849e+000 -2.2429e+000 -9.2139e-001 +3.0540e+000
33 0 +4.280369852e+000 -3.386096301e+002 -3.386096301e+002 +4.1275e+000 -2.1440e+000 +4.3485e+000 -2.2705e+000 -2.0688e+000
240 0 +4.260813509e+000 -3.386291865e+002 -3.386291865e+002 +3.8653e+000 -1.5728e+000 +4.6659e+000 -2.3014e+000 -2.3755e+000
246 0 +3.135576611e+000 -3.397544234e+002 -3.397544234e+002 +2.6979e+000 -1.6959e+000 +3.4340e+000 +1.1016e+000 -4.5257e+000
345 0 +3.002586636e+000 -3.398874134e+002 -3.398874134e+002 +2.6993e+000 -1.8803e+000 +3.9605e+000 +3.9281e-001 -4.6967e+000
367 0 +1.862671123e+000 -3.410273289e+002 -3.410273289e+002 +1.8862e+000 -2.3166e+000 +3.4255e+000 -2.6708e-001 -3.0273e+000
618 0 +1.677781592e+000 -3.412122184e+002 -3.412122184e+002 +1.6133e+000 -2.2588e+000 +1.9482e+000 -1.1540e+000 -1.7819e+000
727 0 +1.222607388e+000 -3.416673926e+002 -3.416673926e+002 +1.8998e+000 -2.2226e+000 +2.4489e+000 -9.0111e-001 -2.3703e+000
763 0 +7.302973357e-001 -3.421597027e+002 -3.421597027e+002 +1.9571e+000 -2.3962e+000 +2.8916e+000 -1.3139e+000 -1.8237e+000
939 0 +6.512023125e-001 -3.422387977e+002 -3.422387977e+002 +1.9591e+000 -2.3555e+000 +2.8138e+000 -1.3195e+000 -1.8508e+000
1139 0 +6.232943794e-001 -3.422667056e+002 -3.422667056e+002 +1.9737e+000 -2.4080e+000 +2.8598e+000 -1.2853e+000 -1.8399e+000
1315 0 +5.367603792e-001 -3.423532396e+002 -3.423532396e+002 +1.9072e+000 -2.3817e+000 +2.8103e+000 -1.3254e+000 -1.8792e+000
1332 0 +4.670042737e-001 -3.424229957e+002 -3.424229957e+002 +1.9129e+000 -2.3735e+000 +2.7693e+000 -1.2916e+000 -1.8818e+000
1625 0 +4.470671472e-001 -3.424429329e+002 -3.424429329e+002 +1.9520e+000 -2.4096e+000 +2.8451e+000 -1.3099e+000 -1.9122e+000
1632 0 +4.341966532e-001 -3.424558033e+002 -3.424558033e+002 +1.9161e+000 -2.3751e+000 +2.7722e+000 -1.2946e+000 -1.8775e+000
1633 0 +3.936594248e-001 -3.424963406e+002 -3.424963406e+002 +1.9540e+000 -2.3734e+000 +2.8185e+000 -1.3408e+000 -1.9122e+000
1924 0 +3.480299044e-001 -3.425419701e+002 -3.425419701e+002 +1.9060e+000 -2.3471e+000 +2.8221e+000 -1.3141e+000 -1.8874e+000
2040 0 +2.795263273e-001 -3.426104737e+002 -3.426104737e+002 +1.9145e+000 -2.3516e+000 +2.8412e+000 -1.3131e+000 -1.9067e+000
2342 0 +2.753928092e-001 -3.426146072e+002 -3.426146072e+002 +1.9230e+000 -2.3536e+000 +2.8380e+000 -1.3181e+000 -1.9024e+000
2376 0 +2.546442145e-001 -3.426353558e+002 -3.426353558e+002 +1.9151e+000 -2.3518e+000 +2.8407e+000 -1.3141e+000 -1.9063e+000
2557 0 +2.328580796e-001 -3.426571419e+002 -3.426571419e+002 +1.9174e+000 -2.3535e+000 +2.8425e+000 -1.3193e+000 -1.9051e+000
2995 0 +2.286060425e-001 -3.426613940e+002 -3.426613940e+002 +1.9171e+000 -2.3529e+000 +2.8391e+000 -1.3177e+000 -1.9043e+000
3076 0 +2.229403192e-001 -3.426670597e+002 -3.426670597e+002 +1.9169e+000 -2.3527e+000 +2.8393e+000 -1.3174e+000 -1.9044e+000
3642 0 +2.159806445e-001 -3.426740194e+002 -3.426740194e+002 +1.9158e+000 -2.3531e+000 +2.8391e+000 -1.3126e+000 -1.9089e+000
3790 0 +2.132050608e-001 -3.426767949e+002 -3.426767949e+002 +1.9161e+000 -2.3531e+000 +2.8393e+000 -1.3131e+000 -1.9086e+000
4436 0 +2.081245568e-001 -3.426818754e+002 -3.426818754e+002 +1.9160e+000 -2.3531e+000 +2.8393e+000 -1.3128e+000 -1.9089e+000
% f evaluations | g evaluations | best noise-free fitness - Fopt (9.102000000000e+001) + sum g_i+ | measured fitness | best measured fitness or single-digit g-values | x1 | x2...
1 0 +1.631214308e+001 +1.073321431e+002 +1.073321431e+002 +0.0000e+000 +0.0000e+000 +0.0000e+000 +0.0000e+000 +0.0000e+000
3 0 +1.006608714e+001 +1.010860871e+002 +1.010860871e+002 +5.1793e-001 -2.6727e+000 +1.5336e+000 -1.4434e+000 -4.1558e-001
13 0 +8.321477025e+000 +9.934147702e+001 +9.934147702e+001 +1.6553e+000 -5.0024e-001 +2.7254e+000 -1.3997e+000 +2.1035e+000
22 0 +6.374462061e+000 +9.739446206e+001 +9.739446206e+001 +4.7582e+000 +2.6830e+000 -9.9107e-002 +5.7190e-001 -1.1110e+000
35 0 +5.765472041e+000 +9.678547204e+001 +9.678547204e+001 -2.5753e+000 -1.9823e+000 +3.3437e+000 -1.9084e+000 +1.0355e+000
94 0 +3.880617821e+000 +9.490061782e+001 +9.490061782e+001 +1.9577e+000 -1.6099e+000 +2.0434e+000 -3.3345e+000 -1.4175e+000
223 0 +6.931003653e-001 +9.171310037e+001 +9.171310037e+001 +6.5699e-001 -7.2830e-001 +2.6800e+000 -2.9151e+000 -1.3409e+000
590 0 +6.016184364e-001 +9.162161844e+001 +9.162161844e+001 +7.1055e-001 -7.1338e-001 +2.7582e+000 -2.8515e+000 -1.3921e+000
829 0 +1.689009741e-001 +9.118890097e+001 +9.118890097e+001 +6.4866e-001 -8.3132e-001 +3.1185e+000 -2.8340e+000 -1.7815e+000
1227 0 +1.482239239e-001 +9.116822392e+001 +9.116822392e+001 +6.1631e-001 -7.8480e-001 +3.1983e+000 -2.8796e+000 -1.7822e+000
1312 0 +1.393499215e-001 +9.115934992e+001 +9.115934992e+001 +5.5290e-001 -8.5519e-001 +3.1286e+000 -2.9344e+000 -1.7728e+000
1343 0 +1.329055967e-001 +9.115290560e+001 +9.115290560e+001 +6.4506e-001 -8.1778e-001 +3.1356e+000 -2.8759e+000 -1.7404e+000
1386 0 +1.080211333e-001 +9.112802113e+001 +9.112802113e+001 +6.2379e-001 -8.2781e-001 +3.1974e+000 -2.8998e+000 -1.7379e+000
1430 0 +1.014309015e-001 +9.112143090e+001 +9.112143090e+001 +5.8716e-001 -8.3749e-001 +3.2061e+000 -2.8911e+000 -1.8199e+000
1445 0 +9.414032014e-002 +9.111414032e+001 +9.111414032e+001 +6.1457e-001 -8.5009e-001 +3.1749e+000 -2.8907e+000 -1.7413e+000
1474 0 +8.094883132e-002 +9.110094883e+001 +9.110094883e+001 +6.2145e-001 -8.3483e-001 +3.1784e+000 -2.8959e+000 -1.7336e+000
1530 0 +4.419493366e-002 +9.106419493e+001 +9.106419493e+001 +5.9571e-001 -8.5365e-001 +3.2085e+000 -2.9132e+000 -1.7741e+000
1754 0 +3.842765389e-002 +9.105842765e+001 +9.105842765e+001 +5.9869e-001 -8.6514e-001 +3.2082e+000 -2.9111e+000 -1.7887e+000
1942 0 +3.082843230e-002 +9.105082843e+001 +9.105082843e+001 +5.7600e-001 -8.6511e-001 +3.2291e+000 -2.8984e+000 -1.7934e+000
2045 0 +2.384839245e-002 +9.104384839e+001 +9.104384839e+001 +5.9538e-001 -8.5895e-001 +3.2029e+000 -2.8954e+000 -1.7684e+000
2117 0 +1.337612815e-002 +9.103337613e+001 +9.103337613e+001 +5.9260e-001 -8.6090e-001 +3.2100e+000 -2.8952e+000 -1.7763e+000
2470 0 +1.254491021e-002 +9.103254491e+001 +9.103254491e+001 +5.8136e-001 -8.6373e-001 +3.2258e+000 -2.8924e+000 -1.7798e+000
2515 0 +5.770087366e-003 +9.102577009e+001 +9.102577009e+001 +5.7801e-001 -8.6512e-001 +3.2314e+000 -2.8895e+000 -1.7822e+000
2831 0 +5.617774457e-003 +9.102561777e+001 +9.102561777e+001 +5.7917e-001 -8.6489e-001 +3.2297e+000 -2.8899e+000 -1.7819e+000
3021 0 +5.301479135e-003 +9.102530148e+001 +9.102530148e+001 +5.8011e-001 -8.6447e-001 +3.2279e+000 -2.8911e+000 -1.7816e+000
3070 0 +4.901901433e-003 +9.102490190e+001 +9.102490190e+001 +5.7859e-001 -8.6487e-001 +3.2304e+000 -2.8899e+000 -1.7820e+000
3115 0 +4.340221876e-003 +9.102434022e+001 +9.102434022e+001 +5.7868e-001 -8.6541e-001 +3.2308e+000 -2.8901e+000 -1.7819e+000
3276 0 +4.049571938e-003 +9.102404957e+001 +9.102404957e+001 +5.7894e-001 -8.6539e-001 +3.2304e+000 -2.8903e+000 -1.7818e+000
3448 0 +3.687924231e-003 +9.102368792e+001 +9.102368792e+001 +5.7927e-001 -8.6516e-001 +3.2298e+000 -2.8904e+000 -1.7817e+000
3514 0 +3.578582312e-003 +9.102357858e+001 +9.102357858e+001 +5.7979e-001 -8.6499e-001 +3.2292e+000 -2.8903e+000 -1.7816e+000
3624 0 +3.327150541e-003 +9.102332715e+001 +9.102332715e+001 +5.7971e-001 -8.6493e-001 +3.2293e+000 -2.8903e+000 -1.7817e+000
3649 0 +3.174195251e-003 +9.102317420e+001 +9.102317420e+001 +5.8053e-001 -8.6461e-001 +3.2281e+000 -2.8906e+000 -1.7813e+000
3979 0 +3.007229906e-003 +9.102300723e+001 +9.102300723e+001 +5.8059e-001 -8.6459e-001 +3.2280e+000 -2.8907e+000 -1.7813e+000
4001 0 +2.866365649e-003 +9.102286637e+001 +9.102286637e+001 +5.8044e-001 -8.6467e-001 +3.2283e+000 -2.8906e+000 -1.7814e+000
4449 0 +2.811407747e-003 +9.102281141e+001 +9.102281141e+001 +5.8029e-001 -8.6473e-001 +3.2285e+000 -2.8905e+000 -1.7815e+000
5116 0 +2.736036340e-003 +9.102273604e+001 +9.102273604e+001 +5.8029e-001 -8.6473e-001 +3.2286e+000 -2.8905e+000 -1.7815e+000
5479 0 +2.676007963e-003 +9.102267601e+001 +9.102267601e+001 +5.8031e-001 -8.6472e-001 +3.2285e+000 -2.8905e+000 -1.7815e+000
% f evaluations | g evaluations | best noise-free fitness - Fopt (7.324200000000e+002) + sum g_i+ | measured fitness | best measured fitness or single-digit g-values | x1 | x2...
1 0 +2.499022759e+001 +7.574102276e+002 +7.574102276e+002 +0.0000e+000 +0.0000e+000 +0.0000e+000 +0.0000e+000 +0.0000e+000
4 0 +1.392335276e+001 +7.463433528e+002 +7.463433528e+002 -3.1337e+000 +9.4213e-001 -4.8659e+000 +1.4583e+000 -3.3497e+000
27 0 +1.304136706e+001 +7.454613671e+002 +7.454613671e+002 +1.9423e+000 +1.8790e+000 +1.1302e+000 +4.0746e+000 -2.5989e+000
28 0 +7.049221614e+000 +7.394692216e+002 +7.394692216e+002 -2.2184e+000 +1.3603e+000 +2.7488e+000 +4.6515e+000 -2.6230e+000
119 0 +4.749329750e+000 +7.371693297e+002 +7.371693297e+002 -3.3746e+000 -7.9055e-001 +3.7976e+000 +3.7752e+000 -2.4382e+000
222 0 +4.541957084e+000 +7.369619571e+002 +7.369619571e+002 -3.3452e+000 -5.4982e-001 +3.5685e+000 +3.9394e+000 -3.0903e+000
241 0 +2.691442513e+000 +7.351114425e+002 +7.351114425e+002 -3.2388e+000 -1.6796e+000 +3.6092e+000 +3.0867e+000 -2.7066e+000
326 0 +1.943214399e+000 +7.343632144e+002 +7.343632144e+002 -2.6374e+000 -2.2818e+000 +3.4676e+000 +3.3889e+000 -2.6012e+000
515 0 +1.789679372e+000 +7.342096794e+002 +7.342096794e+002 -2.4186e+000 -2.0532e+000 +2.8386e+000 +3.6427e+000 -3.4268e+000
667 0 +1.476884545e+000 +7.338968845e+002 +7.338968845e+002 -2.8554e+000 -2.1128e+000 +2.5077e+000 +2.3752e+000 -3.3288e+000
692 0 +1.424919974e+000 +7.338449200e+002 +7.338449200e+002 -2.5766e+000 -2.0656e+000 +2.9803e+000 +3.5598e+000 -3.2696e+000
696 0 +1.074302035e+000 +7.334943020e+002 +7.334943020e+002 -3.1518e+000 -2.2144e+000 +2.1412e+000 +3.9083e+000 -2.8768e+000
812 0 +1.029075770e+000 +7.334490758e+002 +7.334490758e+002 -2.7377e+000 -2.0780e+000 +1.9092e+000 +4.0854e+000 -2.5132e+000
907 0 +8.329174927e-001 +7.332529175e+002 +7.332529175e+002 -2.7827e+000 -2.0181e+000 +2.3529e+000 +3.6648e+000 -2.6730e+000
1007 0 +8.026503324e-001 +7.332226503e+002 +7.332226503e+002 -2.7570e+000 -1.9782e+000 +2.2356e+000 +3.5600e+000 -2.3952e+000
1051 0 +7.884512191e-001 +7.332084512e+002 +7.332084512e+002 -2.9306e+000 -2.0741e+000 +2.1469e+000 +3.3969e+000 -2.6059e+000
1072 0 +6.393994496e-001 +7.330593994e+002 +7.330593994e+002 -2.9272e+000 -2.0897e+000 +2.1967e+000 +3.4659e+000 -2.6311e+000
1129 0 +4.032649790e-001 +7.328232650e+002 +7.328232650e+002 -2.8468e+000 -2.2790e+000 +2.1461e+000 +3.3607e+000 -2.4437e+000
1355 0 +2.597175732e-001 +7.326797176e+002 +7.326797176e+002 -2.8892e+000 -2.2497e+000 +2.1880e+000 +3.3176e+000 -2.5572e+000
1395 0 +2.485361693e-001 +7.326685362e+002 +7.326685362e+002 -2.8558e+000 -2.2167e+000 +2.1842e+000 +3.4633e+000 -2.5604e+000
1433 0 +2.009543657e-001 +7.326209544e+002 +7.326209544e+002 -2.9133e+000 -2.3052e+000 +2.2295e+000 +3.3633e+000 -2.5346e+000
1511 0 +1.961476460e-001 +7.326161476e+002 +7.326161476e+002 -2.8264e+000 -2.2802e+000 +2.2350e+000 +3.3832e+000 -2.5868e+000
1552 0 +1.684287739e-001 +7.325884288e+002 +7.325884288e+002 -2.8728e+000 -2.3269e+000 +2.1820e+000 +3.3897e+000 -2.5241e+000
1882 0 +1.183791196e-001 +7.325383791e+002 +7.325383791e+002 -2.7852e+000 -2.3344e+000 +2.2020e+000 +3.4139e+000 -2.6131e+000
2079 0 +1.046082252e-001 +7.325246082e+002 +7.325246082e+002 -2.7861e+000 -2.3426e+000 +2.2368e+000 +3.3847e+000 -2.6619e+000
2207 0 +9.419037046e-002 +7.325141904e+002 +7.325141904e+002 -2.7585e+000 -2.3692e+000 +2.2136e+000 +3.3785e+000 -2.6675e+000
2218 0 +8.958564372e-002 +7.325095856e+002 +7.325095856e+002 -2.7866e+000 -2.3489e+000 +2.2150e+000 +3.3904e+000 -2.6431e+000
2307 0 +4.870370839e-002 +7.324687037e+002 +7.324687037e+002 -2.7680e+000 -2.3862e+000 +2.2076e+000 +3.3657e+000 -2.6650e+000
2470 0 +4.591365629e-002 +7.324659137e+002 +7.324659137e+002 -2.7744e+000 -2.3860e+000 +2.2153e+000 +3.3644e+000 -2.6630e+000
2564 0 +4.039425254e-002 +7.324603943e+002 +7.324603943e+002 -2.7433e+000 -2.4281e+000 +2.2187e+000 +3.3508e+000 -2.6649e+000
2794 0 +3.798217561e-002 +7.324579822e+002 +7.324579822e+002 -2.7602e+000 -2.4164e+000 +2.2276e+000 +3.3507e+000 -2.6797e+000
2823 0 +3.362880020e-002 +7.324536288e+002 +7.324536288e+002 -2.7476e+000 -2.4237e+000 +2.2223e+000 +3.3580e+000 -2.6790e+000
2836 0 +3.244725624e-002 +7.324524473e+002 +7.324524473e+002 -2.7519e+000 -2.3961e+000 +2.2076e+000 +3.3522e+000 -2.6949e+000
2863 0 +3.153627996e-002 +7.324515363e+002 +7.324515363e+002 -2.7574e+000 -2.4171e+000 +2.2121e+000 +3.3439e+000 -2.6759e+000
2872 0 +2.915004597e-002 +7.324491500e+002 +7.324491500e+002 -2.7591e+000 -2.4171e+000 +2.2265e+000 +3.3507e+000 -2.6773e+000
2892 0 +2.831384816e-002 +7.324483138e+002 +7.324483138e+002 -2.7652e+000 -2.4032e+000 +2.2142e+000 +3.3617e+000 -2.6717e+000
2910 0 +2.817657912e-002 +7.324481766e+002 +7.324481766e+002 -2.7664e+000 -2.4047e+000 +2.2167e+000 +3.3624e+000 -2.6736e+000
2921 0 +2.610658188e-002 +7.324461066e+002 +7.324461066e+002 -2.7642e+000 -2.4274e+000 +2.2206e+000 +3.3525e+000 -2.6755e+000
2932 0 +2.363803101e-002 +7.324436380e+002 +7.324436380e+002 -2.7575e+000 -2.4295e+000 +2.2171e+000 +3.3541e+000 -2.6826e+000
3015 0 +2.275125756e-002 +7.324427513e+002 +7.324427513e+002 -2.7602e+000 -2.4196e+000 +2.2126e+000 +3.3594e+000 -2.6779e+000
3029 0 +2.019915748e-002 +7.324401992e+002 +7.324401992e+002 -2.7587e+000 -2.4276e+000 +2.2174e+000 +3.3536e+000 -2.6817e+000
3094 0 +1.889794891e-002 +7.324388979e+002 +7.324388979e+002 -2.7599e+000 -2.4220e+000 +2.2162e+000 +3.3566e+000 -2.6793e+000
3102 0 +1.712862007e-002 +7.324371286e+002 +7.324371286e+002 -2.7593e+000 -2.4233e+000 +2.2174e+000 +3.3559e+000 -2.6754e+000
3133 0 +1.677474142e-002 +7.324367747e+002 +7.324367747e+002 -2.7583e+000 -2.4231e+000 +2.2153e+000 +3.3576e+000 -2.6833e+000
3138 0 +1.440222977e-002 +7.324344022e+002 +7.324344022e+002 -2.7598e+000 -2.4199e+000 +2.2210e+000 +3.3552e+000 -2.6814e+000
3267 0 +1.390778053e-002 +7.324339078e+002 +7.324339078e+002 -2.7596e+000 -2.4215e+000 +2.2195e+000 +3.3548e+000 -2.6797e+000
3327 0 +1.151321182e-002 +7.324315132e+002 +7.324315132e+002 -2.7609e+000 -2.4217e+000 +2.2178e+000 +3.3558e+000 -2.6821e+000
3527 0 +1.029002346e-002 +7.324302900e+002 +7.324302900e+002 -2.7606e+000 -2.4219e+000 +2.2177e+000 +3.3556e+000 -2.6819e+000
3627 0 +8.377451458e-003 +7.324283775e+002 +7.324283775e+002 -2.7601e+000 -2.4223e+000 +2.2174e+000 +3.3554e+000 -2.6814e+000
3790 0 +7.167210008e-003 +7.324271672e+002 +7.324271672e+002 -2.7602e+000 -2.4219e+000 +2.2174e+000 +3.3555e+000 -2.6812e+000
4043 0 +6.897731113e-003 +7.324268977e+002 +7.324268977e+002 -2.7601e+000 -2.4219e+000 +2.2175e+000 +3.3554e+000 -2.6811e+000
4360 0 +6.678237734e-003 +7.324266782e+002 +7.324266782e+002 -2.7603e+000 -2.4219e+000 +2.2174e+000 +3.3555e+000 -2.6812e+000
4607 0 +6.531487428e-003 +7.324265315e+002 +7.324265315e+002 -2.7601e+000 -2.4220e+000 +2.2174e+000 +3.3555e+000 -2.6811e+000
4647 0 +6.455808550e-003 +7.324264558e+002 +7.324264558e+002 -2.7601e+000 -2.4220e+000 +2.2174e+000 +3.3555e+000 -2.6811e+000
4670 0 +6.270106007e-003 +7.324262701e+002 +7.324262701e+002 -2.7602e+000 -2.4219e+000 +2.2173e+000 +3.3555e+000 -2.6810e+000
4690 0 +6.050547044e-003 +7.324260505e+002 +7.324260505e+002 -2.7602e+000 -2.4219e+000 +2.2174e+000 +3.3555e+000 -2.6810e+000
4853 0 +5.963950582e-003 +7.324259640e+002 +7.324259640e+002 -2.7601e+000 -2.4219e+000 +2.2174e+000 +3.3555e+000 -2.6810e+000
5364 0 +5.875054488e-003 +7.324258751e+002 +7.324258751e+002 -2.7601e+000 -2.4219e+000 +2.2174e+000 +3.3555e+000 -2.6810e+000
5946 0 +5.727766539e-003 +7.324257278e+002 +7.324257278e+002 -2.7601e+000 -2.4219e+000 +2.2174e+000 +3.3555e+000 -2.6810e+000
% f evaluations | g evaluations | best noise-free fitness - Fopt (3.542000000000e+001) + sum g_i+ | measured fitness | best measured fitness or single-digit g-values | x1 | x2...
1 0 +3.624426383e+001 +7.166426383e+001 +7.166426383e+001 +0.0000e+000 +0.0000e+000 +0.0000e+000 +0.0000e+000 +0.0000e+000
6 0 +1.105831938e+001 +4.647831938e+001 +4.647831938e+001 +3.7598e+000 -2.5290e-001 -2.1231e+000 -3.8054e+000 +2.4199e+000
29 0 +9.264086390e+000 +4.468408639e+001 +4.468408639e+001 +3.8263e+000 -3.3761e+000 +2.7249e+000 -1.5541e-001 +4.9267e+000
37 0 +8.457333686e+000 +4.387733369e+001 +4.387733369e+001 +4.6938e+000 -7.2745e-001 -3.3895e+000 +3.2497e+000 +5.2407e-001
51 0 +6.822086463e+000 +4.224208646e+001 +4.224208646e+001 +3.0917e+000 -6.3103e-001 -3.1550e+000 +1.7350e+000 -1.5149e+000
67 0 +4.739700071e+000 +4.015970007e+001 +4.015970007e+001 +3.3627e+000 -1.9224e+000 -2.1141e+000 -1.3977e+000 +1.5169e+000
86 0 +4.484801377e+000 +3.990480138e+001 +3.990480138e+001 +2.4525e+000 -1.2537e+000 -3.1991e-001 +9.0818e-001 +4.0461e+000
297 0 +4.153157373e+000 +3.957315737e+001 +3.957315737e+001 +3.3098e+000 -3.5859e+000 +1.2539e-001 -2.5290e-001 +5.0000e+000
324 0 +3.750134367e+000 +3.917013437e+001 +3.917013437e+001 +3.4925e+000 -2.7547e+000 -1.0196e+000 -6.8860e-001 +2.1177e+000
333 0 +2.365710838e+000 +3.778571084e+001 +3.778571084e+001 +3.4697e+000 -2.0239e+000 +7.8436e-001 -6.3864e-001 +3.5331e+000
426 0 +2.187489248e+000 +3.760748925e+001 +3.760748925e+001 +3.0030e+000 -2.7937e+000 +2.4215e-001 -2.3910e-001 +4.4010e+000
591 0 +1.896399990e+000 +3.731639999e+001 +3.731639999e+001 +3.0333e+000 -2.2071e+000 -4.4725e-002 -5.3414e-001 +2.8559e+000
610 0 +1.797967786e+000 +3.721796779e+001 +3.721796779e+001 +3.3295e+000 -1.9641e+000 -5.9436e-001 -4.4902e-001 +3.5417e+000
624 0 +1.241293335e+000 +3.666129333e+001 +3.666129333e+001 +2.8394e+000 -2.1580e+000 -5.3034e-001 -2.5524e-001 +2.7139e+000
751 0 +5.702095107e-001 +3.599020951e+001 +3.599020951e+001 +3.1573e+000 -1.6092e+000 -1.4693e+000 +3.1439e-001 +1.9520e+000
1161 0 +4.210025712e-001 +3.584100257e+001 +3.584100257e+001 +2.9268e+000 -1.4450e+000 -1.4414e+000 +1.1102e-001 +2.0161e+000
1238 0 +4.021215438e-001 +3.582212154e+001 +3.582212154e+001 +2.9677e+000 -1.4747e+000 -1.4445e+000 +1.1502e-001 +1.9949e+000
1529 0 +3.946151262e-001 +3.581461513e+001 +3.581461513e+001 +2.9749e+000 -1.4764e+000 -1.4571e+000 +1.1999e-001 +1.9881e+000
1601 0 +3.721943447e-001 +3.579219434e+001 +3.579219434e+001 +3.0346e+000 -1.4559e+000 -1.5392e+000 +2.0271e-001 +1.9471e+000
1638 0 +3.491193964e-001 +3.576911940e+001 +3.576911940e+001 +3.0375e+000 -1.4642e+000 -1.5284e+000 +1.9141e-001 +1.9501e+000
1694 0 +3.310953542e-001 +3.575109535e+001 +3.575109535e+001 +3.3500e+000 -1.9421e+000 -8.5417e-001 -6.3085e-002 +2.6663e+000
1834 0 +3.195018390e-001 +3.573950184e+001 +3.573950184e+001 +3.3508e+000 -1.9166e+000 -8.7075e-001 -7.4917e-002 +2.6715e+000
1902 0 +2.252324648e-001 +3.564523246e+001 +3.564523246e+001 +3.6211e+000 -2.2767e+000 -6.4820e-001 -1.6235e-001 +3.0887e+000
2010 0 +2.123446848e-001 +3.563234468e+001 +3.563234468e+001 +3.6496e+000 -2.2645e+000 -6.4670e-001 -1.3427e-001 +3.0946e+000
2062 0 +2.067800896e-001 +3.562678009e+001 +3.562678009e+001 +3.5648e+000 -2.1243e+000 -7.7811e-001 -1.0548e-001 +2.9186e+000
2093 0 +1.937775351e-001 +3.561377754e+001 +3.561377754e+001 +3.5130e+000 -2.1139e+000 -8.6639e-001 -8.6443e-002 +2.8229e+000
2109 0 +1.607301434e-001 +3.558073014e+001 +3.558073014e+001 +3.5998e+000 -2.2351e+000 -7.7046e-001 -1.1482e-001 +2.9860e+000
2118 0 +1.209631833e-001 +3.554096318e+001 +3.554096318e+001 +3.6568e+000 -2.3253e+000 -6.9044e-001 -1.9550e-001 +3.1216e+000
2160 0 +1.036328481e-001 +3.552363285e+001 +3.552363285e+001 +3.6548e+000 -2.3218e+000 -7.0991e-001 -1.4536e-001 +3.1196e+000
2170 0 +9.713657727e-002 +3.551713658e+001 +3.551713658e+001 +3.6768e+000 -2.3286e+000 -6.5367e-001 -1.7106e-001 +3.1305e+000
2213 0 +6.391379690e-002 +3.548391380e+001 +3.548391380e+001 +3.6706e+000 -2.3192e+000 -6.8668e-001 -1.7144e-001 +3.1311e+000
2329 0 +4.874015495e-002 +3.546874015e+001 +3.546874015e+001 +3.6927e+000 -2.3444e+000 -6.5622e-001 -1.7626e-001 +3.1599e+000
2379 0 +4.453715996e-002 +3.546453716e+001 +3.546453716e+001 +3.6777e+000 -2.3264e+000 -6.7993e-001 -1.7543e-001 +3.1388e+000
2435 0 +3.556618505e-002 +3.545556619e+001 +3.545556619e+001 +3.6879e+000 -2.3389e+000 -6.7407e-001 -1.7695e-001 +3.1513e+000
2529 0 +2.736407741e-002 +3.544736408e+001 +3.544736408e+001 +3.7093e+000 -2.3686e+000 -6.4092e-001 -1.9181e-001 +3.1920e+000
2639 0 +2.351221090e-002 +3.544351221e+001 +3.544351221e+001 +3.7005e+000 -2.3524e+000 -6.5256e-001 -1.8248e-001 +3.1760e+000
2800 0 +2.052576771e-002 +3.544052577e+001 +3.544052577e+001 +3.6850e+000 -2.3478e+000 -6.5587e-001 -1.8955e-001 +3.1695e+000
2812 0 +1.817351294e-002 +3.543817351e+001 +3.543817351e+001 +3.6956e+000 -2.3491e+000 -6.5343e-001 -1.9863e-001 +3.1855e+000
2853 0 +1.096223684e-002 +3.543096224e+001 +3.543096224e+001 +3.6901e+000 -2.3511e+000 -6.4959e-001 -1.9253e-001 +3.1808e+000
3110 0 +5.745928337e-003 +3.542574593e+001 +3.542574593e+001 +3.6844e+000 -2.3496e+000 -6.5505e-001 -1.9623e-001 +3.1760e+000
3576 0 +4.797475610e-003 +3.542479748e+001 +3.542479748e+001 +3.6852e+000 -2.3495e+000 -6.5514e-001 -1.9674e-001 +3.1768e+000
3602 0 +4.689984910e-003 +3.542468998e+001 +3.542468998e+001 +3.6839e+000 -2.3484e+000 -6.5537e-001 -1.9593e-001 +3.1759e+000
3926 0 +4.528239318e-003 +3.542452824e+001 +3.542452824e+001 +3.6843e+000 -2.3482e+000 -6.5529e-001 -1.9568e-001 +3.1759e+000
4170 0 +4.347599008e-003 +3.542434760e+001 +3.542434760e+001 +3.6841e+000 -2.3485e+000 -6.5526e-001 -1.9589e-001 +3.1759e+000
4260 0 +4.103955655e-003 +3.542410396e+001 +3.542410396e+001 +3.6839e+000 -2.3472e+000 -6.5648e-001 -1.9544e-001 +3.1745e+000
4312 0 +4.071252298e-003 +3.542407125e+001 +3.542407125e+001 +3.6839e+000 -2.3478e+000 -6.5580e-001 -1.9579e-001 +3.1754e+000
4329 0 +3.837130986e-003 +3.542383713e+001 +3.542383713e+001 +3.6838e+000 -2.3474e+000 -6.5648e-001 -1.9562e-001 +3.1746e+000
4406 0 +3.795202114e-003 +3.542379520e+001 +3.542379520e+001 +3.6837e+000 -2.3470e+000 -6.5678e-001 -1.9542e-001 +3.1743e+000
4447 0 +3.674093009e-003 +3.542367409e+001 +3.542367409e+001 +3.6839e+000 -2.3472e+000 -6.5675e-001 -1.9547e-001 +3.1744e+000
4912 0 +3.605640756e-003 +3.542360564e+001 +3.542360564e+001 +3.6836e+000 -2.3472e+000 -6.5664e-001 -1.9554e-001 +3.1743e+000
4958 0 +3.477777475e-003 +3.542347778e+001 +3.542347778e+001 +3.6837e+000 -2.3470e+000 -6.5683e-001 -1.9534e-001 +3.1743e+000
5174 0 +3.464726244e-003 +3.542346473e+001 +3.542346473e+001 +3.6837e+000 -2.3470e+000 -6.5686e-001 -1.9532e-001 +3.1742e+000
5454 0 +3.373273786e-003 +3.542337327e+001 +3.542337327e+001 +3.6838e+000 -2.3471e+000 -6.5688e-001 -1.9531e-001 +3.1743e+000
7237 0 +3.309203966e-003 +3.542330920e+001 +3.542330920e+001 +3.6838e+000 -2.3471e+000 -6.5687e-001 -1.9531e-001 +3.1743e+000
