% f evaluations | g evaluations | best noise-free fitness - Fopt (6.870000000000e+000) + sum g_i+ | measured fitness | best measured fitness or single-digit g-values | x1 | x2...
1 0 +4.405119605e+000 +1.127511961e+001 +1.127511961e+001 +0.0000e+000 +0.0000e+000 +0.0000e+000
67 0 +3.106461577e+000 +9.976461577e+000 +9.976461577e+000 -7.2225e-001 -4.0485e+000 +2.6738e+000
89 0 +2.434212136e+000 +9.304212136e+000 +9.304212136e+000 -4.6606e+000 -2.9350e+000 -2.8473e+000
202 0 +1.342182826e+000 +8.212182826e+000 +8.212182826e+000 -4.4865e+000 -2.9629e+000 -3.3456e+000
2718 0 +1.065728238e+000 +7.935728238e+000 +7.935728238e+000 -4.4876e+000 -2.9639e+000 -3.3460e+000
2992 0 +6.523055866e-001 +7.522305587e+000 +7.522305587e+000 -4.4900e+000 -2.9620e+000 -3.3438e+000
3202 0 +5.050533626e-001 +7.375053363e+000 +7.375053363e+000 -4.4912e+000 -2.9600e+000 -3.3420e+000
3318 0 +4.224752110e-001 +7.292475211e+000 +7.292475211e+000 -4.4895e+000 -2.9612e+000 -3.3435e+000
3418 0 +3.265067587e-001 +7.196506759e+000 +7.196506759e+000 -4.4903e+000 -2.9603e+000 -3.3426e+000
3464 0 +2.477143024e-001 +7.117714302e+000 +7.117714302e+000 -4.4900e+000 -2.9609e+000 -3.3413e+000
3702 0 +1.830589378e-001 +7.053058938e+000 +7.053058938e+000 -4.4901e+000 -2.9615e+000 -3.3414e+000
3718 0 +1.678361461e-001 +7.037836146e+000 +7.037836146e+000 -4.4901e+000 -2.9607e+000 -3.3422e+000
3918 0 +1.474724025e-001 +7.017472403e+000 +7.017472403e+000 -4.4901e+000 -2.9607e+000 -3.3418e+000
4402 0 +1.002783351e-001 +6.970278335e+000 +6.970278335e+000 -4.4900e+000 -2.9611e+000 -3.3418e+000
4692 0 +8.554831332e-002 +6.955548313e+000 +6.955548313e+000 -4.4900e+000 -2.9612e+000 -3.3419e+000
5102 0 +6.971853181e-002 +6.939718532e+000 +6.939718532e+000 -4.4900e+000 -2.9613e+000 -3.3418e+000
5518 0 +6.869555917e-002 +6.938695559e+000 +6.938695559e+000 -4.4900e+000 -2.9613e+000 -3.3418e+000
5764 0 +6.717179369e-002 +6.937171794e+000 +6.937171794e+000 -4.4900e+000 -2.9613e+000 -3.3418e+000
5864 0 +6.460501012e-002 +6.934605010e+000 +6.934605010e+000 -4.4900e+000 -2.9613e+000 -3.3418e+000
5964 0 +6.408579836e-002 +6.934085798e+000 +6.934085798e+000 -4.4900e+000 -2.9613e+000 -3.3418e+000
% f evaluations | g evaluations | best noise-free fitness - Fopt (1.000000000000e-002) + sum g_i+ | measured fitness | best measured fitness or single-digit g-values | x1 | x2...
1 0 +1.295653969e+001 +1.296653969e+001 +1.296653969e+001 +0.0000e+000 +0.0000e+000 +0.0000e+000
6 0 +2.623339749e+000 +2.633339749e+000 +2.633339749e+000 -4.5296e+000 +4.1370e+000 -2.7641e+000
312 0 +1.649788115e+000 +1.659788115e+000 +1.659788115e+000 -1.0029e+000 +3.9673e+000 +9.2164e-001
590 0 +1.385740853e+000 +1.395740853e+000 +1.395740853e+000 -2.3919e+000 +3.1306e-001 -1.8561e+000
3528 0 +1.002633695e+000 +1.012633695e+000 +1.012633695e+000 -2.4039e+000 +3.0920e-001 -1.8616e+000
3888 0 +9.434635468e-001 +9.534635468e-001 +9.534635468e-001 -2.3991e+000 +3.0390e-001 -1.8595e+000
4128 0 +7.454979154e-001 +7.554979154e-001 +7.554979154e-001 -2.4018e+000 +3.0622e-001 -1.8607e+000
4428 0 +4.978115544e-001 +5.078115544e-001 +5.078115544e-001 -2.3985e+000 +3.1151e-001 -1.8590e+000
4628 0 +4.641220444e-001 +4.741220444e-001 +4.741220444e-001 -2.4004e+000 +3.0851e-001 -1.8600e+000
4690 0 +3.280371775e-001 +3.380371775e-001 +3.380371775e-001 -2.3998e+000 +3.1135e-001 -1.8595e+000
4890 0 +3.109975949e-001 +3.209975949e-001 +3.209975949e-001 -2.3997e+000 +3.1147e-001 -1.8594e+000
5585 0 +2.656661376e-001 +2.756661376e-001 +2.756661376e-001 -2.3985e+000 +3.1013e-001 -1.8583e+000
5651 0 +2.165205696e-001 +2.265205696e-001 +2.265205696e-001 -2.3982e+000 +3.0988e-001 -1.8585e+000
5885 0 +1.695660523e-001 +1.795660523e-001 +1.795660523e-001 -2.3989e+000 +3.1056e-001 -1.8588e+000
6128 0 +1.636689000e-001 +1.736689000e-001 +1.736689000e-001 -2.3988e+000 +3.1056e-001 -1.8588e+000
6151 0 +1.552257144e-001 +1.652257144e-001 +1.652257144e-001 -2.3985e+000 +3.1037e-001 -1.8587e+000
6328 0 +1.365918972e-001 +1.465918972e-001 +1.465918972e-001 -2.3986e+000 +3.1062e-001 -1.8588e+000
6551 0 +1.247433650e-001 +1.347433650e-001 +1.347433650e-001 -2.3986e+000 +3.1061e-001 -1.8588e+000
6690 0 +1.220034420e-001 +1.320034420e-001 +1.320034420e-001 -2.3985e+000 +3.1042e-001 -1.8588e+000
6691 0 +1.197728621e-001 +1.297728621e-001 +1.297728621e-001 -2.3984e+000 +3.1056e-001 -1.8586e+000
6888 0 +1.134702472e-001 +1.234702472e-001 +1.234702472e-001 -2.3985e+000 +3.1064e-001 -1.8587e+000
7128 0 +1.113515858e-001 +1.213515858e-001 +1.213515858e-001 -2.3985e+000 +3.1063e-001 -1.8587e+000
7290 0 +1.082939632e-001 +1.182939632e-001 +1.182939632e-001 -2.3985e+000 +3.1059e-001 -1.8587e+000
7446 0 +8.082222219e-002 +9.082222219e-002 +9.082222219e-002 -2.3979e+000 +3.1146e-001 -1.8580e+000
7628 0 +6.166729367e-002 +7.166729367e-002 +7.166729367e-002 -2.3980e+000 +3.1136e-001 -1.8581e+000
7746 0 +4.667310330e-002 +5.667310330e-002 +5.667310330e-002 -2.3982e+000 +3.1126e-001 -1.8582e+000
7946 0 +3.261227329e-002 +4.261227329e-002 +4.261227329e-002 -2.3981e+000 +3.1133e-001 -1.8581e+000
8645 0 +2.719050161e-002 +3.719050161e-002 +3.719050161e-002 -2.3982e+000 +3.1153e-001 -1.8582e+000
8822 0 +1.919611937e-002 +2.919611937e-002 +2.919611937e-002 -2.3983e+000 +3.1148e-001 -1.8582e+000
8928 0 +1.648703897e-002 +2.648703897e-002 +2.648703897e-002 -2.3983e+000 +3.1163e-001 -1.8582e+000
9087 0 +1.235133783e-002 +2.235133783e-002 +2.235133783e-002 -2.3982e+000 +3.1151e-001 -1.8582e+000
9348 0 +8.627075594e-003 +1.862707559e-002 +1.862707559e-002 -2.3983e+000 +3.1158e-001 -1.8582e+000
9391 0 +8.043379886e-003 +1.804337989e-002 +1.804337989e-002 -2.3982e+000 +3.1158e-001 -1.8582e+000
9645 0 +7.740904986e-003 +1.774090499e-002 +1.774090499e-002 -2.3982e+000 +3.1158e-001 -1.8582e+000
9667 0 +7.104727195e-003 +1.710472720e-002 +1.710472720e-002 -2.3982e+000 +3.1157e-001 -1.8582e+000
9788 0 +6.721263494e-003 +1.672126349e-002 +1.672126349e-002 -2.3983e+000 +3.1163e-001 -1.8582e+000
9867 0 +3.954383692e-003 +1.395438369e-002 +1.395438369e-002 -2.3983e+000 +3.1162e-001 -1.8582e+000
10048 0 +2.525842502e-003 +1.252584250e-002 +1.252584250e-002 -2.3983e+000 +3.1159e-001 -1.8582e+000
% f evaluations | g evaluations | best noise-free fitness - Fopt (-1.306100000000e+002) + sum g_i+ | measured fitness | best measured fitness or single-digit g-values | x1 | x2...
1 0 +1.229607456e+001 -1.183139254e+002 -1.183139254e+002 +0.0000e+000 +0.0000e+000 +0.0000e+000
10 0 +7.034582422e+000 -1.235754176e+002 -1.235754176e+002 -4.9336e+000 +4.9714e+000 -1.4058e+000
33 0 +6.036970961e+000 -1.245730290e+002 -1.245730290e+002 -4.0348e+000 +3.6642e-001 +1.2233e+000
50 0 +3.317646516e+000 -1.272923535e+002 -1.272923535e+002 -1.4996e+000 +3.6794e+000 +1.2864e+000
179 0 +3.280731159e+000 -1.273292688e+002 -1.273292688e+002 -1.6642e-001 -1.3155e+000 +2.4712e+000
553 0 +2.406800669e+000 -1.282031993e+002 -1.282031993e+002 +1.1485e+000 -1.8828e+000 +2.1834e+000
2101 0 +1.482642184e+000 -1.291273578e+002 -1.291273578e+002 +1.4790e+000 -1.9678e-001 +5.0000e+000
3401 0 +1.205983652e+000 -1.294040163e+002 -1.294040163e+002 +1.4788e+000 -1.9727e-001 +5.0000e+000
4752 0 +1.130711549e+000 -1.294792885e+002 -1.294792885e+002 +1.4822e+000 -1.9664e-001 +5.0000e+000
5022 0 +9.694274518e-001 -1.296405725e+002 -1.296405725e+002 +1.4806e+000 -1.9726e-001 +5.0000e+000
5501 0 +9.471904861e-001 -1.296628095e+002 -1.296628095e+002 +1.4797e+000 -1.9752e-001 +5.0000e+000
5761 0 +8.477875114e-001 -1.297622125e+002 -1.297622125e+002 +1.4726e+000 -1.9972e-001 +5.0000e+000
5861 0 +4.925831341e-001 -1.301174169e+002 -1.301174169e+002 +1.4650e+000 -2.0174e-001 +5.0000e+000
6161 0 +3.739660358e-001 -1.302360340e+002 -1.302360340e+002 +1.4667e+000 -2.0129e-001 +5.0000e+000
6361 0 +3.606603621e-001 -1.302493396e+002 -1.302493396e+002 +1.4660e+000 -2.0147e-001 +5.0000e+000
6761 0 +3.228094541e-001 -1.302871905e+002 -1.302871905e+002 +1.4663e+000 -2.0141e-001 +5.0000e+000
7061 0 +3.000828110e-001 -1.303099172e+002 -1.303099172e+002 +1.4662e+000 -2.0139e-001 +5.0000e+000
7701 0 +2.825039159e-001 -1.303274961e+002 -1.303274961e+002 +1.4663e+000 -2.0137e-001 +5.0000e+000
8661 0 +2.816826469e-001 -1.303283174e+002 -1.303283174e+002 +1.4663e+000 -2.0137e-001 +5.0000e+000
% f evaluations | g evaluations | best noise-free fitness - Fopt (-2.231200000000e+002) + sum g_i+ | measured fitness | best measured fitness or single-digit g-values | x1 | x2...
1 0 +5.339703202e+001 -1.697229680e+002 -1.697229680e+002 +0.0000e+000 +0.0000e+000 +0.0000e+000
2 0 +1.671511595e+001 -2.064048841e+002 -2.064048841e+002 +4.1901e+000 +4.7545e+000 +2.0480e+000
8 0 +2.425686522e+000 -2.206943135e+002 -2.206943135e+002 -4.7984e+000 +3.2947e+000 -3.7421e-001
132 0 +2.001381072e+000 -2.211186189e+002 -2.211186189e+002 +1.4557e+000 +4.6722e+000 -3.8969e+000
1278 0 +6.310371595e-001 -2.224889628e+002 -2.224889628e+002 +1.5493e+000 -2.7635e+000 -2.6632e+000
5277 0 +6.090973450e-001 -2.225109027e+002 -2.225109027e+002 +1.5486e+000 -2.7600e+000 -2.6636e+000
5577 0 +5.658696616e-001 -2.225541303e+002 -2.225541303e+002 +1.5486e+000 -2.7596e+000 -2.6637e+000
5596 0 +5.146938047e-001 -2.226053062e+002 -2.226053062e+002 +1.5473e+000 -2.7496e+000 -2.6655e+000
5679 0 +3.533773229e-001 -2.227666227e+002 -2.227666227e+002 +1.5470e+000 -2.7493e+000 -2.6659e+000
6096 0 +3.277124374e-001 -2.227922876e+002 -2.227922876e+002 +1.5469e+000 -2.7492e+000 -2.6659e+000
6279 0 +3.065600837e-001 -2.228134399e+002 -2.228134399e+002 +1.5469e+000 -2.7488e+000 -2.6660e+000
6496 0 +3.019379355e-001 -2.228180621e+002 -2.228180621e+002 +1.5469e+000 -2.7489e+000 -2.6660e+000
% f evaluations | g evaluations | best noise-free fitness - Fopt (-4.443000000000e+001) + sum g_i+ | measured fitness | best measured fitness or single-digit g-values | x1 | x2...
1 0 +4.437367499e+000 -3.999263250e+001 -3.999263250e+001 +0.0000e+000 +0.0000e+000 +0.0000e+000
4 0 +2.766532695e+000 -4.166346730e+001 -4.166346730e+001 -2.6495e+000 -9.3691e-001 -1.8863e+000
238 0 +2.744091862e+000 -4.168590814e+001 -4.168590814e+001 -2.5296e-002 -1.9462e+000 -5.0000e+000
423 0 +2.502515673e+000 -4.192748433e+001 -4.192748433e+001 +7.0723e-001 -2.4184e+000 -5.0000e+000
1189 0 +2.423453302e+000 -4.200654670e+001 -4.200654670e+001 +2.9476e+000 +3.0695e+000 -2.1096e+000
1601 0 +2.384307048e+000 -4.204569295e+001 -4.204569295e+001 +4.1525e+000 +5.1861e+000 -7.9278e-001
1855 0 +1.971288588e+000 -4.245871141e+001 -4.245871141e+001 +2.4513e+000 +1.5870e+000 -4.8867e+000
2796 0 +1.523297221e+000 -4.290670278e+001 -4.290670278e+001 +2.8289e+000 +1.6777e+000 -5.0000e+000
3496 0 +1.398317448e+000 -4.303168255e+001 -4.303168255e+001 +2.8289e+000 +1.6775e+000 -5.0000e+000
3896 0 +1.119174233e+000 -4.331082577e+001 -4.331082577e+001 +2.8290e+000 +1.6772e+000 -5.0000e+000
5345 0 +7.468586708e-001 -4.368314133e+001 -4.368314133e+001 +2.8492e+000 +1.7899e+000 -5.0000e+000
6821 0 +6.777168360e-001 -4.375228316e+001 -4.375228316e+001 +2.8492e+000 +1.7897e+000 -5.0000e+000
7172 0 +4.983307747e-001 -4.393166923e+001 -4.393166923e+001 +2.8492e+000 +1.7892e+000 -5.0000e+000
7371 0 +4.382791902e-001 -4.399172081e+001 -4.399172081e+001 +2.8497e+000 +1.7887e+000 -5.0000e+000
7872 0 +3.397019545e-001 -4.409029805e+001 -4.409029805e+001 +2.8492e+000 +1.7885e+000 -5.0000e+000
8545 0 +2.526531524e-001 -4.417734685e+001 -4.417734685e+001 +2.8492e+000 +1.7886e+000 -5.0000e+000
9571 0 +2.495392276e-001 -4.418046077e+001 -4.418046077e+001 +2.8492e+000 +1.7886e+000 -5.0000e+000
9945 0 +2.453537715e-001 -4.418464623e+001 -4.418464623e+001 +2.8492e+000 +1.7886e+000 -5.0000e+000
% f evaluations | g evaluations | best noise-free fitness - Fopt (2.557800000000e+002) + sum g_i+ | measured fitness | best measured fitness or single-digit g-values | x1 | x2...
1 0 +4.720781675e+001 +3.029878168e+002 +3.029878168e+002 +0.0000e+000 +0.0000e+000 +0.0000e+000
2 0 +1.551274499e+001 +2.712927450e+002 +2.712927450e+002 -3.0247e+000 -4.6725e+000 -4.7036e+000
4 0 +1.482606563e+001 +2.706060656e+002 +2.706060656e+002 +2.4702e+000 +2.1291e+000 -6.4527e-001
13 0 +9.761259874e+000 +2.655412599e+002 +2.655412599e+002 +3.2870e+000 -2.7714e+000 +8.9167e-001
23 0 +7.865725809e+000 +2.636457258e+002 +2.636457258e+002 -2.9338e+000 +3.4251e+000 -3.6937e+000
33 0 +6.137112716e+000 +2.619171127e+002 +2.619171127e+002 -3.0779e+000 +2.9859e+000 +4.5180e+000
46 0 +5.582768747e+000 +2.613627687e+002 +2.613627687e+002 -5.3875e-001 +2.8944e+000 -4.8239e+000
139 0 +4.043078943e+000 +2.598230789e+002 +2.598230789e+002 -2.8164e+000 -8.9518e-001 -3.9254e+000
229 0 +3.076541762e+000 +2.588565418e+002 +2.588565418e+002 -7.4836e-001 +1.1098e+000 -1.8089e+000
397 0 +1.908019782e+000 +2.576880198e+002 +2.576880198e+002 -1.0277e+000 -2.7681e+000 -5.0000e+000
1043 0 +1.765657055e+000 +2.575456571e+002 +2.575456571e+002 +2.3458e+000 +2.2875e-001 -3.3246e+000
1396 0 +1.490474679e+000 +2.572704747e+002 +2.572704747e+002 +4.3928e+000 +2.0143e+000 +4.4091e-002
1833 0 +9.472353361e-001 +2.567272353e+002 +2.567272353e+002 +3.5357e+000 +3.1330e+000 +5.0000e+000
4795 0 +8.920973718e-001 +2.566720974e+002 +2.566720974e+002 +3.5351e+000 +3.1337e+000 +5.0000e+000
4833 0 +7.791154390e-001 +2.565591154e+002 +2.565591154e+002 +3.5356e+000 +3.1336e+000 +5.0000e+000
5033 0 +7.492615210e-001 +2.565292615e+002 +2.565292615e+002 +3.5365e+000 +3.1339e+000 +5.0000e+000
5295 0 +6.662304666e-001 +2.564462305e+002 +2.564462305e+002 +3.5367e+000 +3.1342e+000 +5.0000e+000
5633 0 +5.709253138e-001 +2.563509253e+002 +2.563509253e+002 +3.5369e+000 +3.1344e+000 +5.0000e+000
5695 0 +5.403285436e-001 +2.563203285e+002 +2.563203285e+002 +3.5366e+000 +3.1347e+000 +5.0000e+000
6495 0 +5.332455985e-001 +2.563132456e+002 +2.563132456e+002 +3.5366e+000 +3.1347e+000 +5.0000e+000
8812 0 +5.109258109e-001 +2.562909258e+002 +2.562909258e+002 +3.5400e+000 +3.1319e+000 +5.0000e+000
8826 0 +4.835784297e-001 +2.562635784e+002 +2.562635784e+002 +3.5384e+000 +3.1333e+000 +5.0000e+000
8933 0 +4.424481905e-001 +2.562224482e+002 +2.562224482e+002 +3.5395e+000 +3.1324e+000 +5.0000e+000
9126 0 +4.250172845e-001 +2.562050173e+002 +2.562050173e+002 +3.5399e+000 +3.1321e+000 +5.0000e+000
9226 0 +4.130492458e-001 +2.561930492e+002 +2.561930492e+002 +3.5403e+000 +3.1318e+000 +5.0000e+000
9333 0 +3.930174487e-001 +2.561730174e+002 +2.561730174e+002 +3.5409e+000 +3.1314e+000 +5.0000e+000
9426 0 +3.749246013e-001 +2.561549246e+002 +2.561549246e+002 +3.5413e+000 +3.1311e+000 +5.0000e+000
9498 0 +3.661345543e-001 +2.561461346e+002 +2.561461346e+002 +3.5416e+000 +3.1308e+000 +5.0000e+000
9526 0 +3.506488539e-001 +2.561306489e+002 +2.561306489e+002 +3.5421e+000 +3.1305e+000 +5.0000e+000
9598 0 +3.405445680e-001 +2.561205446e+002 +2.561205446e+002 +3.5422e+000 +3.1303e+000 +5.0000e+000
9633 0 +3.353308118e-001 +2.561153308e+002 +2.561153308e+002 +3.5423e+000 +3.1303e+000 +5.0000e+000
9898 0 +3.310324298e-001 +2.561110324e+002 +2.561110324e+002 +3.5424e+000 +3.1302e+000 +5.0000e+000
% f evaluations | g evaluations | best noise-free fitness - Fopt (1.000000000000e+003) + sum g_i+ | measured fitness | best measured fitness or single-digit g-values | x1 | x2...
1 0 +2.642453467e+001 +1.026424535e+003 +1.026424535e+003 +0.0000e+000 +0.0000e+000 +0.0000e+000
2 0 +1.280010245e+001 +1.012800102e+003 +1.012800102e+003 -1.8786e+000 +4.4260e+000 -1.0522e+000
4 0 +1.176244332e+001 +1.011762443e+003 +1.011762443e+003 -3.5151e+000 +1.1957e+000 +3.3437e+000
19 0 +1.123741047e+001 +1.011237410e+003 +1.011237410e+003 -3.4362e+000 -4.7992e+000 -3.3257e+000
23 0 +8.856358694e+000 +1.008856359e+003 +1.008856359e+003 +4.8832e+000 -2.3952e-001 +1.2370e+000
34 0 +5.236685522e+000 +1.005236686e+003 +1.005236686e+003 -3.8193e+000 -3.9489e+000 -6.8463e-001
38 0 +3.576038046e+000 +1.003576038e+003 +1.003576038e+003 +2.0034e+000 -1.8423e+000 -4.4762e+000
68 0 +3.361791926e+000 +1.003361792e+003 +1.003361792e+003 +4.8968e+000 -3.1322e+000 -4.6489e+000
643 0 +3.299682951e+000 +1.003299683e+003 +1.003299683e+003 +5.8711e+000 -4.1585e+000 -4.5306e+000
1262 0 +1.985233835e+000 +1.001985234e+003 +1.001985234e+003 +4.5845e+000 -4.9211e+000 -4.6767e+000
2262 0 +1.880853500e+000 +1.001880853e+003 +1.001880853e+003 +4.5840e+000 -4.9214e+000 -4.6768e+000
2762 0 +1.555172824e+000 +1.001555173e+003 +1.001555173e+003 +4.5826e+000 -4.9222e+000 -4.6769e+000
3262 0 +1.509837776e+000 +1.001509838e+003 +1.001509838e+003 +4.5830e+000 -4.9220e+000 -4.6769e+000
3562 0 +1.400548352e+000 +1.001400548e+003 +1.001400548e+003 +4.5828e+000 -4.9221e+000 -4.6769e+000
4262 0 +1.375333541e+000 +1.001375334e+003 +1.001375334e+003 +4.5828e+000 -4.9221e+000 -4.6769e+000
5676 0 +1.148167803e+000 +1.001148168e+003 +1.001148168e+003 +4.5879e+000 -4.9226e+000 -4.6729e+000
5761 0 +8.247068250e-001 +1.000824707e+003 +1.000824707e+003 +4.5904e+000 -4.9227e+000 -4.6709e+000
5862 0 +6.988678281e-001 +1.000698868e+003 +1.000698868e+003 +4.5912e+000 -4.9228e+000 -4.6703e+000
6076 0 +6.596004536e-001 +1.000659600e+003 +1.000659600e+003 +4.5913e+000 -4.9228e+000 -4.6702e+000
6561 0 +6.331310037e-001 +1.000633131e+003 +1.000633131e+003 +4.5895e+000 -4.9223e+000 -4.6714e+000
6661 0 +6.208667963e-001 +1.000620867e+003 +1.000620867e+003 +4.5895e+000 -4.9223e+000 -4.6715e+000
6761 0 +6.128171427e-001 +1.000612817e+003 +1.000612817e+003 +4.5895e+000 -4.9223e+000 -4.6715e+000
6876 0 +5.711264146e-001 +1.000571126e+003 +1.000571126e+003 +4.5902e+000 -4.9222e+000 -4.6709e+000
7061 0 +5.316104862e-001 +1.000531610e+003 +1.000531610e+003 +4.5905e+000 -4.9222e+000 -4.6707e+000
7176 0 +5.146884449e-001 +1.000514688e+003 +1.000514688e+003 +4.5906e+000 -4.9221e+000 -4.6706e+000
7262 0 +5.060316501e-001 +1.000506032e+003 +1.000506032e+003 +4.5905e+000 -4.9222e+000 -4.6707e+000
7277 0 +4.105357001e-001 +1.000410536e+003 +1.000410536e+003 +4.5909e+000 -4.9223e+000 -4.6704e+000
7376 0 +4.050494478e-001 +1.000405049e+003 +1.000405049e+003 +4.5910e+000 -4.9224e+000 -4.6704e+000
7661 0 +3.949702666e-001 +1.000394970e+003 +1.000394970e+003 +4.5910e+000 -4.9223e+000 -4.6704e+000
7802 0 +3.182711108e-001 +1.000318271e+003 +1.000318271e+003 +4.5889e+000 -4.9181e+000 -4.6575e+000
7902 0 +2.131949793e-001 +1.000213195e+003 +1.000213195e+003 +4.5882e+000 -4.9166e+000 -4.6544e+000
8161 0 +1.819435021e-001 +1.000181944e+003 +1.000181944e+003 +4.5890e+000 -4.9184e+000 -4.6593e+000
8361 0 +1.707592153e-001 +1.000170759e+003 +1.000170759e+003 +4.5890e+000 -4.9183e+000 -4.6589e+000
8461 0 +1.343561060e-001 +1.000134356e+003 +1.000134356e+003 +4.5885e+000 -4.9173e+000 -4.6561e+000
8691 0 +1.115817821e-001 +1.000111582e+003 +1.000111582e+003 +4.5889e+000 -4.9174e+000 -4.6558e+000
8800 0 +6.883731765e-002 +1.000068837e+003 +1.000068837e+003 +4.5892e+000 -4.9175e+000 -4.6560e+000
8811 0 +6.326646018e-002 +1.000063266e+003 +1.000063266e+003 +4.5891e+000 -4.9175e+000 -4.6560e+000
8902 0 +6.202312906e-002 +1.000062023e+003 +1.000062023e+003 +4.5890e+000 -4.9174e+000 -4.6563e+000
8971 0 +6.123824117e-002 +1.000061238e+003 +1.000061238e+003 +4.5894e+000 -4.9173e+000 -4.6554e+000
9200 0 +5.646822722e-002 +1.000056468e+003 +1.000056468e+003 +4.5894e+000 -4.9174e+000 -4.6557e+000
9291 0 +4.740731828e-002 +1.000047407e+003 +1.000047407e+003 +4.5891e+000 -4.9172e+000 -4.6556e+000
9300 0 +3.624017196e-002 +1.000036240e+003 +1.000036240e+003 +4.5892e+000 -4.9174e+000 -4.6557e+000
9400 0 +2.954709307e-002 +1.000029547e+003 +1.000029547e+003 +4.5891e+000 -4.9173e+000 -4.6557e+000
9502 0 +2.384866641e-002 +1.000023849e+003 +1.000023849e+003 +4.5892e+000 -4.9174e+000 -4.6558e+000
9711 0 +2.306316351e-002 +1.000023063e+003 +1.000023063e+003 +4.5891e+000 -4.9173e+000 -4.6557e+000
9761 0 +2.082353030e-002 +1.000020824e+003 +1.000020824e+003 +4.5893e+000 -4.9174e+000 -4.6560e+000
9861 0 +1.810655609e-002 +1.000018107e+003 +1.000018107e+003 +4.5892e+000 -4.9175e+000 -4.6561e+000
10011 0 +1.592256234e-002 +1.000015923e+003 +1.000015923e+003 +4.5892e+000 -4.9174e+000 -4.6560e+000
10100 0 +1.406615224e-002 +1.000014066e+003 +1.000014066e+003 +4.5892e+000 -4.9175e+000 -4.6560e+000
% f evaluations | g evaluations | best noise-free fitness - Fopt (-1.869500000000e+002) + sum g_i+ | measured fitness | best measured fitness or single-digit g-values | x1 | x2...
1 0 +3.063117627e+001 -1.563188237e+002 -1.563188237e+002 +0.0000e+000 +0.0000e+000 +0.0000e+000
2 0 +1.700467119e+001 -1.699453288e+002 -1.699453288e+002 -4.9561e+000 -2.4121e-001 +9.0525e-001
4 0 +5.426145169e+000 -1.815238548e+002 -1.815238548e+002 +7.4581e-001 -4.8279e+000 +3.6332e+000
7 0 +4.018762527e+000 -1.829312375e+002 -1.829312375e+002 +1.6520e+000 -1.9374e+000 +3.4946e+000
122 0 +2.458825515e+000 -1.844911745e+002 -1.844911745e+002 +4.1023e+000 -2.0190e+000 +5.0000e+000
438 0 +1.360547922e+000 -1.855894521e+002 -1.855894521e+002 +2.9417e+000 +5.4549e+000 -3.9663e+000
1946 0 +1.119627931e+000 -1.858303721e+002 -1.858303721e+002 +3.0829e+000 +3.8656e+000 -2.1443e+000
4346 0 +1.069715577e+000 -1.858802844e+002 -1.858802844e+002 +3.0828e+000 +3.8659e+000 -2.1441e+000
5185 0 +9.549581161e-001 -1.859950419e+002 -1.859950419e+002 +3.0835e+000 +3.8670e+000 -2.1443e+000
5285 0 +9.326951180e-001 -1.860173049e+002 -1.860173049e+002 +3.0831e+000 +3.8666e+000 -2.1445e+000
5385 0 +8.887012164e-001 -1.860612988e+002 -1.860612988e+002 +3.0830e+000 +3.8665e+000 -2.1445e+000
6246 0 +8.619008173e-001 -1.860880992e+002 -1.860880992e+002 +3.0830e+000 +3.8667e+000 -2.1444e+000
6346 0 +8.476876155e-001 -1.861023124e+002 -1.861023124e+002 +3.0830e+000 +3.8667e+000 -2.1444e+000
6485 0 +8.106446939e-001 -1.861393553e+002 -1.861393553e+002 +3.0831e+000 +3.8668e+000 -2.1443e+000
6585 0 +7.847735215e-001 -1.861652265e+002 -1.861652265e+002 +3.0831e+000 +3.8669e+000 -2.1442e+000
% f evaluations | g evaluations | best noise-free fitness - Fopt (5.859500000000e+002) + sum g_i+ | measured fitness | best measured fitness or single-digit g-values | x1 | x2...
1 0 +1.357088189e+001 +5.995208819e+002 +5.995208819e+002 +0.0000e+000 +0.0000e+000 +0.0000e+000
2 0 +9.184869931e+000 +5.951348699e+002 +5.951348699e+002 +2.4132e+000 -2.1907e+000 +2.2328e+000
37 0 +7.767223535e+000 +5.937172235e+002 +5.937172235e+002 -3.1013e-001 -2.8089e-001 -9.0654e-001
38 0 +6.890774491e+000 +5.928407745e+002 +5.928407745e+002 -6.8017e-001 -5.7070e-001 -4.4509e+000
81 0 +5.626958833e+000 +5.915769588e+002 +5.915769588e+002 -3.3063e+000 +4.7557e+000 +2.7773e+000
164 0 +4.984397667e+000 +5.909343977e+002 +5.909343977e+002 -9.7572e-001 +5.4955e-001 +4.4529e+000
374 0 +3.605666222e+000 +5.895556662e+002 +5.895556662e+002 +1.1962e+000 -4.0991e+000 +5.0000e+000
459 0 +3.081734398e+000 +5.890317344e+002 +5.890317344e+002 -1.6018e+000 -4.3973e+000 +5.0000e+000
497 0 +8.036306071e-001 +5.867536306e+002 +5.867536306e+002 +8.0771e-001 -4.0052e+000 +5.0000e+000
1852 0 +6.608524445e-001 +5.866108524e+002 +5.866108524e+002 +8.1384e-001 -4.0085e+000 +5.0000e+000
3352 0 +3.960155845e-001 +5.863460156e+002 +5.863460156e+002 +8.1343e-001 -4.0074e+000 +5.0000e+000
4646 0 +3.412378797e-001 +5.862912379e+002 +5.862912379e+002 +8.1317e-001 -4.0073e+000 +5.0000e+000
5246 0 +3.276369241e-001 +5.862776369e+002 +5.862776369e+002 +8.1322e-001 -4.0073e+000 +5.0000e+000
5753 0 +3.197812714e-001 +5.862697813e+002 +5.862697813e+002 +8.1320e-001 -4.0073e+000 +5.0000e+000
% f evaluations | g evaluations | best noise-free fitness - Fopt (2.871600000000e+002) + sum g_i+ | measured fitness | best measured fitness or single-digit g-values | x1 | x2...
1 0 +3.573828768e+001 +3.228982877e+002 +3.228982877e+002 +0.0000e+000 +0.0000e+000 +0.0000e+000
2 0 +2.844135107e+001 +3.156013511e+002 +3.156013511e+002 +2.8963e+000 +3.4035e+000 -8.5042e-001
3 0 +2.219166446e+001 +3.093516645e+002 +3.093516645e+002 -4.5181e+000 -4.2107e+000 -3.5428e+000
4 0 +1.983567872e+001 +3.069956787e+002 +3.069956787e+002 -2.4951e-001 +4.3196e+000 -1.7481e+000
7 0 +1.452875245e+001 +3.016887525e+002 +3.016887525e+002 -1.3844e+000 -2.9136e+000 +4.2118e+000
14 0 +1.142978256e+001 +2.985897826e+002 +2.985897826e+002 -3.8324e+000 -4.0224e+000 -7.1484e-001
20 0 +4.654319177e+000 +2.918143192e+002 +2.918143192e+002 -2.4847e+000 +3.2995e+000 -3.2458e+000
53 0 +2.814528542e+000 +2.899745285e+002 +2.899745285e+002 +3.2214e+000 -3.3637e+000 +4.0146e+000
175 0 +2.507786778e+000 +2.896677868e+002 +2.896677868e+002 +1.9153e+000 -4.3343e+000 +1.0102e+000
1097 0 +1.401342342e+000 +2.885613423e+002 +2.885613423e+002 +6.1861e-001 -1.5338e+000 +1.4988e+000
2145 0 +1.121731203e+000 +2.882817312e+002 +2.882817312e+002 +6.1530e-001 -1.5380e+000 +1.5125e+000
2213 0 +9.986750611e-001 +2.881586751e+002 +2.881586751e+002 +4.2201e-001 -7.2605e-001 +3.9795e+000
4391 0 +7.494382963e-001 +2.879094383e+002 +2.879094383e+002 +2.6611e-001 -1.3859e-001 +4.1841e+000
6691 0 +6.979761346e-001 +2.878579761e+002 +2.878579761e+002 +2.6603e-001 -1.3818e-001 +4.1842e+000
6891 0 +6.685987254e-001 +2.878285987e+002 +2.878285987e+002 +2.6608e-001 -1.3840e-001 +4.1841e+000
7091 0 +6.410237061e-001 +2.878010237e+002 +2.878010237e+002 +2.6607e-001 -1.3836e-001 +4.1842e+000
7591 0 +6.215756126e-001 +2.877815756e+002 +2.877815756e+002 +2.6606e-001 -1.3833e-001 +4.1842e+000
7691 0 +6.156163780e-001 +2.877756164e+002 +2.877756164e+002 +2.6606e-001 -1.3832e-001 +4.1842e+000
9291 0 +4.492662328e-001 +2.876092662e+002 +2.876092662e+002 +2.6466e-001 -1.3875e-001 +4.1832e+000
9576 0 +4.268367558e-001 +2.875868368e+002 +2.875868368e+002 +2.6471e-001 -1.3874e-001 +4.1832e+000
9591 0 +3.661594851e-001 +2.875261595e+002 +2.875261595e+002 +2.6501e-001 -1.3864e-001 +4.1834e+000
9891 0 +3.620980590e-001 +2.875220981e+002 +2.875220981e+002 +2.6490e-001 -1.3866e-001 +4.1834e+000
% f evaluations | g evaluations | best noise-free fitness - Fopt (-3.943800000000e+002) + sum g_i+ | measured fitness | best measured fitness or single-digit g-values | x1 | x2...
1 0 +2.122502245e+001 -3.731549775e+002 -3.731549775e+002 +0.0000e+000 +0.0000e+000 +0.0000e+000
2 0 +1.653087676e+001 -3.778491232e+002 -3.778491232e+002 -2.1582e+000 +2.1339e+000 +2.7294e+000
3 0 +1.177755892e+001 -3.826024411e+002 -3.826024411e+002 +6.1126e-001 +5.1778e-001 +3.6675e+000
16 0 +6.846100338e+000 -3.875338997e+002 -3.875338997e+002 -2.5290e+000 -1.3445e+000 -8.4829e-001
54 0 +3.829864556e+000 -3.905501354e+002 -3.905501354e+002 -4.3759e+000 -4.0675e+000 -6.8757e-003
345 0 +3.737017505e+000 -3.906429825e+002 -3.906429825e+002 -4.1189e+000 -1.6724e+000 -2.8201e+000
414 0 +3.502774309e+000 -3.908772257e+002 -3.908772257e+002 -2.9201e+000 +3.0095e+000 +3.7605e+000
545 0 +1.096480925e+000 -3.932835191e+002 -3.932835191e+002 -4.1316e+000 -1.6981e+000 -1.4757e+000
2532 0 +7.526553838e-001 -3.936273446e+002 -3.936273446e+002 -4.2255e+000 -1.7681e+000 -1.5764e+000
5299 0 +5.450297999e-001 -3.938349702e+002 -3.938349702e+002 -4.2251e+000 -1.7690e+000 -1.5768e+000
5534 0 +4.896451085e-001 -3.938903549e+002 -3.938903549e+002 -4.2223e+000 -1.7689e+000 -1.5795e+000
5699 0 +4.575784850e-001 -3.939224215e+002 -3.939224215e+002 -4.2247e+000 -1.7688e+000 -1.5772e+000
5949 0 +4.467849018e-001 -3.939332151e+002 -3.939332151e+002 -4.2251e+000 -1.7689e+000 -1.5766e+000
5999 0 +4.330650376e-001 -3.939469350e+002 -3.939469350e+002 -4.2249e+000 -1.7688e+000 -1.5770e+000
6009 0 +4.243019941e-001 -3.939556980e+002 -3.939556980e+002 -4.2214e+000 -1.7683e+000 -1.5797e+000
6132 0 +3.793521146e-001 -3.940006479e+002 -3.940006479e+002 -4.2222e+000 -1.7682e+000 -1.5795e+000
6299 0 +3.480415274e-001 -3.940319585e+002 -3.940319585e+002 -4.2208e+000 -1.7679e+000 -1.5808e+000
6385 0 +2.960223702e-001 -3.940839776e+002 -3.940839776e+002 -4.2207e+000 -1.7678e+000 -1.5818e+000
6436 0 +2.859276593e-001 -3.940940723e+002 -3.940940723e+002 -4.2227e+000 -1.7679e+000 -1.5793e+000
6850 0 +2.581975724e-001 -3.941218024e+002 -3.941218024e+002 -4.2218e+000 -1.7675e+000 -1.5804e+000
7047 0 +2.501665135e-001 -3.941298335e+002 -3.941298335e+002 -4.2227e+000 -1.7677e+000 -1.5796e+000
7276 0 +2.363055928e-001 -3.941436944e+002 -3.941436944e+002 -4.2225e+000 -1.7676e+000 -1.5799e+000
7350 0 +2.340806960e-001 -3.941459193e+002 -3.941459193e+002 -4.2218e+000 -1.7675e+000 -1.5803e+000
7528 0 +1.498287377e-001 -3.942301713e+002 -3.942301713e+002 -4.2205e+000 -1.7669e+000 -1.5823e+000
7877 0 +1.430631390e-001 -3.942369369e+002 -3.942369369e+002 -4.2204e+000 -1.7668e+000 -1.5820e+000
8077 0 +1.355615995e-001 -3.942444384e+002 -3.942444384e+002 -4.2204e+000 -1.7668e+000 -1.5822e+000
8136 0 +1.216964244e-001 -3.942583036e+002 -3.942583036e+002 -4.2205e+000 -1.7666e+000 -1.5822e+000
8155 0 +1.005015248e-001 -3.942794985e+002 -3.942794985e+002 -4.2206e+000 -1.7663e+000 -1.5826e+000
8218 0 +4.203128919e-002 -3.943379687e+002 -3.943379687e+002 -4.2205e+000 -1.7663e+000 -1.5829e+000
8435 0 +2.973912936e-002 -3.943502609e+002 -3.943502609e+002 -4.2205e+000 -1.7661e+000 -1.5832e+000
8485 0 +2.815040583e-002 -3.943518496e+002 -3.943518496e+002 -4.2205e+000 -1.7661e+000 -1.5832e+000
8534 0 +1.506596867e-002 -3.943649340e+002 -3.943649340e+002 -4.2205e+000 -1.7662e+000 -1.5831e+000
8909 0 +1.142226434e-002 -3.943685777e+002 -3.943685777e+002 -4.2205e+000 -1.7662e+000 -1.5831e+000
9076 0 +6.528104054e-003 -3.943734719e+002 -3.943734719e+002 -4.2206e+000 -1.7662e+000 -1.5830e+000
9339 0 +4.616975861e-003 -3.943753830e+002 -3.943753830e+002 -4.2206e+000 -1.7662e+000 -1.5830e+000
9550 0 +1.334178343e-003 -3.943786658e+002 -3.943786658e+002 -4.2206e+000 -1.7662e+000 -1.5830e+000
% f evaluations | g evaluations | best noise-free fitness - Fopt (5.443000000000e+001) + sum g_i+ | measured fitness | best measured fitness or single-digit g-values | x1 | x2...
1 0 +1.107096658e+001 +6.550096658e+001 +6.550096658e+001 +0.0000e+000 +0.0000e+000 +0.0000e+000
4 0 +1.098019797e+001 +6.541019797e+001 +6.541019797e+001 +9.5321e-001 +6.7105e-001 +4.8791e+000
5 0 +3.189178279e+000 +5.761917828e+001 +5.761917828e+001 +3.6808e+000 +8.1518e-001 +3.9152e-001
260 0 +3.049028801e+000 +5.747902880e+001 +5.747902880e+001 -5.0060e+000 +8.0199e-001 +6.7691e-001
807 0 +2.239414396e+000 +5.666941440e+001 +5.666941440e+001 +2.8617e+000 -2.6831e-001 -1.7563e+000
2024 0 +1.524425176e+000 +5.595442518e+001 +5.595442518e+001 +1.9382e+000 +5.6705e-002 -4.4958e+000
3104 0 +1.142228558e+000 +5.557222856e+001 +5.557222856e+001 +1.9195e+000 +3.5368e-002 -5.0000e+000
5580 0 +9.859295150e-001 +5.541592952e+001 +5.541592952e+001 +1.9199e+000 +3.5146e-002 -5.0000e+000
5645 0 +7.286445882e-001 +5.515864459e+001 +5.515864459e+001 +2.0549e+000 +1.4175e-001 -5.0000e+000
6659 0 +5.336169015e-001 +5.496361690e+001 +5.496361690e+001 +2.0543e+000 +1.4119e-001 -5.0000e+000
8782 0 +3.691701917e-001 +5.479917019e+001 +5.479917019e+001 +2.0544e+000 +1.4130e-001 -5.0000e+000
8959 0 +3.278987341e-001 +5.475789873e+001 +5.475789873e+001 +2.0545e+000 +1.4137e-001 -5.0000e+000
9482 0 +3.101444497e-001 +5.474014445e+001 +5.474014445e+001 +2.0545e+000 +1.4134e-001 -5.0000e+000
9682 0 +3.046178525e-001 +5.473461785e+001 +5.473461785e+001 +2.0545e+000 +1.4134e-001 -5.0000e+000
% f evaluations | g evaluations | best noise-free fitness - Fopt (1.396900000000e+002) + sum g_i+ | measured fitness | best measured fitness or single-digit g-values | x1 | x2...
1 0 +3.773127736e+001 +1.774212774e+002 +1.774212774e+002 +0.0000e+000 +0.0000e+000 +0.0000e+000
2 0 +1.715305869e+001 +1.568430587e+002 +1.568430587e+002 -1.3011e+000 +3.9348e+000 -1.1479e+000
3 0 +6.256310800e+000 +1.459463108e+002 +1.459463108e+002 +4.6760e-001 -2.2989e+000 -1.2575e+000
19 0 +5.131572862e+000 +1.448215729e+002 +1.448215729e+002 +1.4571e+000 +5.9625e-001 +4.1219e+000
88 0 +4.548246635e+000 +1.442382466e+002 +1.442382466e+002 +2.4148e+000 -3.9504e+000 +1.4389e+000
166 0 +3.626874764e+000 +1.433168748e+002 +1.433168748e+002 +2.8039e+000 -1.8509e+000 -3.1726e+000
386 0 +1.571628684e+000 +1.412616287e+002 +1.412616287e+002 +2.5691e+000 +2.0509e+000 -2.7464e+000
2586 0 +1.059562606e+000 +1.407495626e+002 +1.407495626e+002 +2.5690e+000 +2.0425e+000 -2.7467e+000
2986 0 +1.044106821e+000 +1.407341068e+002 +1.407341068e+002 +2.5690e+000 +2.0488e+000 -2.7465e+000
3186 0 +1.000283563e+000 +1.406902836e+002 +1.406902836e+002 +2.5690e+000 +2.0443e+000 -2.7466e+000
3486 0 +9.106606639e-001 +1.406006607e+002 +1.406006607e+002 +2.5690e+000 +2.0458e+000 -2.7466e+000
3586 0 +8.343973746e-001 +1.405243974e+002 +1.405243974e+002 +2.5690e+000 +2.0468e+000 -2.7465e+000
3686 0 +8.022558450e-001 +1.404922558e+002 +1.404922558e+002 +2.5690e+000 +2.0473e+000 -2.7465e+000
4186 0 +7.849303748e-001 +1.404749304e+002 +1.404749304e+002 +2.5690e+000 +2.0472e+000 -2.7465e+000
5675 0 +5.577866043e-001 +1.402477866e+002 +1.402477866e+002 +2.5726e+000 +2.0392e+000 -2.7570e+000
6281 0 +5.469047445e-001 +1.402369047e+002 +1.402369047e+002 +2.5726e+000 +2.0402e+000 -2.7559e+000
6292 0 +4.965324427e-001 +1.401865324e+002 +1.401865324e+002 +2.5727e+000 +2.0393e+000 -2.7570e+000
6581 0 +4.746735762e-001 +1.401646736e+002 +1.401646736e+002 +2.5731e+000 +2.0390e+000 -2.7566e+000
6768 0 +3.558638707e-001 +1.400458639e+002 +1.400458639e+002 +2.5748e+000 +2.0381e+000 -2.7591e+000
6812 0 +3.313914418e-001 +1.400213914e+002 +1.400213914e+002 +2.5751e+000 +2.0379e+000 -2.7600e+000
6881 0 +2.963326572e-001 +1.399863327e+002 +1.399863327e+002 +2.5737e+000 +2.0394e+000 -2.7583e+000
6981 0 +2.808564612e-001 +1.399708565e+002 +1.399708565e+002 +2.5743e+000 +2.0391e+000 -2.7592e+000
6986 0 +2.288241903e-001 +1.399188242e+002 +1.399188242e+002 +2.5748e+000 +2.0388e+000 -2.7597e+000
7036 0 +1.825676746e-001 +1.398725677e+002 +1.398725677e+002 +2.5741e+000 +2.0395e+000 -2.7586e+000
7068 0 +1.303775460e-001 +1.398203775e+002 +1.398203775e+002 +2.5743e+000 +2.0395e+000 -2.7586e+000
7092 0 +8.926561079e-002 +1.397792656e+002 +1.397792656e+002 +2.5748e+000 +2.0394e+000 -2.7597e+000
7212 0 +5.923770596e-002 +1.397492377e+002 +1.397492377e+002 +2.5749e+000 +2.0395e+000 -2.7601e+000
7286 0 +3.057524784e-002 +1.397205752e+002 +1.397205752e+002 +2.5748e+000 +2.0396e+000 -2.7596e+000
7336 0 +1.989802703e-002 +1.397098980e+002 +1.397098980e+002 +2.5748e+000 +2.0396e+000 -2.7598e+000
7486 0 +1.280919589e-002 +1.397028092e+002 +1.397028092e+002 +2.5749e+000 +2.0396e+000 -2.7598e+000
7686 0 +1.215891153e-002 +1.397021589e+002 +1.397021589e+002 +2.5749e+000 +2.0396e+000 -2.7598e+000
7881 0 +4.513073802e-003 +1.396945131e+002 +1.396945131e+002 +2.5749e+000 +2.0397e+000 -2.7598e+000
8136 0 +4.403388572e-003 +1.396944034e+002 +1.396944034e+002 +2.5749e+000 +2.0397e+000 -2.7598e+000
8186 0 +1.755162631e-003 +1.396917552e+002 +1.396917552e+002 +2.5749e+000 +2.0397e+000 -2.7598e+000
8736 0 +1.598976697e-003 +1.396915990e+002 +1.396915990e+002 +2.5749e+000 +2.0397e+000 -2.7598e+000
8768 0 +1.171221121e-003 +1.396911712e+002 +1.396911712e+002 +2.5749e+000 +2.0397e+000 -2.7598e+000
9236 0 +1.053284670e-003 +1.396910533e+002 +1.396910533e+002 +2.5749e+000 +2.0397e+000 -2.7598e+000
9681 0 +1.012703276e-003 +1.396910127e+002 +1.396910127e+002 +2.5749e+000 +2.0397e+000 -2.7598e+000
9686 0 +9.648016762e-004 +1.396909648e+002 +1.396909648e+002 +2.5749e+000 +2.0397e+000 -2.7598e+000
9736 0 +9.404232121e-004 +1.396909404e+002 +1.396909404e+002 +2.5749e+000 +2.0397e+000 -2.7598e+000
9768 0 +8.828318326e-004 +1.396908828e+002 +1.396908828e+002 +2.5749e+000 +2.0397e+000 -2.7599e+000
9868 0 +7.495102103e-004 +1.396907495e+002 +1.396907495e+002 +2.5749e+000 +2.0397e+000 -2.7599e+000
9986 0 +6.656979587e-004 +1.396906657e+002 +1.396906657e+002 +2.5749e+000 +2.0397e+000 -2.7598e+000
% f evaluations | g evaluations | best noise-free fitness - Fopt (-5.794000000000e+001) + sum g_i+ | measured fitness | best measured fitness or single-digit g-values | x1 | x2...
1 0 +3.297391708e+001 -2.496608292e+001 -2.496608292e+001 +0.0000e+000 +0.0000e+000 +0.0000e+000
2 0 +1.046082673e+001 -4.747917327e+001 -4.747917327e+001 -4.1677e+000 -8.3640e-001 -2.3389e+000
12 0 +3.952863414e+000 -5.398713659e+001 -5.398713659e+001 +4.1319e-001 +3.6860e-001 +4.4852e+000
233 0 +1.820333960e+000 -5.611966604e+001 -5.611966604e+001 +3.1026e+000 -1.7385e+000 +5.0000e+000
1433 0 +1.662487045e+000 -5.627751296e+001 -5.627751296e+001 +3.1019e+000 -1.7435e+000 +5.0000e+000
2095 0 +1.196089777e+000 -5.674391022e+001 -5.674391022e+001 +3.1038e+000 -1.7430e+000 +4.9983e+000
2822 0 +9.408115854e-001 -5.699918841e+001 -5.699918841e+001 +3.1027e+000 -1.7580e+000 +4.9976e+000
3222 0 +8.671717163e-001 -5.707282828e+001 -5.707282828e+001 +3.1028e+000 -1.7581e+000 +4.9974e+000
3254 0 +6.297268091e-001 -5.731027319e+001 -5.731027319e+001 +3.1029e+000 -1.7543e+000 +4.9977e+000
3322 0 +4.950855163e-001 -5.744491448e+001 -5.744491448e+001 +3.1032e+000 -1.7522e+000 +4.9976e+000
3522 0 +4.255629790e-001 -5.751443702e+001 -5.751443702e+001 +3.1031e+000 -1.7530e+000 +4.9976e+000
5122 0 +4.150270721e-001 -5.752497293e+001 -5.752497293e+001 +3.1031e+000 -1.7531e+000 +4.9976e+000
% f evaluations | g evaluations | best noise-free fitness - Fopt (1.253900000000e+002) + sum g_i+ | measured fitness | best measured fitness or single-digit g-values | x1 | x2...
1 0 +1.694790389e+001 +1.423379039e+002 +1.423379039e+002 +0.0000e+000 +0.0000e+000 +0.0000e+000
14 0 +1.482135855e+001 +1.402113586e+002 +1.402113586e+002 -1.8792e+000 +2.2208e+000 -3.9518e+000
17 0 +5.667014072e+000 +1.310570141e+002 +1.310570141e+002 -1.6001e+000 -3.9295e+000 -2.8478e+000
47 0 +5.451540703e+000 +1.308415407e+002 +1.308415407e+002 -6.8104e-001 +8.6780e-002 +4.5735e+000
132 0 +5.248700473e+000 +1.306387005e+002 +1.306387005e+002 -3.2403e+000 -1.8663e+000 +5.0000e+000
155 0 +4.592653723e+000 +1.299826537e+002 +1.299826537e+002 +3.8162e-001 -1.6306e+000 +5.0000e+000
214 0 +3.962853425e+000 +1.293528534e+002 +1.293528534e+002 -1.0881e+000 +1.0949e+000 -9.7528e-001
308 0 +1.328437389e+000 +1.267184374e+002 +1.267184374e+002 +1.3642e+000 -4.6958e+000 +5.0000e+000
2908 0 +1.256028513e+000 +1.266460285e+002 +1.266460285e+002 +1.3645e+000 -4.6959e+000 +5.0000e+000
3208 0 +1.161352313e+000 +1.265513523e+002 +1.265513523e+002 +1.3644e+000 -4.6959e+000 +5.0000e+000
3764 0 +1.013202910e+000 +1.264032029e+002 +1.264032029e+002 +7.8420e-001 -4.1900e+000 +5.0000e+000
5526 0 +8.538314552e-001 +1.262438315e+002 +1.262438315e+002 +7.8526e-001 -4.1902e+000 +5.0000e+000
5626 0 +7.387236117e-001 +1.261287236e+002 +1.261287236e+002 +7.8514e-001 -4.1902e+000 +5.0000e+000
5726 0 +6.827085617e-001 +1.260727086e+002 +1.260727086e+002 +7.8508e-001 -4.1902e+000 +5.0000e+000
5826 0 +6.537432621e-001 +1.260437433e+002 +1.260437433e+002 +7.8505e-001 -4.1901e+000 +5.0000e+000
5926 0 +6.375490247e-001 +1.260275490e+002 +1.260275490e+002 +7.8503e-001 -4.1901e+000 +5.0000e+000
6026 0 +6.282814966e-001 +1.260182815e+002 +1.260182815e+002 +7.8503e-001 -4.1901e+000 +5.0000e+000
7087 0 +4.378969244e-001 +1.258278969e+002 +1.258278969e+002 +7.8580e-001 -4.1871e+000 +5.0000e+000
7264 0 +3.727364049e-001 +1.257627364e+002 +1.257627364e+002 +7.8576e-001 -4.1874e+000 +5.0000e+000
7826 0 +3.703138013e-001 +1.257603138e+002 +1.257603138e+002 +7.8576e-001 -4.1874e+000 +5.0000e+000
8826 0 +3.606161913e-001 +1.257506162e+002 +1.257506162e+002 +7.8571e-001 -4.1876e+000 +5.0000e+000
