% f evaluations | g evaluations | best noise-free fitness - Fopt (-1.000000000000e+003) + sum g_i+ | measured fitness | best measured fitness or single-digit g-values | x1 | x2...
1 0 +6.394424455e+001 -9.360557554e+002 -9.360557554e+002 +0.0000e+000 +0.0000e+000
2 0 +2.409672438e+001 -9.759032756e+002 -9.759032756e+002 +2.9850e+000 -1.6635e+000
3 0 +2.218690211e+001 -9.778130979e+002 -9.778130979e+002 +4.2734e+000 +3.8062e+000
6 0 +4.214451116e+000 -9.957855489e+002 -9.957855489e+002 +1.8760e+000 -1.8361e+000
8 0 +1.570882755e+000 -9.984291172e+002 -9.984291172e+002 +2.0978e+000 -1.5701e+000
18 0 +1.482862545e+000 -9.985171375e+002 -9.985171375e+002 +2.4328e+000 -1.2670e+000
39 0 +1.432623715e+000 -9.985673763e+002 -9.985673763e+002 +2.7161e+000 -2.6672e+000
125 0 +5.629855575e-001 -9.994370144e+002 -9.994370144e+002 +2.7333e+000 -2.1656e+000
172 0 +5.028196803e-001 -9.994971803e+002 -9.994971803e+002 +1.7397e+000 -2.8722e-001
210 0 +1.161660790e-001 -9.998838339e+002 -9.998838339e+002 +2.2471e+000 -1.1354e+000
229 0 +9.024469390e-002 -9.999097553e+002 -9.999097553e+002 +1.5068e+000 +2.6241e-001
243 0 +1.145645180e-002 -9.999885435e+002 -9.999885435e+002 +1.7608e+000 -1.6199e-001
472 0 +2.276019299e-003 -9.999977240e+002 -9.999977240e+002 +1.5865e+000 +2.7550e-001
572 0 +4.657223332e-004 -9.999995343e+002 -9.999995343e+002 +1.5371e+000 +3.5905e-001
672 0 +1.852146186e-004 -9.999998148e+002 -9.999998148e+002 +1.5124e+000 +4.0083e-001
772 0 +1.087869684e-004 -9.999998912e+002 -9.999998912e+002 +1.5000e+000 +4.2172e-001
872 0 +8.757286969e-005 -9.999999124e+002 -9.999999124e+002 +1.4939e+000 +4.3216e-001
972 0 +7.844692084e-005 -9.999999216e+002 -9.999999216e+002 +1.4908e+000 +4.3739e-001
1072 0 +7.382425133e-005 -9.999999262e+002 -9.999999262e+002 +1.4892e+000 +4.4000e-001
1172 0 +7.148268696e-005 -9.999999285e+002 -9.999999285e+002 +1.4885e+000 +4.4130e-001
1272 0 +7.030537574e-005 -9.999999297e+002 -9.999999297e+002 +1.4881e+000 +4.4196e-001
1486 0 +4.206808160e-005 -9.999999579e+002 -9.999999579e+002 +1.2210e+000 +9.7971e-001
1572 0 +2.593991724e-005 -9.999999741e+002 -9.999999741e+002 +1.4569e+000 +5.0465e-001
1672 0 +1.366140270e-005 -9.999999863e+002 -9.999999863e+002 +1.4414e+000 +5.3575e-001
1716 0 +3.530522008e-008 -1.000000000e+003 -1.000000000e+003 +1.3672e+000 +6.8086e-001
1872 0 +1.210912615e-008 -1.000000000e+003 -1.000000000e+003 +1.3523e+000 +7.1020e-001
2177 0 +1.162538865e-008 -1.000000000e+003 -1.000000000e+003 +1.3429e+000 +7.2959e-001
2287 0 +9.711811799e-009 -1.000000000e+003 -1.000000000e+003 +1.3419e+000 +7.3196e-001
3178 0 +0.000000000e+000 -1.000000000e+003 -1.000000000e+003 +1.3490e+000 +7.1975e-001
% f evaluations | g evaluations | best noise-free fitness - Fopt (1.000000000000e+003) + sum g_i+ | measured fitness | best measured fitness or single-digit g-values | x1 | x2...
1 0 +3.423892705e+001 +1.034238927e+003 +1.034238927e+003 +0.0000e+000 +0.0000e+000
6 0 +2.407345613e+001 +1.024073456e+003 +1.024073456e+003 -9.8657e-001 -1.5944e+000
7 0 +2.782400503e+000 +1.002782401e+003 +1.002782401e+003 +6.4142e-001 +7.4776e-001
44 0 +5.565313198e-001 +1.000556531e+003 +1.000556531e+003 +2.1904e+000 -2.9033e+000
266 0 +3.823242176e-001 +1.000382324e+003 +1.000382324e+003 +5.2492e-001 -1.9536e+000
277 0 +1.791814277e-001 +1.000179181e+003 +1.000179181e+003 +1.3623e+000 -2.4857e+000
400 0 +9.462944956e-005 +1.000000095e+003 +1.000000095e+003 -9.1827e-001 -1.2895e+000
1247 0 +2.504718259e-005 +1.000000025e+003 +1.000000025e+003 -9.2900e-001 -1.2918e+000
1386 0 +1.937206571e-005 +1.000000019e+003 +1.000000019e+003 -8.4102e-001 -1.3447e+000
1447 0 +8.748959885e-006 +1.000000009e+003 +1.000000009e+003 -8.2669e-001 -1.3401e+000
1496 0 +1.540770427e-007 +1.000000000e+003 +1.000000000e+003 -7.3978e-001 -1.3879e+000
1696 0 +4.904654816e-008 +1.000000000e+003 +1.000000000e+003 -7.6098e-001 -1.3797e+000
1772 0 +1.501746283e-008 +1.000000000e+003 +1.000000000e+003 -6.9003e-001 -1.4167e+000
1812 0 +1.176636033e-008 +1.000000000e+003 +1.000000000e+003 -7.3563e-001 -1.3932e+000
2227 0 +1.401758709e-010 +1.000000000e+003 +1.000000000e+003 -7.1138e-001 -1.4042e+000
3221 0 +0.000000000e+000 +1.000000000e+003 +1.000000000e+003 -7.1434e-001 -1.4032e+000
% f evaluations | g evaluations | best noise-free fitness - Fopt (-4.913000000000e+001) + sum g_i+ | measured fitness | best measured fitness or single-digit g-values | x1 | x2...
1 0 +5.958288784e+001 +1.045288784e+001 +1.045288784e+001 +0.0000e+000 +0.0000e+000
2 0 +6.911624234e+000 -4.221837577e+001 -4.221837577e+001 +3.0625e+000 -1.4347e+000
3 0 +4.496435963e-002 -4.908503564e+001 -4.908503564e+001 +4.2870e+000 +4.0497e+000
100 0 +2.303802276e-002 -4.910696198e+001 -4.910696198e+001 +3.5267e+000 +2.1076e+000
310 0 +3.066361509e-003 -4.912693364e+001 -4.912693364e+001 +3.4946e+000 +1.9172e+000
556 0 +9.314029596e-004 -4.912906860e+001 -4.912906860e+001 +3.6427e+000 +2.3642e+000
637 0 +3.504985892e-004 -4.912964950e+001 -4.912964950e+001 +3.9117e+000 +3.0392e+000
707 0 +4.110060743e-006 -4.912999589e+001 -4.912999589e+001 +3.7845e+000 +2.7197e+000
1307 0 +3.001939525e-006 -4.912999700e+001 -4.912999700e+001 +3.7844e+000 +2.7186e+000
1380 0 +1.546345985e-007 -4.912999985e+001 -4.912999985e+001 +3.7836e+000 +2.7048e+000
1780 0 +5.080020316e-008 -4.912999995e+001 -4.912999995e+001 +3.7636e+000 +2.6539e+000
1907 0 +6.572520306e-012 -4.913000000e+001 -4.913000000e+001 +3.7622e+000 +2.6451e+000
3364 0 +0.000000000e+000 -4.913000000e+001 -4.913000000e+001 +3.7602e+000 +2.6395e+000
% f evaluations | g evaluations | best noise-free fitness - Fopt (2.977300000000e+002) + sum g_i+ | measured fitness | best measured fitness or single-digit g-values | x1 | x2...
1 0 +4.220170774e+001 +3.399317077e+002 +3.399317077e+002 +0.0000e+000 +0.0000e+000
2 0 +1.175467886e+001 +3.094846789e+002 +3.094846789e+002 +2.1460e+000 -3.4857e-001
4 0 +6.109176601e+000 +3.038391766e+002 +3.038391766e+002 +3.2766e+000 -4.8148e-002
13 0 +2.832843389e+000 +3.005628434e+002 +3.005628434e+002 +7.7813e-001 +2.1233e+000
36 0 +2.518463290e+000 +3.002484633e+002 +3.002484633e+002 -3.1493e+000 +1.0173e+000
41 0 +4.929354453e-001 +2.982229354e+002 +2.982229354e+002 -4.7874e+000 +2.5614e-001
406 0 +3.749196855e-001 +2.981049197e+002 +2.981049197e+002 -5.3138e+000 +2.5381e-001
416 0 +1.094434868e-001 +2.978394435e+002 +2.978394435e+002 -4.1902e+000 +6.0062e-001
451 0 +5.494756172e-002 +2.977849476e+002 +2.977849476e+002 -2.4413e+000 +1.1098e+000
541 0 +1.878231940e-002 +2.977487823e+002 +2.977487823e+002 -3.5773e+000 +7.6853e-001
612 0 +1.810103017e-002 +2.977481010e+002 +2.977481010e+002 -3.5952e+000 +7.6267e-001
619 0 +1.268849521e-004 +2.977301269e+002 +2.977301269e+002 -3.7566e+000 +6.8133e-001
1103 0 +9.809708786e-006 +2.977300098e+002 +2.977300098e+002 -3.7337e+000 +6.6937e-001
1171 0 +1.482646894e-009 +2.977300000e+002 +2.977300000e+002 -3.7619e+000 +6.6719e-001
3432 0 +0.000000000e+000 +2.977300000e+002 +2.977300000e+002 -3.7834e+000 +6.6059e-001
% f evaluations | g evaluations | best noise-free fitness - Fopt (5.157000000000e+001) + sum g_i+ | measured fitness | best measured fitness or single-digit g-values | x1 | x2...
1 0 +6.902155869e+001 +1.205915587e+002 +1.205915587e+002 +0.0000e+000 +0.0000e+000
2 0 +1.627481490e+001 +6.784481490e+001 +6.784481490e+001 +8.8125e-001 +4.5810e+000
3 0 +1.365532269e+001 +6.522532269e+001 +6.522532269e+001 +1.0882e+000 +2.3391e+000
12 0 +7.743353869e-001 +5.234433539e+001 +5.234433539e+001 -9.2292e-001 +2.6541e+000
119 0 +3.548597608e-001 +5.192485976e+001 +5.192485976e+001 +4.4973e+000 +1.8716e-001
329 0 +1.458421014e-001 +5.171584210e+001 +5.171584210e+001 +4.0914e+000 +3.6326e-001
401 0 +3.357619763e-003 +5.157335762e+001 +5.157335762e+001 +1.8746e+000 +1.3953e+000
719 0 +8.352646371e-004 +5.157083526e+001 +5.157083526e+001 +1.6984e+000 +1.4607e+000
824 0 +7.739722492e-004 +5.157077397e+001 +5.157077397e+001 +1.5571e+000 +1.5115e+000
919 0 +6.608636625e-006 +5.157000661e+001 +5.157000661e+001 +2.2350e+000 +1.2060e+000
1134 0 +8.650678041e-008 +5.157000009e+001 +5.157000009e+001 +2.1263e+000 +1.2572e+000
1526 0 +6.555374910e-009 +5.157000001e+001 +5.157000001e+001 +2.0480e+000 +1.2912e+000
4018 0 +0.000000000e+000 +5.157000000e+001 +5.157000000e+001 +2.0765e+000 +1.2783e+000
% f evaluations | g evaluations | best noise-free fitness - Fopt (1.527100000000e+002) + sum g_i+ | measured fitness | best measured fitness or single-digit g-values | x1 | x2...
1 0 +3.533242080e+001 +1.880424208e+002 +1.880424208e+002 +0.0000e+000 +0.0000e+000
4 0 +3.951825840e-003 +1.527139518e+002 +1.527139518e+002 -2.2716e+000 -1.9991e+000
639 0 +3.407839601e-003 +1.527134078e+002 +1.527134078e+002 -2.4015e+000 -1.9332e+000
672 0 +3.342517539e-005 +1.527100334e+002 +1.527100334e+002 -3.2630e+000 -1.4495e+000
980 0 +7.048850563e-006 +1.527100070e+002 +1.527100070e+002 -3.2415e+000 -1.4680e+000
1472 0 +6.868787665e-006 +1.527100069e+002 +1.527100069e+002 -3.2179e+000 -1.4769e+000
1608 0 +6.752740973e-006 +1.527100068e+002 +1.527100068e+002 -3.2050e+000 -1.4832e+000
1672 0 +6.564785537e-006 +1.527100066e+002 +1.527100066e+002 -3.2249e+000 -1.4745e+000
1840 0 +7.396487547e-007 +1.527100007e+002 +1.527100007e+002 -3.0691e+000 -1.5570e+000
1904 0 +2.904695862e-008 +1.527100000e+002 +1.527100000e+002 -3.0369e+000 -1.5788e+000
2072 0 +1.130936766e-008 +1.527100000e+002 +1.527100000e+002 -3.0991e+000 -1.5438e+000
2362 0 +3.701586593e-009 +1.527100000e+002 +1.527100000e+002 -3.0488e+000 -1.5719e+000
3768 0 +0.000000000e+000 +1.527100000e+002 +1.527100000e+002 -3.0737e+000 -1.5583e+000
% f evaluations | g evaluations | best noise-free fitness - Fopt (9.980000000000e+001) + sum g_i+ | measured fitness | best measured fitness or single-digit g-values | x1 | x2...
1 0 +8.044342532e+000 +1.078443425e+002 +1.078443425e+002 +0.0000e+000 +0.0000e+000
3 0 +7.850285727e+000 +1.076502857e+002 +1.076502857e+002 +4.7234e+000 +2.7607e+000
10 0 +5.415827227e+000 +1.052158272e+002 +1.052158272e+002 +3.5004e+000 +3.4064e+000
20 0 +2.036447564e+000 +1.018364476e+002 +1.018364476e+002 -3.5617e+000 +4.3988e+000
44 0 +1.049846741e-003 +9.980104985e+001 +9.980104985e+001 -2.4985e+000 -1.8784e-001
281 0 +3.345211533e-004 +9.980033452e+001 +9.980033452e+001 -1.8837e+000 +1.2380e-001
644 0 +5.750370022e-006 +9.980000575e+001 +9.980000575e+001 -2.2450e+000 -4.5609e-002
1215 0 +3.468981475e-006 +9.980000347e+001 +9.980000347e+001 -2.2671e+000 -6.6560e-002
1234 0 +4.354432264e-007 +9.980000044e+001 +9.980000044e+001 -2.1981e+000 -2.7114e-002
1332 0 +2.750293788e-007 +9.980000028e+001 +9.980000028e+001 -2.1608e+000 -1.2496e-002
1333 0 +2.565509618e-007 +9.980000026e+001 +9.980000026e+001 -2.1769e+000 -1.8572e-002
1355 0 +1.391416049e-008 +9.980000001e+001 +9.980000001e+001 -2.2693e+000 -6.2833e-002
2033 0 +3.384457159e-010 +9.980000000e+001 +9.980000000e+001 -2.2476e+000 -5.2625e-002
2949 0 +0.000000000e+000 +9.980000000e+001 +9.980000000e+001 -2.2333e+000 -4.6029e-002
% f evaluations | g evaluations | best noise-free fitness - Fopt (-1.194100000000e+002) + sum g_i+ | measured fitness | best measured fitness or single-digit g-values | x1 | x2...
1 0 +3.420352429e+000 -1.159896476e+002 -1.159896476e+002 +0.0000e+000 +0.0000e+000
3 0 +2.964076039e+000 -1.164459240e+002 -1.164459240e+002 -3.5357e+000 -3.0742e+000
15 0 +5.045297943e-001 -1.189054702e+002 -1.189054702e+002 +1.2727e-001 +5.7341e-001
180 0 +2.729275407e-001 -1.191370725e+002 -1.191370725e+002 -1.3589e+000 +3.7793e-001
253 0 +2.454678415e-001 -1.191645322e+002 -1.191645322e+002 -9.8392e-001 +5.9141e-001
292 0 +1.504615152e-001 -1.192595385e+002 -1.192595385e+002 -3.0513e+000 +2.7658e-001
486 0 +1.477028270e-001 -1.192622972e+002 -1.192622972e+002 -3.2223e+000 +1.6953e-001
543 0 +5.871613945e-002 -1.193512839e+002 -1.193512839e+002 -2.3038e+000 +3.7730e-001
600 0 +4.238681615e-002 -1.193676132e+002 -1.193676132e+002 -2.8747e+000 +2.5346e-001
633 0 +1.411069764e-002 -1.193958893e+002 -1.193958893e+002 -1.7892e+000 +3.6677e-001
658 0 +3.890601406e-003 -1.194061094e+002 -1.194061094e+002 -1.0626e+000 +5.2910e-001
673 0 +1.837237642e-004 -1.194098163e+002 -1.194098163e+002 -1.6414e+000 +4.2755e-001
879 0 +9.076072615e-006 -1.194099909e+002 -1.194099909e+002 -1.4488e+000 +4.5121e-001
1143 0 +8.521473006e-006 -1.194099915e+002 -1.194099915e+002 -1.4688e+000 +4.4371e-001
1353 0 +8.105194411e-006 -1.194099919e+002 -1.194099919e+002 -1.3688e+000 +4.5320e-001
1433 0 +1.652320819e-006 -1.194099983e+002 -1.194099983e+002 -1.3061e+000 +4.7130e-001
1624 0 +4.059022274e-007 -1.194099996e+002 -1.194099996e+002 -1.2070e+000 +4.8259e-001
1640 0 +1.848529649e-007 -1.194099998e+002 -1.194099998e+002 -1.2325e+000 +4.7919e-001
1782 0 +5.265728475e-008 -1.194099999e+002 -1.194099999e+002 -1.2940e+000 +4.7061e-001
1837 0 +9.863285300e-009 -1.194100000e+002 -1.194100000e+002 -1.2802e+000 +4.7189e-001
3633 0 +0.000000000e+000 -1.194100000e+002 -1.194100000e+002 -1.2762e+000 +4.7136e-001
% f evaluations | g evaluations | best noise-free fitness - Fopt (1.077000000000e+001) + sum g_i+ | measured fitness | best measured fitness or single-digit g-values | x1 | x2...
1 0 +2.073428807e+000 +1.284342881e+001 +1.284342881e+001 +0.0000e+000 +0.0000e+000
34 0 +1.609658054e-001 +1.093096581e+001 +1.093096581e+001 +3.5687e-001 -2.9788e+000
222 0 +1.356135526e-001 +1.090561355e+001 +1.090561355e+001 +3.6394e-001 -2.9845e+000
455 0 +1.128333693e-001 +1.088283337e+001 +1.088283337e+001 +1.0557e+000 -2.1893e+000
510 0 +1.368150376e-002 +1.078368150e+001 +1.078368150e+001 +1.2799e+000 -2.0728e+000
519 0 +3.479277295e-003 +1.077347928e+001 +1.077347928e+001 +1.4210e+000 -1.8456e+000
741 0 +6.867098867e-005 +1.077006867e+001 +1.077006867e+001 +1.6483e+000 -1.6420e+000
1002 0 +8.528797522e-006 +1.077000853e+001 +1.077000853e+001 +1.6706e+000 -1.6117e+000
1302 0 +2.275815749e-007 +1.077000023e+001 +1.077000023e+001 +1.7241e+000 -1.5489e+000
1602 0 +1.299561418e-007 +1.077000013e+001 +1.077000013e+001 +1.7302e+000 -1.5417e+000
1743 0 +3.088272571e-008 +1.077000003e+001 +1.077000003e+001 +1.7458e+000 -1.5234e+000
1843 0 +1.683936368e-008 +1.077000002e+001 +1.077000002e+001 +1.7597e+000 -1.5075e+000
2102 0 +1.158963059e-008 +1.077000001e+001 +1.077000001e+001 +1.7553e+000 -1.5128e+000
2243 0 +6.084661663e-009 +1.077000001e+001 +1.077000001e+001 +1.7590e+000 -1.5088e+000
2502 0 +0.000000000e+000 +1.077000000e+001 +1.077000000e+001 +1.7745e+000 -1.4931e+000
% f evaluations | g evaluations | best noise-free fitness - Fopt (2.137000000000e+001) + sum g_i+ | measured fitness | best measured fitness or single-digit g-values | x1 | x2...
1 0 +2.540786096e+000 +2.391078610e+001 +2.391078610e+001 +0.0000e+000 +0.0000e+000
20 0 +9.660868400e-003 +2.137966087e+001 +2.137966087e+001 +2.9214e+000 +2.9671e+000
93 0 +2.602591446e-004 +2.137026026e+001 +2.137026026e+001 +2.5015e+000 +2.5389e+000
546 0 +2.613127662e-005 +2.137002613e+001 +2.137002613e+001 +2.5269e+000 +2.5403e+000
751 0 +2.040050770e-006 +2.137000204e+001 +2.137000204e+001 +2.7686e+000 +2.7732e+000
788 0 +1.126165117e-008 +2.137000001e+001 +2.137000001e+001 +2.6893e+000 +2.6993e+000
1721 0 +1.288814389e-009 +2.137000000e+001 +2.137000000e+001 +2.6749e+000 +2.6862e+000
3250 0 +0.000000000e+000 +2.137000000e+001 +2.137000000e+001 +2.6808e+000 +2.6926e+000
% f evaluations | g evaluations | best noise-free fitness - Fopt (1.673000000000e+001) + sum g_i+ | measured fitness | best measured fitness or single-digit g-values | x1 | x2...
1 0 +6.532658182e+001 +8.205658182e+001 +8.205658182e+001 +0.0000e+000 +0.0000e+000
2 0 +5.273176489e+001 +6.946176489e+001 +6.946176489e+001 +4.1183e+000 -3.5847e+000
3 0 +4.413360778e+001 +6.086360778e+001 +6.086360778e+001 +3.2976e+000 -5.2060e-002
5 0 +6.726112994e+000 +2.345611299e+001 +2.345611299e+001 -3.4250e+000 -2.9162e+000
18 0 +5.769328565e+000 +2.249932857e+001 +2.249932857e+001 -2.9824e+000 -3.1977e+000
25 0 +2.777305607e+000 +1.950730561e+001 +1.950730561e+001 -3.0941e+000 +9.5075e-001
66 0 +1.760092373e-004 +1.673017601e+001 +1.673017601e+001 -1.0062e+000 -2.0000e+000
474 0 +1.015175685e-004 +1.673010152e+001 +1.673010152e+001 -1.0088e+000 -1.9916e+000
862 0 +4.404767753e-005 +1.673004405e+001 +1.673004405e+001 -1.3046e+000 -1.7010e+000
974 0 +2.396646050e-005 +1.673002397e+001 +1.673002397e+001 -1.0852e+000 -1.9095e+000
1182 0 +3.887006624e-006 +1.673000389e+001 +1.673000389e+001 -1.1770e+000 -1.8226e+000
1218 0 +1.028877058e-006 +1.673000103e+001 +1.673000103e+001 -1.1792e+000 -1.8136e+000
1493 0 +3.515261078e-007 +1.673000035e+001 +1.673000035e+001 -1.2326e+000 -1.7575e+000
1741 0 +4.708710577e-008 +1.673000005e+001 +1.673000005e+001 -1.2174e+000 -1.7771e+000
1993 0 +1.268216465e-008 +1.673000001e+001 +1.673000001e+001 -1.2520e+000 -1.7397e+000
2118 0 +3.060627307e-010 +1.673000000e+001 +1.673000000e+001 -1.2627e+000 -1.7305e+000
4166 0 +0.000000000e+000 +1.673000000e+001 +1.673000000e+001 -1.2532e+000 -1.7403e+000
% f evaluations | g evaluations | best noise-free fitness - Fopt (1.000000000000e+003) + sum g_i+ | measured fitness | best measured fitness or single-digit g-values | x1 | x2...
1 0 +5.113384207e+001 +1.051133842e+003 +1.051133842e+003 +0.0000e+000 +0.0000e+000
2 0 +1.984371183e+000 +1.001984371e+003 +1.001984371e+003 -1.3212e+000 -3.3747e+000
6 0 +7.431157827e-001 +1.000743116e+003 +1.000743116e+003 +3.9967e+000 -4.5209e+000
276 0 +5.005578936e-001 +1.000500558e+003 +1.000500558e+003 -4.3117e+000 -2.4808e+000
315 0 +3.551221897e-002 +1.000035512e+003 +1.000035512e+003 -2.3064e-001 -3.8719e+000
549 0 +3.645950354e-003 +1.000003646e+003 +1.000003646e+003 -1.3054e+000 -3.5488e+000
856 0 +2.551530708e-003 +1.000002552e+003 +1.000002552e+003 -2.1840e+000 -3.2127e+000
995 0 +2.117605464e-004 +1.000000212e+003 +1.000000212e+003 -1.9554e+000 -3.2966e+000
1042 0 +1.317905469e-005 +1.000000013e+003 +1.000000013e+003 -1.5757e+000 -3.4391e+000
1395 0 +3.334333883e-006 +1.000000003e+003 +1.000000003e+003 -1.6211e+000 -3.4226e+000
1495 0 +5.232717513e-007 +1.000000001e+003 +1.000000001e+003 -1.7446e+000 -3.3793e+000
1667 0 +8.150641406e-008 +1.000000000e+003 +1.000000000e+003 -1.6881e+000 -3.3937e+000
1795 0 +5.466256425e-008 +1.000000000e+003 +1.000000000e+003 -1.6323e+000 -3.4151e+000
1967 0 +1.474177225e-009 +1.000000000e+003 +1.000000000e+003 -1.6593e+000 -3.4053e+000
2987 0 +0.000000000e+000 +1.000000000e+003 +1.000000000e+003 -1.6805e+000 -3.3983e+000
% f evaluations | g evaluations | best noise-free fitness - Fopt (-1.079600000000e+002) + sum g_i+ | measured fitness | best measured fitness or single-digit g-values | x1 | x2...
1 0 +6.753927673e+001 -4.042072327e+001 -4.042072327e+001 +0.0000e+000 +0.0000e+000
2 0 +3.903739606e+001 -6.892260394e+001 -6.892260394e+001 +4.0219e+000 -2.2234e+000
3 0 +2.216156909e+001 -8.579843091e+001 -8.579843091e+001 -8.9047e-001 -3.7968e+000
7 0 +2.056398710e+000 -1.059036013e+002 -1.059036013e+002 +2.5049e+000 -1.5669e+000
48 0 +1.967703963e+000 -1.059922960e+002 -1.059922960e+002 -7.9921e-001 +9.8960e-001
65 0 +1.353461189e-001 -1.078246539e+002 -1.078246539e+002 +7.5945e-001 +8.5467e-001
213 0 +2.861155323e-002 -1.079313884e+002 -1.079313884e+002 +3.5373e-001 +8.8660e-001
368 0 +1.978512883e-002 -1.079402149e+002 -1.079402149e+002 -1.4670e-001 +1.0286e+000
403 0 +3.898915928e-003 -1.079561011e+002 -1.079561011e+002 -6.4332e-001 +1.1221e+000
412 0 +4.638473001e-004 -1.079595362e+002 -1.079595362e+002 -8.5638e-001 +1.1227e+000
654 0 +1.029401551e-004 -1.079598971e+002 -1.079598971e+002 -1.3172e+000 +1.2380e+000
948 0 +9.887203731e-007 -1.079599990e+002 -1.079599990e+002 -1.0640e+000 +1.1831e+000
1132 0 +5.260912417e-008 -1.079599999e+002 -1.079599999e+002 -1.1128e+000 +1.1896e+000
1452 0 +3.068407750e-010 -1.079600000e+002 -1.079600000e+002 -1.0706e+000 +1.1806e+000
3508 0 +0.000000000e+000 -1.079600000e+002 -1.079600000e+002 -1.0591e+000 +1.1786e+000
% f evaluations | g evaluations | best noise-free fitness - Fopt (-3.025900000000e+002) + sum g_i+ | measured fitness | best measured fitness or single-digit g-values | x1 | x2...
1 0 +1.823811883e+001 -2.843518812e+002 -2.843518812e+002 +0.0000e+000 +0.0000e+000
3 0 +1.408719327e+001 -2.885028067e+002 -2.885028067e+002 -1.8224e+000 -4.7456e+000
4 0 +1.146023024e-001 -3.024753977e+002 -3.024753977e+002 +1.1886e+000 -1.3945e+000
27 0 +8.050469022e-002 -3.025094953e+002 -3.025094953e+002 +1.1464e+000 -1.3260e+000
242 0 +2.394155365e-002 -3.025660584e+002 -3.025660584e+002 +8.8325e-001 -9.5014e-001
517 0 +4.236435003e-004 -3.025895764e+002 -3.025895764e+002 +5.1054e-001 -1.9272e-001
554 0 +3.219581428e-004 -3.025896780e+002 -3.025896780e+002 +6.2108e-001 -3.6654e-001
813 0 +1.940271659e-007 -3.025899998e+002 -3.025899998e+002 +3.7494e-001 +1.0396e-001
852 0 +7.734541896e-008 -3.025899999e+002 -3.025899999e+002 +4.2819e-001 -3.9046e-003
1418 0 +5.101031775e-008 -3.025899999e+002 -3.025899999e+002 +4.2945e-001 -2.6129e-003
1752 0 +7.428980098e-009 -3.025900000e+002 -3.025900000e+002 +4.1108e-001 +3.3797e-002
3317 0 +0.000000000e+000 -3.025900000e+002 -3.025900000e+002 +4.0626e-001 +4.1118e-002
% f evaluations | g evaluations | best noise-free fitness - Fopt (-3.065500000000e+002) + sum g_i+ | measured fitness | best measured fitness or single-digit g-values | x1 | x2...
1 0 +8.077939199e+000 -2.984720608e+002 -2.984720608e+002 +0.0000e+000 +0.0000e+000
12 0 +2.289931590e+000 -3.042600684e+002 -3.042600684e+002 -7.9442e-001 +3.2848e-002
84 0 +5.555239821e-001 -3.059944760e+002 -3.059944760e+002 -6.6243e-001 -4.6803e+000
439 0 +6.575740786e-003 -3.065434243e+002 -3.065434243e+002 -2.6309e+000 -3.9958e+000
587 0 +4.156344717e-003 -3.065458437e+002 -3.065458437e+002 -3.0473e+000 -3.8434e+000
639 0 +1.171098778e-003 -3.065488289e+002 -3.065488289e+002 -2.9487e+000 -3.8689e+000
742 0 +5.029285606e-004 -3.065494971e+002 -3.065494971e+002 -2.9776e+000 -3.8508e+000
793 0 +5.553458607e-006 -3.065499944e+002 -3.065499944e+002 -3.4879e+000 -3.6400e+000
993 0 +3.392229871e-006 -3.065499966e+002 -3.065499966e+002 -3.4715e+000 -3.6464e+000
1145 0 +6.970133200e-007 -3.065499993e+002 -3.065499993e+002 -3.3329e+000 -3.7005e+000
1593 0 +4.619049605e-007 -3.065499995e+002 -3.065499995e+002 -3.3554e+000 -3.6919e+000
1693 0 +3.710654823e-007 -3.065499996e+002 -3.065499996e+002 -3.3512e+000 -3.6938e+000
1793 0 +3.266765702e-007 -3.065499997e+002 -3.065499997e+002 -3.3491e+000 -3.6947e+000
1806 0 +4.942006626e-008 -3.065500000e+002 -3.065500000e+002 -3.4071e+000 -3.6765e+000
1943 0 +8.799361240e-011 -3.065500000e+002 -3.065500000e+002 -3.3846e+000 -3.6840e+000
2543 0 +0.000000000e+000 -3.065500000e+002 -3.065500000e+002 -3.3771e+000 -3.6866e+000
