% f evaluations | g evaluations | best noise-free fitness - Fopt (-1.000000000000e+003) + sum g_i+ | measured fitness | best measured fitness or single-digit g-values | x1 | x2...
1 0 +6.394424455e+001 -9.360557554e+002 -9.360557554e+002 +0.0000e+000 +0.0000e+000
2 0 +4.111528309e+000 -9.958884717e+002 -9.958884717e+002 +2.3213e+000 -3.5641e+000
3 0 +3.060486904e+000 -9.969395131e+002 -9.969395131e+002 +1.4746e+000 -3.9374e+000
18 0 +2.056962138e+000 -9.979430379e+002 -9.979430379e+002 -1.9354e+000 -4.1866e+000
43 0 +1.987906212e+000 -9.980120938e+002 -9.980120938e+002 +2.7377e+000 -3.0106e+000
247 0 +1.732610174e+000 -9.982673898e+002 -9.982673898e+002 +8.1554e-002 +3.0938e+000
349 0 +1.401196774e+000 -9.985988032e+002 -9.985988032e+002 +1.3707e+000 +4.0020e-001
682 0 +1.293564824e-002 -9.999870644e+002 -9.999870644e+002 +1.8004e+000 -2.3734e-001
2592 0 +3.932988915e-003 -9.999960670e+002 -9.999960670e+002 +1.5799e+000 +3.0575e-001
3984 0 +2.010348734e-003 -9.999979897e+002 -9.999979897e+002 +1.6771e+000 +4.9978e-002
4051 0 +1.230731300e-006 -9.999999988e+002 -9.999999988e+002 +1.3014e+000 +8.1385e-001
% f evaluations | g evaluations | best noise-free fitness - Fopt (1.000000000000e+003) + sum g_i+ | measured fitness | best measured fitness or single-digit g-values | x1 | x2...
1 0 +3.423892705e+001 +1.034238927e+003 +1.034238927e+003 +0.0000e+000 +0.0000e+000
4 0 +2.608755452e+000 +1.002608755e+003 +1.002608755e+003 -1.9654e+000 -3.0197e-002
29 0 +1.613207799e+000 +1.001613208e+003 +1.001613208e+003 -3.9672e+000 +3.1341e-001
31 0 +1.179116947e+000 +1.001179117e+003 +1.001179117e+003 -3.7896e+000 +2.2052e-001
46 0 +7.878578746e-001 +1.000787858e+003 +1.000787858e+003 -3.3715e+000 -3.6992e+000
71 0 +4.783751287e-001 +1.000478375e+003 +1.000478375e+003 -3.1956e+000 -1.6629e-001
330 0 +7.718549148e-003 +1.000007719e+003 +1.000007719e+003 -1.0922e-001 -1.7411e+000
657 0 +1.914353381e-003 +1.000001914e+003 +1.000001914e+003 -1.3669e+000 -1.0658e+000
3921 0 +8.818084301e-004 +1.000000882e+003 +1.000000882e+003 -1.2247e+000 -1.1493e+000
4105 0 +2.414419976e-004 +1.000000241e+003 +1.000000241e+003 -9.3759e-001 -1.3021e+000
6596 0 +7.826353738e-005 +1.000000078e+003 +1.000000078e+003 -8.4396e-001 -1.3263e+000
7296 0 +7.117728273e-006 +1.000000007e+003 +1.000000007e+003 -8.8019e-001 -1.3166e+000
% f evaluations | g evaluations | best noise-free fitness - Fopt (-4.913000000000e+001) + sum g_i+ | measured fitness | best measured fitness or single-digit g-values | x1 | x2...
1 0 +5.958288784e+001 +1.045288784e+001 +1.045288784e+001 +0.0000e+000 +0.0000e+000
2 0 +1.245831233e+001 -3.667168767e+001 -3.667168767e+001 +4.2399e+000 +4.6576e+000
4 0 +2.032320630e+000 -4.709767937e+001 -4.709767937e+001 +2.4449e+000 -2.9017e+000
40 0 +1.575472152e+000 -4.755452785e+001 -4.755452785e+001 +1.1520e+000 -2.2770e+000
246 0 +1.221258746e+000 -4.790874125e+001 -4.790874125e+001 +2.9214e+000 +5.2555e-002
421 0 +1.736527391e-001 -4.895634726e+001 -4.895634726e+001 +3.0855e+000 +6.4823e-001
487 0 +1.223406915e-002 -4.911776593e+001 -4.911776593e+001 +4.0317e+000 +3.4676e+000
717 0 +9.407144511e-003 -4.912059286e+001 -4.912059286e+001 +4.0673e+000 +3.4348e+000
1115 0 +1.187626794e-003 -4.912881237e+001 -4.912881237e+001 +3.7693e+000 +2.6001e+000
1332 0 +1.013575501e-003 -4.912898642e+001 -4.912898642e+001 +3.5643e+000 +2.0665e+000
4017 0 +8.546145319e-004 -4.912914539e+001 -4.912914539e+001 +3.6805e+000 +2.3677e+000
5571 0 +8.733101556e-005 -4.912991267e+001 -4.912991267e+001 +3.7339e+000 +2.5976e+000
6984 0 +6.204577283e-005 -4.912993795e+001 -4.912993795e+001 +3.8654e+000 +2.9343e+000
7313 0 +7.728729386e-006 -4.912999227e+001 -4.912999227e+001 +3.7076e+000 +2.4826e+000
7671 0 +1.893996746e-006 -4.912999811e+001 -4.912999811e+001 +3.7780e+000 +2.6767e+000
% f evaluations | g evaluations | best noise-free fitness - Fopt (2.977300000000e+002) + sum g_i+ | measured fitness | best measured fitness or single-digit g-values | x1 | x2...
1 0 +4.220170774e+001 +3.399317077e+002 +3.399317077e+002 +0.0000e+000 +0.0000e+000
2 0 +3.654488792e+001 +3.342748879e+002 +3.342748879e+002 -3.3914e+000 +2.3706e+000
5 0 +1.035678070e+001 +3.080867807e+002 +3.080867807e+002 -4.1805e+000 -1.1138e+000
20 0 +6.213873362e+000 +3.039438734e+002 +3.039438734e+002 +1.8178e-001 +2.7109e+000
29 0 +2.253936652e+000 +2.999839367e+002 +2.999839367e+002 -4.3431e+000 -4.9171e+000
69 0 +2.129287376e+000 +2.998592874e+002 +2.998592874e+002 -4.1721e+000 -4.1702e+000
150 0 +2.087386157e+000 +2.998173862e+002 +2.998173862e+002 -4.8305e+000 -5.0000e+000
226 0 +4.423603727e-001 +2.981723604e+002 +2.981723604e+002 -3.9749e+000 +6.9474e-001
686 0 +2.367007095e-002 +2.977536701e+002 +2.977536701e+002 -3.7686e+000 +6.1820e-001
808 0 +1.422121030e-002 +2.977442212e+002 +2.977442212e+002 -2.7365e+000 +9.6717e-001
1138 0 +6.594536414e-004 +2.977306595e+002 +2.977306595e+002 -3.7184e+000 +6.9883e-001
1811 0 +3.992275219e-004 +2.977303992e+002 +2.977303992e+002 -3.6310e+000 +7.2372e-001
3358 0 +3.164823369e-005 +2.977300316e+002 +2.977300316e+002 -3.6780e+000 +6.8489e-001
3801 0 +1.665937759e-006 +2.977300017e+002 +2.977300017e+002 -3.6673e+000 +6.9495e-001
5506 0 +4.569324688e-007 +2.977300005e+002 +2.977300005e+002 -3.7301e+000 +6.7956e-001
7100 0 +4.259359798e-007 +2.977300004e+002 +2.977300004e+002 -3.7290e+000 +6.7978e-001
% f evaluations | g evaluations | best noise-free fitness - Fopt (5.157000000000e+001) + sum g_i+ | measured fitness | best measured fitness or single-digit g-values | x1 | x2...
1 0 +6.902155869e+001 +1.205915587e+002 +1.205915587e+002 +0.0000e+000 +0.0000e+000
2 0 +3.218668469e+001 +8.375668469e+001 +8.375668469e+001 +8.1022e-001 -2.3361e+000
3 0 +2.968335527e+001 +8.125335527e+001 +8.125335527e+001 +2.2352e+000 +3.8671e+000
5 0 +1.200255457e+001 +6.357255457e+001 +6.357255457e+001 +3.1348e-001 +2.3098e+000
14 0 +3.780565801e+000 +5.535056580e+001 +5.535056580e+001 -2.0944e+000 +2.2088e+000
26 0 +3.270367170e+000 +5.484036717e+001 +5.484036717e+001 +6.8418e-001 +7.9907e-001
50 0 +3.488987781e-004 +5.157034890e+001 +5.157034890e+001 +2.3088e+000 +1.1605e+000
770 0 +2.921833850e-005 +5.157002922e+001 +5.157002922e+001 +2.2215e+000 +1.2214e+000
4715 0 +1.208627474e-006 +5.157000121e+001 +5.157000121e+001 +2.1803e+000 +1.2318e+000
% f evaluations | g evaluations | best noise-free fitness - Fopt (1.527100000000e+002) + sum g_i+ | measured fitness | best measured fitness or single-digit g-values | x1 | x2...
1 0 +3.533242080e+001 +1.880424208e+002 +1.880424208e+002 +0.0000e+000 +0.0000e+000
8 0 +7.984649479e+000 +1.606946495e+002 +1.606946495e+002 +2.3774e+000 -3.7240e+000
10 0 +1.984002212e+000 +1.546940022e+002 +1.546940022e+002 -6.6723e-001 -3.7060e+000
310 0 +8.685378625e-001 +1.535785379e+002 +1.535785379e+002 -7.7128e-001 -3.9100e+000
312 0 +4.728842211e-001 +1.531828842e+002 +1.531828842e+002 -1.0389e+000 -2.7230e+000
773 0 +2.365218542e-001 +1.529465219e+002 +1.529465219e+002 -1.0704e+000 -2.6036e+000
940 0 +3.991061132e-002 +1.527499106e+002 +1.527499106e+002 -4.4002e+000 -8.2255e-001
1003 0 +1.741416475e-003 +1.527117414e+002 +1.527117414e+002 -2.7122e+000 -1.7756e+000
1254 0 +1.039544153e-004 +1.527101040e+002 +1.527101040e+002 -3.0402e+000 -1.5892e+000
1775 0 +3.167718873e-005 +1.527100317e+002 +1.527100317e+002 -3.1867e+000 -1.5059e+000
4118 0 +3.222169198e-010 +1.527100000e+002 +1.527100000e+002 -3.0631e+000 -1.5643e+000
% f evaluations | g evaluations | best noise-free fitness - Fopt (9.980000000000e+001) + sum g_i+ | measured fitness | best measured fitness or single-digit g-values | x1 | x2...
1 0 +8.044342532e+000 +1.078443425e+002 +1.078443425e+002 +0.0000e+000 +0.0000e+000
12 0 +6.190500548e+000 +1.059905005e+002 +1.059905005e+002 +1.0075e+000 +1.1187e+000
15 0 +9.601273837e-001 +1.007601274e+002 +1.007601274e+002 -1.5405e+000 +3.1253e+000
76 0 +3.519493204e-001 +1.001519493e+002 +1.001519493e+002 -4.7507e-002 +9.0781e-001
1104 0 +2.579020233e-001 +1.000579020e+002 +1.000579020e+002 -3.5727e-002 +9.2602e-001
1322 0 +1.129343516e-001 +9.991293435e+001 +9.991293435e+001 -9.4895e-001 +4.8686e-001
1404 0 +1.129344403e-003 +9.980112934e+001 +9.980112934e+001 -1.6133e+000 +2.3699e-001
1804 0 +8.190348963e-004 +9.980081903e+001 +9.980081903e+001 -1.7073e+000 +1.9109e-001
3389 0 +1.597603189e-004 +9.980015976e+001 +9.980015976e+001 -2.3007e+000 -6.3128e-002
4804 0 +1.450205019e-006 +9.980000145e+001 +9.980000145e+001 -2.2720e+000 -5.9728e-002
% f evaluations | g evaluations | best noise-free fitness - Fopt (-1.194100000000e+002) + sum g_i+ | measured fitness | best measured fitness or single-digit g-values | x1 | x2...
1 0 +3.420352429e+000 -1.159896476e+002 -1.159896476e+002 +0.0000e+000 +0.0000e+000
20 0 +1.872692825e+000 -1.175373072e+002 -1.175373072e+002 +7.3483e-002 -2.2461e-001
93 0 +1.153872951e+000 -1.182561270e+002 -1.182561270e+002 -2.3361e-001 -3.7815e-001
478 0 +2.379199589e-003 -1.194076208e+002 -1.194076208e+002 -1.6073e+000 +4.0456e-001
1186 0 +2.665388350e-004 -1.194097335e+002 -1.194097335e+002 -1.2454e+000 +4.9030e-001
2343 0 +4.509455458e-005 -1.194099549e+002 -1.194099549e+002 -9.9115e-001 +5.1231e-001
2719 0 +2.576159459e-005 -1.194099742e+002 -1.194099742e+002 -1.0367e+000 +5.0593e-001
4883 0 +1.661442184e-007 -1.194099998e+002 -1.194099998e+002 -1.2328e+000 +4.7546e-001
% f evaluations | g evaluations | best noise-free fitness - Fopt (1.077000000000e+001) + sum g_i+ | measured fitness | best measured fitness or single-digit g-values | x1 | x2...
1 0 +2.073428807e+000 +1.284342881e+001 +1.284342881e+001 +0.0000e+000 +0.0000e+000
64 0 +2.306866038e-002 +1.079306866e+001 +1.079306866e+001 +9.0348e-001 -2.4092e+000
292 0 +1.649759345e-002 +1.078649759e+001 +1.078649759e+001 +2.4625e+000 -7.8596e-001
502 0 +3.354553645e-004 +1.077033546e+001 +1.077033546e+001 +1.9693e+000 -1.3007e+000
710 0 +4.227208525e-006 +1.077000423e+001 +1.077000423e+001 +1.8697e+000 -1.3932e+000
4410 0 +1.856488083e-007 +1.077000019e+001 +1.077000019e+001 +1.8036e+000 -1.4588e+000
% f evaluations | g evaluations | best noise-free fitness - Fopt (2.137000000000e+001) + sum g_i+ | measured fitness | best measured fitness or single-digit g-values | x1 | x2...
1 0 +2.540786096e+000 +2.391078610e+001 +2.391078610e+001 +0.0000e+000 +0.0000e+000
18 0 +1.391575109e+000 +2.276157511e+001 +2.276157511e+001 +1.3111e+000 +1.5341e+000
119 0 +5.564079910e-001 +2.192640799e+001 +2.192640799e+001 +4.6958e+000 +4.5348e+000
177 0 +3.862767168e-001 +2.175627672e+001 +2.175627672e+001 +7.1212e-001 +8.3060e-001
253 0 +2.354353522e-001 +2.160543535e+001 +2.160543535e+001 +4.4827e+000 +4.4253e+000
434 0 +1.211745712e-001 +2.149117457e+001 +2.149117457e+001 +1.1732e+000 +1.2411e+000
925 0 +3.035891747e-002 +2.140035892e+001 +2.140035892e+001 +1.6413e+000 +1.7201e+000
975 0 +9.039211922e-004 +2.137090392e+001 +2.137090392e+001 +3.0767e+000 +3.0565e+000
3035 0 +2.187859754e-004 +2.137021879e+001 +2.137021879e+001 +2.3681e+000 +2.3942e+000
3261 0 +1.620150787e-006 +2.137000162e+001 +2.137000162e+001 +2.7361e+000 +2.7498e+000
8638 0 +4.104975559e-007 +2.137000041e+001 +2.137000041e+001 +2.7463e+000 +2.7551e+000
% f evaluations | g evaluations | best noise-free fitness - Fopt (1.673000000000e+001) + sum g_i+ | measured fitness | best measured fitness or single-digit g-values | x1 | x2...
1 0 +6.532658182e+001 +8.205658182e+001 +8.205658182e+001 +0.0000e+000 +0.0000e+000
2 0 +2.030786243e+001 +3.703786243e+001 +3.703786243e+001 -4.7630e+000 +3.3015e+000
5 0 +1.495425676e+001 +3.168425676e+001 +3.168425676e+001 +2.6629e+000 -1.5298e+000
17 0 +8.636863415e+000 +2.536686341e+001 +2.536686341e+001 +4.2084e+000 +2.2891e+000
41 0 +1.293151970e+000 +1.802315197e+001 +1.802315197e+001 -2.7362e+000 +1.6621e+000
62 0 +8.253433016e-002 +1.681253433e+001 +1.681253433e+001 +5.7575e-002 -3.0533e+000
371 0 +1.211477947e-003 +1.673121148e+001 +1.673121148e+001 -1.4633e+000 -1.4992e+000
956 0 +9.791395403e-004 +1.673097914e+001 +1.673097914e+001 -1.6199e+000 -1.3864e+000
1602 0 +8.131751134e-006 +1.673000813e+001 +1.673000813e+001 -1.2479e+000 -1.7547e+000
5834 0 +2.163465744e-007 +1.673000022e+001 +1.673000022e+001 -1.1999e+000 -1.7937e+000
9234 0 +2.120810585e-007 +1.673000021e+001 +1.673000021e+001 -1.1996e+000 -1.7941e+000
% f evaluations | g evaluations | best noise-free fitness - Fopt (1.000000000000e+003) + sum g_i+ | measured fitness | best measured fitness or single-digit g-values | x1 | x2...
1 0 +5.113384207e+001 +1.051133842e+003 +1.051133842e+003 +0.0000e+000 +0.0000e+000
3 0 +9.662106520e+000 +1.009662107e+003 +1.009662107e+003 +4.0649e+000 -3.9441e+000
9 0 +8.034146989e+000 +1.008034147e+003 +1.008034147e+003 +4.0122e+000 +1.0090e+000
15 0 +1.359260441e+000 +1.001359260e+003 +1.001359260e+003 +4.0578e+000 -4.4226e+000
20 0 +7.154229859e-002 +1.000071542e+003 +1.000071542e+003 -7.5497e-001 -3.6531e+000
43 0 +2.486148534e-002 +1.000024861e+003 +1.000024861e+003 -3.2463e-001 -3.8515e+000
1412 0 +2.231057613e-005 +1.000000022e+003 +1.000000022e+003 -1.7724e+000 -3.3606e+000
2754 0 +1.691055331e-007 +1.000000000e+003 +1.000000000e+003 -1.6337e+000 -3.4155e+000
% f evaluations | g evaluations | best noise-free fitness - Fopt (-1.079600000000e+002) + sum g_i+ | measured fitness | best measured fitness or single-digit g-values | x1 | x2...
1 0 +6.753927673e+001 -4.042072327e+001 -4.042072327e+001 +0.0000e+000 +0.0000e+000
2 0 +3.534705227e+001 -7.261294773e+001 -7.261294773e+001 +5.7052e-001 +3.1177e+000
5 0 +2.581000893e+001 -8.214999107e+001 -8.214999107e+001 -4.8166e+000 -2.2357e+000
6 0 +4.421339464e+000 -1.035386605e+002 -1.035386605e+002 +2.1115e+000 -2.5777e+000
14 0 +3.911302284e+000 -1.040486977e+002 -1.040486977e+002 +2.3972e+000 -1.2181e+000
32 0 +1.950789137e+000 -1.060092109e+002 -1.060092109e+002 +3.0648e+000 +5.8397e-001
49 0 +8.776590900e-002 -1.078722341e+002 -1.078722341e+002 +8.2643e-001 +7.9886e-001
66 0 +4.199537607e-002 -1.079180046e+002 -1.079180046e+002 +5.1237e-001 +8.5964e-001
220 0 +6.960841510e-003 -1.079530392e+002 -1.079530392e+002 -1.7976e+000 +1.3490e+000
581 0 +7.641975826e-005 -1.079599236e+002 -1.079599236e+002 -1.1368e+000 +1.2044e+000
1839 0 +6.521630272e-005 -1.079599348e+002 -1.079599348e+002 -1.0507e+000 +1.1667e+000
2515 0 +6.173628408e-005 -1.079599383e+002 -1.079599383e+002 -7.7240e-001 +1.1177e+000
5926 0 +4.505042365e-005 -1.079599549e+002 -1.079599549e+002 -9.7854e-001 +1.1533e+000
7672 0 +6.604678532e-006 -1.079599934e+002 -1.079599934e+002 -9.5352e-001 +1.1622e+000
% f evaluations | g evaluations | best noise-free fitness - Fopt (-3.025900000000e+002) + sum g_i+ | measured fitness | best measured fitness or single-digit g-values | x1 | x2...
1 0 +1.823811883e+001 -2.843518812e+002 -2.843518812e+002 +0.0000e+000 +0.0000e+000
2 0 +2.362948866e-001 -3.023537051e+002 -3.023537051e+002 -3.6314e-001 +1.6620e+000
3 0 +1.590386883e-002 -3.025740961e+002 -3.025740961e+002 +4.7628e-001 -6.4451e-003
242 0 +4.528924204e-003 -3.025854711e+002 -3.025854711e+002 +4.2612e-001 +6.9249e-002
658 0 +4.430192462e-006 -3.025899956e+002 -3.025899956e+002 +4.5453e-001 -6.0543e-002
2218 0 +4.156867192e-006 -3.025899958e+002 -3.025899958e+002 +3.5944e-001 +1.2358e-001
% f evaluations | g evaluations | best noise-free fitness - Fopt (-3.065500000000e+002) + sum g_i+ | measured fitness | best measured fitness or single-digit g-values | x1 | x2...
1 0 +8.077939199e+000 -2.984720608e+002 -2.984720608e+002 +0.0000e+000 +0.0000e+000
10 0 +1.967225632e+000 -3.045827744e+002 -3.045827744e+002 +9.8588e-001 -1.0464e+000
39 0 +1.741040701e+000 -3.048089593e+002 -3.048089593e+002 -6.3325e-001 +6.0222e-001
92 0 +1.265285932e+000 -3.052847141e+002 -3.052847141e+002 -1.0666e+000 +7.8988e-001
245 0 +1.246780012e+000 -3.053032200e+002 -3.053032200e+002 -7.1231e-001 +5.1139e-001
581 0 +1.041342455e+000 -3.055086575e+002 -3.055086575e+002 -1.1505e+000 +4.0798e-001
664 0 +9.096590570e-002 -3.064590341e+002 -3.064590341e+002 -5.1072e+000 -3.0090e+000
1411 0 +3.640598579e-003 -3.065463594e+002 -3.065463594e+002 -3.1436e+000 -3.8050e+000
2046 0 +9.450355893e-004 -3.065490550e+002 -3.065490550e+002 -3.0310e+000 -3.8020e+000
3615 0 +6.642102164e-006 -3.065499934e+002 -3.065499934e+002 -3.2975e+000 -3.7228e+000
7215 0 +4.250774282e-006 -3.065499957e+002 -3.065499957e+002 -3.4866e+000 -3.6409e+000
7746 0 +1.188504541e-006 -3.065499988e+002 -3.065499988e+002 -3.4685e+000 -3.6494e+000
9239 0 +6.143333735e-007 -3.065499994e+002 -3.065499994e+002 -3.4690e+000 -3.6520e+000
9348 0 +3.756408660e-007 -3.065499996e+002 -3.065499996e+002 -3.3055e+000 -3.7128e+000
9539 0 +4.213342208e-008 -3.065500000e+002 -3.065500000e+002 -3.3625e+000 -3.6907e+000
9739 0 +3.939260296e-008 -3.065500000e+002 -3.065500000e+002 -3.3626e+000 -3.6907e+000
