% f evaluations | g evaluations | best noise-free fitness - Fopt (-1.000000000000e+003) + sum g_i+ | measured fitness | best measured fitness or single-digit g-values | x1 | x2...
1 0 +8.287602554e+001 -9.171239745e+002 -9.171239745e+002 +0.0000e+000 +0.0000e+000 +0.0000e+000 +0.0000e+000 +0.0000e+000 +0.0000e+000 +0.0000e+000 +0.0000e+000 +0.0000e+000 +0.0000e+000 +0.0000e+000 +0.0000e+000 +0.0000e+000 +0.0000e+000 +0.0000e+000 +0.0000e+000 +0.0000e+000 +0.0000e+000 +0.0000e+000 +0.0000e+000
10 0 +8.155245236e+001 -9.184475476e+002 -9.184475476e+002 -8.9264e-003 -4.1038e+000 +3.4023e+000 +9.7818e-001 +2.9603e+000 -2.5758e+000 -2.5567e+000 -3.9405e+000 -7.4824e-001 +1.0096e+000 +2.7908e+000 -2.6719e+000 -1.6695e+000 +2.5052e+000 -3.2313e+000 +6.2627e-001 +4.9999e+000 -1.7114e-001 +2.3778e+000 -3.3888e+000
22 0 +8.023160687e+001 -9.197683931e+002 -9.197683931e+002 -2.6977e+000 -3.8813e+000 +2.1364e+000 -4.0928e+000 +1.8456e+000 -3.7623e+000 +1.2317e+000 -3.4107e+000 -3.0091e+000 -1.6036e+000 +4.7745e+000 -6.6403e-001 +3.3892e+000 +1.9178e+000 +2.2096e+000 +5.0111e-001 +3.2127e+000 -3.4670e+000 -6.8872e-002 +1.9046e+000
257 0 +7.785405090e+001 -9.221459491e+002 -9.221459491e+002 -2.3171e+000 -4.2311e+000 +9.4187e-001 -3.3225e+000 +3.7022e-001 -2.9289e+000 +1.4296e-002 -2.2268e+000 -1.4474e+000 -5.3228e-001 +2.0605e+000 -8.8770e-002 +1.7331e+000 +2.2871e+000 +1.1268e+000 +1.4351e+000 +3.0570e+000 -3.7181e+000 +1.8285e-001 -6.3509e-001
632 0 +7.758187301e+001 -9.224181270e+002 -9.224181270e+002 -1.4618e+000 -2.1397e+000 +1.3010e+000 -3.2211e+000 +3.7435e-002 -2.1190e+000 +3.0138e-001 -1.7267e+000 -3.1725e-001 -4.8394e-001 +1.3599e+000 -1.0473e+000 +1.4033e+000 +3.0692e+000 +3.2370e-002 +1.7389e+000 +2.3900e+000 -2.2838e+000 +5.8435e-001 -4.1310e-001
843 0 +7.324272505e+001 -9.267572750e+002 -9.267572750e+002 -1.7148e+000 -2.8382e+000 +1.1189e-001 -3.1283e+000 -8.1021e-001 -2.4506e+000 +4.3090e-001 -2.0940e+000 +1.0630e+000 +3.0054e-001 +1.8892e+000 -1.3951e+000 +5.5846e-001 +2.9834e+000 +2.4142e-001 +1.3610e+000 +6.2448e-001 +2.8056e-001 +1.3636e+000 -2.4800e+000
1169 0 +6.827704899e+001 -9.317229510e+002 -9.317229510e+002 +1.4177e-001 -3.6823e+000 -8.7700e-002 -5.2609e+000 +5.0338e-001 -1.3446e+000 -6.4173e-001 -3.4184e+000 -9.3028e-001 +1.4235e+000 +3.0363e+000 +7.0363e-001 -4.1724e-002 +1.4013e+000 +3.1002e-001 -1.6315e+000 -1.0789e-001 -1.9747e+000 +2.2620e+000 -2.4353e+000
1421 0 +6.716778155e+001 -9.328322184e+002 -9.328322184e+002 -1.0950e+000 -3.5528e+000 +5.7675e-003 -3.7606e+000 -3.1454e-001 -8.4232e-001 +1.3748e-001 -3.1475e+000 -1.8714e+000 +8.3412e-001 +3.7823e+000 -4.2908e-001 +2.0759e+000 -1.8080e-001 +6.4804e-001 -8.7428e-001 +4.2224e-001 -6.8757e-001 +5.7637e-001 -7.5416e-002
1705 0 +6.533353009e+001 -9.346664699e+002 -9.346664699e+002 -9.6427e-001 -3.6846e+000 +7.8203e-001 -3.8108e+000 +1.6767e-001 -1.0883e+000 +4.3968e-001 -2.7503e+000 -8.7966e-001 +1.2697e+000 +3.4321e+000 -6.6990e-001 +1.6333e+000 +1.2540e-001 +5.3794e-001 -4.3961e-001 +1.2233e-002 -8.5812e-001 +5.7424e-001 -7.6598e-002
3215 0 +6.191672963e+001 -9.380832704e+002 -9.380832704e+002 -1.0180e+000 -3.1055e+000 +8.4720e-001 -3.8539e+000 +2.1551e-001 -1.1859e+000 +3.4179e-001 -2.4358e+000 -4.8616e-001 +1.5618e+000 +3.3058e+000 -4.7151e-001 +1.6506e+000 +7.6695e-002 +9.2033e-001 -6.1864e-001 -3.2369e-001 -7.3124e-001 +5.3471e-001 -2.3011e+000
3515 0 +6.141445558e+001 -9.385855444e+002 -9.385855444e+002 -1.2205e-001 -4.2629e+000 +3.5376e-001 -5.2332e+000 +5.2267e-001 -1.1543e+000 -1.3899e-002 -2.9724e+000 -1.9815e-001 +2.6378e+000 +4.0216e+000 -5.3306e-001 +1.2160e+000 +1.3612e-001 +1.4124e-001 -1.1426e+000 -9.2632e-001 -1.2462e+000 +1.1904e+000 -1.8153e+000
4853 0 +5.940361800e+001 -9.405963820e+002 -9.405963820e+002 -5.6291e-001 -3.3403e+000 +3.8397e-001 -4.7754e+000 +7.6561e-001 -1.1935e+000 +3.5423e-001 -3.3817e+000 -7.1488e-001 +2.0800e+000 +3.6582e+000 -3.3895e-001 +1.9058e+000 +2.2397e-001 +9.0565e-001 -5.5715e-001 +8.5713e-002 -5.8553e-001 +1.1106e+000 -2.2238e+000
5113 0 +5.529567574e+001 -9.447043243e+002 -9.447043243e+002 -1.2132e+000 -3.2789e+000 +1.0578e+000 -3.9954e+000 -2.9411e-001 -2.4777e+000 +7.7956e-001 -3.0825e+000 -3.1774e-001 +1.9438e+000 +4.1797e+000 -6.0112e-001 +2.6611e+000 +2.4551e-001 +1.2660e+000 -1.3341e+000 -5.0653e-001 -1.0221e+000 +3.6168e-001 -2.0093e+000
6172 0 +5.238635267e+001 -9.476136473e+002 -9.476136473e+002 -1.2533e+000 -3.3355e+000 +1.7183e-001 -4.5371e+000 +1.4116e-001 -2.6443e+000 +5.7259e-001 -3.5672e+000 -9.0680e-001 +2.1901e+000 +4.6319e+000 -9.0288e-002 +3.2216e+000 +2.6764e-002 +9.4310e-001 -1.6728e+000 +5.8845e-002 -1.2721e+000 +6.9261e-001 -2.3653e+000
6433 0 +4.641887354e+001 -9.535811265e+002 -9.535811265e+002 -1.0031e+000 -4.1842e+000 +1.8044e-001 -4.8462e+000 +4.9305e-002 -2.4501e+000 +1.5081e-001 -3.4661e+000 -2.1771e-001 +2.2080e+000 +4.5926e+000 -3.1023e-001 +2.4151e+000 +1.5467e-001 +3.1657e-001 -1.6972e+000 -2.0501e-001 -1.1848e+000 +8.3917e-001 -2.1490e+000
7272 0 +4.231148758e+001 -9.576885124e+002 -9.576885124e+002 -1.3579e+000 -4.1534e+000 -6.8947e-001 -4.2034e+000 +5.7988e-001 -1.9395e+000 +7.7312e-002 -3.0559e+000 -2.3389e-002 +1.9702e+000 +4.4785e+000 -2.8532e-002 +1.8037e+000 -2.2479e-001 -2.4770e-001 -2.0354e+000 +7.1962e-002 -7.9840e-001 +1.3004e+000 -2.3903e+000
8443 0 +4.160106180e+001 -9.583989382e+002 -9.583989382e+002 -1.4203e+000 -4.1828e+000 -7.3262e-001 -4.2147e+000 +6.0236e-001 -2.0666e+000 +8.3858e-002 -3.1303e+000 -1.0219e-001 +2.0388e+000 +4.5793e+000 -2.8471e-002 +1.9443e+000 -2.8948e-001 -2.6535e-001 -2.0863e+000 +1.1728e-001 -8.1819e-001 +1.3405e+000 -2.4125e+000
9395 0 +4.007070357e+001 -9.599292964e+002 -9.599292964e+002 -1.5272e+000 -3.5614e+000 -1.1680e+000 -3.5723e+000 +6.3466e-001 -2.1139e+000 -6.2178e-002 -3.2905e+000 -4.7085e-001 +1.9979e+000 +4.3746e+000 -2.4429e-002 +1.9209e+000 -4.2472e-001 -7.8629e-001 -2.6266e+000 +2.5610e-001 -7.0574e-001 +1.3969e+000 -1.9290e+000
9695 0 +3.956386662e+001 -9.604361334e+002 -9.604361334e+002 -1.5549e+000 -3.8662e+000 -8.9853e-001 -3.8190e+000 +5.9376e-001 -2.2018e+000 +8.8231e-002 -3.2193e+000 -3.2800e-001 +1.9925e+000 +4.5499e+000 -6.3693e-003 +2.0646e+000 -3.5176e-001 -4.8629e-001 -2.4334e+000 +2.1940e-001 -8.5279e-001 +1.3441e+000 -2.1847e+000
% f evaluations | g evaluations | best noise-free fitness - Fopt (1.000000000000e+003) + sum g_i+ | measured fitness | best measured fitness or single-digit g-values | x1 | x2...
1 0 +8.367961493e+001 +1.083679615e+003 +1.083679615e+003 +0.0000e+000 +0.0000e+000 +0.0000e+000 +0.0000e+000 +0.0000e+000 +0.0000e+000 +0.0000e+000 +0.0000e+000 +0.0000e+000 +0.0000e+000 +0.0000e+000 +0.0000e+000 +0.0000e+000 +0.0000e+000 +0.0000e+000 +0.0000e+000 +0.0000e+000 +0.0000e+000 +0.0000e+000 +0.0000e+000
20 0 +8.143399621e+001 +1.081433996e+003 +1.081433996e+003 +2.1861e-002 -7.0872e-001 -2.5978e+000 +4.8074e-001 +1.3952e+000 +7.7319e-001 +2.1012e+000 -3.3154e+000 -3.0470e+000 +6.4405e-001 -2.8397e+000 +2.3502e+000 -1.4513e-002 -3.2494e+000 -2.1906e+000 +4.4354e+000 +4.4440e+000 +3.5223e+000 -2.0225e+000 -3.9939e+000
296 0 +7.609958251e+001 +1.076099583e+003 +1.076099583e+003 -5.4167e-001 -1.8762e+000 -1.0570e+000 +1.6738e+000 +5.0673e-001 +2.0796e+000 +2.4145e+000 -1.0668e+000 -3.0460e+000 +4.4994e-002 -4.2675e-001 +5.7407e-001 +4.5580e-003 -4.4653e+000 -1.3951e+000 +2.3404e+000 +3.5641e+000 +4.3111e+000 -1.2968e+000 -4.0347e+000
480 0 +7.568700126e+001 +1.075687001e+003 +1.075687001e+003 -1.3861e+000 -1.8540e+000 +9.9289e-002 +1.8817e+000 +1.3026e+000 +2.7086e+000 +2.2768e+000 -2.2192e+000 -1.6527e+000 +1.4106e-001 -1.0448e+000 +5.0882e-001 +2.7683e-001 -2.4040e+000 -1.1351e+000 +2.4073e+000 +3.3612e+000 +4.2110e+000 -1.1717e+000 -2.7530e+000
495 0 +7.355841640e+001 +1.073558416e+003 +1.073558416e+003 -1.7282e+000 -5.6809e-001 -1.1352e+000 +1.2943e+000 -8.1895e-002 +4.1919e-001 +3.3227e-001 -5.8281e-001 -3.7958e-001 -9.1863e-001 +5.7365e-001 -8.0642e-002 -7.3943e-001 -2.4713e+000 -2.3276e+000 +1.0516e+000 +2.4205e+000 +5.3725e+000 -7.2558e-001 -5.0000e+000
572 0 +7.074289830e+001 +1.070742898e+003 +1.070742898e+003 -3.0934e+000 -6.8068e-002 +9.7618e-002 +2.3353e-001 +1.9106e-001 +4.0803e-001 -3.4101e-001 -8.2828e-001 +1.1950e+000 +4.9985e-001 -7.4296e-001 -2.3254e+000 -1.5416e+000 -1.7715e+000 -1.9533e+000 +1.9936e+000 +1.6764e+000 +5.8700e+000 +1.2167e-001 -1.4299e+000
680 0 +6.828024476e+001 +1.068280245e+003 +1.068280245e+003 -1.7375e+000 -7.7195e-001 -4.1431e-001 +8.9709e-001 +6.8203e-001 +1.3648e+000 +1.0190e+000 -1.0224e+000 -4.8463e-001 +1.7158e-001 -2.4403e-001 -8.5459e-001 -8.5300e-001 -2.7783e+000 -1.8296e+000 +2.2201e+000 +3.2183e+000 +4.4870e+000 -1.1115e+000 -3.0657e+000
1365 0 +6.626958127e+001 +1.066269581e+003 +1.066269581e+003 -2.3190e+000 +2.9155e-001 -9.8517e-001 -5.2509e-002 +6.2197e-001 +1.1334e+000 -6.8706e-002 -1.7358e+000 -3.2088e-001 +5.8649e-001 -1.2508e+000 -1.3910e-001 -1.4063e+000 -2.2748e+000 -1.9076e+000 +2.4070e+000 +2.4065e+000 +4.6190e+000 -1.1200e+000 -1.3575e+000
1573 0 +6.575778005e+001 +1.065757780e+003 +1.065757780e+003 -2.3256e+000 +2.8797e-001 -9.8499e-001 +2.9612e-002 +5.0690e-001 +1.2193e+000 +1.0892e-001 -1.7151e+000 -6.5869e-001 +8.7321e-001 -1.1847e+000 -3.5739e-001 -1.5325e+000 -2.5147e+000 -1.6617e+000 +2.3199e+000 +2.6419e+000 +4.9307e+000 -1.3708e+000 -1.6338e+000
4131 0 +6.453615247e+001 +1.064536152e+003 +1.064536152e+003 -1.9964e+000 +3.3187e-002 -6.8603e-001 +4.0695e-001 +5.6687e-001 +1.3003e+000 +2.9091e-001 -1.2842e+000 -3.2216e-001 +4.4548e-001 -8.4541e-001 -6.2005e-001 -1.3337e+000 -2.5099e+000 -1.6530e+000 +2.0705e+000 +2.5634e+000 +4.2060e+000 -1.1253e+000 -1.5737e+000
4873 0 +6.191820599e+001 +1.061918206e+003 +1.061918206e+003 -1.6442e+000 +1.6837e-001 -1.0903e+000 +2.4091e-001 -2.7684e-001 +1.3332e+000 -4.3909e-001 -8.3275e-001 -1.2876e+000 +4.2587e-001 -6.5426e-001 -6.4435e-001 -7.8081e-001 -2.3702e+000 -1.4428e+000 +2.0494e+000 +1.9170e+000 +4.4304e+000 -1.4166e+000 -2.3919e+000
5063 0 +6.053840936e+001 +1.060538409e+003 +1.060538409e+003 -1.1225e+000 -3.6247e-001 -1.1355e+000 +6.8071e-001 -7.3468e-001 +1.4689e+000 +6.1816e-002 -5.2709e-001 -2.5323e+000 +7.8815e-001 -1.5544e-001 -1.1266e+000 -2.9380e-001 -2.9011e+000 -1.0355e+000 +2.1071e+000 +2.4604e+000 +5.0542e+000 -1.9914e+000 -1.5284e+000
5330 0 +5.998955867e+001 +1.059989559e+003 +1.059989559e+003 -1.3474e+000 -2.5889e-001 -1.0324e+000 +6.3593e-001 -3.6219e-001 +1.3981e+000 +1.4080e-001 -7.9436e-001 -1.9293e+000 +6.8635e-001 -3.2481e-001 -9.6823e-001 -5.8978e-001 -2.8189e+000 -1.2370e+000 +2.1250e+000 +2.5274e+000 +4.8401e+000 -1.7482e+000 -1.5071e+000
8031 0 +5.880012700e+001 +1.058800127e+003 +1.058800127e+003 -1.3292e+000 -1.7210e-001 -9.2121e-001 +5.3387e-001 -3.4704e-001 +1.4142e+000 +4.9932e-002 -7.2086e-001 -1.7878e+000 +5.8460e-001 -4.4931e-001 -1.0439e+000 -5.4951e-001 -2.6236e+000 -1.3784e+000 +2.1740e+000 +2.3595e+000 +4.6941e+000 -1.8290e+000 -1.5983e+000
% f evaluations | g evaluations | best noise-free fitness - Fopt (-4.913000000000e+001) + sum g_i+ | measured fitness | best measured fitness or single-digit g-values | x1 | x2...
1 0 +8.282343011e+001 +3.369343011e+001 +3.369343011e+001 +0.0000e+000 +0.0000e+000 +0.0000e+000 +0.0000e+000 +0.0000e+000 +0.0000e+000 +0.0000e+000 +0.0000e+000 +0.0000e+000 +0.0000e+000 +0.0000e+000 +0.0000e+000 +0.0000e+000 +0.0000e+000 +0.0000e+000 +0.0000e+000 +0.0000e+000 +0.0000e+000 +0.0000e+000 +0.0000e+000
10 0 +8.255822768e+001 +3.342822768e+001 +3.342822768e+001 +1.7388e+000 +3.5110e+000 -1.7656e+000 -8.7211e-001 +3.0249e+000 -9.8462e-001 +1.7213e+000 -2.8548e+000 -2.0470e+000 -4.0367e+000 +1.9930e+000 -4.0270e+000 -1.9628e+000 -1.1394e+000 +3.3693e+000 +3.0883e+000 +2.5557e+000 -4.2842e+000 +3.4092e+000 +4.3035e-001
94 0 +8.069086980e+001 +3.156086980e+001 +3.156086980e+001 -8.6299e-001 +8.1236e-001 -2.5288e+000 -3.2472e+000 -3.3463e-001 -1.5855e+000 +3.4909e+000 -3.1342e+000 -7.9755e-001 -1.9609e-001 +2.2947e+000 +2.2958e+000 -3.9517e+000 -2.0244e-001 +2.6311e-002 -5.2690e-001 -8.6970e-001 +1.3271e+000 +3.4225e+000 -4.2103e+000
296 0 +7.792336106e+001 +2.879336106e+001 +2.879336106e+001 -7.2825e-001 -2.5586e-002 -5.6062e-001 -2.5318e+000 +9.2921e-001 -1.2311e-001 +3.4173e+000 -3.4804e+000 +1.8234e-001 -8.0967e-001 +2.5693e+000 +8.5904e-001 -3.8552e+000 -8.7585e-001 -4.5290e-001 -1.0004e+000 +2.1095e-001 +1.7570e+000 +2.5980e+000 -3.3934e+000
532 0 +7.610519745e+001 +2.697519745e+001 +2.697519745e+001 +2.1711e-001 +6.6202e-001 -3.7313e-001 -1.5387e+000 +1.0469e+000 +1.2437e+000 +3.2640e+000 -4.3859e+000 +2.4407e-001 -1.9431e+000 +3.0195e+000 -4.9809e-001 -3.2099e+000 -1.4717e+000 +1.4886e-002 -7.6762e-001 +8.2444e-001 +1.3408e+000 +3.2813e+000 -4.6838e+000
628 0 +7.547347000e+001 +2.634347000e+001 +2.634347000e+001 -1.3194e+000 +1.4118e+000 -2.5328e+000 -1.1565e+000 +8.1203e-001 +2.0992e+000 +4.4997e+000 -1.0817e+000 +8.1092e-001 -5.4211e-001 +3.1340e+000 +1.4739e+000 -2.7609e-001 -1.0502e+000 -4.3612e-001 -4.1456e-001 +2.2754e+000 +2.8348e+000 +1.8638e+000 -3.9666e+000
683 0 +7.383044204e+001 +2.470044204e+001 +2.470044204e+001 +1.2710e-001 +4.0677e+000 -3.6438e+000 -2.2555e+000 +3.4651e+000 +7.3948e-001 +6.4040e+000 -4.7753e+000 -1.3369e+000 +6.3650e-001 +2.2916e+000 -1.6766e+000 -1.8055e+000 -4.7230e+000 -2.5711e+000 +1.3225e-001 +4.1819e+000 +2.6148e+000 +1.8706e+000 -4.8704e+000
721 0 +6.888280448e+001 +1.975280448e+001 +1.975280448e+001 -6.5124e-001 +4.0768e+000 -2.8251e+000 -1.7357e+000 +3.5931e+000 +1.2575e+000 +5.4068e+000 -5.5273e+000 -2.2060e+000 +6.9789e-001 +1.8946e+000 -1.9078e+000 -1.3809e+000 -4.6168e+000 -1.1462e+000 -4.0442e-003 +3.7203e+000 +8.2330e-001 +3.3977e+000 -5.0000e+000
769 0 +5.821396794e+001 +9.083967944e+000 +9.083967944e+000 -1.1015e+000 +4.4705e+000 -1.1196e+000 +3.4963e-001 +4.6347e+000 +1.1978e+000 +3.5202e+000 -2.1587e+000 -2.0211e+000 -1.2452e+000 +2.0022e+000 -2.4719e+000 -9.9137e-001 -3.3839e+000 -1.7303e+000 -3.4416e-001 +4.0356e+000 +1.9651e+000 +1.1680e+000 -4.2246e+000
980 0 +5.705686382e+001 +7.926863823e+000 +7.926863823e+000 -8.2505e-001 +3.9823e+000 -1.3769e+000 +1.4221e-001 +4.1637e+000 +1.0622e+000 +3.8947e+000 -2.9425e+000 -1.7175e+000 -1.4473e+000 +2.0466e+000 -2.0309e+000 -1.3502e+000 -3.1419e+000 -1.6030e+000 -5.1897e-001 +3.6938e+000 +1.8871e+000 +1.7886e+000 -4.7893e+000
1266 0 +5.563215941e+001 +6.502159414e+000 +6.502159414e+000 -2.9261e-001 +4.5540e+000 -9.5193e-001 +1.1345e+000 +3.5218e+000 -8.5430e-002 +3.3627e+000 -2.7625e+000 -9.0559e-001 -1.2888e+000 +2.4393e+000 -2.0632e+000 -2.1447e+000 -3.3098e+000 -2.0651e+000 -1.4880e+000 +4.5128e+000 +1.6213e+000 +1.5982e+000 -5.0000e+000
1394 0 +4.955252876e+001 +4.225287644e-001 +4.225287644e-001 -1.3688e+000 +4.1441e+000 -8.5959e-001 +3.5917e-001 +4.4245e+000 +5.5015e-002 +2.9996e+000 -2.9575e+000 -1.7603e+000 -1.4846e+000 +2.5294e+000 -1.8306e+000 -1.6989e+000 -3.2793e+000 -1.3472e+000 -5.5070e-001 +4.2132e+000 +1.5967e+000 +1.4308e+000 -5.0000e+000
2623 0 +4.623328000e+001 -2.896720004e+000 -2.896720004e+000 -1.6821e+000 +4.6013e+000 -1.6776e+000 +3.6966e-001 +5.3597e+000 +3.3897e-001 +3.9420e+000 -3.9994e+000 -2.1701e+000 -1.0391e+000 +3.5244e+000 -1.5807e+000 -2.3465e+000 -3.4777e+000 -1.7886e+000 -5.8269e-001 +3.8945e+000 +2.0825e+000 +2.6611e+000 -4.9164e+000
2967 0 +4.502655499e+001 -4.103445014e+000 -4.103445014e+000 -1.2867e+000 +4.2750e+000 -1.1406e+000 +2.3673e-001 +4.9925e+000 +5.2346e-001 +3.0914e+000 -3.2279e+000 -1.9967e+000 -1.4327e+000 +3.1805e+000 -1.6370e+000 -2.3272e+000 -2.9936e+000 -1.3497e+000 -4.5185e-001 +3.7894e+000 +2.0042e+000 +2.6626e+000 -5.0000e+000
3140 0 +3.469327397e+001 -1.443672603e+001 -1.443672603e+001 -1.9700e+000 +4.7259e+000 -1.6199e+000 +3.6552e-003 +5.9407e+000 +3.1582e-001 +2.3131e+000 -3.8560e+000 -1.9433e+000 -6.5959e-001 +3.1476e+000 -1.5256e+000 -2.2009e+000 -1.8765e+000 -2.4111e-001 -7.0359e-001 +4.2902e+000 +1.0461e+000 +3.1988e+000 -5.0000e+000
3867 0 +3.458397178e+001 -1.454602822e+001 -1.454602822e+001 -1.9099e+000 +4.6911e+000 -1.5942e+000 +6.8670e-003 +5.8689e+000 +3.3498e-001 +2.3803e+000 -3.8153e+000 -1.9379e+000 -7.0732e-001 +3.1342e+000 -1.5416e+000 -2.1994e+000 -1.9644e+000 -3.2538e-001 -6.8053e-001 +4.2604e+000 +1.1182e+000 +3.1474e+000 -5.0000e+000
4247 0 +3.098022213e+001 -1.814977787e+001 -1.814977787e+001 -1.6728e+000 +4.1277e+000 -1.2887e+000 -1.5956e-001 +5.6380e+000 +5.8351e-001 +2.5151e+000 -3.3387e+000 -1.8329e+000 -6.2906e-001 +2.9470e+000 -1.8876e+000 -1.9442e+000 -2.3680e+000 -8.9861e-001 -8.3775e-001 +3.7986e+000 +1.3438e+000 +2.8058e+000 -2.9523e+000
4706 0 +2.602621596e+001 -2.310378404e+001 -2.310378404e+001 -2.4062e+000 +4.8842e+000 -1.7757e+000 +7.3133e-001 +5.5699e+000 -4.3725e-001 +2.7704e+000 -3.2396e+000 -2.4448e+000 -2.8495e-001 +2.9123e+000 -2.1128e+000 -1.9627e+000 -1.2401e+000 +4.2294e-001 -3.7869e-001 +4.8844e+000 +1.4284e+000 +2.6388e+000 -3.9552e+000
5823 0 +2.565904776e+001 -2.347095224e+001 -2.347095224e+001 -2.4016e+000 +4.9202e+000 -1.8132e+000 +7.6257e-001 +5.5483e+000 -4.6354e-001 +2.8348e+000 -3.2274e+000 -2.4640e+000 -2.7288e-001 +2.9558e+000 -2.1146e+000 -1.9670e+000 -1.2644e+000 +3.8520e-001 -3.9601e-001 +4.9032e+000 +1.4326e+000 +2.6306e+000 -3.9486e+000
6611 0 +2.293290009e+001 -2.619709991e+001 -2.619709991e+001 -1.4081e+000 +3.9013e+000 -2.0539e+000 +5.5954e-001 +5.0390e+000 +5.6689e-002 +2.4240e+000 -3.1879e+000 -1.7518e+000 -6.1987e-001 +2.6165e+000 -1.2731e+000 -2.6469e+000 -1.4153e+000 +3.5831e-001 -7.9520e-001 +4.3033e+000 +2.2541e+000 +2.2454e+000 -3.4729e+000
7723 0 +2.008823946e+001 -2.904176054e+001 -2.904176054e+001 -1.8388e+000 +4.9818e+000 -2.5172e+000 +1.1622e+000 +4.9412e+000 -6.3018e-001 +3.6747e+000 -2.9678e+000 -2.4274e+000 -2.3235e-001 +3.4818e+000 -1.7659e+000 -2.3429e+000 -1.7325e+000 -2.5460e-001 -8.7900e-001 +4.9003e+000 +1.8975e+000 +2.2937e+000 -3.6407e+000
8223 0 +1.926073263e+001 -2.986926737e+001 -2.986926737e+001 -1.4665e+000 +4.4744e+000 -3.1376e+000 +8.9256e-001 +4.1403e+000 -9.4066e-001 +3.7822e+000 -2.7833e+000 -2.3903e+000 -1.0732e-001 +3.4388e+000 -1.1774e+000 -2.5288e+000 -9.7027e-001 +5.3895e-001 -9.9276e-001 +4.5553e+000 +2.1562e+000 +2.3666e+000 -3.1205e+000
8723 0 +1.904858273e+001 -3.008141727e+001 -3.008141727e+001 -1.4878e+000 +4.3651e+000 -2.9861e+000 +7.9564e-001 +4.2480e+000 -8.2933e-001 +3.5489e+000 -2.8429e+000 -2.3162e+000 -1.6261e-001 +3.2882e+000 -1.1807e+000 -2.5194e+000 -9.2325e-001 +6.3587e-001 -9.3085e-001 +4.5016e+000 +2.1410e+000 +2.3902e+000 -3.1549e+000
% f evaluations | g evaluations | best noise-free fitness - Fopt (2.977300000000e+002) + sum g_i+ | measured fitness | best measured fitness or single-digit g-values | x1 | x2...
1 0 +7.754602683e+001 +3.752760268e+002 +3.752760268e+002 +0.0000e+000 +0.0000e+000 +0.0000e+000 +0.0000e+000 +0.0000e+000 +0.0000e+000 +0.0000e+000 +0.0000e+000 +0.0000e+000 +0.0000e+000 +0.0000e+000 +0.0000e+000 +0.0000e+000 +0.0000e+000 +0.0000e+000 +0.0000e+000 +0.0000e+000 +0.0000e+000 +0.0000e+000 +0.0000e+000
374 0 +7.753278095e+001 +3.752627810e+002 +3.752627810e+002 +1.9376e+000 -3.9411e+000 +1.7031e+000 -1.0095e+000 -2.6154e+000 -4.6285e+000 +1.9328e-001 +1.4641e+000 +2.3735e+000 -1.3011e+000 -2.1640e+000 -1.5094e+000 +2.1567e+000 +3.9690e-001 -2.9237e+000 -4.4894e+000 -1.9954e+000 -4.9350e+000 -1.4009e+000 -2.8834e+000
481 0 +7.362274990e+001 +3.713527499e+002 +3.713527499e+002 +1.9038e+000 -1.8501e+000 +1.8534e+000 -2.2728e+000 -1.4668e+000 -9.6183e-001 -9.2055e-001 -1.8025e-001 +1.9633e+000 -1.6798e+000 -3.3808e+000 +7.9076e-001 +2.3967e+000 -2.2240e-001 -2.5302e+000 -2.8024e+000 -2.4286e+000 -3.7713e+000 -1.1169e+000 -3.0843e+000
747 0 +5.920529044e+001 +3.569352904e+002 +3.569352904e+002 +5.6325e-001 -2.1081e+000 +7.7549e-001 -6.3601e-001 +2.8585e-003 -2.4074e+000 -2.3723e+000 +1.1210e+000 +1.9274e+000 +5.7923e-001 -5.8375e-001 +1.0665e+000 +1.8729e+000 +1.1804e+000 +7.1737e-002 -2.6637e+000 -2.5821e+000 -3.6067e+000 -3.3445e+000 -4.2716e+000
839 0 +5.872928087e+001 +3.564592809e+002 +3.564592809e+002 +5.2241e-001 -1.6272e+000 +7.2626e-001 -7.9905e-001 +5.1945e-002 -1.9252e+000 -2.6203e+000 +4.8720e-001 +1.9008e+000 +2.4038e-001 -9.6825e-001 +1.3864e+000 +1.8316e+000 +8.8416e-001 -1.5481e-002 -2.5473e+000 -2.3344e+000 -3.5305e+000 -3.1621e+000 -4.1059e+000
2036 0 +5.735932671e+001 +3.550893267e+002 +3.550893267e+002 +5.1061e-001 -1.5671e+000 +9.2960e-001 -5.9775e-001 +2.8620e-001 -1.9782e+000 -2.7112e+000 +6.4462e-001 +1.8591e+000 +4.0367e-001 -1.1749e+000 +1.7461e+000 +1.8604e+000 +7.1918e-001 +8.7241e-002 -2.2843e+000 -2.3491e+000 -3.4076e+000 -3.2357e+000 -4.0745e+000
2064 0 +5.390302676e+001 +3.516330268e+002 +3.516330268e+002 +6.5467e-001 -1.8754e+000 +1.9885e+000 -1.8870e+000 -6.7304e-001 -1.7761e+000 -2.0961e+000 +7.6835e-001 +6.8195e-001 +1.8613e+000 -2.0693e+000 +1.5036e+000 +1.3486e+000 -2.1005e-001 +1.4538e+000 -1.3397e+000 -1.6784e+000 -4.2657e+000 -4.5204e+000 -5.0000e+000
2736 0 +4.955950388e+001 +3.472895039e+002 +3.472895039e+002 +6.2503e-001 -1.8148e+000 +1.9048e+000 -1.0885e+000 -3.5188e-002 -2.0257e+000 -2.3695e+000 +1.1312e+000 +8.3028e-001 +1.7303e+000 -1.8855e+000 +2.0901e+000 +1.4314e+000 -5.2432e-002 +1.3185e+000 -1.2231e+000 -1.9165e+000 -3.7758e+000 -4.2172e+000 -4.4022e+000
3812 0 +4.358316279e+001 +3.413131628e+002 +3.413131628e+002 +1.4300e-001 -1.9197e+000 +2.3475e+000 -1.5379e+000 -1.2412e-001 -1.8461e+000 -2.2699e+000 +1.0322e+000 +2.2671e-001 +1.8239e+000 -2.2121e+000 +1.3557e+000 +1.3483e+000 +1.8712e-001 +1.2159e+000 -9.0011e-001 -2.0774e+000 -3.3769e+000 -3.9146e+000 -4.7080e+000
4253 0 +4.249285700e+001 +3.402228570e+002 +3.402228570e+002 +5.4712e-001 -1.7718e+000 +2.3601e+000 -1.0589e+000 -8.5892e-002 -9.7354e-001 -2.5331e+000 +6.6802e-001 +1.0264e+000 +1.2438e+000 -2.2938e+000 +1.9921e+000 +1.5184e+000 -6.7281e-001 +8.4816e-001 -1.4659e+000 -2.4882e+000 -3.7697e+000 -3.2221e+000 -4.8689e+000
4850 0 +3.891648311e+001 +3.366464831e+002 +3.366464831e+002 +1.0370e+000 -2.0211e+000 +2.9951e+000 -1.1538e+000 -7.4775e-001 -8.0911e-001 -2.0834e+000 +9.7011e-001 +8.2571e-001 +2.2056e+000 -2.6473e+000 +1.7466e+000 +6.6786e-001 -6.4043e-001 +1.4453e+000 -1.1000e+000 -1.9375e+000 -3.4035e+000 -3.1313e+000 -5.0000e+000
5035 0 +3.733522089e+001 +3.350652209e+002 +3.350652209e+002 +1.4918e+000 -2.5475e+000 +2.8227e+000 -1.3770e+000 -5.3653e-001 -1.5528e+000 -2.4446e+000 +1.4645e+000 +1.2444e+000 +1.8395e+000 -2.1837e+000 +1.5725e+000 +4.8461e-001 -5.1661e-001 +1.0816e+000 -2.0135e+000 -2.1037e+000 -3.8585e+000 -3.4361e+000 -4.9235e+000
5813 0 +3.552965396e+001 +3.332596540e+002 +3.332596540e+002 +2.1132e+000 -2.3855e+000 +2.5440e+000 -3.6522e-001 -4.5738e-001 -1.7143e+000 -1.5015e+000 +1.5968e+000 +7.6482e-001 +1.8125e+000 -1.9862e+000 +1.1868e+000 -1.1195e-001 +5.5118e-002 +7.3307e-001 -2.1751e+000 -1.7052e+000 -3.8786e+000 -3.6052e+000 -5.0000e+000
6050 0 +3.395401348e+001 +3.316840135e+002 +3.316840135e+002 +1.1186e+000 -2.4239e+000 +3.0905e+000 -1.3697e+000 -7.1203e-001 -1.2975e+000 -2.3754e+000 +1.3605e+000 +1.0166e+000 +2.3582e+000 -2.4372e+000 +1.6070e+000 +4.7908e-001 -5.2806e-001 +1.5154e+000 -1.3527e+000 -2.0292e+000 -3.4303e+000 -3.2914e+000 -5.0000e+000
7446 0 +3.220534326e+001 +3.299353433e+002 +3.299353433e+002 +1.3445e+000 -2.3360e+000 +2.8298e+000 -1.0020e+000 -6.7880e-001 -1.3895e+000 -1.9777e+000 +1.3024e+000 +8.9252e-001 +2.1097e+000 -2.2833e+000 +1.3608e+000 +4.0247e-001 -2.4790e-001 +1.1731e+000 -1.5859e+000 -1.9143e+000 -3.5526e+000 -3.3178e+000 -5.0000e+000
7489 0 +3.004085961e+001 +3.277708596e+002 +3.277708596e+002 +1.1369e+000 -2.2637e+000 +2.6762e+000 -7.4869e-001 -2.7074e-001 -1.3924e+000 -2.2956e+000 +1.1933e+000 +8.0056e-001 +1.9021e+000 -2.6475e+000 +1.5073e+000 +8.5835e-001 -3.1556e-001 +7.6519e-001 -1.4158e+000 -2.3247e+000 -3.5938e+000 -3.6101e+000 -5.0000e+000
7950 0 +2.539641066e+001 +3.231264107e+002 +3.231264107e+002 +1.2911e+000 -2.9062e+000 +2.9520e+000 +1.7126e-001 -1.6740e-001 -2.5354e+000 -1.8955e+000 +2.1688e+000 +1.9580e-001 +3.1435e+000 -2.4814e+000 +6.6758e-001 -1.4227e-001 +7.7617e-001 +1.0267e+000 -9.6906e-001 -2.1768e+000 -2.8820e+000 -4.1707e+000 -5.0000e+000
8081 0 +2.153496463e+001 +3.192649646e+002 +3.192649646e+002 +1.7697e+000 -3.2998e+000 +3.0149e+000 +3.9867e-001 -3.2734e-001 -2.2450e+000 -1.9007e+000 +2.1209e+000 -1.2554e-001 +3.3298e+000 -2.5039e+000 +2.3435e-001 +2.0140e-002 +4.6491e-001 +1.1697e+000 -1.5057e+000 -2.0747e+000 -3.8252e+000 -4.7404e+000 -5.0000e+000
8514 0 +2.086987905e+001 +3.185998790e+002 +3.185998790e+002 +1.5707e+000 -2.8761e+000 +2.5858e+000 -2.6693e-002 -2.4632e-001 -1.6628e+000 -1.9362e+000 +2.0311e+000 +2.3412e-001 +3.2014e+000 -2.1809e+000 +1.9220e-001 -5.6285e-002 +2.9425e-001 +1.0818e+000 -1.6643e+000 -2.1754e+000 -3.5641e+000 -4.3409e+000 -5.0000e+000
10041 0 +1.976575663e+001 +3.174957566e+002 +3.174957566e+002 +1.4115e+000 -2.7146e+000 +2.7231e+000 +5.4451e-002 -2.3015e-001 -1.2262e+000 -1.7985e+000 +1.7619e+000 +2.1746e-001 +3.2646e+000 -2.1541e+000 -3.8827e-002 -2.8987e-001 -1.0059e-003 +1.3703e+000 -1.5453e+000 -2.0177e+000 -3.6446e+000 -4.3548e+000 -5.0000e+000
% f evaluations | g evaluations | best noise-free fitness - Fopt (5.157000000000e+001) + sum g_i+ | measured fitness | best measured fitness or single-digit g-values | x1 | x2...
1 0 +8.156121458e+001 +1.331312146e+002 +1.331312146e+002 +0.0000e+000 +0.0000e+000 +0.0000e+000 +0.0000e+000 +0.0000e+000 +0.0000e+000 +0.0000e+000 +0.0000e+000 +0.0000e+000 +0.0000e+000 +0.0000e+000 +0.0000e+000 +0.0000e+000 +0.0000e+000 +0.0000e+000 +0.0000e+000 +0.0000e+000 +0.0000e+000 +0.0000e+000 +0.0000e+000
49 0 +8.033307026e+001 +1.319030703e+002 +1.319030703e+002 +3.9728e+000 -6.1204e-001 -4.4473e+000 -1.8401e+000 +4.1249e+000 +3.0954e-001 +3.5030e+000 +1.9283e-001 -2.6700e-001 -4.1493e+000 +4.9856e-001 +2.1916e-001 -2.9540e+000 +2.9740e+000 -4.5678e-001 +3.1984e+000 -4.8659e+000 -2.5272e+000 +1.0222e+000 -2.7056e+000
61 0 +7.517193007e+001 +1.267419301e+002 +1.267419301e+002 +1.4695e+000 +5.3336e-001 -1.1803e+000 +3.3802e+000 +8.7171e-001 +2.5307e+000 +2.5857e+000 -3.5512e+000 -7.6160e-001 -3.9284e+000 +2.0090e+000 +9.0779e-001 -1.0247e+000 -4.8062e-001 +3.3044e+000 -2.9813e-001 -2.6276e+000 -1.5131e+000 -4.0737e+000 +2.1166e+000
252 0 +7.025685819e+001 +1.218268582e+002 +1.218268582e+002 +5.8624e-001 +8.7755e-002 -1.3895e+000 +2.6411e+000 +1.1505e+000 +2.7534e+000 +2.3893e+000 -3.1683e+000 -1.2528e-001 -2.8456e+000 +2.2981e+000 +7.4290e-001 -5.1558e-002 -7.7349e-001 +3.1166e+000 -6.2395e-001 -3.2218e+000 -1.4936e+000 -4.2924e+000 -2.4624e-002
861 0 +6.715137270e+001 +1.187213727e+002 +1.187213727e+002 +5.4321e-001 +1.7611e+000 +2.4185e-001 +1.6028e+000 +2.3909e+000 +2.7566e+000 +2.5656e+000 -3.1988e+000 +4.9951e-001 -3.6089e+000 +1.7179e+000 +2.2788e+000 +1.2010e+000 -9.7352e-001 +2.7423e+000 -1.5339e+000 -2.4429e+000 -1.1453e+000 -4.6617e+000 +1.5383e-001
1445 0 +6.573960667e+001 +1.173096067e+002 +1.173096067e+002 +5.5925e-001 +8.8942e-001 -9.3708e-002 +2.7461e+000 +1.6757e+000 +2.9703e+000 +1.9191e+000 -3.2794e+000 -2.1194e-001 -3.3255e+000 +1.9204e+000 +1.7909e+000 +3.2185e-001 -1.1585e+000 +3.2526e+000 -1.6210e+000 -2.4664e+000 -1.8673e+000 -4.5950e+000 -9.5716e-001
2051 0 +6.088131429e+001 +1.124513143e+002 +1.124513143e+002 -1.0275e+000 +1.8410e+000 -6.8657e-001 +1.8206e+000 +2.5177e+000 +2.5271e+000 +1.0239e+000 -3.8619e+000 +1.3365e+000 -2.2515e+000 +3.7726e+000 +3.1686e-001 +7.8282e-001 -2.4609e+000 +4.0383e+000 -2.5012e+000 -2.4276e+000 -2.5686e+000 -3.7210e+000 -9.4352e-001
3178 0 +5.482711556e+001 +1.063971156e+002 +1.063971156e+002 -9.3814e-001 +2.2890e+000 -8.9571e-001 +2.2050e+000 +2.9876e+000 +1.8816e+000 +1.1764e+000 -4.1785e+000 +1.0586e+000 -1.6217e+000 +3.5188e+000 +9.0916e-002 +1.3236e+000 -1.5292e+000 +4.2320e+000 -2.9688e+000 -2.2217e+000 -1.9864e+000 -3.5787e+000 -1.1538e+000
4843 0 +5.281376534e+001 +1.043837653e+002 +1.043837653e+002 -8.4137e-001 +2.3359e+000 -7.2874e-001 +2.0095e+000 +3.0690e+000 +1.7034e+000 +1.4542e+000 -4.3283e+000 +1.1305e+000 -1.8896e+000 +3.3788e+000 -4.7397e-002 +1.4037e+000 -1.5444e+000 +4.1471e+000 -2.8550e+000 -2.1492e+000 -1.7645e+000 -3.7319e+000 -1.4385e+000
4940 0 +5.186104722e+001 +1.034310472e+002 +1.034310472e+002 -4.8734e-001 +1.8407e+000 -1.2934e+000 +1.9123e+000 +2.7305e+000 +1.3649e+000 +1.2821e+000 -3.7140e+000 +1.2035e+000 -1.6629e+000 +3.0108e+000 -1.6919e-002 +1.7857e+000 -1.4829e+000 +3.6531e+000 -2.9091e+000 -1.5432e+000 -2.0695e+000 -3.0826e+000 -1.2542e+000
6024 0 +5.088337828e+001 +1.024533783e+002 +1.024533783e+002 -7.1511e-002 +1.8576e+000 -5.8139e-001 +2.0498e+000 +3.6898e+000 +1.1068e+000 +1.5591e+000 -3.9579e+000 +3.1332e-001 -2.3336e+000 +2.1921e+000 +9.2671e-001 +1.4576e+000 -1.6918e+000 +4.5595e+000 -2.9196e+000 -1.2195e+000 -1.8805e+000 -2.4729e+000 -9.9869e-001
6240 0 +4.984432654e+001 +1.014143265e+002 +1.014143265e+002 -4.3488e-001 +2.1719e+000 -8.5403e-001 +1.9885e+000 +3.3333e+000 +1.2938e+000 +1.6122e+000 -4.1077e+000 +7.8929e-001 -2.0737e+000 +2.6195e+000 +2.8425e-001 +1.4447e+000 -1.6177e+000 +4.3650e+000 -2.7841e+000 -1.5133e+000 -1.8512e+000 -3.0753e+000 -1.0269e+000
9323 0 +4.886047033e+001 +1.004304703e+002 +1.004304703e+002 -2.5096e-002 +2.0525e+000 -1.3557e+000 +1.7181e+000 +3.6658e+000 +1.4243e+000 +1.7691e+000 -4.2443e+000 +6.3829e-001 -2.3243e+000 +2.0074e+000 +7.4163e-001 +1.4800e+000 -1.6662e+000 +4.0526e+000 -2.4523e+000 -1.0431e+000 -1.4864e+000 -3.2976e+000 -1.2177e+000
9755 0 +4.770633762e+001 +9.927633762e+001 +9.927633762e+001 -5.6897e-003 +2.4396e+000 -8.9817e-001 +1.6160e+000 +3.5501e+000 +1.1821e+000 +1.9511e+000 -3.6899e+000 +9.3332e-001 -2.2602e+000 +1.7314e+000 +8.6524e-001 +1.9403e+000 -2.0369e+000 +3.7674e+000 -2.6379e+000 -6.7260e-001 -2.0585e+000 -3.0225e+000 -1.8430e+000
% f evaluations | g evaluations | best noise-free fitness - Fopt (1.527100000000e+002) + sum g_i+ | measured fitness | best measured fitness or single-digit g-values | x1 | x2...
1 0 +8.409657320e+001 +2.368065732e+002 +2.368065732e+002 +0.0000e+000 +0.0000e+000 +0.0000e+000 +0.0000e+000 +0.0000e+000 +0.0000e+000 +0.0000e+000 +0.0000e+000 +0.0000e+000 +0.0000e+000 +0.0000e+000 +0.0000e+000 +0.0000e+000 +0.0000e+000 +0.0000e+000 +0.0000e+000 +0.0000e+000 +0.0000e+000 +0.0000e+000 +0.0000e+000
68 0 +8.379878619e+001 +2.365087862e+002 +2.365087862e+002 +2.1004e+000 +2.4756e-001 -8.5042e-001 -4.8852e+000 -4.1338e+000 +2.4300e+000 -1.8566e-001 +1.0890e+000 -2.2410e+000 +3.6941e+000 -3.0219e+000 +8.1666e-001 -3.9996e+000 +1.0251e+000 -4.5178e+000 -1.9220e+000 +3.2587e+000 -3.3504e+000 -8.8991e-001 -2.2181e+000
89 0 +7.730366595e+001 +2.300136660e+002 +2.300136660e+002 +3.7346e+000 +1.1622e+000 -1.7452e+000 -3.4088e+000 +3.3631e+000 +2.5500e+000 +1.4381e+000 +3.9217e+000 -2.6026e+000 -1.9567e+000 +5.0483e-001 -9.0915e-001 -2.0449e-002 +1.2113e-001 +4.8203e+000 -1.2436e-001 -3.3427e+000 +1.2277e+000 +1.3247e+000 +2.8718e+000
255 0 +7.343947713e+001 +2.261494771e+002 +2.261494771e+002 +3.9776e+000 +9.6725e-001 -1.9574e+000 -3.8179e+000 +3.2567e+000 +2.2045e+000 +1.5779e+000 +3.7600e+000 -2.5648e+000 -2.2182e+000 +8.6155e-001 -7.2920e-001 +1.4014e-001 -1.2739e-001 +5.0634e+000 -5.4827e-001 -3.5621e+000 +9.4883e-001 +1.1541e+000 +1.4238e+000
721 0 +6.978522358e+001 +2.224952236e+002 +2.224952236e+002 +3.1850e+000 +1.0694e+000 -1.5700e+000 -3.8011e+000 +2.0555e+000 +2.3346e+000 +3.6109e-001 +4.5911e+000 -1.5571e+000 -1.9273e+000 +1.4532e-001 +2.2777e-002 +4.8168e-001 -6.3215e-001 +5.1054e+000 +1.5901e-001 -4.3286e+000 +1.0223e+000 +2.1644e-001 +1.2782e+000
812 0 +6.294781600e+001 +2.156578160e+002 +2.156578160e+002 +3.1692e+000 +7.0377e-001 -7.1054e-001 -3.6744e+000 +2.3397e+000 +1.8283e+000 +6.5064e-001 +5.1481e+000 -2.1229e+000 -2.1851e+000 -2.4328e-001 -2.3123e-001 +1.7928e+000 -4.1645e-001 +6.5886e+000 +2.4300e-001 -5.9673e+000 +1.5193e+000 -1.3051e+000 -1.3958e+000
1089 0 +6.135424987e+001 +2.140642499e+002 +2.140642499e+002 +3.4678e+000 +8.3317e-001 -1.1994e+000 -3.5381e+000 +2.5043e+000 +2.0873e+000 +8.5290e-001 +4.8704e+000 -2.2520e+000 -2.1999e+000 -1.5293e-002 -5.4661e-001 +1.2492e+000 -4.7420e-001 +6.3187e+000 +1.6624e-001 -5.2627e+000 +1.2334e+000 -7.3365e-001 -5.9063e-001
1659 0 +5.947150357e+001 +2.121815036e+002 +2.121815036e+002 +3.4294e+000 +1.5023e+000 -3.6402e-001 -3.1923e+000 +2.3109e+000 +2.3289e+000 +4.4297e-001 +4.3947e+000 -2.2911e+000 -2.2793e+000 -4.7807e-001 -3.8579e-001 +9.0740e-001 -2.4701e-001 +6.2514e+000 -4.8481e-002 -4.8864e+000 +1.5530e+000 -7.1718e-001 -7.5771e-001
2413 0 +3.900099281e+001 +1.917109928e+002 +1.917109928e+002 +3.8324e+000 +8.5526e-001 -5.0697e-001 -2.4049e+000 +2.7483e+000 +9.3371e-001 +8.7478e-001 +3.5370e+000 -2.5834e+000 -1.3241e+000 -7.3816e-001 +2.7827e-001 +1.2330e+000 -1.7148e+000 +4.5728e+000 -2.8013e-001 -3.3747e+000 +5.9462e-001 -1.7960e+000 -1.2726e+000
2559 0 +2.782199488e+001 +1.805319949e+002 +1.805319949e+002 +4.7381e+000 +2.1442e+000 +1.1131e+000 -2.4648e+000 +1.9607e+000 +5.2526e-001 -1.4276e-001 +3.1358e+000 -2.8527e+000 -7.1012e-001 -2.0264e+000 +1.2220e+000 +1.0348e+000 -1.7824e+000 +3.7195e+000 -1.3754e+000 -2.2769e+000 +3.4694e-001 -2.7609e+000 -1.8713e+000
3017 0 +2.624712400e+001 +1.789571240e+002 +1.789571240e+002 +4.5918e+000 +1.9770e+000 +1.0244e+000 -2.4579e+000 +2.0523e+000 +5.6821e-001 -2.5215e-002 +3.2468e+000 -2.8381e+000 -8.0256e-001 -1.9323e+000 +1.0901e+000 +1.1570e+000 -1.7566e+000 +3.9392e+000 -1.2403e+000 -2.5906e+000 +4.2962e-001 -2.8033e+000 -1.6970e+000
3291 0 +2.528196758e+001 +1.779919676e+002 +1.779919676e+002 +4.4633e+000 +2.5840e+000 +7.7066e-001 -2.8773e+000 +1.6373e+000 +6.5020e-001 -5.0761e-001 +3.3693e+000 -3.3270e+000 -5.1511e-001 -2.1736e+000 +1.2105e+000 +7.4118e-001 -1.4724e+000 +4.0559e+000 -1.6686e+000 -2.4791e+000 +2.4105e-001 -2.8523e+000 -1.6148e+000
3831 0 +2.345370929e+001 +1.761637093e+002 +1.761637093e+002 +4.0063e+000 +2.2467e+000 +4.3372e-001 -2.9955e+000 +1.8222e+000 +8.8852e-001 -2.9180e-001 +3.5291e+000 -3.0958e+000 -8.1800e-001 -1.7868e+000 +9.2462e-001 +9.2007e-001 -1.3859e+000 +4.4942e+000 -1.1012e+000 -3.0762e+000 +4.7109e-001 -2.6233e+000 -1.5441e+000
4231 0 +2.332782037e+001 +1.760378204e+002 +1.760378204e+002 +3.7216e+000 +2.0687e+000 +3.8817e-001 -3.0464e+000 +1.9393e+000 +9.8878e-001 -1.8908e-001 +3.5484e+000 -2.8724e+000 -9.8665e-001 -1.6200e+000 +8.2533e-001 +1.1041e+000 -1.4416e+000 +4.6643e+000 -6.4319e-001 -3.3938e+000 +6.0442e-001 -2.6099e+000 -1.4553e+000
4389 0 +2.200131882e+001 +1.747113188e+002 +1.747113188e+002 +4.2090e+000 +2.7948e+000 +7.1608e-001 -2.6831e+000 +1.7012e+000 +1.0352e+000 -5.3693e-001 +3.0767e+000 -3.1369e+000 -6.8024e-001 -2.2123e+000 +8.6052e-001 +6.8073e-001 -1.9181e+000 +4.2394e+000 -7.7718e-001 -2.3769e+000 +1.0435e-001 -3.1386e+000 -1.3397e+000
5423 0 +1.932000360e+001 +1.720300036e+002 +1.720300036e+002 +4.5626e+000 +2.9710e+000 +7.3775e-001 -2.8603e+000 +1.5413e+000 +1.0002e+000 -2.3572e-001 +3.3133e+000 -3.1074e+000 -7.7335e-001 -2.0619e+000 +1.1228e+000 +8.7722e-001 -2.2507e+000 +4.6538e+000 -8.8716e-001 -2.2982e+000 -9.8307e-002 -3.4726e+000 -1.3222e+000
6105 0 +1.826216559e+001 +1.709721656e+002 +1.709721656e+002 +4.3263e+000 +3.1018e+000 +1.4497e+000 -2.3319e+000 +1.8699e+000 +6.6119e-001 -2.1882e-001 +3.4589e+000 -3.2378e+000 -8.8597e-001 -1.9718e+000 +1.2415e+000 +6.0313e-001 -2.0253e+000 +4.2211e+000 -1.1673e+000 -2.4424e+000 +4.7058e-001 -3.6300e+000 -1.1647e+000
6140 0 +1.624598055e+001 +1.689559805e+002 +1.689559805e+002 +4.4597e+000 +2.2276e+000 +1.1670e-001 -3.4518e+000 +2.3523e+000 +1.7844e+000 -1.2766e-001 +2.7648e+000 -3.2002e+000 -1.5312e+000 -1.0893e+000 +1.3482e+000 +1.0783e+000 -1.9097e+000 +4.4276e+000 -1.3000e+000 -3.0997e+000 -1.6970e-002 -3.1498e+000 -1.2133e+000
6611 0 +1.506985297e+001 +1.677798530e+002 +1.677798530e+002 +3.7605e+000 +2.6685e+000 +7.4419e-001 -4.5213e+000 +2.9336e+000 +1.6818e+000 -6.1162e-001 +3.7318e+000 -3.3994e+000 -2.7703e-001 -9.3325e-001 +1.7051e+000 +5.0181e-001 -2.1735e+000 +4.8185e+000 -1.3430e+000 -3.0501e+000 +3.7061e-001 -2.5023e+000 -8.9348e-001
7278 0 +1.377033061e+001 +1.664803306e+002 +1.664803306e+002 +4.3888e+000 +2.7577e+000 +4.7476e-001 -3.6320e+000 +1.8376e+000 +7.2594e-001 -2.2966e-001 +3.7976e+000 -2.9325e+000 -8.1731e-001 -1.2525e+000 +1.6319e+000 +1.0528e+000 -1.8980e+000 +5.1974e+000 -9.5758e-001 -2.7635e+000 +1.7433e-001 -3.0133e+000 -1.3915e+000
9159 0 +1.194425162e+001 +1.646542516e+002 +1.646542516e+002 +4.2513e+000 +2.9339e+000 +5.2085e-001 -4.0666e+000 +1.9441e+000 +7.2431e-001 -3.8433e-001 +4.1158e+000 -3.0242e+000 -5.4899e-001 -1.1188e+000 +1.8898e+000 +9.3755e-001 -1.9628e+000 +5.5316e+000 -8.9589e-001 -2.8019e+000 +2.1185e-001 -2.9898e+000 -2.5148e-001
% f evaluations | g evaluations | best noise-free fitness - Fopt (9.980000000000e+001) + sum g_i+ | measured fitness | best measured fitness or single-digit g-values | x1 | x2...
1 0 +8.041794729e+001 +1.802179473e+002 +1.802179473e+002 +0.0000e+000 +0.0000e+000 +0.0000e+000 +0.0000e+000 +0.0000e+000 +0.0000e+000 +0.0000e+000 +0.0000e+000 +0.0000e+000 +0.0000e+000 +0.0000e+000 +0.0000e+000 +0.0000e+000 +0.0000e+000 +0.0000e+000 +0.0000e+000 +0.0000e+000 +0.0000e+000 +0.0000e+000 +0.0000e+000
68 0 +7.856877847e+001 +1.783687785e+002 +1.783687785e+002 +1.3547e+000 +2.4209e+000 +3.4212e+000 -1.2715e-001 +2.0281e+000 +3.1551e+000 +3.1610e+000 +1.7842e+000 +2.6747e+000 +2.8032e+000 +1.9456e+000 -4.4067e+000 -2.0684e+000 -4.5131e+000 +4.5747e+000 +4.7792e-001 -4.8092e+000 -1.4956e-001 -1.9731e-002 +1.8315e+000
207 0 +7.697972593e+001 +1.767797259e+002 +1.767797259e+002 +1.6238e+000 +3.0035e+000 +3.9241e+000 -3.4160e-001 +1.9540e+000 +3.4187e+000 +2.8214e+000 +1.7374e+000 +1.6828e+000 +2.8135e+000 +2.0509e+000 -4.2294e+000 -2.1552e+000 -2.8924e+000 +5.1444e+000 -5.4835e-001 -3.4727e+000 +3.9521e-001 -8.4056e-001 +1.2285e+000
220 0 +7.417611327e+001 +1.739761133e+002 +1.739761133e+002 -4.5565e-002 +2.2818e+000 +1.7798e+000 -9.0029e-001 +1.0908e+000 +2.6689e+000 +1.7045e+000 +3.1133e+000 +3.2094e+000 +3.3100e+000 +9.0638e-001 -1.6689e+000 -6.7404e-001 -2.4722e+000 +3.4604e+000 -1.4454e+000 -1.6475e+000 -1.3906e+000 +1.2745e+000 +5.0000e+000
247 0 +7.310820750e+001 +1.729082075e+002 +1.729082075e+002 +6.7949e-001 +2.4803e+000 +2.2423e+000 -3.1208e-002 +1.9583e+000 +3.2956e+000 +2.1731e+000 +1.7442e+000 +2.3210e+000 +2.1765e+000 +1.9296e+000 -3.1209e+000 -1.9691e+000 -3.5045e+000 +4.6052e+000 +6.6100e-001 -4.0844e+000 -8.3285e-001 +2.2139e-001 +3.5887e+000
458 0 +6.993579408e+001 +1.697357941e+002 +1.697357941e+002 -7.2103e-001 +3.3704e+000 +2.1288e+000 -1.0423e-003 +1.9610e+000 +3.4766e+000 +2.6469e+000 +2.2882e+000 +3.8434e+000 +1.8619e+000 +2.2693e+000 -3.3886e+000 -3.2492e+000 -3.2056e+000 +5.4780e+000 -6.4834e-002 -3.9998e+000 -1.4253e+000 -4.7877e-002 +5.0000e+000
972 0 +6.879596439e+001 +1.685959644e+002 +1.685959644e+002 -7.5528e-001 +3.6008e+000 +1.8988e+000 +1.3302e-001 +2.0111e+000 +3.5045e+000 +2.7997e+000 +2.5242e+000 +3.8283e+000 +1.7007e+000 +2.3954e+000 -3.3309e+000 -3.4764e+000 -2.7972e+000 +5.3899e+000 -2.6341e-001 -3.9387e+000 -1.5371e+000 -4.5773e-002 +5.0000e+000
1201 0 +6.442717241e+001 +1.642271724e+002 +1.642271724e+002 -9.9491e-001 +2.9869e+000 +2.7620e+000 +7.4425e-002 +3.0327e+000 +1.6861e+000 +2.1588e+000 +4.2783e+000 +2.8588e+000 +9.6575e-001 +3.8489e+000 -2.0193e+000 -4.6974e+000 -1.8623e+000 +4.4825e+000 -5.2600e-001 -3.0741e+000 -2.1150e+000 +2.0833e-001 +5.0000e+000
1462 0 +6.301355866e+001 +1.628135587e+002 +1.628135587e+002 -1.2620e+000 +2.6828e+000 +1.8718e+000 -8.9495e-001 +2.2954e+000 +2.1013e+000 +1.8558e+000 +2.8600e+000 +1.8578e+000 +3.4885e-001 +1.9314e+000 -3.3988e+000 -5.3586e+000 -3.5258e+000 +5.1664e+000 -7.4676e-001 -3.2366e+000 -2.6316e+000 +3.3302e-001 +4.1724e+000
2008 0 +6.160398898e+001 +1.614039890e+002 +1.614039890e+002 -1.7879e+000 +2.9790e+000 +2.9156e+000 +9.8350e-001 +2.2179e+000 +2.3763e+000 +4.2529e-001 +1.6191e+000 +3.6732e+000 +6.9778e-001 +2.3418e+000 -3.0027e+000 -3.9253e+000 -1.5061e+000 +3.1186e+000 -2.1479e+000 -3.1877e+000 -2.0790e+000 -9.3160e-001 +2.4770e+000
2162 0 +5.741787118e+001 +1.572178712e+002 +1.572178712e+002 -1.6167e+000 +3.1063e+000 +3.3426e+000 -3.5207e-001 +3.4844e+000 +1.5308e+000 +1.9184e+000 +3.3840e+000 +2.5777e+000 +6.2461e-001 +3.0300e+000 -2.7500e+000 -5.6245e+000 -3.3793e+000 +4.8881e+000 -5.0985e-001 -4.6084e+000 -2.8601e+000 +9.3771e-002 +3.4867e+000
2563 0 +5.203383166e+001 +1.518338317e+002 +1.518338317e+002 -2.3638e+000 +2.7260e+000 +3.0175e+000 +1.1364e+000 +2.8393e+000 +2.4349e+000 +7.8761e-001 +2.6220e+000 +3.6651e+000 +7.1132e-001 +2.9047e+000 -3.0400e+000 -4.9216e+000 -2.3096e+000 +3.9558e+000 -2.6725e+000 -3.7737e+000 -2.8480e+000 -4.4652e-001 +3.2471e+000
3562 0 +4.719609406e+001 +1.469960941e+002 +1.469960941e+002 -2.2590e+000 +2.6281e+000 +3.1816e+000 +6.5410e-001 +3.0523e+000 +1.9208e+000 +8.8107e-001 +2.8581e+000 +2.9603e+000 +4.1619e-001 +2.9213e+000 -2.8701e+000 -5.4766e+000 -2.6914e+000 +4.0639e+000 -2.2915e+000 -3.9927e+000 -3.0622e+000 -2.3101e-001 +3.0606e+000
9422 0 +4.559057347e+001 +1.453905735e+002 +1.453905735e+002 -2.3489e+000 +3.0109e+000 +2.2876e+000 -7.2881e-002 +2.6797e+000 +1.9821e+000 +1.0978e+000 +2.9131e+000 +2.4193e+000 +2.7113e-001 +2.6180e+000 -2.7294e+000 -5.1792e+000 -3.0124e+000 +4.9382e+000 -2.0879e+000 -3.6285e+000 -3.6641e+000 +3.5023e-001 +3.1220e+000
% f evaluations | g evaluations | best noise-free fitness - Fopt (-1.194100000000e+002) + sum g_i+ | measured fitness | best measured fitness or single-digit g-values | x1 | x2...
1 0 +7.550286235e+001 -4.390713765e+001 -4.390713765e+001 +0.0000e+000 +0.0000e+000 +0.0000e+000 +0.0000e+000 +0.0000e+000 +0.0000e+000 +0.0000e+000 +0.0000e+000 +0.0000e+000 +0.0000e+000 +0.0000e+000 +0.0000e+000 +0.0000e+000 +0.0000e+000 +0.0000e+000 +0.0000e+000 +0.0000e+000 +0.0000e+000 +0.0000e+000 +0.0000e+000
30 0 +7.385786045e+001 -4.555213955e+001 -4.555213955e+001 -5.0632e-002 +3.2616e+000 -4.3479e+000 +2.9571e+000 -2.8626e-001 +2.1326e+000 -1.7394e+000 -3.2727e+000 +1.9648e+000 -2.8649e-001 +1.8947e-001 +6.5170e-001 +1.9614e+000 +2.0565e+000 -3.2681e-001 +1.4142e+000 +2.4343e+000 -4.0089e+000 -4.4943e+000 +1.3615e+000
1185 0 +6.927872877e+001 -5.013127123e+001 -5.013127123e+001 -6.1171e-001 +2.7363e+000 -3.0275e+000 +5.4459e+000 +1.7602e+000 +2.1945e+000 -2.5897e+000 -3.0514e+000 +4.9935e+000 -7.6157e-001 +1.6181e-001 +6.1840e-001 +3.9675e+000 +2.3150e+000 +1.1165e+000 +2.8084e-002 +2.0847e+000 -3.9779e+000 -3.2458e+000 +7.8160e-001
1205 0 +6.812932441e+001 -5.128067559e+001 -5.128067559e+001 -1.0970e-001 +2.0249e+000 -2.7072e+000 +4.8294e+000 +9.5383e-001 +1.4156e+000 -3.0460e+000 -2.2478e+000 +4.9094e+000 -5.2824e-001 +6.5616e-001 +3.9621e-001 +4.0148e+000 +2.5989e+000 +5.4502e-001 -2.7445e-001 +1.9456e+000 -3.0333e+000 -2.9620e+000 +1.0736e+000
1457 0 +6.732653181e+001 -5.208346819e+001 -5.208346819e+001 -3.0780e-001 +2.3174e+000 -2.3153e+000 +4.5840e+000 +1.0715e+000 +1.5369e+000 -2.6439e+000 -2.4620e+000 +4.4680e+000 -3.3284e-001 +5.6145e-001 +7.3729e-002 +4.0681e+000 +2.4437e+000 +6.4439e-001 -4.5227e-001 +1.7680e+000 -2.6235e+000 -2.8746e+000 +1.0744e+000
1997 0 +6.542574937e+001 -5.398425063e+001 -5.398425063e+001 -2.9796e-001 +1.6441e+000 -2.1117e+000 +3.1184e+000 +9.5243e-001 +6.3904e-001 -1.7243e+000 -2.9553e+000 +4.7641e+000 -5.2999e-001 +3.9415e-001 +2.1360e-001 +3.2222e+000 +1.4905e+000 +7.0883e-001 -3.8528e-001 +1.6186e+000 -2.5685e+000 -3.2353e+000 +8.6334e-001
2792 0 +6.404028668e+001 -5.536971332e+001 -5.536971332e+001 -4.4728e-001 +1.9349e+000 -2.2297e+000 +3.2548e+000 +1.2042e+000 +7.1034e-001 -1.5418e+000 -3.3303e+000 +4.9352e+000 -7.3319e-001 +3.4410e-001 +2.4643e-001 +3.3735e+000 +1.5386e+000 +3.4186e-001 -7.5562e-001 +1.9072e+000 -2.5369e+000 -3.3764e+000 +9.6046e-001
3800 0 +6.297155523e+001 -5.643844477e+001 -5.643844477e+001 -8.2844e-001 +1.9054e+000 -2.1322e+000 +3.0309e+000 +1.2191e+000 +5.5537e-001 -1.3105e+000 -3.1125e+000 +4.7202e+000 -6.3375e-001 +4.5244e-001 +3.8801e-001 +3.0579e+000 +1.3978e+000 +4.7109e-001 -8.5942e-001 +1.7665e+000 -2.3892e+000 -3.0957e+000 +2.9142e+000
4211 0 +6.015753425e+001 -5.925246575e+001 -5.925246575e+001 -1.5675e+000 +2.3209e+000 -3.0447e+000 +3.0045e+000 +2.5954e+000 +6.9563e-001 -2.3129e+000 -3.1193e+000 +3.4947e+000 -1.5362e+000 +1.0001e+000 +1.0405e+000 +3.8838e+000 +2.4862e+000 +3.9404e-001 -8.3793e-002 +1.1188e+000 -3.4845e+000 -4.0580e+000 +1.9547e+000
4256 0 +5.598670888e+001 -6.342329112e+001 -6.342329112e+001 -2.1061e+000 +2.4888e+000 -3.7736e+000 +2.9044e+000 +2.2645e+000 -2.5628e-003 -7.5910e-001 -4.1465e+000 +5.1653e+000 -1.2492e+000 -4.6394e-001 +1.1185e+000 +3.2807e+000 +7.5300e-001 +1.0636e+000 -2.7529e-001 +2.5682e+000 -3.0738e+000 -2.5791e+000 +2.5306e+000
4411 0 +5.293269769e+001 -6.647730231e+001 -6.647730231e+001 -1.6870e+000 +2.3572e+000 -3.2525e+000 +2.9691e+000 +2.2443e+000 +3.8021e-001 -1.4518e+000 -3.6160e+000 +4.4574e+000 -1.2844e+000 +2.2338e-001 +9.7410e-001 +3.5010e+000 +1.5181e+000 +7.0305e-001 -2.7987e-001 +1.9007e+000 -3.1557e+000 -3.2615e+000 +2.1866e+000
5149 0 +4.902062811e+001 -7.038937189e+001 -7.038937189e+001 -1.9404e+000 +2.4267e+000 -3.7476e+000 +4.0343e+000 +2.2989e+000 -6.6977e-001 -2.5575e+000 -3.1977e+000 +4.1363e+000 -1.1775e+000 +3.2306e-001 +8.8714e-001 +5.3610e+000 +2.1425e+000 +1.6169e+000 -1.8462e-001 +1.3712e+000 -2.8687e+000 -3.5780e+000 +2.2056e+000
5492 0 +4.860044945e+001 -7.080955055e+001 -7.080955055e+001 -1.9768e+000 +2.4311e+000 -3.6609e+000 +3.8978e+000 +2.3356e+000 -6.2230e-001 -2.4538e+000 -3.2185e+000 +4.1824e+000 -1.1899e+000 +2.5752e-001 +8.2835e-001 +5.2527e+000 +1.9791e+000 +1.7349e+000 -3.1851e-002 +1.3587e+000 -2.9472e+000 -3.5405e+000 +2.0801e+000
6814 0 +4.641774196e+001 -7.299225804e+001 -7.299225804e+001 -2.0772e+000 +2.7906e+000 -3.7033e+000 +3.4119e+000 +2.4534e+000 -2.9396e-001 -1.6192e+000 -3.8121e+000 +4.3354e+000 -1.3475e+000 +8.5856e-003 +9.8199e-001 +4.4966e+000 +1.5361e+000 +1.4474e+000 -1.1028e-001 +1.6971e+000 -3.1929e+000 -3.4791e+000 +2.0475e+000
% f evaluations | g evaluations | best noise-free fitness - Fopt (1.077000000000e+001) + sum g_i+ | measured fitness | best measured fitness or single-digit g-values | x1 | x2...
1 0 +8.487310133e+001 +9.564310133e+001 +9.564310133e+001 +0.0000e+000 +0.0000e+000 +0.0000e+000 +0.0000e+000 +0.0000e+000 +0.0000e+000 +0.0000e+000 +0.0000e+000 +0.0000e+000 +0.0000e+000 +0.0000e+000 +0.0000e+000 +0.0000e+000 +0.0000e+000 +0.0000e+000 +0.0000e+000 +0.0000e+000 +0.0000e+000 +0.0000e+000 +0.0000e+000
30 0 +8.359144180e+001 +9.436144180e+001 +9.436144180e+001 +3.6226e+000 -1.2030e+000 +4.7337e-002 -5.8725e-001 -2.8688e-001 -9.5702e-001 +4.0525e+000 -3.6506e+000 +8.1656e-001 +3.2893e+000 +4.3865e+000 +3.3418e+000 +4.1066e+000 -8.1723e-001 +3.5683e-001 +2.0939e+000 +3.2303e-001 -2.8691e+000 -3.2585e+000 +1.6078e+000
42 0 +8.185443765e+001 +9.262443765e+001 +9.262443765e+001 -4.7259e+000 +4.4982e+000 +1.1538e+000 -3.2244e+000 -3.5134e+000 -2.7700e+000 +2.8061e+000 -1.9969e+000 -2.6754e+000 -4.4054e+000 +2.3766e+000 +1.0139e+000 +6.9284e-001 +1.9496e+000 +3.5811e-002 -3.2368e+000 -1.3244e-001 -1.1012e+000 +1.2970e+000 +1.5389e+000
291 0 +8.127849923e+001 +9.204849923e+001 +9.204849923e+001 -2.8347e+000 +3.3980e+000 +1.0288e+000 -3.1788e+000 -1.2972e+000 -2.0942e+000 +2.5908e+000 -4.7080e-001 -2.7992e+000 -2.8149e+000 +2.5018e+000 +8.4741e-002 -9.2963e-001 +2.8081e+000 +7.6608e-001 -3.4710e+000 -5.3611e-001 -1.7161e+000 +1.2585e+000 +1.5597e+000
438 0 +7.903164953e+001 +8.980164953e+001 +8.980164953e+001 -3.0450e+000 +3.3856e+000 +1.1749e+000 -3.2272e+000 -1.4110e+000 -2.0981e+000 +2.5612e+000 -5.8313e-001 -2.5407e+000 -2.8747e+000 +2.4657e+000 +1.2986e-001 -5.6000e-001 +2.4570e+000 +4.7520e-001 -3.4400e+000 -3.9092e-001 -1.6042e+000 +1.1546e+000 +4.2138e+000
1370 0 +7.700513575e+001 +8.777513575e+001 +8.777513575e+001 -2.4070e+000 +2.4876e+000 +8.7189e-001 -2.9870e+000 -1.9940e+000 -2.2340e+000 +2.3072e+000 -3.0782e-002 -3.2351e+000 -1.9467e+000 +3.7802e+000 +8.9882e-001 -1.3661e+000 +3.6343e+000 +1.4201e+000 -3.8061e+000 +8.4126e-001 -2.3447e+000 +1.1182e+000 +3.4606e+000
2182 0 +7.305825154e+001 +8.382825154e+001 +8.382825154e+001 -2.8463e+000 +2.8612e+000 +1.4037e+000 -3.4988e+000 -2.3537e+000 -2.0349e+000 +2.6570e+000 -6.6449e-001 -3.4588e+000 -2.6100e+000 +3.8678e+000 +5.6285e-001 -6.4894e-001 +3.1615e+000 +1.2535e+000 -3.1946e+000 +8.2395e-001 -1.5135e+000 +8.7129e-001 +3.9679e+000
3318 0 +7.088299555e+001 +8.165299555e+001 +8.165299555e+001 -2.6041e+000 +3.5683e+000 +8.8126e-001 -3.0852e+000 -2.6909e+000 -1.4783e+000 +2.6652e+000 -6.7341e-001 -3.3183e+000 -3.5354e+000 +3.5143e+000 +6.0725e-001 -6.1220e-001 +2.7273e+000 +1.3492e+000 -3.3380e+000 +1.8668e-001 -7.9243e-001 +8.6939e-001 +3.1202e+000
3596 0 +7.036856213e+001 +8.113856213e+001 +8.113856213e+001 -2.5455e+000 +3.3993e+000 +1.0760e+000 -3.3436e+000 -2.6057e+000 -1.5919e+000 +2.8753e+000 -6.6713e-001 -3.4472e+000 -3.3068e+000 +3.8902e+000 +6.1659e-001 -6.4166e-001 +2.9307e+000 +1.5434e+000 -3.1670e+000 +5.0541e-001 -9.3941e-001 +7.6538e-001 +3.0664e+000
4102 0 +6.901818279e+001 +7.978818279e+001 +7.978818279e+001 -3.2913e+000 +1.9536e+000 +1.4825e+000 -3.7028e+000 -3.0791e+000 -1.6936e+000 +1.6341e+000 +2.0850e-001 -3.1392e+000 -1.7737e+000 +3.0404e+000 +9.0668e-001 -7.7786e-002 +3.0533e+000 +1.5204e+000 -2.8667e+000 +7.9959e-001 -1.8588e-001 +6.0317e-001 +3.5504e+000
4596 0 +6.725714432e+001 +7.802714432e+001 +7.802714432e+001 -3.0105e+000 +2.1869e+000 +1.1184e+000 -3.3038e+000 -3.2686e+000 -1.3326e+000 +1.5226e+000 +2.1496e-001 -3.1980e+000 -2.0193e+000 +3.1141e+000 +1.0219e+000 -3.0693e-001 +2.9617e+000 +1.5715e+000 -2.9420e+000 +6.7262e-001 -3.9338e-002 +6.0994e-001 +3.3274e+000
5008 0 +6.534226946e+001 +7.611226946e+001 +7.611226946e+001 -2.7435e+000 +2.8380e+000 +4.0372e-001 -2.8115e+000 -3.1604e+000 -1.3914e+000 +2.2172e+000 -8.7602e-001 -2.6146e+000 -2.9461e+000 +4.4350e+000 +1.2860e+000 -7.8172e-001 +3.6631e+000 +1.7314e+000 -3.3854e+000 +1.5152e+000 -9.4119e-001 +7.8938e-001 +3.3029e+000
5226 0 +6.267185886e+001 +7.344185886e+001 +7.344185886e+001 -3.3533e+000 +2.2347e+000 +1.1724e+000 -3.5051e+000 -3.9627e+000 -1.7116e+000 +1.6722e+000 -4.8949e-001 -3.0683e+000 -2.3756e+000 +3.8785e+000 +1.4396e+000 +5.5052e-002 +3.4810e+000 +1.6131e+000 -2.9490e+000 +1.6660e+000 +3.3065e-002 +4.4946e-001 +3.4018e+000
% f evaluations | g evaluations | best noise-free fitness - Fopt (2.137000000000e+001) + sum g_i+ | measured fitness | best measured fitness or single-digit g-values | x1 | x2...
1 0 +8.022315502e+001 +1.015931550e+002 +1.015931550e+002 +0.0000e+000 +0.0000e+000 +0.0000e+000 +0.0000e+000 +0.0000e+000 +0.0000e+000 +0.0000e+000 +0.0000e+000 +0.0000e+000 +0.0000e+000 +0.0000e+000 +0.0000e+000 +0.0000e+000 +0.0000e+000 +0.0000e+000 +0.0000e+000 +0.0000e+000 +0.0000e+000 +0.0000e+000 +0.0000e+000
24 0 +7.944321648e+001 +1.008132165e+002 +1.008132165e+002 -2.0603e+000 -2.7878e+000 -2.6818e+000 +7.2584e-001 +2.6895e+000 +3.4443e+000 +2.4702e-001 -2.2997e+000 -1.9686e+000 +1.0830e+000 -3.5932e+000 +4.5375e+000 -3.7332e+000 +2.8016e+000 +2.6085e+000 +2.5867e+000 -4.4327e+000 -3.2962e+000 -2.4537e+000 -4.4230e-001
331 0 +7.513692267e+001 +9.650692267e+001 +9.650692267e+001 -1.8775e-001 -1.0478e+000 -1.2405e+000 +1.7287e+000 +1.2823e+000 +2.4839e+000 +1.7201e+000 -2.9460e+000 -1.1361e+000 +4.2280e-001 -4.2021e+000 +1.8356e+000 -1.7526e+000 +2.1027e+000 +2.3914e+000 +9.2526e-001 -2.0533e+000 -2.1666e+000 -1.2003e+000 -1.5075e+000
417 0 +7.342996674e+001 +9.479996674e+001 +9.479996674e+001 -5.2950e-001 -1.1277e+000 -1.1743e+000 +1.4852e+000 +1.7306e+000 +2.5944e+000 +1.7091e+000 -3.0636e+000 -1.5458e+000 +5.2261e-001 -3.8457e+000 +2.6025e+000 -2.0098e+000 +2.0372e+000 +2.5495e+000 +1.1769e+000 -2.6574e+000 -2.6335e+000 -1.5463e+000 -1.2962e+000
544 0 +7.094623231e+001 +9.231623231e+001 +9.231623231e+001 -9.8591e-001 -8.3755e-001 -2.4882e+000 +1.8595e+000 +9.0973e-001 +2.5290e+000 +3.3480e+000 -5.0301e+000 -6.0638e-001 +1.2739e+000 -4.7179e+000 +1.8452e+000 -4.6003e-001 +8.3950e-001 +1.8625e+000 +1.0624e+000 -3.3087e+000 -2.3780e+000 -2.6750e+000 -3.7234e+000
700 0 +7.032190397e+001 +9.169190397e+001 +9.169190397e+001 -2.3062e+000 +2.3307e+000 -2.8810e+000 +2.8201e+000 +1.0010e+000 +3.2978e+000 +3.4142e+000 -4.3413e+000 -1.4520e+000 -4.1287e-001 -2.8378e+000 +5.5998e-001 -3.3330e-001 +1.8151e-001 +1.3125e-001 -1.2011e+000 -2.4365e+000 -2.8420e+000 -1.1045e+000 -4.7154e+000
737 0 +6.422082964e+001 +8.559082964e+001 +8.559082964e+001 -1.4244e+000 +1.0191e+000 -3.8906e+000 +2.7309e+000 +6.1932e-001 +3.2560e+000 +2.6765e+000 -4.2538e+000 -7.1403e-001 +5.2560e-001 -3.6420e+000 +3.3521e+000 +8.7413e-001 -5.9220e-001 +1.5482e+000 +2.1123e+000 -2.2780e+000 -2.8779e+000 -3.6971e+000 -5.0000e+000
1200 0 +6.045451253e+001 +8.182451253e+001 +8.182451253e+001 -2.3965e+000 +2.2756e+000 -3.6803e+000 +3.1156e+000 +2.8766e-001 +4.0506e+000 +2.5340e+000 -3.6839e+000 -6.3169e-001 +1.2276e-001 -3.6558e+000 +3.0776e+000 +2.1848e-001 -9.1695e-001 +1.1948e+000 +7.4064e-001 -1.2434e+000 -2.6809e+000 -3.2574e+000 -5.0000e+000
1645 0 +5.975474088e+001 +8.112474088e+001 +8.112474088e+001 -1.9810e+000 +3.0531e+000 -4.1706e+000 +2.6897e+000 +1.0529e+000 +4.0943e+000 +3.4886e+000 -3.8109e+000 -1.8737e+000 -2.3400e-001 -4.5652e+000 +4.2915e+000 +1.2409e+000 -1.5441e+000 +2.3589e+000 +1.2016e+000 -1.3230e+000 -3.3703e+000 -3.9110e+000 -4.4891e+000
2245 0 +5.787152353e+001 +7.924152353e+001 +7.924152353e+001 -1.9147e+000 +3.0057e+000 -4.2598e+000 +2.8508e+000 +8.6046e-001 +3.7445e+000 +3.4057e+000 -3.5434e+000 -1.8923e+000 -3.6907e-001 -4.3587e+000 +4.8012e+000 +1.2375e+000 -2.0105e+000 +2.4533e+000 +1.0563e+000 -1.4372e+000 -3.7458e+000 -4.4389e+000 -4.2090e+000
2428 0 +5.398793103e+001 +7.535793103e+001 +7.535793103e+001 -1.3855e+000 +1.7432e+000 -3.6485e+000 +2.7091e+000 +1.2324e+000 +3.3554e+000 +3.0880e+000 -3.7520e+000 -2.6308e+000 -3.3905e-001 -3.5589e+000 +4.0531e+000 -2.2209e-002 -1.3217e+000 +1.6713e+000 +4.7609e-002 -2.0200e+000 -4.5888e+000 -3.6293e+000 -4.4585e+000
3188 0 +5.162136448e+001 +7.299136448e+001 +7.299136448e+001 -1.8057e+000 +2.1386e+000 -3.8992e+000 +3.1827e+000 +8.5841e-001 +3.8710e+000 +2.4319e+000 -3.1441e+000 -1.9005e+000 -2.3406e-001 -3.4071e+000 +4.4216e+000 -2.7819e-001 -1.4579e+000 +1.6403e+000 +5.5098e-001 -1.2643e+000 -3.7167e+000 -3.8418e+000 -4.9272e+000
3861 0 +5.055000635e+001 +7.192000635e+001 +7.192000635e+001 -2.0046e+000 +2.1437e+000 -3.9465e+000 +3.2102e+000 +1.2013e+000 +3.3477e+000 +2.7327e+000 -2.8927e+000 -2.4109e+000 -4.7075e-001 -3.3753e+000 +4.7971e+000 -2.3187e-001 -1.8428e+000 +1.6546e+000 -3.2966e-003 -1.6494e+000 -4.2536e+000 -4.0636e+000 -5.0000e+000
4866 0 +4.266943357e+001 +6.403943357e+001 +6.403943357e+001 -2.5410e+000 +2.1530e+000 -3.2806e+000 +4.0925e+000 +1.0930e+000 +3.3801e+000 +2.2983e+000 -2.6920e+000 -1.8038e+000 +4.3751e-002 -2.6272e+000 +4.0512e+000 +3.7829e-001 -1.3401e+000 +1.8951e+000 -3.7545e-001 -6.3389e-001 -3.6472e+000 -4.1881e+000 -5.0000e+000
4961 0 +4.080474864e+001 +6.217474864e+001 +6.217474864e+001 -2.9915e+000 +1.8252e+000 -3.3745e+000 +4.4692e+000 +2.2383e+000 +2.2453e+000 +2.4765e+000 -2.2078e+000 -1.8902e+000 -1.9405e-001 -2.1120e+000 +4.1412e+000 +1.0953e+000 -1.5121e+000 +1.7016e+000 -3.0416e-001 -1.3187e+000 -3.0899e+000 -3.7829e+000 -5.0000e+000
5361 0 +4.060808518e+001 +6.197808518e+001 +6.197808518e+001 -3.1284e+000 +2.0644e+000 -3.1330e+000 +4.6281e+000 +2.0667e+000 +2.4366e+000 +2.5406e+000 -2.2841e+000 -1.9191e+000 -5.4149e-002 -2.0764e+000 +4.0078e+000 +1.2846e+000 -1.4781e+000 +1.9820e+000 -6.7882e-001 -8.8337e-001 -3.2961e+000 -4.0344e+000 -5.0000e+000
5376 0 +3.979887454e+001 +6.116887454e+001 +6.116887454e+001 -2.9918e+000 +1.8797e+000 -3.2487e+000 +4.4494e+000 +2.1819e+000 +2.4045e+000 +2.4998e+000 -2.2753e+000 -1.9425e+000 -1.2055e-001 -2.1712e+000 +4.0637e+000 +1.0309e+000 -1.4147e+000 +1.8403e+000 -4.5537e-001 -1.1489e+000 -3.1726e+000 -3.8104e+000 -5.0000e+000
6303 0 +3.586682927e+001 +5.723682927e+001 +5.723682927e+001 -3.0986e+000 +1.6136e+000 -3.6279e+000 +3.9778e+000 +2.4669e+000 +2.5627e+000 +2.0336e+000 -2.4499e+000 -1.7782e+000 -3.5145e-001 -2.2404e+000 +4.4369e+000 +5.0252e-001 -1.7098e+000 +1.9492e+000 -3.7484e-001 -1.4391e+000 -2.5287e+000 -3.7822e+000 -5.0000e+000
8061 0 +3.447152057e+001 +5.584152057e+001 +5.584152057e+001 -3.1976e+000 +1.7392e+000 -3.5110e+000 +4.0216e+000 +2.3766e+000 +2.7216e+000 +2.0255e+000 -2.5258e+000 -1.7806e+000 -2.8200e-001 -2.2371e+000 +4.3917e+000 +5.5459e-001 -1.7067e+000 +2.1589e+000 -6.1136e-001 -1.1794e+000 -2.5965e+000 -3.9475e+000 -5.0000e+000
% f evaluations | g evaluations | best noise-free fitness - Fopt (1.673000000000e+001) + sum g_i+ | measured fitness | best measured fitness or single-digit g-values | x1 | x2...
1 0 +8.066457634e+001 +9.739457634e+001 +9.739457634e+001 +0.0000e+000 +0.0000e+000 +0.0000e+000 +0.0000e+000 +0.0000e+000 +0.0000e+000 +0.0000e+000 +0.0000e+000 +0.0000e+000 +0.0000e+000 +0.0000e+000 +0.0000e+000 +0.0000e+000 +0.0000e+000 +0.0000e+000 +0.0000e+000 +0.0000e+000 +0.0000e+000 +0.0000e+000 +0.0000e+000
230 0 +7.744537078e+001 +9.417537078e+001 +9.417537078e+001 +7.1259e-001 -2.9604e+000 -2.4564e+000 -8.2502e-001 +4.0954e+000 -2.1192e+000 +3.0273e+000 -3.2107e-001 +2.1250e+000 -1.6343e+000 -1.7808e+000 -7.4352e-001 -3.7761e+000 +3.9862e+000 +6.8908e-001 -1.2129e+000 +2.9791e+000 -8.9818e-001 +1.0628e+000 -2.0258e+000
530 0 +7.268318701e+001 +8.941318701e+001 +8.941318701e+001 +9.6293e-001 -2.0967e+000 -3.0710e+000 -1.3546e+000 +4.1236e+000 -1.0814e+000 +3.9680e+000 -6.3425e-001 +1.3207e+000 -2.7733e+000 -2.4253e+000 -3.7130e-001 -3.2344e+000 +2.3851e+000 +5.5656e-001 -1.3278e+000 +4.0056e+000 +7.2075e-001 +8.1920e-001 +8.7494e-001
800 0 +7.052880380e+001 +8.725880380e+001 +8.725880380e+001 -2.6147e-001 -2.2946e+000 -4.4417e+000 -8.4246e-001 +4.9391e+000 -2.3244e+000 +5.1539e+000 +8.7927e-002 +2.6424e+000 -3.4941e+000 -3.4625e+000 -1.2020e+000 -2.8661e+000 +1.7194e+000 -2.9636e-001 -2.1434e+000 +4.4963e+000 +2.2407e-002 -2.0031e-001 +1.4731e-001
1031 0 +6.826778628e+001 +8.499778628e+001 +8.499778628e+001 -3.7933e-001 -2.4253e+000 -3.9838e+000 -2.9038e-001 +4.6257e+000 -2.3664e+000 +4.5170e+000 -1.0874e-001 +2.3496e+000 -2.9880e+000 -2.4508e+000 -1.7657e+000 -2.6782e+000 +1.5067e+000 -2.6516e-001 -2.1072e+000 +4.3388e+000 +2.7468e-001 -1.5352e-001 +8.3296e-002
1367 0 +6.387901479e+001 +8.060901479e+001 +8.060901479e+001 +1.8488e-001 -1.7305e+000 -2.4643e+000 +1.4401e+000 +3.6275e+000 -1.2747e+000 +1.4404e+000 +1.2864e+000 +7.7583e-001 -2.5209e+000 -2.0056e+000 -1.0910e+000 -1.0061e+000 +1.8397e+000 -2.2948e-001 -8.1394e-001 +4.4531e+000 -9.9642e-001 +1.1331e+000 +1.1448e+000
1705 0 +6.308774293e+001 +7.981774293e+001 +7.981774293e+001 -5.8179e-002 -1.5808e+000 -2.5443e+000 +1.5370e+000 +3.4357e+000 -1.2310e+000 +1.6065e+000 +1.1111e+000 +6.7533e-001 -2.8966e+000 -2.2576e+000 -6.3910e-001 -1.2032e+000 +1.5744e+000 -4.2323e-001 -5.0471e-001 +4.5008e+000 -9.7899e-001 +7.1584e-001 +1.5443e+000
2367 0 +6.022582613e+001 +7.695582613e+001 +7.695582613e+001 +7.9865e-002 -1.8672e+000 -2.8640e+000 +6.0710e-001 +4.0705e+000 -1.6168e+000 +2.9375e+000 +6.3010e-001 +1.4087e+000 -2.8510e+000 -2.0542e+000 -1.7930e+000 -2.1070e+000 +1.3262e+000 +1.5486e-003 -1.4937e+000 +4.3063e+000 -3.6926e-001 +2.2689e-001 +1.6470e+000
3717 0 +5.804814531e+001 +7.477814531e+001 +7.477814531e+001 -4.3414e-001 -1.7243e+000 -2.7850e+000 +9.1402e-001 +3.4382e+000 -1.1626e+000 +1.7221e+000 +8.3763e-001 +1.1220e+000 -2.8412e+000 -1.9312e+000 -1.7477e+000 -1.2627e+000 +1.6809e+000 -1.9257e-001 -1.2669e+000 +4.7500e+000 -1.0758e+000 +9.3846e-001 +3.2532e+000
3861 0 +5.682907471e+001 +7.355907471e+001 +7.355907471e+001 +1.5726e-001 -2.1352e+000 -2.8278e+000 +5.9350e-001 +3.8396e+000 -1.3087e+000 +2.1203e+000 +6.0306e-001 +1.4917e+000 -2.7155e+000 -1.5037e+000 -2.4971e+000 -1.7837e+000 +1.4857e+000 +1.9859e-001 -1.5347e+000 +4.3790e+000 -7.7042e-001 +1.1100e+000 +2.7146e+000
5102 0 +5.569450308e+001 +7.242450308e+001 +7.242450308e+001 -4.1629e-001 -1.6436e+000 -3.6410e+000 +9.2483e-001 +3.8481e+000 -1.5348e+000 +2.3165e+000 +1.1270e+000 +1.4915e+000 -3.2272e+000 -2.2420e+000 -2.1958e+000 -1.4709e+000 +1.3129e+000 -1.0415e-001 -1.7474e+000 +4.9911e+000 -9.8935e-001 +1.0487e+000 +2.7868e+000
5718 0 +5.472529545e+001 +7.145529545e+001 +7.145529545e+001 -5.2633e-001 -1.1739e+000 -3.3658e+000 +9.1046e-001 +3.8215e+000 -1.8635e+000 +2.3252e+000 +6.9711e-001 +1.2627e+000 -3.1482e+000 -1.7368e+000 -1.7111e+000 -1.4400e+000 +1.1119e+000 -1.0736e-001 -1.1808e+000 +4.7309e+000 -4.5561e-001 +2.9545e-001 +2.6751e+000
7452 0 +5.288566713e+001 +6.961566713e+001 +6.961566713e+001 -7.8010e-001 -5.9713e-001 -3.1631e+000 +1.0875e+000 +2.8803e+000 -1.6735e+000 +2.4615e+000 +1.0638e+000 +1.1345e+000 -2.7641e+000 -1.8851e+000 -1.7867e+000 -1.3014e+000 +1.5668e+000 +4.0602e-001 -1.6983e+000 +4.8118e+000 -1.0736e+000 +8.1662e-001 +2.6494e+000
7778 0 +5.245973443e+001 +6.918973443e+001 +6.918973443e+001 -6.5831e-001 -1.0173e+000 -3.4292e+000 +9.7223e-001 +3.4731e+000 -1.8191e+000 +2.4870e+000 +9.3450e-001 +1.3303e+000 -3.0496e+000 -1.9025e+000 -1.8663e+000 -1.4517e+000 +1.3386e+000 +1.4197e-001 -1.5579e+000 +4.8350e+000 -7.8516e-001 +6.4432e-001 +2.6762e+000
% f evaluations | g evaluations | best noise-free fitness - Fopt (1.000000000000e+003) + sum g_i+ | measured fitness | best measured fitness or single-digit g-values | x1 | x2...
1 0 +7.348553402e+001 +1.073485534e+003 +1.073485534e+003 +0.0000e+000 +0.0000e+000 +0.0000e+000 +0.0000e+000 +0.0000e+000 +0.0000e+000 +0.0000e+000 +0.0000e+000 +0.0000e+000 +0.0000e+000 +0.0000e+000 +0.0000e+000 +0.0000e+000 +0.0000e+000 +0.0000e+000 +0.0000e+000 +0.0000e+000 +0.0000e+000 +0.0000e+000 +0.0000e+000
335 0 +6.579012170e+001 +1.065790122e+003 +1.065790122e+003 +1.3487e+000 +3.4143e+000 +3.4723e+000 +4.0953e+000 +3.0407e+000 +1.1217e+000 -2.7504e+000 -4.4821e-001 +1.8281e+000 +2.4762e+000 -4.0118e+000 +2.1686e+000 -7.3523e-001 -2.7982e-001 -1.9811e-001 -3.4014e+000 +2.1583e+000 +2.2114e+000 -3.8732e-001 +5.0000e+000
433 0 +5.143858767e+001 +1.051438588e+003 +1.051438588e+003 -8.0077e-001 +3.4643e+000 +1.6939e+000 +3.3582e+000 +2.1519e+000 -1.1728e+000 -3.0055e+000 -5.3797e-002 +2.4513e+000 +2.8153e+000 -3.7648e+000 +2.2745e+000 -1.0099e+000 -1.0779e+000 +2.9659e-001 -2.8681e+000 -3.2651e-001 +2.2254e+000 -5.8133e-001 +5.0000e+000
1333 0 +5.121184984e+001 +1.051211850e+003 +1.051211850e+003 -8.0385e-001 +3.5050e+000 +1.6739e+000 +3.3309e+000 +2.2281e+000 -1.2164e+000 -3.0414e+000 -5.5104e-002 +2.5004e+000 +2.8784e+000 -3.8233e+000 +2.2885e+000 -9.5853e-001 -1.0789e+000 +2.9337e-001 -2.8550e+000 -2.8151e-001 +2.3056e+000 -5.9343e-001 +5.0000e+000
1376 0 +5.000071024e+001 +1.050000710e+003 +1.050000710e+003 +1.1156e+000 +2.5343e+000 -4.9107e-001 +4.1527e+000 +1.9887e+000 -6.7120e-001 -2.2242e+000 -3.3798e-002 +1.4101e+000 +2.2859e+000 -3.6424e+000 +2.7507e+000 -6.5741e-001 -1.1348e+000 +4.9029e-001 -2.7684e+000 -8.6030e-001 +1.8753e+000 -3.0224e-001 +4.7648e+000
2376 0 +4.714548094e+001 +1.047145481e+003 +1.047145481e+003 +7.2994e-001 +2.1415e+000 -1.5539e-001 +3.8354e+000 +1.6853e+000 +4.0439e-001 -2.4877e+000 +1.5121e-001 +1.4385e+000 +2.1102e+000 -3.8569e+000 +2.3373e+000 -7.5960e-001 -1.1732e+000 -2.5427e-001 -2.4890e+000 -4.7245e-001 +2.1084e+000 +6.8050e-001 +4.6803e+000
2476 0 +4.666148365e+001 +1.046661484e+003 +1.046661484e+003 +8.9639e-001 +2.3111e+000 -3.0026e-001 +3.9723e+000 +1.8162e+000 -5.9816e-002 -2.3740e+000 +7.1366e-002 +1.4262e+000 +2.1860e+000 -3.7644e+000 +2.5157e+000 -7.1550e-001 -1.1566e+000 +6.7070e-002 -2.6096e+000 -6.3984e-001 +2.0078e+000 +2.5637e-001 +4.7168e+000
4082 0 +4.477933856e+001 +1.044779339e+003 +1.044779339e+003 +9.9300e-001 +1.9795e+000 -3.1492e-001 +3.7680e+000 +1.5233e+000 -2.2281e-001 -2.3771e+000 -3.1993e-001 +1.3755e+000 +2.2279e+000 -3.5308e+000 +2.2022e+000 -5.6931e-001 -1.0319e+000 +2.9154e-001 -2.5851e+000 -5.2525e-001 +2.0036e+000 +1.2199e-001 +4.7239e+000
4784 0 +4.411617001e+001 +1.044116170e+003 +1.044116170e+003 +7.8495e-001 +2.2619e+000 +5.6168e-002 +3.7164e+000 +1.7773e+000 -5.3294e-001 -2.4826e+000 -3.8161e-001 +1.5677e+000 +2.4296e+000 -3.5179e+000 +2.2840e+000 -6.5606e-001 -1.0648e+000 +3.6458e-001 -2.6620e+000 -4.5318e-001 +1.9680e+000 -1.8406e-001 +4.8188e+000
5184 0 +4.353659117e+001 +1.043536591e+003 +1.043536591e+003 +7.7263e-001 +2.3930e+000 +1.0921e-002 +3.8167e+000 +1.7894e+000 -4.9357e-001 -2.3561e+000 -1.3354e-001 +1.5139e+000 +2.2777e+000 -3.6120e+000 +2.3629e+000 -5.6088e-001 -9.4106e-001 +4.2921e-001 -2.7336e+000 -6.1335e-001 +1.9580e+000 -2.9629e-001 +4.5611e+000
8379 0 +4.241129267e+001 +1.042411293e+003 +1.042411293e+003 +7.7788e-001 +2.4698e+000 +2.7875e-002 +3.3708e+000 +1.6164e+000 -3.9311e-001 -1.7846e+000 -3.5524e-001 +1.3579e+000 +2.0946e+000 -3.3664e+000 +2.3621e+000 -3.9049e-001 -1.0993e+000 +7.4905e-001 -2.9538e+000 -6.4950e-001 +1.7867e+000 +9.2013e-002 +4.5449e+000
9028 0 +4.120855009e+001 +1.041208550e+003 +1.041208550e+003 +4.0358e-001 +2.7586e+000 +4.2648e-001 +3.3273e+000 +1.5895e+000 -5.2261e-001 -2.0506e+000 -3.3713e-001 +1.6739e+000 +2.4258e+000 -3.5362e+000 +2.3191e+000 -5.2153e-001 -1.0727e+000 +6.5450e-001 -3.0705e+000 -6.6737e-001 +1.9009e+000 -1.3119e-003 +4.6910e+000
9332 0 +4.048269314e+001 +1.040482693e+003 +1.040482693e+003 +4.4351e-001 +2.2577e+000 +1.3128e-001 +3.7351e+000 +2.0883e+000 -2.1634e-001 -1.9816e+000 +2.4408e-001 +1.8764e+000 +2.5148e+000 -4.1301e+000 +2.3072e+000 -7.1698e-001 -1.0825e+000 +3.3442e-001 -2.9373e+000 -1.1407e-001 +2.3617e+000 -7.4703e-001 +4.5099e+000
% f evaluations | g evaluations | best noise-free fitness - Fopt (-1.079600000000e+002) + sum g_i+ | measured fitness | best measured fitness or single-digit g-values | x1 | x2...
1 0 +8.161629082e+001 -2.634370918e+001 -2.634370918e+001 +0.0000e+000 +0.0000e+000 +0.0000e+000 +0.0000e+000 +0.0000e+000 +0.0000e+000 +0.0000e+000 +0.0000e+000 +0.0000e+000 +0.0000e+000 +0.0000e+000 +0.0000e+000 +0.0000e+000 +0.0000e+000 +0.0000e+000 +0.0000e+000 +0.0000e+000 +0.0000e+000 +0.0000e+000 +0.0000e+000
86 0 +7.908792150e+001 -2.887207850e+001 -2.887207850e+001 -1.6794e+000 +3.8926e+000 +2.0512e+000 +4.1603e+000 +1.8211e+000 +4.6349e+000 +8.5749e-001 -1.0273e+000 -4.0541e+000 +1.0431e+000 -4.2859e+000 +1.4122e-001 +6.5963e-002 +3.3369e+000 +4.1385e+000 +3.6538e+000 -1.4111e+000 +3.8663e+000 -2.4199e+000 +3.5355e+000
274 0 +7.644274053e+001 -3.151725947e+001 -3.151725947e+001 -2.1601e+000 +2.7433e+000 -1.4704e+000 +3.9803e-001 +2.6478e+000 +1.4078e+000 -2.7075e+000 -4.8034e-001 -1.6277e+000 +3.2220e+000 +1.6686e+000 -1.9114e+000 +2.3339e+000 -2.0952e+000 +1.5260e+000 +3.8246e+000 -1.1488e+000 +3.1151e+000 -3.1614e+000 +1.9822e+000
296 0 +7.527594128e+001 -3.268405872e+001 -3.268405872e+001 -2.1394e+000 +2.5489e+000 +1.9658e+000 +2.5342e+000 +1.3208e+000 +3.8237e+000 +2.1314e+000 -1.9254e+000 -4.6010e+000 +1.4237e+000 -3.3926e+000 +8.2576e-001 +1.9984e-001 +2.4543e+000 +3.4350e+000 +1.7206e+000 -1.1442e+000 +4.5908e+000 -2.1645e+000 +2.8363e+000
2117 0 +7.393663905e+001 -3.402336095e+001 -3.402336095e+001 -1.9016e+000 +1.3519e+000 +1.1001e+000 +2.8707e+000 +1.0827e+000 +4.2525e+000 +2.2287e+000 -2.3169e+000 -4.4790e+000 +1.7006e+000 -3.0091e+000 +9.4618e-003 +7.6711e-001 +2.9179e+000 +3.1578e+000 +1.1758e+000 -1.7326e+000 +4.5934e+000 -2.7665e+000 +2.3472e+000
5375 0 +7.130373787e+001 -3.665626213e+001 -3.665626213e+001 -1.7890e+000 +9.7348e-002 +1.6110e+000 +3.8276e+000 +1.0125e+000 +4.6816e+000 +3.1243e+000 -3.5470e+000 -3.9397e+000 +2.5230e+000 -2.9591e+000 -4.7192e-001 +1.3790e+000 +2.0539e+000 +2.4675e+000 +6.1679e-001 -1.4850e+000 +3.3699e+000 -3.1269e+000 +2.9514e+000
% f evaluations | g evaluations | best noise-free fitness - Fopt (-3.025900000000e+002) + sum g_i+ | measured fitness | best measured fitness or single-digit g-values | x1 | x2...
1 0 +8.117874841e+001 -2.214112516e+002 -2.214112516e+002 +0.0000e+000 +0.0000e+000 +0.0000e+000 +0.0000e+000 +0.0000e+000 +0.0000e+000 +0.0000e+000 +0.0000e+000 +0.0000e+000 +0.0000e+000 +0.0000e+000 +0.0000e+000 +0.0000e+000 +0.0000e+000 +0.0000e+000 +0.0000e+000 +0.0000e+000 +0.0000e+000 +0.0000e+000 +0.0000e+000
17 0 +7.664563496e+001 -2.259443650e+002 -2.259443650e+002 +2.0050e+000 -1.8740e+000 +1.5876e+000 -6.2472e-001 -9.8623e-001 -2.6830e+000 -4.3190e+000 +3.2553e+000 -3.5808e+000 +6.3248e-001 -8.0741e-002 -1.3831e+000 +3.8515e+000 -1.5768e+000 +8.8658e-002 +4.6971e+000 +1.4329e+000 -2.2895e+000 -2.0984e+000 -3.5585e+000
249 0 +7.310534896e+001 -2.294846510e+002 -2.294846510e+002 +1.8833e+000 -1.6848e+000 +7.4473e-001 -6.2686e-002 -6.0950e-001 -1.8484e+000 -3.4471e+000 +3.3175e+000 -2.6199e+000 +1.5450e-001 +6.8597e-001 -6.9557e-001 +3.3196e+000 -7.3964e-001 +3.8929e-001 +4.4176e+000 +1.2703e+000 -1.6794e+000 -1.8205e+000 -5.0000e+000
559 0 +7.150099527e+001 -2.310890047e+002 -2.310890047e+002 +1.7029e+000 -1.5495e+000 +2.2347e-001 -4.4168e-002 +1.0360e+000 -9.9879e-001 -2.0290e+000 +1.1762e+000 -2.7465e+000 +1.2921e+000 -2.2552e-001 -1.9457e+000 +2.0512e+000 -1.7748e+000 -7.1329e-001 +2.5086e+000 +2.3550e+000 +3.8952e-001 -1.9848e+000 -5.0000e+000
758 0 +6.963386127e+001 -2.329561387e+002 -2.329561387e+002 +1.1406e+000 -1.5349e+000 -1.9152e-001 -3.8703e-001 +6.2549e-001 -6.5197e-001 -1.2581e+000 +1.0727e+000 -2.4975e+000 +1.0120e+000 -3.8550e-001 -1.9578e+000 +8.1783e-001 -1.5628e+000 -1.4070e+000 +2.1203e+000 +2.1862e+000 +1.0303e+000 -1.1828e+000 -5.0000e+000
1448 0 +5.934170274e+001 -2.432482973e+002 -2.432482973e+002 +1.6339e+000 -1.3515e+000 +3.8046e-001 +2.8220e-001 -7.1824e-002 -6.7770e-001 -1.7043e+000 +1.9698e+000 -2.5526e+000 +7.4750e-001 -1.2746e+000 -1.9970e+000 +1.4720e+000 -1.2584e+000 -9.8366e-001 +2.8380e+000 +1.6213e+000 +1.1337e-001 -4.6099e-001 -4.2148e+000
1998 0 +5.627823615e+001 -2.463117639e+002 -2.463117639e+002 +1.6941e+000 -1.0505e+000 +6.7179e-001 +6.1857e-001 -2.9180e-001 -7.8920e-001 -1.8024e+000 +2.4734e+000 -2.6435e+000 +7.2409e-001 -1.4264e+000 -1.7470e+000 +1.5030e+000 -9.8712e-001 -9.8817e-001 +3.1397e+000 +1.2887e+000 -2.4449e-001 +5.0060e-002 -3.3065e+000
2116 0 +5.419744074e+001 -2.483925593e+002 -2.483925593e+002 +1.5234e+000 -9.1236e-001 +7.8997e-001 +5.1870e-001 -2.6691e-001 -7.0630e-001 -1.7565e+000 +2.3590e+000 -2.6747e+000 +5.4308e-001 -1.4678e+000 -1.6207e+000 +1.6129e+000 -9.7410e-001 -1.0657e+000 +3.1231e+000 +1.0617e+000 -3.3611e-001 -2.9441e-002 -3.5409e+000
2632 0 +5.071359848e+001 -2.518764015e+002 -2.518764015e+002 +1.2822e+000 -6.1965e-001 +4.0125e-001 +6.2057e-002 +8.2301e-002 -2.6348e-001 -1.0595e+000 +2.2159e+000 -2.7620e+000 +4.9002e-001 -1.5526e+000 -1.6784e+000 +1.5544e+000 -1.0612e+000 -9.0081e-001 +3.0595e+000 +6.8645e-001 +2.9390e-001 -5.5453e-001 -3.1277e+000
3913 0 +4.557706287e+001 -2.570129371e+002 -2.570129371e+002 +1.5541e+000 -2.6241e-001 +6.5864e-001 +2.9829e-001 -4.1398e-002 -5.6685e-002 -1.2426e+000 +2.6065e+000 -2.7094e+000 +5.2012e-001 -1.9669e+000 -1.5233e+000 +1.9633e+000 -1.0264e+000 -5.2717e-001 +3.3475e+000 +7.6528e-002 -1.4807e-001 -3.8302e-001 -1.7992e+000
7362 0 +4.376166636e+001 -2.588283336e+002 -2.588283336e+002 +1.5901e+000 -2.4874e-001 +6.7929e-001 +3.6789e-001 -1.1699e-001 +2.0643e-002 -1.3176e+000 +2.7818e+000 -2.7140e+000 +4.0602e-001 -2.1394e+000 -1.3423e+000 +2.0618e+000 -1.1739e+000 -4.5314e-001 +3.5910e+000 -1.3634e-001 -2.7769e-001 -2.8969e-001 -2.5994e+000
7796 0 +4.348150920e+001 -2.591084908e+002 -2.591084908e+002 +1.6566e+000 -3.2462e-001 +5.5971e-001 +2.4722e-001 -3.6862e-002 -3.6521e-002 -1.1176e+000 +2.5254e+000 -2.6857e+000 +4.5257e-001 -2.0040e+000 -1.5520e+000 +1.9343e+000 -1.0753e+000 -4.3409e-001 +3.4549e+000 -6.8900e-002 -1.9710e-001 -2.3113e-001 -2.1480e+000
% f evaluations | g evaluations | best noise-free fitness - Fopt (-3.065500000000e+002) + sum g_i+ | measured fitness | best measured fitness or single-digit g-values | x1 | x2...
1 0 +8.278070182e+001 -2.237692982e+002 -2.237692982e+002 +0.0000e+000 +0.0000e+000 +0.0000e+000 +0.0000e+000 +0.0000e+000 +0.0000e+000 +0.0000e+000 +0.0000e+000 +0.0000e+000 +0.0000e+000 +0.0000e+000 +0.0000e+000 +0.0000e+000 +0.0000e+000 +0.0000e+000 +0.0000e+000 +0.0000e+000 +0.0000e+000 +0.0000e+000 +0.0000e+000
83 0 +8.086803244e+001 -2.256819676e+002 -2.256819676e+002 +1.1406e+000 +4.4717e+000 +2.8653e+000 -3.0295e+000 +8.1246e-001 +1.2908e+000 -3.2916e+000 +2.6729e+000 -6.9614e-001 +2.5220e+000 -1.4823e+000 +1.6164e+000 -3.0410e+000 -4.9632e+000 -1.1170e+000 -4.4393e+000 -3.2199e+000 -1.5433e+000 +3.3897e+000 +1.2241e+000
217 0 +7.774946181e+001 -2.288005382e+002 -2.288005382e+002 +5.3013e-001 +4.0541e+000 +1.5102e+000 -2.2852e+000 +1.3967e+000 +1.2093e+000 -3.3710e+000 +2.6734e+000 -1.3569e+000 +1.6530e+000 -6.6733e-001 +2.3248e+000 -2.2573e+000 -3.1127e+000 -1.8058e+000 -4.7502e+000 -2.1102e+000 -1.6683e+000 +3.5411e+000 -1.7246e+000
814 0 +7.737015054e+001 -2.291798495e+002 -2.291798495e+002 +1.4789e-001 +4.1464e+000 +2.5491e+000 -6.7870e-001 +3.0744e-001 +1.2416e+000 -3.1208e+000 +3.7278e+000 -1.5868e+000 +2.1829e+000 +8.9993e-001 +1.2404e+000 -2.3244e+000 -3.7226e+000 -3.3160e+000 -3.3064e+000 -2.4347e+000 -6.2133e-001 +2.9257e+000 -3.8791e+000
924 0 +7.550820373e+001 -2.310417963e+002 -2.310417963e+002 +1.6763e-001 +3.8011e+000 +2.4200e+000 -2.0916e+000 +8.7619e-002 +1.5655e+000 -3.6272e+000 +3.1020e+000 -8.2696e-001 +1.8836e+000 +1.0910e-002 +9.2349e-001 -2.2595e+000 -4.2490e+000 -2.1265e+000 -3.3092e+000 -2.1782e+000 -1.0602e+000 +2.9792e+000 -2.2936e+000
1112 0 +7.393703373e+001 -2.326129663e+002 -2.326129663e+002 +5.4997e-001 +2.9219e+000 +2.1921e+000 -1.5348e+000 +9.8359e-001 +6.2471e-001 -3.3342e+000 +3.3642e+000 -7.6282e-001 +2.8292e+000 -5.4394e-002 +5.6478e-001 -2.1335e+000 -3.5917e+000 -2.3602e+000 -4.3872e+000 -3.5838e+000 -4.1266e-001 +2.9288e+000 -3.9090e+000
1550 0 +7.236883299e+001 -2.341811670e+002 -2.341811670e+002 -6.8608e-002 +2.6940e+000 +2.2799e+000 -1.5666e+000 -1.0730e-002 +1.2660e+000 -4.5231e+000 +2.5979e+000 -1.0363e+000 +1.9269e+000 +7.1923e-001 +8.3563e-001 -2.5484e+000 -3.7581e+000 -1.1998e+000 -4.0334e+000 -1.4631e+000 -4.4011e-001 +2.7153e+000 -2.4776e+000
1694 0 +7.025495476e+001 -2.362950452e+002 -2.362950452e+002 -3.9750e+000 -9.7789e-001 +9.1005e-001 +2.3691e+000 +2.6162e+000 +1.3690e+000 -1.2481e+000 -1.9497e+000 +1.6292e+000 +9.9910e-001 +1.4538e+000 -2.6148e+000 -3.5321e+000 -1.4975e+000 -3.2024e-001 -3.3737e+000 -2.6750e+000 -7.5117e-001 -4.4877e-001 +2.3247e-001
2584 0 +6.917011668e+001 -2.373798833e+002 -2.373798833e+002 -2.5522e+000 -5.5270e-002 +1.3564e+000 +2.6021e-001 +2.6710e+000 +1.9161e+000 -3.0418e+000 +9.7513e-002 +1.0955e+000 +5.2479e-001 +2.0852e-001 -6.2326e-001 -2.6252e+000 -1.6300e+000 +6.9251e-001 -3.3630e+000 -1.4097e+000 -8.0401e-001 -5.1723e-001 -5.9513e-001
3254 0 +6.661617547e+001 -2.399338245e+002 -2.399338245e+002 -2.3932e+000 +4.0944e-001 +7.3896e-001 -2.2820e-001 +9.8898e-001 +1.1970e+000 -3.8673e+000 +1.5116e+000 +1.1017e+000 +1.2443e+000 +1.0568e+000 -1.0314e+000 -4.5733e+000 -2.6198e+000 +5.0936e-001 -4.4321e+000 -2.3758e+000 +8.8103e-001 +7.5820e-001 -1.1066e+000
3734 0 +6.345829613e+001 -2.430917039e+002 -2.430917039e+002 -2.4899e+000 +1.7404e-001 +1.2127e+000 -1.0346e-001 +1.7349e+000 +1.7233e+000 -3.5976e+000 +8.9237e-001 +9.1545e-001 +8.9643e-001 +4.8793e-001 -9.7028e-001 -3.6963e+000 -2.3543e+000 +5.9988e-001 -4.1214e+000 -1.9952e+000 -1.4861e-001 +2.4821e-001 -9.2217e-001
4314 0 +6.236815914e+001 -2.441818409e+002 -2.441818409e+002 -2.7605e+000 +4.3041e-001 +1.4656e+000 -2.8411e-001 +1.2658e+000 +1.9167e+000 -3.0763e+000 +4.8563e-001 +8.4572e-001 +9.8614e-001 +7.0497e-001 -1.1667e+000 -3.1637e+000 -2.2854e+000 +7.5654e-002 -4.0514e+000 -1.6420e+000 +2.3568e-001 +4.3111e-001 -7.2742e-001
5369 0 +5.910963880e+001 -2.474403612e+002 -2.474403612e+002 -2.5238e+000 -7.7453e-002 +2.7735e+000 -1.2871e+000 +1.9645e+000 +1.2946e+000 -3.3462e+000 +2.1069e-001 +1.3036e+000 +3.2123e-001 +3.0564e-001 -1.2291e+000 -3.3378e+000 -2.8721e+000 +5.4311e-001 -4.1852e+000 -2.8848e+000 -6.8665e-001 +8.2959e-001 -3.7819e-001
5650 0 +5.852210063e+001 -2.480278994e+002 -2.480278994e+002 -3.0204e+000 -5.2257e-001 +2.8786e+000 -1.2485e+000 +2.2612e+000 +1.3725e+000 -3.0295e+000 -2.5612e-001 +1.7038e+000 +5.4251e-002 +2.4291e-001 -1.6019e+000 -3.3598e+000 -2.6352e+000 +7.8600e-001 -4.2102e+000 -3.0038e+000 -6.3432e-001 +4.7061e-001 +4.3507e-002
8016 0 +5.625807577e+001 -2.502919242e+002 -2.502919242e+002 -3.0145e+000 +9.3951e-004 +2.5208e+000 -6.9775e-001 +2.0362e+000 +1.1036e+000 -3.3266e+000 -3.5020e-002 +1.6409e+000 -3.7513e-001 -1.4122e-001 -1.7843e+000 -3.1142e+000 -1.7383e+000 +5.7992e-001 -4.6402e+000 -2.2506e+000 -1.7248e-002 +8.9565e-001 -1.3162e-001
8388 0 +5.461275382e+001 -2.519372462e+002 -2.519372462e+002 -2.2448e+000 +2.3181e-002 +4.4078e+000 -1.5948e+000 +3.1689e+000 +4.6688e-001 -2.9791e+000 +2.7595e-001 +2.2048e+000 -3.8355e-001 -7.0651e-001 -2.2499e+000 -3.6646e+000 -2.4591e+000 +5.0884e-001 -5.5089e+000 -2.9720e+000 -1.4803e+000 +2.1646e+000 +1.5366e-001
8577 0 +4.956771656e+001 -2.569822834e+002 -2.569822834e+002 -2.1540e+000 -2.1388e-002 +3.4004e+000 -9.0187e-001 +2.2064e+000 +1.2432e+000 -2.9486e+000 +4.1312e-001 +1.8063e+000 +3.4187e-001 -4.9019e-001 -1.7814e+000 -3.1869e+000 -2.0835e+000 +2.7039e-001 -4.2252e+000 -1.9099e+000 -8.4499e-001 +9.6723e-001 -5.6991e-001
9826 0 +4.560222702e+001 -2.609477730e+002 -2.609477730e+002 -2.2528e+000 +3.1486e-001 +2.6698e+000 -5.4194e-001 +2.1395e+000 +1.4774e+000 -2.9221e+000 +1.2176e+000 +1.5729e+000 +4.3919e-001 +2.2392e-001 -1.2864e+000 -3.2745e+000 -1.4190e+000 +3.3598e-001 -4.8945e+000 -1.4986e+000 +9.3502e-002 +1.1131e+000 -1.1238e-001
