% f evaluations | g evaluations | best noise-free fitness - Fopt (6.870000000000e+000) + sum g_i+ | measured fitness | best measured fitness or single-digit g-values | x1 | x2...
1 0 +4.405119605e+000 +1.127511961e+001 +1.127511961e+001 +0.0000e+000 +0.0000e+000 +0.0000e+000
122 0 +2.807879292e+000 +9.677879292e+000 +9.677879292e+000 -8.9348e-001 -4.2542e+000 -5.0000e+000
224 0 +2.346143966e+000 +9.216143966e+000 +9.216143966e+000 +3.3287e+000 -1.9541e+000 -3.9359e+000
387 0 +1.430960762e+000 +8.300960762e+000 +8.300960762e+000 -7.5411e-001 -3.0187e+000 -1.4712e-003
3187 0 +1.265896612e+000 +8.135896612e+000 +8.135896612e+000 -7.5388e-001 -3.0183e+000 -1.7184e-003
3387 0 +1.244809534e+000 +8.114809534e+000 +8.114809534e+000 -7.5394e-001 -3.0184e+000 -1.6544e-003
4048 0 +1.202018261e+000 +8.072018261e+000 +8.072018261e+000 -7.5345e-001 -3.0174e+000 -1.0454e-003
4187 0 +1.077466222e+000 +7.947466222e+000 +7.947466222e+000 -7.5354e-001 -3.0176e+000 -1.2114e-003
4235 0 +1.027890596e+000 +7.897890596e+000 +7.897890596e+000 -8.7318e-001 -2.3844e+000 +2.9282e-001
4560 0 +8.331621498e-001 +7.703162150e+000 +7.703162150e+000 -8.7374e-001 -2.3815e+000 +2.9411e-001
4656 0 +5.685227131e-001 +7.438522713e+000 +7.438522713e+000 -3.0312e-001 -2.5810e+000 +2.3005e-001
4944 0 +3.325258146e-001 +7.202525815e+000 +7.202525815e+000 -7.4012e-001 -3.0605e+000 -2.0905e-002
5992 0 +3.047855907e-001 +7.174785591e+000 +7.174785591e+000 -7.4065e-001 -3.0595e+000 -2.1096e-002
6192 0 +2.889824444e-001 +7.158982444e+000 +7.158982444e+000 -7.4131e-001 -3.0588e+000 -2.0785e-002
6592 0 +2.853790663e-001 +7.155379066e+000 +7.155379066e+000 -7.4072e-001 -3.0594e+000 -2.1065e-002
6655 0 +2.680738191e-001 +7.138073819e+000 +7.138073819e+000 -7.4113e-001 -3.0605e+000 -2.1267e-002
6792 0 +2.520315987e-001 +7.122031599e+000 +7.122031599e+000 -7.4082e-001 -3.0593e+000 -2.1017e-002
6855 0 +2.012222957e-001 +7.071222296e+000 +7.071222296e+000 -7.4100e-001 -3.0596e+000 -2.0925e-002
7192 0 +1.954579960e-001 +7.065457996e+000 +7.065457996e+000 -7.4083e-001 -3.0596e+000 -2.1166e-002
7255 0 +1.888655030e-001 +7.058865503e+000 +7.058865503e+000 -7.4080e-001 -3.0597e+000 -2.1284e-002
7495 0 +1.790230889e-001 +7.049023089e+000 +7.049023089e+000 -7.4070e-001 -3.0604e+000 -2.1599e-002
7653 0 +1.408364026e-001 +7.010836403e+000 +7.010836403e+000 -8.7019e-001 -2.8733e+000 +6.1125e-002
9184 0 +1.104986891e-001 +6.980498689e+000 +6.980498689e+000 -8.7002e-001 -2.8732e+000 +6.1213e-002
9253 0 +9.739707613e-002 +6.967397076e+000 +6.967397076e+000 -8.7004e-001 -2.8735e+000 +6.1050e-002
9284 0 +8.502191728e-002 +6.955021917e+000 +6.955021917e+000 -8.7014e-001 -2.8730e+000 +6.1279e-002
9384 0 +6.948719348e-002 +6.939487193e+000 +6.939487193e+000 -8.7020e-001 -2.8729e+000 +6.1312e-002
9484 0 +6.499396002e-002 +6.934993960e+000 +6.934993960e+000 -8.7023e-001 -2.8729e+000 +6.1329e-002
9684 0 +6.252145495e-002 +6.932521455e+000 +6.932521455e+000 -8.7022e-001 -2.8729e+000 +6.1325e-002
9745 0 +5.820040578e-002 +6.928200406e+000 +6.928200406e+000 -8.7009e-001 -2.8732e+000 +6.1393e-002
9845 0 +4.604911437e-002 +6.916049114e+000 +6.916049114e+000 -8.7031e-001 -2.8728e+000 +6.1485e-002
9984 0 +2.369869138e-002 +6.893698691e+000 +6.893698691e+000 -8.7024e-001 -2.8730e+000 +6.1507e-002
10045 0 +1.859293876e-002 +6.888592939e+000 +6.888592939e+000 -8.7023e-001 -2.8730e+000 +6.1468e-002
% f evaluations | g evaluations | best noise-free fitness - Fopt (1.000000000000e-002) + sum g_i+ | measured fitness | best measured fitness or single-digit g-values | x1 | x2...
1 0 +1.295653969e+001 +1.296653969e+001 +1.296653969e+001 +0.0000e+000 +0.0000e+000 +0.0000e+000
6 0 +5.127955153e+000 +5.137955153e+000 +5.137955153e+000 -2.7480e+000 -5.4696e-001 +2.8492e+000
65 0 +2.049636468e+000 +2.059636468e+000 +2.059636468e+000 +3.3171e+000 -1.5414e+000 -2.2988e+000
1741 0 +1.755843356e+000 +1.765843356e+000 +1.765843356e+000 +4.7697e+000 -2.5282e+000 -3.4622e+000
2116 0 +1.241209751e+000 +1.251209751e+000 +1.251209751e+000 +2.9805e+000 -1.4156e+000 -1.9043e+000
4486 0 +1.197931895e+000 +1.207931895e+000 +1.207931895e+000 +2.9803e+000 -1.4198e+000 -1.9048e+000
4561 0 +1.005082410e+000 +1.015082410e+000 +1.015082410e+000 +2.9805e+000 -1.4188e+000 -1.9042e+000
4768 0 +9.012819440e-001 +9.112819440e-001 +9.112819440e-001 +2.9809e+000 -1.4071e+000 -1.9032e+000
4904 0 +8.588772629e-001 +8.688772629e-001 +8.688772629e-001 +2.9820e+000 -1.4071e+000 -1.9030e+000
5061 0 +7.949532710e-001 +8.049532710e-001 +8.049532710e-001 +2.9823e+000 -1.4159e+000 -1.9031e+000
5361 0 +7.253118967e-001 +7.353118967e-001 +7.353118967e-001 +2.9827e+000 -1.4164e+000 -1.9028e+000
5668 0 +7.201262416e-001 +7.301262416e-001 +7.301262416e-001 +2.9827e+000 -1.4164e+000 -1.9028e+000
6126 0 +5.779846081e-001 +5.879846081e-001 +5.879846081e-001 +2.9868e+000 -1.4113e+000 -1.9015e+000
6243 0 +3.460491928e-001 +3.560491928e-001 +3.560491928e-001 +2.9863e+000 -1.4113e+000 -1.9013e+000
6540 0 +1.425867616e-001 +1.525867616e-001 +1.525867616e-001 +2.9876e+000 -1.4115e+000 -1.9005e+000
6640 0 +1.170600739e-001 +1.270600739e-001 +1.270600739e-001 +2.9876e+000 -1.4122e+000 -1.9005e+000
6748 0 +7.442687377e-002 +8.442687377e-002 +8.442687377e-002 +2.9878e+000 -1.4120e+000 -1.9003e+000
7040 0 +6.712236947e-002 +7.712236947e-002 +7.712236947e-002 +2.9879e+000 -1.4118e+000 -1.9003e+000
7140 0 +5.209281914e-002 +6.209281914e-002 +6.209281914e-002 +2.9879e+000 -1.4118e+000 -1.9003e+000
7226 0 +4.063293965e-002 +5.063293965e-002 +5.063293965e-002 +2.9879e+000 -1.4117e+000 -1.9002e+000
7351 0 +3.602432212e-002 +4.602432212e-002 +4.602432212e-002 +2.9879e+000 -1.4116e+000 -1.9002e+000
7361 0 +2.975007295e-002 +3.975007295e-002 +3.975007295e-002 +2.9881e+000 -1.4119e+000 -1.9001e+000
7386 0 +1.842310388e-002 +2.842310388e-002 +2.842310388e-002 +2.9880e+000 -1.4118e+000 -1.9001e+000
7586 0 +1.766621098e-002 +2.766621098e-002 +2.766621098e-002 +2.9880e+000 -1.4117e+000 -1.9001e+000
7634 0 +1.022495966e-002 +2.022495966e-002 +2.022495966e-002 +2.9881e+000 -1.4117e+000 -1.9001e+000
7826 0 +3.454310312e-003 +1.345431031e-002 +1.345431031e-002 +2.9881e+000 -1.4117e+000 -1.9001e+000
8126 0 +2.191785356e-003 +1.219178536e-002 +1.219178536e-002 +2.9881e+000 -1.4117e+000 -1.9001e+000
8286 0 +1.084669466e-003 +1.108466947e-002 +1.108466947e-002 +2.9881e+000 -1.4117e+000 -1.9001e+000
8516 0 +4.756586289e-004 +1.047565863e-002 +1.047565863e-002 +2.9881e+000 -1.4117e+000 -1.9001e+000
8643 0 +3.377673249e-004 +1.033776732e-002 +1.033776732e-002 +2.9881e+000 -1.4117e+000 -1.9001e+000
9086 0 +2.978510077e-004 +1.029785101e-002 +1.029785101e-002 +2.9881e+000 -1.4117e+000 -1.9001e+000
9148 0 +2.122720762e-004 +1.021227208e-002 +1.021227208e-002 +2.9881e+000 -1.4117e+000 -1.9001e+000
9240 0 +2.019111890e-004 +1.020191119e-002 +1.020191119e-002 +2.9881e+000 -1.4117e+000 -1.9001e+000
9343 0 +1.902099936e-004 +1.019020999e-002 +1.019020999e-002 +2.9881e+000 -1.4117e+000 -1.9001e+000
9386 0 +1.563389973e-004 +1.015633900e-002 +1.015633900e-002 +2.9881e+000 -1.4117e+000 -1.9001e+000
9416 0 +1.120978616e-004 +1.011209786e-002 +1.011209786e-002 +2.9881e+000 -1.4117e+000 -1.9001e+000
9716 0 +2.606996856e-005 +1.002606997e-002 +1.002606997e-002 +2.9881e+000 -1.4117e+000 -1.9001e+000
10016 0 +2.288084602e-005 +1.002288085e-002 +1.002288085e-002 +2.9881e+000 -1.4117e+000 -1.9001e+000
% f evaluations | g evaluations | best noise-free fitness - Fopt (-1.306100000000e+002) + sum g_i+ | measured fitness | best measured fitness or single-digit g-values | x1 | x2...
1 0 +1.229607456e+001 -1.183139254e+002 -1.183139254e+002 +0.0000e+000 +0.0000e+000 +0.0000e+000
9 0 +6.490301769e+000 -1.241196982e+002 -1.241196982e+002 +3.2178e+000 -4.1738e+000 -1.0202e-001
18 0 +4.323563254e+000 -1.262864367e+002 -1.262864367e+002 +1.4477e+000 +4.3878e+000 -2.5695e+000
59 0 +2.664795456e+000 -1.279452045e+002 -1.279452045e+002 -3.9914e-001 -4.9055e+000 +1.5467e-001
108 0 +9.699681585e-001 -1.296400318e+002 -1.296400318e+002 +9.9287e-001 -5.8863e-001 +1.2941e-003
1853 0 +6.325030878e-001 -1.299774969e+002 -1.299774969e+002 +9.8507e-001 -5.9585e-001 +9.4213e-003
2153 0 +3.932873353e-001 -1.302167127e+002 -1.302167127e+002 +9.8707e-001 -5.9401e-001 +7.3439e-003
2353 0 +3.308778764e-001 -1.302791221e+002 -1.302791221e+002 +9.8931e-001 -5.9195e-001 +5.0103e-003
2453 0 +1.913831608e-001 -1.304186168e+002 -1.304186168e+002 +9.8869e-001 -5.9252e-001 +5.6604e-003
3253 0 +1.887394834e-001 -1.304212605e+002 -1.304212605e+002 +9.8866e-001 -5.9255e-001 +5.6922e-003
3264 0 +1.659389817e-001 -1.304440610e+002 -1.304440610e+002 +9.8889e-001 -5.9245e-001 +5.0742e-003
3364 0 +1.235394141e-001 -1.304864606e+002 -1.304864606e+002 +9.8902e-001 -5.9253e-001 +5.0861e-003
3564 0 +1.158596684e-001 -1.304941403e+002 -1.304941403e+002 +9.8904e-001 -5.9254e-001 +5.0884e-003
4353 0 +1.146569333e-001 -1.304953431e+002 -1.304953431e+002 +9.8904e-001 -5.9254e-001 +5.0897e-003
4467 0 +1.019623889e-001 -1.305080376e+002 -1.305080376e+002 +9.8919e-001 -5.9241e-001 +4.9315e-003
4653 0 +9.757659033e-002 -1.305124234e+002 -1.305124234e+002 +9.8917e-001 -5.9242e-001 +4.9499e-003
5064 0 +9.492997247e-002 -1.305150700e+002 -1.305150700e+002 +9.8916e-001 -5.9243e-001 +4.9627e-003
% f evaluations | g evaluations | best noise-free fitness - Fopt (-2.231200000000e+002) + sum g_i+ | measured fitness | best measured fitness or single-digit g-values | x1 | x2...
1 0 +5.339703202e+001 -1.697229680e+002 -1.697229680e+002 +0.0000e+000 +0.0000e+000 +0.0000e+000
3 0 +1.625825909e+001 -2.068617409e+002 -2.068617409e+002 -5.2302e-001 -4.8649e+000 -4.1295e+000
11 0 +1.517983691e+001 -2.079401631e+002 -2.079401631e+002 +2.4243e+000 -2.4889e+000 +4.2865e+000
12 0 +7.220657553e+000 -2.158993424e+002 -2.158993424e+002 +4.0209e+000 +2.6947e+000 -2.3405e+000
45 0 +2.770083427e+000 -2.203499166e+002 -2.203499166e+002 +1.6665e+000 -1.4406e-001 +3.4674e+000
148 0 +2.738482065e+000 -2.203815179e+002 -2.203815179e+002 +9.5238e-001 +7.9159e-001 -2.1505e+000
1326 0 +1.062625150e+000 -2.220573748e+002 -2.220573748e+002 -1.0773e-001 -9.2150e-002 -5.4823e-001
1620 0 +5.072310310e-001 -2.226127690e+002 -2.226127690e+002 -1.4690e-001 +1.2893e+000 -2.5764e+000
3820 0 +4.635282069e-001 -2.226564718e+002 -2.226564718e+002 -1.4697e-001 +1.2892e+000 -2.5763e+000
4011 0 +2.453148144e-001 -2.228746852e+002 -2.228746852e+002 -1.4733e-001 +1.2901e+000 -2.5775e+000
5296 0 +1.886041437e-001 -2.229313959e+002 -2.229313959e+002 -1.4735e-001 +1.2901e+000 -2.5779e+000
5520 0 +1.844002636e-001 -2.229355997e+002 -2.229355997e+002 -1.4736e-001 +1.2901e+000 -2.5778e+000
5611 0 +1.671897779e-001 -2.229528102e+002 -2.229528102e+002 -1.4740e-001 +1.2901e+000 -2.5780e+000
5920 0 +1.649031128e-001 -2.229550969e+002 -2.229550969e+002 -1.4737e-001 +1.2901e+000 -2.5779e+000
6220 0 +1.621624322e-001 -2.229578376e+002 -2.229578376e+002 -1.4738e-001 +1.2901e+000 -2.5779e+000
7111 0 +1.524835728e-001 -2.229675164e+002 -2.229675164e+002 -1.4739e-001 +1.2901e+000 -2.5779e+000
7320 0 +1.512703401e-001 -2.229687297e+002 -2.229687297e+002 -1.4739e-001 +1.2901e+000 -2.5779e+000
9379 0 +1.474205656e-001 -2.229725794e+002 -2.229725794e+002 -1.4742e-001 +1.2902e+000 -2.5780e+000
% f evaluations | g evaluations | best noise-free fitness - Fopt (-4.443000000000e+001) + sum g_i+ | measured fitness | best measured fitness or single-digit g-values | x1 | x2...
1 0 +4.437367499e+000 -3.999263250e+001 -3.999263250e+001 +0.0000e+000 +0.0000e+000 +0.0000e+000
74 0 +3.240693041e+000 -4.118930696e+001 -4.118930696e+001 +3.3759e+000 +9.4204e-001 -4.0947e-001
87 0 +3.200801440e+000 -4.122919856e+001 -4.122919856e+001 -2.7369e+000 +3.6972e+000 +7.9013e-001
233 0 +2.037898402e+000 -4.239210160e+001 -4.239210160e+001 -3.5783e+000 +2.5144e+000 +1.4943e+000
272 0 +1.865764025e+000 -4.256423597e+001 -4.256423597e+001 -3.2073e+000 +4.7631e+000 +1.4578e+000
999 0 +1.406609417e+000 -4.302339058e+001 -4.302339058e+001 -2.2406e+000 +4.2553e+000 +1.2603e+000
2817 0 +1.342793290e+000 -4.308720671e+001 -4.308720671e+001 -2.2411e+000 +4.2553e+000 +1.2601e+000
3024 0 +1.097745773e+000 -4.333225423e+001 -4.333225423e+001 -2.3505e+000 +5.2984e+000 +1.4209e+000
4139 0 +8.727308454e-001 -4.355726915e+001 -4.355726915e+001 +1.1281e+000 +2.0816e+000 -1.7377e+000
6828 0 +8.622420584e-001 -4.356775794e+001 -4.356775794e+001 +1.1281e+000 +2.0819e+000 -1.7375e+000
6928 0 +7.933975017e-001 -4.363660250e+001 -4.363660250e+001 +1.1273e+000 +2.0807e+000 -1.7379e+000
7028 0 +7.661816492e-001 -4.366381835e+001 -4.366381835e+001 +1.1268e+000 +2.0802e+000 -1.7380e+000
7128 0 +7.478768006e-001 -4.368212320e+001 -4.368212320e+001 +1.1266e+000 +2.0799e+000 -1.7381e+000
7228 0 +7.397141584e-001 -4.369028584e+001 -4.369028584e+001 +1.1265e+000 +2.0797e+000 -1.7381e+000
7368 0 +7.008237052e-001 -4.372917629e+001 -4.372917629e+001 +1.1264e+000 +2.0797e+000 -1.7381e+000
7568 0 +5.979332887e-001 -4.383206671e+001 -4.383206671e+001 +1.1260e+000 +2.0792e+000 -1.7382e+000
9117 0 +4.481866084e-001 -4.398181339e+001 -4.398181339e+001 +2.0238e+000 +1.4990e+000 -2.5376e+000
% f evaluations | g evaluations | best noise-free fitness - Fopt (2.557800000000e+002) + sum g_i+ | measured fitness | best measured fitness or single-digit g-values | x1 | x2...
1 0 +4.720781675e+001 +3.029878168e+002 +3.029878168e+002 +0.0000e+000 +0.0000e+000 +0.0000e+000
2 0 +2.387352513e+001 +2.796535251e+002 +2.796535251e+002 -2.5436e+000 -2.8327e+000 -3.3628e+000
4 0 +1.100308651e+001 +2.667830865e+002 +2.667830865e+002 +9.5259e-001 -1.5502e-001 +2.6559e+000
9 0 +3.279700436e+000 +2.590597004e+002 +2.590597004e+002 -4.8055e+000 +1.9528e+000 -2.2826e+000
77 0 +2.354346088e+000 +2.581343461e+002 +2.581343461e+002 +1.7330e+000 -4.2868e+000 -2.5052e+000
1550 0 +5.150355616e-001 +2.562950356e+002 +2.562950356e+002 +4.9460e+000 -4.6435e+000 -2.4464e+000
4240 0 +4.340117246e-001 +2.562140117e+002 +2.562140117e+002 +4.9448e+000 -4.6434e+000 -2.4465e+000
4250 0 +3.624496736e-001 +2.561424497e+002 +2.561424497e+002 +4.9450e+000 -4.6435e+000 -2.4465e+000
4350 0 +2.623083017e-001 +2.560423083e+002 +2.560423083e+002 +4.9456e+000 -4.6435e+000 -2.4465e+000
4650 0 +2.071229866e-001 +2.559871230e+002 +2.559871230e+002 +4.9454e+000 -4.6435e+000 -2.4465e+000
4850 0 +1.923164427e-001 +2.559723164e+002 +2.559723164e+002 +4.9454e+000 -4.6435e+000 -2.4465e+000
5250 0 +1.864746903e-001 +2.559664747e+002 +2.559664747e+002 +4.9453e+000 -4.6435e+000 -2.4465e+000
5350 0 +1.854598283e-001 +2.559654598e+002 +2.559654598e+002 +4.9453e+000 -4.6435e+000 -2.4465e+000
5627 0 +1.674636902e-001 +2.559474637e+002 +2.559474637e+002 +4.9456e+000 -4.6436e+000 -2.4466e+000
6127 0 +1.571516435e-001 +2.559371516e+002 +2.559371516e+002 +4.9457e+000 -4.6437e+000 -2.4466e+000
6250 0 +1.526825387e-001 +2.559326825e+002 +2.559326825e+002 +4.9457e+000 -4.6437e+000 -2.4466e+000
6530 0 +1.375069874e-001 +2.559175070e+002 +2.559175070e+002 +4.9459e+000 -4.6438e+000 -2.4466e+000
6629 0 +4.254622725e-002 +2.558225462e+002 +2.558225462e+002 +4.9495e+000 -4.6467e+000 -2.4465e+000
6929 0 +3.032103821e-002 +2.558103210e+002 +2.558103210e+002 +4.9494e+000 -4.6466e+000 -2.4465e+000
7151 0 +2.988764863e-002 +2.558098876e+002 +2.558098876e+002 +4.9492e+000 -4.6465e+000 -2.4466e+000
7330 0 +2.550125688e-002 +2.558055013e+002 +2.558055013e+002 +4.9493e+000 -4.6466e+000 -2.4466e+000
7490 0 +2.501838793e-002 +2.558050184e+002 +2.558050184e+002 +4.9492e+000 -4.6465e+000 -2.4465e+000
7590 0 +2.319084522e-002 +2.558031908e+002 +2.558031908e+002 +4.9493e+000 -4.6465e+000 -2.4465e+000
7629 0 +2.058533324e-002 +2.558005853e+002 +2.558005853e+002 +4.9494e+000 -4.6466e+000 -2.4465e+000
7790 0 +1.970612316e-002 +2.557997061e+002 +2.557997061e+002 +4.9494e+000 -4.6466e+000 -2.4465e+000
7930 0 +1.915591480e-002 +2.557991559e+002 +2.557991559e+002 +4.9494e+000 -4.6466e+000 -2.4465e+000
8090 0 +1.830606624e-002 +2.557983061e+002 +2.557983061e+002 +4.9494e+000 -4.6466e+000 -2.4465e+000
8139 0 +1.759631356e-002 +2.557975963e+002 +2.557975963e+002 +4.9494e+000 -4.6466e+000 -2.4465e+000
8190 0 +1.640788961e-002 +2.557964079e+002 +2.557964079e+002 +4.9494e+000 -4.6466e+000 -2.4465e+000
8539 0 +1.608840040e-002 +2.557960884e+002 +2.557960884e+002 +4.9494e+000 -4.6466e+000 -2.4465e+000
9629 0 +1.582748845e-002 +2.557958275e+002 +2.557958275e+002 +4.9494e+000 -4.6466e+000 -2.4465e+000
% f evaluations | g evaluations | best noise-free fitness - Fopt (1.000000000000e+003) + sum g_i+ | measured fitness | best measured fitness or single-digit g-values | x1 | x2...
1 0 +2.642453467e+001 +1.026424535e+003 +1.026424535e+003 +0.0000e+000 +0.0000e+000 +0.0000e+000
2 0 +2.075838079e+001 +1.020758381e+003 +1.020758381e+003 -2.5057e+000 +3.0597e-001 +9.6315e-001
6 0 +8.529973305e+000 +1.008529973e+003 +1.008529973e+003 +2.7771e+000 -1.2063e+000 +1.3272e+000
21 0 +7.291568152e+000 +1.007291568e+003 +1.007291568e+003 -4.7550e+000 +4.0516e+000 +4.1521e+000
23 0 +6.968058741e+000 +1.006968059e+003 +1.006968059e+003 +4.8083e-001 +2.4864e+000 -2.2930e+000
79 0 +4.564382030e+000 +1.004564382e+003 +1.004564382e+003 +4.1678e+000 +1.2489e+000 -8.6636e-001
132 0 +2.619413405e+000 +1.002619413e+003 +1.002619413e+003 -1.0399e+000 +3.6070e+000 -7.0298e-001
414 0 +1.672047046e+000 +1.001672047e+003 +1.001672047e+003 -4.6543e+000 +2.4599e+000 -4.4639e-001
1968 0 +1.472685668e+000 +1.001472686e+003 +1.001472686e+003 -3.1766e+000 +1.7706e+000 -8.9695e-001
2689 0 +1.335978368e+000 +1.001335978e+003 +1.001335978e+003 -4.0680e+000 +2.9369e+000 -1.8795e+000
3373 0 +1.086136918e+000 +1.001086137e+003 +1.001086137e+003 -3.9177e+000 +2.5630e+000 -1.5519e+000
5073 0 +6.645544156e-001 +1.000664554e+003 +1.000664554e+003 -3.9180e+000 +2.5647e+000 -1.5525e+000
5401 0 +6.519389283e-001 +1.000651939e+003 +1.000651939e+003 -3.9183e+000 +2.5652e+000 -1.5513e+000
5801 0 +6.268998316e-001 +1.000626900e+003 +1.000626900e+003 -3.9179e+000 +2.5645e+000 -1.5530e+000
6073 0 +5.949735472e-001 +1.000594974e+003 +1.000594974e+003 -3.9178e+000 +2.5643e+000 -1.5536e+000
6485 0 +4.408035001e-001 +1.000440804e+003 +1.000440804e+003 -3.9188e+000 +2.5638e+000 -1.5564e+000
6567 0 +3.484972320e-001 +1.000348497e+003 +1.000348497e+003 -3.9185e+000 +2.5629e+000 -1.5587e+000
6869 0 +3.317069698e-001 +1.000331707e+003 +1.000331707e+003 -3.9189e+000 +2.5630e+000 -1.5586e+000
6873 0 +3.068651003e-001 +1.000306865e+003 +1.000306865e+003 -3.9188e+000 +2.5631e+000 -1.5585e+000
6973 0 +3.018518539e-001 +1.000301852e+003 +1.000301852e+003 -3.9188e+000 +2.5629e+000 -1.5589e+000
7120 0 +2.713907131e-001 +1.000271391e+003 +1.000271391e+003 -3.9189e+000 +2.5624e+000 -1.5602e+000
7267 0 +2.677214236e-001 +1.000267721e+003 +1.000267721e+003 -3.9188e+000 +2.5625e+000 -1.5599e+000
7367 0 +1.777389878e-001 +1.000177739e+003 +1.000177739e+003 -3.9189e+000 +2.5624e+000 -1.5609e+000
7944 0 +1.734554892e-001 +1.000173455e+003 +1.000173455e+003 -3.9192e+000 +2.5622e+000 -1.5619e+000
8020 0 +1.656601718e-001 +1.000165660e+003 +1.000165660e+003 -3.9190e+000 +2.5624e+000 -1.5611e+000
8120 0 +1.613548170e-001 +1.000161355e+003 +1.000161355e+003 -3.9191e+000 +2.5622e+000 -1.5616e+000
8173 0 +1.517556527e-001 +1.000151756e+003 +1.000151756e+003 -3.9192e+000 +2.5622e+000 -1.5617e+000
8220 0 +1.403487096e-001 +1.000140349e+003 +1.000140349e+003 -3.9193e+000 +2.5622e+000 -1.5620e+000
8320 0 +1.345973799e-001 +1.000134597e+003 +1.000134597e+003 -3.9194e+000 +2.5621e+000 -1.5622e+000
8469 0 +1.315738151e-001 +1.000131574e+003 +1.000131574e+003 -3.9194e+000 +2.5621e+000 -1.5623e+000
8501 0 +1.200705291e-001 +1.000120071e+003 +1.000120071e+003 -3.9195e+000 +2.5620e+000 -1.5627e+000
8513 0 +1.153800085e-001 +1.000115380e+003 +1.000115380e+003 -3.9196e+000 +2.5620e+000 -1.5628e+000
8569 0 +1.113322128e-001 +1.000111332e+003 +1.000111332e+003 -3.9196e+000 +2.5620e+000 -1.5629e+000
8590 0 +9.747965448e-002 +1.000097480e+003 +1.000097480e+003 -3.9199e+000 +2.5626e+000 -1.5610e+000
8613 0 +6.973184178e-002 +1.000069732e+003 +1.000069732e+003 -3.9198e+000 +2.5620e+000 -1.5629e+000
8669 0 +6.853465311e-002 +1.000068535e+003 +1.000068535e+003 -3.9198e+000 +2.5622e+000 -1.5624e+000
8685 0 +6.175824606e-002 +1.000061758e+003 +1.000061758e+003 -3.9199e+000 +2.5624e+000 -1.5616e+000
8713 0 +2.326423995e-002 +1.000023264e+003 +1.000023264e+003 -3.9200e+000 +2.5623e+000 -1.5621e+000
8969 0 +1.600822975e-002 +1.000016008e+003 +1.000016008e+003 -3.9200e+000 +2.5623e+000 -1.5621e+000
9069 0 +1.546743111e-002 +1.000015467e+003 +1.000015467e+003 -3.9200e+000 +2.5623e+000 -1.5624e+000
9120 0 +1.123513439e-002 +1.000011235e+003 +1.000011235e+003 -3.9201e+000 +2.5624e+000 -1.5621e+000
9167 0 +1.016822799e-002 +1.000010168e+003 +1.000010168e+003 -3.9200e+000 +2.5623e+000 -1.5623e+000
9220 0 +5.939547788e-003 +1.000005940e+003 +1.000005940e+003 -3.9201e+000 +2.5623e+000 -1.5622e+000
9367 0 +2.839733689e-003 +1.000002840e+003 +1.000002840e+003 -3.9201e+000 +2.5623e+000 -1.5622e+000
9369 0 +2.624460407e-003 +1.000002624e+003 +1.000002624e+003 -3.9201e+000 +2.5623e+000 -1.5622e+000
9669 0 +2.357508815e-003 +1.000002358e+003 +1.000002358e+003 -3.9200e+000 +2.5623e+000 -1.5622e+000
9767 0 +2.286638153e-003 +1.000002287e+003 +1.000002287e+003 -3.9201e+000 +2.5623e+000 -1.5622e+000
9944 0 +1.724511577e-003 +1.000001725e+003 +1.000001725e+003 -3.9200e+000 +2.5623e+000 -1.5622e+000
10020 0 +1.475922086e-003 +1.000001476e+003 +1.000001476e+003 -3.9201e+000 +2.5623e+000 -1.5622e+000
10044 0 +1.212521731e-003 +1.000001213e+003 +1.000001213e+003 -3.9200e+000 +2.5623e+000 -1.5622e+000
% f evaluations | g evaluations | best noise-free fitness - Fopt (-1.869500000000e+002) + sum g_i+ | measured fitness | best measured fitness or single-digit g-values | x1 | x2...
1 0 +3.063117627e+001 -1.563188237e+002 -1.563188237e+002 +0.0000e+000 +0.0000e+000 +0.0000e+000
4 0 +1.925319951e+001 -1.676968005e+002 -1.676968005e+002 -1.1833e-001 -1.4475e-001 -1.4052e+000
5 0 +1.737152052e+001 -1.695784795e+002 -1.695784795e+002 -2.6969e+000 -1.3628e+000 +3.2431e+000
6 0 +9.951957639e+000 -1.769980424e+002 -1.769980424e+002 -1.5992e+000 -2.3807e+000 -2.1591e+000
8 0 +7.012614132e+000 -1.799373859e+002 -1.799373859e+002 -1.8525e+000 -3.6667e+000 +1.7322e+000
23 0 +3.470411767e+000 -1.834795882e+002 -1.834795882e+002 +1.4128e+000 +3.2745e+000 +4.9434e+000
59 0 +2.764744388e+000 -1.841852556e+002 -1.841852556e+002 +1.3670e+000 -8.4539e-001 -4.9061e+000
444 0 +2.376569605e+000 -1.845734304e+002 -1.845734304e+002 -1.2709e+000 -7.1685e-001 -1.7633e+000
1127 0 +2.161578488e+000 -1.847884215e+002 -1.847884215e+002 +1.1760e+000 +4.4252e+000 -4.8173e+000
1213 0 +1.315944470e+000 -1.856340555e+002 -1.856340555e+002 +9.0151e-001 +4.0679e+000 -4.4296e+000
2313 0 +1.159526519e+000 -1.857904735e+002 -1.857904735e+002 +8.9876e-001 +4.0635e+000 -4.4361e+000
3645 0 +1.071617941e+000 -1.858783821e+002 -1.858783821e+002 +9.0011e-001 +4.0646e+000 -4.4360e+000
3845 0 +9.281014398e-001 -1.860218986e+002 -1.860218986e+002 +8.9905e-001 +4.0639e+000 -4.4359e+000
3988 0 +8.349002269e-001 -1.861150998e+002 -1.861150998e+002 +8.9944e-001 +4.0637e+000 -4.4354e+000
4313 0 +8.316912827e-001 -1.861183087e+002 -1.861183087e+002 +8.9944e-001 +4.0638e+000 -4.4355e+000
4752 0 +2.374748994e-001 -1.867125251e+002 -1.867125251e+002 +8.9415e-001 +3.1662e+000 -4.6385e+000
7746 0 +1.998494386e-002 -1.869300151e+002 -1.869300151e+002 +8.9478e-001 +3.1646e+000 -4.6373e+000
8846 0 +1.280690045e-002 -1.869371931e+002 -1.869371931e+002 +8.9477e-001 +3.1646e+000 -4.6374e+000
9452 0 +1.175892046e-002 -1.869382411e+002 -1.869382411e+002 +8.9474e-001 +3.1647e+000 -4.6374e+000
9652 0 +1.101748759e-002 -1.869389825e+002 -1.869389825e+002 +8.9475e-001 +3.1647e+000 -4.6374e+000
9774 0 +6.808142029e-003 -1.869431919e+002 -1.869431919e+002 +8.9476e-001 +3.1647e+000 -4.6374e+000
% f evaluations | g evaluations | best noise-free fitness - Fopt (5.859500000000e+002) + sum g_i+ | measured fitness | best measured fitness or single-digit g-values | x1 | x2...
1 0 +1.357088189e+001 +5.995208819e+002 +5.995208819e+002 +0.0000e+000 +0.0000e+000 +0.0000e+000
2 0 +7.987051568e+000 +5.939370516e+002 +5.939370516e+002 +9.3480e-001 -1.9394e+000 -1.7931e+000
3 0 +7.919095338e+000 +5.938690953e+002 +5.938690953e+002 -2.2602e+000 -1.9288e+000 +2.0905e+000
20 0 +5.277295683e+000 +5.912272957e+002 +5.912272957e+002 +1.4568e+000 +8.2224e-001 -4.8766e+000
34 0 +3.822778247e+000 +5.897727782e+002 +5.897727782e+002 -2.5551e+000 +4.1246e+000 +2.2136e+000
96 0 +1.732260497e+000 +5.876822605e+002 +5.876822605e+002 +1.8134e+000 +2.6240e+000 +3.8243e+000
268 0 +1.440899005e+000 +5.873908990e+002 +5.873908990e+002 -3.4318e+000 -1.4295e+000 +8.7934e-001
910 0 +1.178102374e+000 +5.871281024e+002 +5.871281024e+002 -3.3284e+000 -1.1978e+000 +1.2485e+000
1927 0 +1.103732996e+000 +5.870537330e+002 +5.870537330e+002 +9.8961e-002 -1.5287e+000 +1.5240e-001
1940 0 +8.072706527e-001 +5.867572707e+002 +5.867572707e+002 -3.4779e+000 -1.5142e+000 +1.0321e+000
3521 0 +7.915022098e-001 +5.867415022e+002 +5.867415022e+002 -3.4779e+000 -1.5142e+000 +1.0320e+000
3621 0 +7.218903845e-001 +5.866718904e+002 +5.866718904e+002 -3.4780e+000 -1.5142e+000 +1.0320e+000
3721 0 +6.847779419e-001 +5.866347779e+002 +5.866347779e+002 -3.4780e+000 -1.5143e+000 +1.0320e+000
3821 0 +6.642492005e-001 +5.866142492e+002 +5.866142492e+002 -3.4780e+000 -1.5143e+000 +1.0320e+000
3921 0 +6.536524499e-001 +5.866036524e+002 +5.866036524e+002 -3.4780e+000 -1.5143e+000 +1.0319e+000
4063 0 +5.513640190e-001 +5.865013640e+002 +5.865013640e+002 -3.4883e+000 -1.5089e+000 +1.0279e+000
4421 0 +5.130397372e-001 +5.864630397e+002 +5.864630397e+002 -3.4898e+000 -1.5081e+000 +1.0274e+000
4463 0 +3.892286495e-001 +5.863392286e+002 +5.863392286e+002 -3.4873e+000 -1.5097e+000 +1.0282e+000
4621 0 +3.747564339e-001 +5.863247564e+002 +5.863247564e+002 -3.4879e+000 -1.5094e+000 +1.0280e+000
5340 0 +3.670127456e-001 +5.863170127e+002 +5.863170127e+002 -3.4891e+000 -1.5088e+000 +1.0275e+000
5440 0 +3.400797393e-001 +5.862900797e+002 +5.862900797e+002 -3.4897e+000 -1.5084e+000 +1.0273e+000
5540 0 +3.367174619e-001 +5.862867175e+002 +5.862867175e+002 -3.4900e+000 -1.5083e+000 +1.0271e+000
5663 0 +3.066297013e-001 +5.862566297e+002 +5.862566297e+002 -3.4893e+000 -1.5087e+000 +1.0274e+000
5763 0 +2.914835641e-001 +5.862414836e+002 +5.862414836e+002 -3.4899e+000 -1.5084e+000 +1.0271e+000
5863 0 +2.876890334e-001 +5.862376890e+002 +5.862376890e+002 -3.4902e+000 -1.5083e+000 +1.0270e+000
6140 0 +2.770829253e-001 +5.862270829e+002 +5.862270829e+002 -3.4904e+000 -1.5082e+000 +1.0270e+000
6240 0 +2.733767193e-001 +5.862233767e+002 +5.862233767e+002 -3.4905e+000 -1.5082e+000 +1.0269e+000
6362 0 +2.665749422e-001 +5.862165749e+002 +5.862165749e+002 -3.4909e+000 -1.5079e+000 +1.0267e+000
6821 0 +2.626058628e-001 +5.862126059e+002 +5.862126059e+002 -3.4912e+000 -1.5078e+000 +1.0266e+000
7121 0 +2.569631913e-001 +5.862069632e+002 +5.862069632e+002 -3.4915e+000 -1.5076e+000 +1.0265e+000
7456 0 +2.511218866e-001 +5.862011219e+002 +5.862011219e+002 -3.4915e+000 -1.5076e+000 +1.0265e+000
7511 0 +2.380461661e-001 +5.861880462e+002 +5.861880462e+002 -3.4920e+000 -1.5074e+000 +1.0263e+000
7640 0 +2.336671205e-001 +5.861836671e+002 +5.861836671e+002 -3.4920e+000 -1.5074e+000 +1.0263e+000
7740 0 +2.232734210e-001 +5.861732734e+002 +5.861732734e+002 -3.4922e+000 -1.5073e+000 +1.0262e+000
8021 0 +2.175302216e-001 +5.861675302e+002 +5.861675302e+002 -3.4924e+000 -1.5072e+000 +1.0261e+000
8121 0 +2.131126265e-001 +5.861631126e+002 +5.861631126e+002 -3.4926e+000 -1.5071e+000 +1.0260e+000
8221 0 +2.075012257e-001 +5.861575012e+002 +5.861575012e+002 -3.4928e+000 -1.5070e+000 +1.0260e+000
8321 0 +2.036283845e-001 +5.861536284e+002 +5.861536284e+002 -3.4929e+000 -1.5069e+000 +1.0259e+000
8493 0 +1.970983706e-001 +5.861470984e+002 +5.861470984e+002 -3.4931e+000 -1.5068e+000 +1.0258e+000
8591 0 +1.896787795e-001 +5.861396788e+002 +5.861396788e+002 -3.4942e+000 -1.5063e+000 +1.0253e+000
8691 0 +1.721755360e-001 +5.861221755e+002 +5.861221755e+002 -3.4945e+000 -1.5062e+000 +1.0252e+000
8713 0 +1.611036598e-001 +5.861111037e+002 +5.861111037e+002 -3.4950e+000 -1.5059e+000 +1.0250e+000
8756 0 +1.572653289e-001 +5.861072653e+002 +5.861072653e+002 -3.4948e+000 -1.5060e+000 +1.0251e+000
8811 0 +1.517707943e-001 +5.861017708e+002 +5.861017708e+002 -3.4959e+000 -1.5054e+000 +1.0246e+000
8856 0 +1.501336538e-001 +5.861001337e+002 +5.861001337e+002 -3.4959e+000 -1.5054e+000 +1.0246e+000
8904 0 +1.193242947e-001 +5.860693243e+002 +5.860693243e+002 -3.4975e+000 -1.5046e+000 +1.0239e+000
9004 0 +1.110054008e-001 +5.860610054e+002 +5.860610054e+002 -3.4980e+000 -1.5043e+000 +1.0236e+000
9066 0 +1.029707012e-001 +5.860529707e+002 +5.860529707e+002 -3.4974e+000 -1.5047e+000 +1.0239e+000
9104 0 +9.778822804e-002 +5.860477882e+002 +5.860477882e+002 -3.4979e+000 -1.5044e+000 +1.0237e+000
9156 0 +9.734642414e-002 +5.860473464e+002 +5.860473464e+002 -3.4980e+000 -1.5044e+000 +1.0237e+000
9166 0 +9.374462010e-002 +5.860437446e+002 +5.860437446e+002 -3.4986e+000 -1.5041e+000 +1.0234e+000
9179 0 +8.113390676e-002 +5.860311339e+002 +5.860311339e+002 -3.4986e+000 -1.5041e+000 +1.0234e+000
9240 0 +7.794033884e-002 +5.860279403e+002 +5.860279403e+002 -3.4987e+000 -1.5040e+000 +1.0233e+000
9263 0 +6.928819610e-002 +5.860192882e+002 +5.860192882e+002 -3.4990e+000 -1.5039e+000 +1.0232e+000
9291 0 +6.891255059e-002 +5.860189126e+002 +5.860189126e+002 -3.4990e+000 -1.5038e+000 +1.0232e+000
9321 0 +6.418458225e-002 +5.860141846e+002 +5.860141846e+002 -3.4992e+000 -1.5037e+000 +1.0231e+000
9340 0 +5.248477516e-002 +5.860024848e+002 +5.860024848e+002 -3.4996e+000 -1.5036e+000 +1.0230e+000
9411 0 +4.883912563e-002 +5.859988391e+002 +5.859988391e+002 -3.4996e+000 -1.5036e+000 +1.0229e+000
9413 0 +4.111340655e-002 +5.859911134e+002 +5.859911134e+002 -3.5002e+000 -1.5032e+000 +1.0227e+000
9440 0 +3.656615072e-002 +5.859865662e+002 +5.859865662e+002 -3.5000e+000 -1.5034e+000 +1.0228e+000
9493 0 +3.590765401e-002 +5.859859077e+002 +5.859859077e+002 -3.5001e+000 -1.5033e+000 +1.0227e+000
9562 0 +2.920773820e-002 +5.859792077e+002 +5.859792077e+002 -3.5001e+000 -1.5033e+000 +1.0227e+000
9666 0 +2.680511308e-002 +5.859768051e+002 +5.859768051e+002 -3.5001e+000 -1.5033e+000 +1.0227e+000
9783 0 +2.540132072e-002 +5.859754013e+002 +5.859754013e+002 -3.5001e+000 -1.5033e+000 +1.0227e+000
9857 0 +2.202047261e-002 +5.859720205e+002 +5.859720205e+002 -3.5000e+000 -1.5033e+000 +1.0227e+000
9957 0 +1.599180925e-002 +5.859659918e+002 +5.859659918e+002 -3.5001e+000 -1.5033e+000 +1.0227e+000
10021 0 +1.491675513e-002 +5.859649168e+002 +5.859649168e+002 -3.5000e+000 -1.5033e+000 +1.0227e+000
% f evaluations | g evaluations | best noise-free fitness - Fopt (2.871600000000e+002) + sum g_i+ | measured fitness | best measured fitness or single-digit g-values | x1 | x2...
1 0 +3.573828768e+001 +3.228982877e+002 +3.228982877e+002 +0.0000e+000 +0.0000e+000 +0.0000e+000
2 0 +1.072517078e+001 +2.978851708e+002 +2.978851708e+002 -2.9074e+000 -1.7398e+000 +3.2996e+000
7 0 +9.688201049e+000 +2.968482010e+002 +2.968482010e+002 -1.5646e+000 -3.1464e+000 -4.5041e-001
21 0 +8.370856205e+000 +2.955308562e+002 +2.955308562e+002 -3.6695e+000 +4.3724e+000 +2.2422e+000
34 0 +1.751303788e+000 +2.889113038e+002 +2.889113038e+002 +7.3139e-001 -1.8223e-001 -4.6763e+000
40 0 +1.270496985e+000 +2.884304970e+002 +2.884304970e+002 +2.0619e+000 +2.9435e+000 -1.5384e+000
1700 0 +1.248876257e+000 +2.884088763e+002 +2.884088763e+002 +1.6096e+000 -1.9204e-001 -2.7931e+000
3100 0 +3.761364330e-001 +2.875361364e+002 +2.875361364e+002 +1.6094e+000 -1.9302e-001 -2.7937e+000
3500 0 +2.812090775e-001 +2.874412091e+002 +2.874412091e+002 +1.6094e+000 -1.9351e-001 -2.7940e+000
4400 0 +2.243246074e-001 +2.873843246e+002 +2.873843246e+002 +1.6094e+000 -1.9325e-001 -2.7939e+000
5000 0 +2.229973166e-001 +2.873829973e+002 +2.873829973e+002 +1.6094e+000 -1.9328e-001 -2.7939e+000
5500 0 +2.181091190e-001 +2.873781091e+002 +2.873781091e+002 +1.6094e+000 -1.9326e-001 -2.7939e+000
5861 0 +8.189285062e-002 +2.872418929e+002 +2.872418929e+002 +1.6086e+000 -1.9376e-001 -2.7935e+000
6600 0 +7.964066415e-002 +2.872396407e+002 +2.872396407e+002 +1.6086e+000 -1.9376e-001 -2.7935e+000
7096 0 +7.397706895e-002 +2.872339771e+002 +2.872339771e+002 +1.6086e+000 -1.9378e-001 -2.7935e+000
8524 0 +7.244056841e-002 +2.872324406e+002 +2.872324406e+002 +1.6086e+000 -1.9377e-001 -2.7935e+000
% f evaluations | g evaluations | best noise-free fitness - Fopt (-3.943800000000e+002) + sum g_i+ | measured fitness | best measured fitness or single-digit g-values | x1 | x2...
1 0 +2.122502245e+001 -3.731549775e+002 -3.731549775e+002 +0.0000e+000 +0.0000e+000 +0.0000e+000
6 0 +2.014424958e+001 -3.742357504e+002 -3.742357504e+002 +2.2094e+000 +4.7803e-001 -1.0426e-001
10 0 +1.102838811e+001 -3.833516119e+002 -3.833516119e+002 +3.7661e+000 +2.9234e+000 -1.8737e+000
11 0 +4.705830082e+000 -3.896741699e+002 -3.896741699e+002 -3.6444e+000 +3.0056e+000 -3.7781e+000
92 0 +4.280668050e+000 -3.900993319e+002 -3.900993319e+002 +1.7857e+000 +2.1863e+000 +3.8632e+000
142 0 +3.784532140e+000 -3.905954679e+002 -3.905954679e+002 +5.3071e+000 +1.7347e-001 +1.2912e+000
202 0 +1.712627641e+000 -3.926673724e+002 -3.926673724e+002 +4.4609e+000 +2.3023e+000 +6.4193e-001
1102 0 +1.463442307e+000 -3.929165577e+002 -3.929165577e+002 +4.7432e+000 +1.7871e+000 +9.4673e-001
2324 0 +1.315569104e+000 -3.930644309e+002 -3.930644309e+002 +4.7951e+000 +1.6817e+000 +1.1061e+000
2910 0 +1.130871904e+000 -3.932491281e+002 -3.932491281e+002 +4.7970e+000 +1.6844e+000 +1.1080e+000
3213 0 +9.573518162e-001 -3.934226482e+002 -3.934226482e+002 +4.7961e+000 +1.6857e+000 +1.1061e+000
3412 0 +7.959479805e-001 -3.935840520e+002 -3.935840520e+002 +4.7980e+000 +1.6946e+000 +1.0937e+000
3512 0 +6.946378036e-001 -3.936853622e+002 -3.936853622e+002 +4.7969e+000 +1.6868e+000 +1.1045e+000
3624 0 +6.720768132e-001 -3.937079232e+002 -3.937079232e+002 +4.7957e+000 +1.6938e+000 +1.0939e+000
3693 0 +6.567854768e-001 -3.937232145e+002 -3.937232145e+002 +4.7706e+000 +1.7398e+000 +1.0210e+000
3721 0 +4.844402537e-001 -3.938955597e+002 -3.938955597e+002 +4.7977e+000 +1.6880e+000 +1.1037e+000
3812 0 +4.326455105e-001 -3.939473545e+002 -3.939473545e+002 +4.7974e+000 +1.6889e+000 +1.1018e+000
3821 0 +2.692768216e-001 -3.941107232e+002 -3.941107232e+002 +4.7961e+000 +1.6905e+000 +1.0995e+000
4021 0 +2.165445483e-001 -3.941634555e+002 -3.941634555e+002 +4.7967e+000 +1.6896e+000 +1.1010e+000
4110 0 +2.065105442e-001 -3.941734895e+002 -3.941734895e+002 +4.7969e+000 +1.6894e+000 +1.1018e+000
4321 0 +1.532829334e-001 -3.942267171e+002 -3.942267171e+002 +4.7966e+000 +1.6898e+000 +1.1010e+000
4421 0 +7.552118833e-002 -3.943044788e+002 -3.943044788e+002 +4.7964e+000 +1.6902e+000 +1.1003e+000
4821 0 +6.570759569e-002 -3.943142924e+002 -3.943142924e+002 +4.7964e+000 +1.6902e+000 +1.1003e+000
4913 0 +5.390750977e-002 -3.943260925e+002 -3.943260925e+002 +4.7965e+000 +1.6903e+000 +1.1003e+000
5021 0 +5.364484157e-002 -3.943263552e+002 -3.943263552e+002 +4.7964e+000 +1.6903e+000 +1.1003e+000
5121 0 +5.095720675e-002 -3.943290428e+002 -3.943290428e+002 +4.7965e+000 +1.6903e+000 +1.1003e+000
5221 0 +4.865276872e-002 -3.943313472e+002 -3.943313472e+002 +4.7965e+000 +1.6903e+000 +1.1003e+000
5413 0 +4.405642083e-002 -3.943359436e+002 -3.943359436e+002 +4.7964e+000 +1.6903e+000 +1.1002e+000
5513 0 +4.213893791e-002 -3.943378611e+002 -3.943378611e+002 +4.7964e+000 +1.6903e+000 +1.1002e+000
5613 0 +4.111301675e-002 -3.943388870e+002 -3.943388870e+002 +4.7964e+000 +1.6903e+000 +1.1002e+000
5621 0 +4.038307831e-002 -3.943396169e+002 -3.943396169e+002 +4.7964e+000 +1.6903e+000 +1.1002e+000
5713 0 +3.973535951e-002 -3.943402646e+002 -3.943402646e+002 +4.7964e+000 +1.6903e+000 +1.1002e+000
5870 0 +2.876788585e-002 -3.943512321e+002 -3.943512321e+002 +4.7965e+000 +1.6904e+000 +1.1002e+000
6131 0 +1.802139426e-002 -3.943619786e+002 -3.943619786e+002 +4.7964e+000 +1.6904e+000 +1.1002e+000
6310 0 +1.283438237e-002 -3.943671656e+002 -3.943671656e+002 +4.7965e+000 +1.6905e+000 +1.1001e+000
6410 0 +1.233203703e-002 -3.943676680e+002 -3.943676680e+002 +4.7965e+000 +1.6905e+000 +1.1001e+000
6413 0 +1.187654202e-002 -3.943681235e+002 -3.943681235e+002 +4.7965e+000 +1.6905e+000 +1.1001e+000
6610 0 +1.138898778e-002 -3.943686110e+002 -3.943686110e+002 +4.7965e+000 +1.6905e+000 +1.1001e+000
6710 0 +1.117138248e-002 -3.943688286e+002 -3.943688286e+002 +4.7965e+000 +1.6905e+000 +1.1001e+000
6713 0 +8.880980649e-003 -3.943711190e+002 -3.943711190e+002 +4.7964e+000 +1.6905e+000 +1.1001e+000
6721 0 +8.677859913e-003 -3.943713221e+002 -3.943713221e+002 +4.7964e+000 +1.6905e+000 +1.1001e+000
6821 0 +7.516073159e-003 -3.943724839e+002 -3.943724839e+002 +4.7964e+000 +1.6905e+000 +1.1001e+000
7013 0 +7.252988789e-003 -3.943727470e+002 -3.943727470e+002 +4.7964e+000 +1.6905e+000 +1.1001e+000
7021 0 +7.126712250e-003 -3.943728733e+002 -3.943728733e+002 +4.7964e+000 +1.6905e+000 +1.1001e+000
7508 0 +7.017087692e-003 -3.943729829e+002 -3.943729829e+002 +4.7964e+000 +1.6905e+000 +1.1001e+000
7513 0 +6.822238756e-003 -3.943731778e+002 -3.943731778e+002 +4.7964e+000 +1.6905e+000 +1.1001e+000
7770 0 +6.747928717e-003 -3.943732521e+002 -3.943732521e+002 +4.7964e+000 +1.6905e+000 +1.1001e+000
8438 0 +3.699049773e-003 -3.943763010e+002 -3.943763010e+002 +4.7965e+000 +1.6905e+000 +1.1001e+000
8608 0 +3.300599089e-003 -3.943766994e+002 -3.943766994e+002 +4.7965e+000 +1.6905e+000 +1.1001e+000
8610 0 +3.154101592e-003 -3.943768459e+002 -3.943768459e+002 +4.7965e+000 +1.6905e+000 +1.1001e+000
8612 0 +2.769618032e-003 -3.943772304e+002 -3.943772304e+002 +4.7965e+000 +1.6905e+000 +1.1001e+000
8631 0 +1.846355911e-003 -3.943781536e+002 -3.943781536e+002 +4.7965e+000 +1.6905e+000 +1.1001e+000
8770 0 +1.812463836e-003 -3.943781875e+002 -3.943781875e+002 +4.7965e+000 +1.6905e+000 +1.1001e+000
8998 0 +1.526442749e-003 -3.943784736e+002 -3.943784736e+002 +4.7965e+000 +1.6905e+000 +1.1001e+000
9038 0 +1.340425219e-003 -3.943786596e+002 -3.943786596e+002 +4.7965e+000 +1.6905e+000 +1.1001e+000
9108 0 +9.278832128e-004 -3.943790721e+002 -3.943790721e+002 +4.7965e+000 +1.6905e+000 +1.1001e+000
9213 0 +5.757322691e-004 -3.943794243e+002 -3.943794243e+002 +4.7965e+000 +1.6905e+000 +1.1001e+000
9502 0 +4.846194798e-004 -3.943795154e+002 -3.943795154e+002 +4.7965e+000 +1.6905e+000 +1.1001e+000
9568 0 +4.731263731e-004 -3.943795269e+002 -3.943795269e+002 +4.7965e+000 +1.6905e+000 +1.1001e+000
% f evaluations | g evaluations | best noise-free fitness - Fopt (5.443000000000e+001) + sum g_i+ | measured fitness | best measured fitness or single-digit g-values | x1 | x2...
1 0 +1.107096658e+001 +6.550096658e+001 +6.550096658e+001 +0.0000e+000 +0.0000e+000 +0.0000e+000
14 0 +6.700065694e+000 +6.113006569e+001 +6.113006569e+001 -3.1499e+000 -3.5609e+000 +1.5008e-002
46 0 +3.514134874e+000 +5.794413487e+001 +5.794413487e+001 -4.6908e+000 -3.5320e+000 -4.0880e+000
226 0 +1.932511503e+000 +5.636251150e+001 +5.636251150e+001 -1.8992e+000 -5.3653e+000 -7.3002e-001
2226 0 +1.830171731e+000 +5.626017173e+001 +5.626017173e+001 -1.8989e+000 -5.3654e+000 -7.2993e-001
2307 0 +6.853515357e-001 +5.511535154e+001 +5.511535154e+001 -2.0705e+000 -5.7008e+000 -1.0203e+000
4407 0 +6.167892908e-001 +5.504678929e+001 +5.504678929e+001 -2.0704e+000 -5.7006e+000 -1.0201e+000
4973 0 +6.000959831e-001 +5.503009598e+001 +5.503009598e+001 -2.0704e+000 -5.7020e+000 -1.0214e+000
5873 0 +5.887918839e-001 +5.501879188e+001 +5.501879188e+001 -2.0703e+000 -5.7026e+000 -1.0220e+000
6407 0 +5.742484111e-001 +5.500424841e+001 +5.500424841e+001 -2.0703e+000 -5.7030e+000 -1.0224e+000
8322 0 +5.375619674e-001 +5.496756197e+001 +5.496756197e+001 -2.0706e+000 -5.7021e+000 -1.0220e+000
8422 0 +5.183143251e-001 +5.494831433e+001 +5.494831433e+001 -2.0706e+000 -5.7020e+000 -1.0220e+000
8507 0 +5.094334402e-001 +5.493943344e+001 +5.493943344e+001 -2.0707e+000 -5.7018e+000 -1.0219e+000
8768 0 +4.986630623e-001 +5.492866306e+001 +5.492866306e+001 -2.0707e+000 -5.7018e+000 -1.0219e+000
% f evaluations | g evaluations | best noise-free fitness - Fopt (1.396900000000e+002) + sum g_i+ | measured fitness | best measured fitness or single-digit g-values | x1 | x2...
1 0 +3.773127736e+001 +1.774212774e+002 +1.774212774e+002 +0.0000e+000 +0.0000e+000 +0.0000e+000
2 0 +9.457242197e+000 +1.491472422e+002 +1.491472422e+002 -3.6873e+000 -2.2302e-001 +4.3600e+000
8 0 +8.433514853e+000 +1.481235149e+002 +1.481235149e+002 -1.5988e+000 -1.1414e+000 -2.6237e+000
17 0 +5.042133523e+000 +1.447321335e+002 +1.447321335e+002 -2.6235e+000 -2.1014e+000 +4.8393e+000
25 0 +1.392294641e+000 +1.410822946e+002 +1.410822946e+002 -4.5357e+000 +3.9330e+000 -3.7426e+000
2425 0 +1.143466483e+000 +1.408334665e+002 +1.408334665e+002 -4.5354e+000 +3.9328e+000 -3.7426e+000
2525 0 +9.628758358e-001 +1.406528758e+002 +1.406528758e+002 -4.5351e+000 +3.9327e+000 -3.7429e+000
3478 0 +8.579548057e-001 +1.405479548e+002 +1.405479548e+002 -3.4090e+000 +4.3037e-001 +2.2386e+000
6492 0 +8.244256150e-001 +1.405144256e+002 +1.405144256e+002 -3.2034e+000 +4.8344e-001 +2.2458e+000
7831 0 +5.726163275e-001 +1.402626163e+002 +1.402626163e+002 -4.6082e+000 +5.4087e+000 -5.0000e+000
% f evaluations | g evaluations | best noise-free fitness - Fopt (-5.794000000000e+001) + sum g_i+ | measured fitness | best measured fitness or single-digit g-values | x1 | x2...
1 0 +3.297391708e+001 -2.496608292e+001 -2.496608292e+001 +0.0000e+000 +0.0000e+000 +0.0000e+000
2 0 +2.611537969e+001 -3.182462031e+001 -3.182462031e+001 +1.1988e+000 +1.1337e+000 -9.8065e-002
3 0 +1.132743324e+001 -4.661256676e+001 -4.661256676e+001 +1.4458e+000 -3.0190e+000 +4.8454e+000
4 0 +9.064540386e+000 -4.887545961e+001 -4.887545961e+001 -4.7114e+000 -3.7712e+000 +3.8728e+000
6 0 +4.031651731e+000 -5.390834827e+001 -5.390834827e+001 +4.9201e+000 -3.4783e+000 -4.0372e+000
177 0 +3.907929607e+000 -5.403207039e+001 -5.403207039e+001 +3.2375e+000 +4.4679e+000 +1.3707e+000
251 0 +2.726471978e+000 -5.521352802e+001 -5.521352802e+001 -1.8812e+000 +6.9135e-001 -2.2105e+000
411 0 +2.539861894e+000 -5.540013811e+001 -5.540013811e+001 +5.6511e+000 +3.5996e+000 -5.0000e+000
418 0 +2.501473922e+000 -5.543852608e+001 -5.543852608e+001 -2.0643e+000 +1.2489e+000 -2.7608e+000
763 0 +2.394824874e+000 -5.554517513e+001 -5.554517513e+001 +4.0346e+000 +9.1544e-001 +2.2331e+000
1443 0 +1.796723905e+000 -5.614327610e+001 -5.614327610e+001 -2.4788e+000 +3.9057e+000 +1.5689e+000
1852 0 +1.717179594e+000 -5.622282041e+001 -5.622282041e+001 -2.9910e+000 -3.3719e+000 +3.8850e+000
3283 0 +1.657096251e+000 -5.628290375e+001 -5.628290375e+001 -5.6787e+000 -4.5916e+000 +4.0446e+000
3721 0 +4.615020600e-001 -5.747849794e+001 -5.747849794e+001 -1.5714e-001 -1.5788e+000 +3.5644e+000
5921 0 +4.221695852e-001 -5.751783041e+001 -5.751783041e+001 -1.5725e-001 -1.5788e+000 +3.5644e+000
6821 0 +4.070840255e-001 -5.753291597e+001 -5.753291597e+001 -1.5732e-001 -1.5789e+000 +3.5644e+000
% f evaluations | g evaluations | best noise-free fitness - Fopt (1.253900000000e+002) + sum g_i+ | measured fitness | best measured fitness or single-digit g-values | x1 | x2...
1 0 +1.694790389e+001 +1.423379039e+002 +1.423379039e+002 +0.0000e+000 +0.0000e+000 +0.0000e+000
5 0 +9.865753476e+000 +1.352557535e+002 +1.352557535e+002 +2.8722e+000 +1.2143e+000 +2.4847e+000
14 0 +2.894302347e+000 +1.282843023e+002 +1.282843023e+002 +4.7543e+000 +1.3603e+000 +4.9279e+000
108 0 +1.927654882e+000 +1.273176549e+002 +1.273176549e+002 +2.4503e-001 +5.2198e+000 +1.9257e+000
737 0 +1.196361203e+000 +1.265863612e+002 +1.265863612e+002 +2.0839e+000 +3.1478e+000 +4.0010e+000
3023 0 +1.130878309e+000 +1.265208783e+002 +1.265208783e+002 +2.0839e+000 +3.1488e+000 +4.0002e+000
3037 0 +7.458656058e-001 +1.261358656e+002 +1.261358656e+002 +2.0833e+000 +3.1494e+000 +4.0020e+000
3337 0 +5.363093988e-001 +1.259263094e+002 +1.259263094e+002 +2.0829e+000 +3.1507e+000 +4.0028e+000
3523 0 +5.220514334e-001 +1.259120514e+002 +1.259120514e+002 +2.0828e+000 +3.1478e+000 +4.0052e+000
3609 0 +4.689329626e-001 +1.258589330e+002 +1.258589330e+002 +2.0812e+000 +3.1469e+000 +4.0021e+000
3723 0 +3.754232769e-001 +1.257654233e+002 +1.257654233e+002 +2.0819e+000 +3.1473e+000 +4.0036e+000
3823 0 +2.212259119e-001 +1.256112259e+002 +1.256112259e+002 +2.0816e+000 +3.1471e+000 +4.0020e+000
3870 0 +1.569005119e-001 +1.255469005e+002 +1.255469005e+002 +2.0815e+000 +3.1464e+000 +4.0022e+000
3923 0 +1.160763583e-001 +1.255060764e+002 +1.255060764e+002 +2.0815e+000 +3.1469e+000 +4.0012e+000
4537 0 +9.358988766e-002 +1.254835899e+002 +1.254835899e+002 +2.0818e+000 +3.1478e+000 +4.0014e+000
4836 0 +8.358205540e-002 +1.254735821e+002 +1.254735821e+002 +2.0818e+000 +3.1478e+000 +4.0011e+000
4923 0 +7.571899846e-002 +1.254657190e+002 +1.254657190e+002 +2.0818e+000 +3.1479e+000 +4.0011e+000
5023 0 +7.370719610e-002 +1.254637072e+002 +1.254637072e+002 +2.0818e+000 +3.1478e+000 +4.0010e+000
5159 0 +4.759480462e-002 +1.254375948e+002 +1.254375948e+002 +2.0817e+000 +3.1478e+000 +4.0008e+000
5259 0 +4.563192785e-002 +1.254356319e+002 +1.254356319e+002 +2.0817e+000 +3.1479e+000 +4.0004e+000
5336 0 +3.095272759e-002 +1.254209527e+002 +1.254209527e+002 +2.0817e+000 +3.1477e+000 +4.0005e+000
5423 0 +2.741229659e-002 +1.254174123e+002 +1.254174123e+002 +2.0817e+000 +3.1478e+000 +4.0005e+000
5436 0 +1.809422388e-002 +1.254080942e+002 +1.254080942e+002 +2.0816e+000 +3.1477e+000 +4.0003e+000
5536 0 +1.389575897e-002 +1.254038958e+002 +1.254038958e+002 +2.0816e+000 +3.1477e+000 +4.0002e+000
5859 0 +1.350641374e-002 +1.254035064e+002 +1.254035064e+002 +2.0816e+000 +3.1477e+000 +4.0002e+000
5889 0 +7.282547486e-003 +1.253972825e+002 +1.253972825e+002 +2.0816e+000 +3.1477e+000 +4.0002e+000
5936 0 +5.977294662e-003 +1.253959773e+002 +1.253959773e+002 +2.0816e+000 +3.1477e+000 +4.0002e+000
5959 0 +5.219471996e-003 +1.253952195e+002 +1.253952195e+002 +2.0816e+000 +3.1477e+000 +4.0002e+000
6236 0 +4.377564861e-003 +1.253943776e+002 +1.253943776e+002 +2.0816e+000 +3.1477e+000 +4.0002e+000
6259 0 +3.687264252e-003 +1.253936873e+002 +1.253936873e+002 +2.0816e+000 +3.1477e+000 +4.0002e+000
6336 0 +2.308940314e-003 +1.253923089e+002 +1.253923089e+002 +2.0816e+000 +3.1477e+000 +4.0002e+000
6770 0 +2.277466665e-003 +1.253922775e+002 +1.253922775e+002 +2.0816e+000 +3.1477e+000 +4.0002e+000
6870 0 +1.953521500e-003 +1.253919535e+002 +1.253919535e+002 +2.0816e+000 +3.1477e+000 +4.0002e+000
6923 0 +1.905425892e-003 +1.253919054e+002 +1.253919054e+002 +2.0816e+000 +3.1477e+000 +4.0002e+000
6970 0 +1.777139372e-003 +1.253917771e+002 +1.253917771e+002 +2.0816e+000 +3.1477e+000 +4.0002e+000
7023 0 +1.203422535e-003 +1.253912034e+002 +1.253912034e+002 +2.0816e+000 +3.1477e+000 +4.0002e+000
7123 0 +9.494775921e-004 +1.253909495e+002 +1.253909495e+002 +2.0816e+000 +3.1477e+000 +4.0002e+000
7136 0 +8.443916695e-004 +1.253908444e+002 +1.253908444e+002 +2.0816e+000 +3.1477e+000 +4.0002e+000
7169 0 +7.522129421e-004 +1.253907522e+002 +1.253907522e+002 +2.0816e+000 +3.1477e+000 +4.0002e+000
7223 0 +5.068937925e-004 +1.253905069e+002 +1.253905069e+002 +2.0816e+000 +3.1477e+000 +4.0002e+000
7325 0 +2.401578496e-004 +1.253902402e+002 +1.253902402e+002 +2.0816e+000 +3.1477e+000 +4.0002e+000
7536 0 +4.882054898e-005 +1.253900488e+002 +1.253900488e+002 +2.0816e+000 +3.1477e+000 +4.0002e+000
7970 0 +4.307163246e-005 +1.253900431e+002 +1.253900431e+002 +2.0816e+000 +3.1477e+000 +4.0002e+000
8025 0 +4.264381749e-005 +1.253900426e+002 +1.253900426e+002 +2.0816e+000 +3.1477e+000 +4.0002e+000
8036 0 +3.137386449e-005 +1.253900314e+002 +1.253900314e+002 +2.0816e+000 +3.1477e+000 +4.0002e+000
8425 0 +2.583151485e-005 +1.253900258e+002 +1.253900258e+002 +2.0816e+000 +3.1477e+000 +4.0002e+000
8773 0 +6.181540144e-006 +1.253900062e+002 +1.253900062e+002 +2.0816e+000 +3.1477e+000 +4.0002e+000
9170 0 +2.811952669e-006 +1.253900028e+002 +1.253900028e+002 +2.0816e+000 +3.1477e+000 +4.0002e+000
9209 0 +2.634575281e-006 +1.253900026e+002 +1.253900026e+002 +2.0816e+000 +3.1477e+000 +4.0002e+000
9409 0 +2.579829442e-006 +1.253900026e+002 +1.253900026e+002 +2.0816e+000 +3.1477e+000 +4.0002e+000
9623 0 +2.100235577e-006 +1.253900021e+002 +1.253900021e+002 +2.0816e+000 +3.1477e+000 +4.0002e+000
10025 0 +1.890990603e-006 +1.253900019e+002 +1.253900019e+002 +2.0816e+000 +3.1477e+000 +4.0002e+000
