% f evaluations | g evaluations | best noise-free fitness - Fopt (2.997000000000e+001) + sum g_i+ | measured fitness | best measured fitness or single-digit g-values | x1 | x2...
1 0 +1.773964217e+003 +1.803934217e+003 +1.803934217e+003 +0.0000e+000 +0.0000e+000 +0.0000e+000 +0.0000e+000 +0.0000e+000 +0.0000e+000 +0.0000e+000 +0.0000e+000 +0.0000e+000 +0.0000e+000 +0.0000e+000 +0.0000e+000 +0.0000e+000 +0.0000e+000 +0.0000e+000 +0.0000e+000 +0.0000e+000 +0.0000e+000 +0.0000e+000 +0.0000e+000
664 0 +1.762984462e+003 +1.792954462e+003 +1.792954462e+003 +1.2376e+000 -2.6593e+000 -2.9764e+000 +7.7558e-001 -1.6494e-001 +1.1282e+000 +1.7997e+000 +9.7930e-001 +1.0477e+000 +1.1129e+000 +1.5677e+000 +1.2071e+000 +4.0403e+000 -9.0222e-001 +1.4157e+000 +7.1153e-001 -6.6978e-001 -2.7084e+000 +9.3368e-001 -1.4746e+000
709 0 +1.374310131e+003 +1.404280131e+003 +1.404280131e+003 +7.2709e-002 -1.1237e+000 -4.6146e+000 -7.8690e-001 -6.4541e-001 +2.2053e+000 -5.3629e-001 -2.0894e+000 -1.6531e-001 +8.6015e-001 +8.7385e-001 +1.0375e-001 +5.2937e+000 -8.9284e-001 +1.5472e-001 -1.8671e-001 -2.2002e-001 -3.9612e+000 +1.8540e-001 -1.8818e+000
1526 0 +1.271875151e+003 +1.301845151e+003 +1.301845151e+003 +1.7107e-001 -9.2051e-001 -5.6244e+000 -1.1978e+000 -4.6176e-001 +2.8560e+000 -7.2519e-001 -2.6522e+000 -2.3730e-001 +3.2428e-001 +1.4155e+000 -5.0523e-002 +5.0759e+000 -3.3572e-001 +7.8996e-003 -6.2217e-001 -3.7402e-001 -4.2874e+000 +7.0292e-001 -1.9579e+000
1695 0 +1.157823293e+003 +1.187793293e+003 +1.187793293e+003 +4.8358e-001 -1.4700e+000 -3.0370e+000 +2.0682e-001 +1.1452e+000 +1.4083e+000 -1.9359e+000 -2.7596e+000 -1.0307e+000 -9.8730e-002 +1.2836e+000 -3.0239e-001 +2.4170e+000 +1.0572e-001 +1.6023e+000 +7.8507e-001 -1.2684e+000 -2.8430e+000 -5.7501e-002 -2.1635e+000
1893 0 +1.098989682e+003 +1.128959682e+003 +1.128959682e+003 +1.1121e+000 -1.9345e+000 -2.6371e+000 -1.5748e-001 +1.9824e+000 +1.6333e+000 -1.9701e+000 -2.4673e+000 -1.4505e+000 +6.1915e-001 +1.1759e+000 +5.6532e-001 +2.2469e+000 +1.7516e-001 +1.4349e+000 +8.5300e-001 -1.8047e+000 -2.2751e+000 +9.2895e-001 -1.6521e+000
2297 0 +1.060877199e+003 +1.090847199e+003 +1.090847199e+003 +1.1133e+000 -1.7904e+000 -3.8487e+000 -9.8576e-001 +1.2553e+000 +2.5705e+000 -1.1787e+000 -2.2009e+000 -1.1559e+000 +9.0754e-001 +1.3623e+000 +7.7055e-001 +3.4468e+000 +2.3384e-001 +4.7200e-001 +1.9522e-001 -1.3137e+000 -2.9016e+000 +1.4555e+000 -1.3192e+000
2981 0 +1.042942226e+003 +1.072912226e+003 +1.072912226e+003 +5.8043e-001 -1.2894e+000 -3.9525e+000 -8.1263e-001 +1.0930e+000 +2.4859e+000 -1.3988e+000 -2.8534e+000 -7.8450e-001 +2.9746e-001 +1.5377e+000 +6.4605e-002 +3.0380e+000 +9.0482e-002 +8.1636e-001 +2.0047e-001 -9.0948e-001 -3.3541e+000 +5.5160e-001 -1.8248e+000
3790 0 +9.999946601e+002 +1.029964660e+003 +1.029964660e+003 +7.8590e-002 -8.3097e-001 -4.6780e+000 -1.3535e+000 +1.0000e+000 +3.4476e+000 -1.9185e+000 -3.5208e+000 -1.5242e-001 -8.1019e-001 +1.7664e+000 -9.9920e-001 +4.2720e+000 +6.7800e-001 +5.9299e-001 +2.5738e-002 -5.5706e-001 -4.2180e+000 -5.0342e-001 -1.6631e+000
3981 0 +9.689951930e+002 +9.989651930e+002 +9.989651930e+002 +1.4104e-001 -1.1209e+000 -4.3843e+000 -1.1910e+000 +9.0717e-001 +3.5262e+000 -1.9515e+000 -3.0447e+000 -4.4292e-001 -1.4550e+000 +2.0146e+000 -9.7974e-001 +4.4953e+000 +1.2082e+000 +4.5720e-001 +3.6227e-001 -7.3588e-001 -4.2756e+000 -3.3055e-001 -1.5102e+000
4010 0 +9.112708969e+002 +9.412408969e+002 +9.412408969e+002 +2.1153e-001 -1.9613e+000 -4.6507e+000 -1.4458e+000 +1.8264e+000 +4.0411e+000 -2.7505e+000 -3.5957e+000 -2.8327e-001 -7.9558e-001 +1.5871e+000 -4.1576e-001 +6.0202e+000 +1.8264e+000 +3.6801e-001 +1.0704e+000 -1.6565e+000 -3.9644e+000 -6.1280e-002 -9.1967e-001
4410 0 +8.580999806e+002 +8.880699806e+002 +8.880699806e+002 +1.6570e-001 -1.5209e+000 -4.2108e+000 -1.0733e+000 +1.4323e+000 +3.1613e+000 -2.5178e+000 -3.4300e+000 -5.0704e-001 -9.7042e-001 +1.4904e+000 -3.4297e-001 +4.9576e+000 +1.2767e+000 +4.8266e-001 +9.7264e-001 -1.5555e+000 -3.7138e+000 -1.9740e-001 -1.2694e+000
5681 0 +8.481695550e+002 +8.781395550e+002 +8.781395550e+002 +1.0519e-001 -1.4869e+000 -4.2255e+000 -1.0668e+000 +1.5813e+000 +2.9960e+000 -2.7349e+000 -3.7219e+000 -4.2800e-001 -7.8180e-001 +1.2606e+000 -2.4880e-001 +5.0360e+000 +1.1552e+000 +5.3886e-001 +1.0654e+000 -1.7396e+000 -3.5603e+000 -3.2784e-001 -1.2638e+000
6085 0 +8.006475183e+002 +8.306175183e+002 +8.306175183e+002 +4.4301e-001 -2.4198e+000 -3.6997e+000 -9.2865e-001 +1.9385e+000 +2.9848e+000 -2.8403e+000 -3.3875e+000 -8.5150e-001 -5.6816e-002 +1.1267e+000 +7.9782e-001 +5.1490e+000 +1.5750e+000 +3.1381e-001 +1.6747e+000 -2.5086e+000 -3.1784e+000 +7.9066e-001 -2.1296e+000
8341 0 +7.837292780e+002 +8.136992780e+002 +8.136992780e+002 +6.1511e-001 -2.4643e+000 -3.9344e+000 -1.0227e+000 +1.7505e+000 +2.8823e+000 -2.7028e+000 -3.2086e+000 -7.7569e-001 +1.4701e-002 +9.7676e-001 +4.3346e-001 +5.3969e+000 +2.4936e+000 +2.4973e-002 +1.8026e+000 -2.2227e+000 -3.2550e+000 +4.5230e-001 -2.7191e+000
% f evaluations | g evaluations | best noise-free fitness - Fopt (-5.171000000000e+001) + sum g_i+ | measured fitness | best measured fitness or single-digit g-values | x1 | x2...
1 0 +2.449644894e+003 +2.397934894e+003 +2.397934894e+003 +0.0000e+000 +0.0000e+000 +0.0000e+000 +0.0000e+000 +0.0000e+000 +0.0000e+000 +0.0000e+000 +0.0000e+000 +0.0000e+000 +0.0000e+000 +0.0000e+000 +0.0000e+000 +0.0000e+000 +0.0000e+000 +0.0000e+000 +0.0000e+000 +0.0000e+000 +0.0000e+000 +0.0000e+000 +0.0000e+000
32 0 +2.243347215e+003 +2.191637215e+003 +2.191637215e+003 +7.6615e-001 +2.2871e+000 +2.7251e-001 -3.6039e+000 +2.5479e+000 +3.3497e+000 -4.1567e+000 -9.4652e-001 -4.0167e+000 -8.3611e-001 -5.3483e-001 -2.9478e+000 +2.6412e+000 +3.0277e+000 -1.3655e+000 +8.0027e-002 -3.7037e+000 +3.7816e+000 +5.5597e-001 +2.3485e+000
35 0 +2.119570303e+003 +2.067860303e+003 +2.067860303e+003 +9.2826e-001 -2.9169e-003 -1.7634e+000 +6.1879e-001 -1.4168e+000 +1.8730e+000 +1.2807e+000 +4.1181e+000 -4.8903e+000 -5.8091e-001 +4.2366e+000 -3.6012e-001 -4.0309e-001 +4.0519e+000 +1.6291e+000 +2.8549e+000 +2.2594e-001 +3.5790e+000 -2.2795e+000 +2.2577e+000
218 0 +1.902360627e+003 +1.850650627e+003 +1.850650627e+003 +4.4100e-001 -7.9601e-002 -2.6702e+000 +3.9588e-001 -1.0855e+000 +2.2088e+000 +7.4670e-001 +4.7770e+000 -2.6473e+000 -3.6774e-001 +2.5144e+000 -1.0801e+000 -1.1080e+000 +3.3199e+000 +1.1933e+000 +3.3367e+000 -4.1025e-001 +2.4242e+000 -7.0194e-001 +3.3145e+000
232 0 +1.817770987e+003 +1.766060987e+003 +1.766060987e+003 +1.2185e+000 +9.4634e-001 -2.0609e+000 -3.5267e+000 +1.3822e+000 +2.2034e+000 -2.3202e+000 +1.9721e+000 -2.6075e+000 -1.8359e+000 +2.7616e+000 -2.8830e+000 +8.4807e-001 +4.4952e+000 +1.4568e+000 +3.0287e+000 -3.0319e+000 +3.1025e+000 +4.2893e-001 +1.6580e+000
449 0 +1.767468067e+003 +1.715758067e+003 +1.715758067e+003 +1.8916e+000 +9.1531e-001 -6.0508e-001 -3.5721e+000 +9.9212e-001 +8.9101e-001 -2.5806e+000 +1.3943e+000 -2.3028e+000 -1.4114e+000 +1.7791e+000 -2.6495e+000 +1.9531e+000 +3.8195e+000 +8.4738e-001 +2.8074e+000 -3.5301e+000 +2.1387e+000 +1.3146e+000 +1.2864e+000
716 0 +1.550821762e+003 +1.499111762e+003 +1.499111762e+003 +2.6131e+000 -1.0585e-001 -4.5130e-001 -3.9031e+000 +2.6818e+000 +9.5978e-001 -4.1446e+000 +1.2286e+000 -1.8909e+000 -8.1096e-001 +3.0522e+000 -1.8422e+000 +3.9312e-001 +1.7951e+000 +4.2632e-001 +5.7031e-001 -1.6389e+000 +2.3071e-001 +1.9848e+000 +5.0000e+000
841 0 +1.440569587e+003 +1.388859587e+003 +1.388859587e+003 +7.9298e-001 -1.4040e+000 -2.7312e+000 -2.2342e+000 +8.5072e-001 +9.3012e-001 -3.0809e+000 +1.1995e+000 -3.0285e+000 -1.3506e+000 +5.2053e+000 -1.8864e-001 +1.4031e+000 +3.2454e+000 +1.6207e+000 +1.7667e+000 -6.4508e-001 +1.5788e+000 +2.0195e+000 +4.0978e+000
1828 0 +1.392783385e+003 +1.341073385e+003 +1.341073385e+003 +1.0783e+000 -5.8991e-001 -2.8003e+000 -3.7004e+000 +1.4903e+000 +1.6606e+000 -4.0646e+000 +2.3498e-001 -1.7715e+000 -1.7853e+000 +4.1509e+000 -7.2866e-001 +1.0459e+000 +3.2453e+000 +9.3979e-001 +3.5877e+000 -1.1668e+000 +2.5162e+000 +3.2920e+000 +3.6208e+000
2174 0 +1.373748951e+003 +1.322038951e+003 +1.322038951e+003 +2.1483e+000 -1.4499e-001 -2.2698e+000 -2.3990e+000 +8.9417e-001 +2.3247e+000 -2.8052e+000 +1.3784e+000 -2.8568e+000 -1.4285e+000 +4.1295e+000 -8.5147e-001 +8.0041e-001 +3.4333e+000 +1.0245e+000 +2.6370e+000 +3.8930e-001 +1.0798e+000 +1.7822e+000 +1.3011e+000
3901 0 +1.344207362e+003 +1.292497362e+003 +1.292497362e+003 +2.0166e+000 -7.6881e-001 -2.4895e+000 -2.5184e+000 +1.0073e+000 +2.2865e+000 -3.3894e+000 +1.7207e+000 -3.0185e+000 -1.4735e+000 +4.4961e+000 -5.7366e-001 +9.6667e-001 +4.0303e+000 +1.5719e+000 +2.4855e+000 -2.0948e-001 +1.6604e+000 +1.9725e+000 +2.0630e+000
4336 0 +1.317592200e+003 +1.265882200e+003 +1.265882200e+003 +1.7652e+000 -2.1279e-001 -3.0635e+000 -3.7418e+000 +7.0581e-001 +2.5437e+000 -3.7444e+000 +1.9479e+000 -2.5191e+000 -1.0982e+000 +4.3724e+000 -4.5107e-001 +1.3910e+000 +4.0962e+000 +1.8805e+000 +2.7094e+000 -4.9611e-001 +1.9460e+000 +2.5250e+000 +2.4904e+000
4582 0 +1.218436231e+003 +1.166726231e+003 +1.166726231e+003 +1.5361e+000 +1.9813e-002 -1.7974e+000 -2.1243e+000 +3.2862e-001 +3.0451e+000 -2.8892e+000 +3.3830e+000 -3.2794e+000 -4.6606e-001 +4.4223e+000 +1.3005e-001 +5.2003e-001 +3.5653e+000 +1.2616e+000 +3.0409e+000 +3.0369e-001 +1.3771e+000 +8.2040e-001 +2.3372e+000
5434 0 +1.186159845e+003 +1.134449845e+003 +1.134449845e+003 +1.7401e+000 +2.0822e-001 -2.3386e+000 -2.9468e+000 +4.8146e-001 +3.0416e+000 -3.3017e+000 +3.0327e+000 -2.6961e+000 -4.6926e-001 +4.5146e+000 -9.4414e-002 +5.2047e-001 +3.4296e+000 +1.6162e+000 +2.6912e+000 -5.9679e-001 +1.5589e+000 +1.6207e+000 +1.9697e+000
6344 0 +1.156748488e+003 +1.105038488e+003 +1.105038488e+003 +1.5762e+000 +9.9428e-001 -3.2457e+000 -2.9637e+000 +1.2879e+000 +1.9559e+000 -3.9265e+000 +3.8604e+000 -2.9315e+000 -5.8503e-003 +4.7254e+000 +1.0392e-001 +7.7078e-001 +2.6104e+000 +2.0500e+000 +1.7145e+000 -9.9777e-001 +2.1184e+000 +2.9720e+000 +1.9922e+000
6644 0 +1.108287629e+003 +1.056577629e+003 +1.056577629e+003 +2.2658e+000 +1.5653e+000 -3.2334e+000 -2.7133e+000 +1.6602e+000 +1.6509e+000 -3.9263e+000 +4.9307e+000 -2.8140e+000 +8.4357e-002 +4.4429e+000 +1.1949e-001 +1.1248e+000 +1.9467e+000 +1.8949e+000 +8.7529e-001 -2.7516e-001 +1.7721e+000 +2.7570e+000 +3.8378e+000
% f evaluations | g evaluations | best noise-free fitness - Fopt (-2.799500000000e+002) + sum g_i+ | measured fitness | best measured fitness or single-digit g-values | x1 | x2...
1 0 +2.018658347e+003 +1.738708347e+003 +1.738708347e+003 +0.0000e+000 +0.0000e+000 +0.0000e+000 +0.0000e+000 +0.0000e+000 +0.0000e+000 +0.0000e+000 +0.0000e+000 +0.0000e+000 +0.0000e+000 +0.0000e+000 +0.0000e+000 +0.0000e+000 +0.0000e+000 +0.0000e+000 +0.0000e+000 +0.0000e+000 +0.0000e+000 +0.0000e+000 +0.0000e+000
209 0 +1.898485300e+003 +1.618535300e+003 +1.618535300e+003 -2.1084e-001 -2.9196e+000 +1.7042e+000 +1.3337e-001 -2.9334e+000 -3.3454e+000 -3.3989e-001 -2.5858e+000 -3.9021e+000 -2.4525e+000 -2.0316e+000 +1.1234e+000 -6.4881e-001 -5.6898e-001 +3.2079e+000 -9.5143e-001 +2.0369e+000 -6.8541e-001 -3.1694e+000 +2.5183e+000
240 0 +1.812717143e+003 +1.532767143e+003 +1.532767143e+003 -2.0358e+000 -2.9366e+000 +3.2512e+000 -1.9107e+000 -2.1934e+000 -9.3402e-001 +5.0456e-001 -3.5072e+000 -2.0128e+000 -2.3044e+000 -2.6238e+000 +2.7012e+000 -2.1612e+000 -2.1071e+000 +1.3178e+000 -1.5310e+000 +1.6118e+000 -1.1744e+000 -7.3507e-001 +5.0000e+000
249 0 +1.766742727e+003 +1.486792727e+003 +1.486792727e+003 -1.4655e+000 -1.7238e+000 +3.8561e-001 -1.9200e+000 -3.1005e+000 -1.4531e+000 +1.7514e+000 -4.2907e+000 -2.1278e+000 -2.2865e+000 -3.4385e+000 +1.2309e+000 +5.7563e-001 +1.7734e-001 +3.5382e+000 +7.1018e-001 +9.8198e-001 -1.7012e+000 -1.7091e+000 +1.9481e+000
408 0 +1.629009097e+003 +1.349059097e+003 +1.349059097e+003 -1.9146e+000 -1.5718e+000 +2.4621e-001 -2.5774e+000 -1.4618e+000 -1.7095e+000 +2.5741e-001 -2.9929e+000 -4.4125e-003 -2.2650e+000 -2.4638e+000 +1.9576e+000 +6.7973e-001 -3.7400e-001 +2.9935e+000 +8.6969e-001 +1.4496e+000 -1.3921e+000 -5.3526e-001 +1.4075e+000
886 0 +1.510157213e+003 +1.230207213e+003 +1.230207213e+003 -2.2834e+000 -3.0264e+000 -9.2639e-001 -8.0556e-001 -2.6529e+000 -1.9631e+000 -8.6709e-001 -1.1681e+000 +1.3579e+000 -2.5761e+000 -3.0297e+000 +4.4341e+000 -1.2573e+000 -1.8648e+000 +2.2640e+000 +7.7301e-001 +2.5717e+000 -1.3579e+000 -3.9962e-001 +8.4726e-001
1271 0 +1.477621002e+003 +1.197671002e+003 +1.197671002e+003 -1.8489e+000 -3.2365e+000 +1.6868e-002 -5.9939e-001 -2.9612e+000 -1.7591e+000 -9.8111e-001 -2.3252e+000 +2.3661e-001 -1.2515e+000 -2.5324e+000 +3.2903e+000 -1.8393e+000 -1.1121e+000 +1.7038e+000 +1.2894e+000 +2.2766e+000 -2.1888e+000 -1.4242e+000 +1.0980e-003
1440 0 +1.326267284e+003 +1.046317284e+003 +1.046317284e+003 -2.3020e+000 -3.3766e+000 +1.3578e+000 -5.7458e-001 -2.6863e+000 -1.4636e+000 -8.2747e-001 -2.1077e+000 +5.5722e-001 -1.1635e+000 -2.3387e+000 +3.3026e+000 -3.1559e+000 -2.1072e+000 +1.0403e+000 +6.0702e-001 +1.7927e+000 -1.6698e+000 -9.7130e-001 +5.6103e-001
1611 0 +1.283839057e+003 +1.003889057e+003 +1.003889057e+003 -1.8695e+000 -2.7869e+000 +5.2649e-001 -6.8548e-001 -3.5761e+000 -1.8580e+000 +4.3045e-001 -1.6660e+000 +6.5182e-001 -1.1521e+000 -3.2248e+000 +3.2217e+000 -2.4774e+000 -1.6057e+000 +2.1923e+000 +1.6300e+000 +2.2467e+000 -1.4192e+000 -1.2073e+000 +6.3192e-001
1865 0 +1.214751731e+003 +9.348017308e+002 +9.348017308e+002 -1.6589e+000 -1.4274e+000 +1.4739e+000 -8.3607e-001 -3.1319e+000 -2.5349e+000 +4.0306e-001 -1.9666e+000 +1.9185e+000 -1.1218e+000 -1.5588e+000 +1.8403e+000 -3.0900e+000 -1.4800e+000 +1.8802e+000 +1.8549e+000 +1.8281e+000 +3.5410e-001 -1.7579e+000 -1.2059e+000
2034 0 +1.140581761e+003 +8.606317606e+002 +8.606317606e+002 -2.0716e+000 -1.5999e+000 +1.6867e+000 -9.6954e-001 -3.2692e+000 -2.3679e+000 +4.9812e-001 -1.4551e+000 +2.6022e+000 -1.5137e+000 -1.4494e+000 +1.9779e+000 -3.7245e+000 -1.7834e+000 +2.1008e+000 +1.6415e+000 +1.9337e+000 +4.6678e-001 -1.8449e+000 -9.3684e-001
2084 0 +1.075322049e+003 +7.953720491e+002 +7.953720491e+002 -2.4772e+000 -2.1970e+000 +1.8473e+000 -8.9981e-001 -2.9962e+000 -1.8590e+000 +6.1494e-001 -1.7096e+000 +1.6584e+000 -6.7626e-001 -2.3350e+000 +2.2128e+000 -3.8381e+000 -2.3058e+000 +1.1610e+000 +1.8081e+000 +1.9743e+000 -5.4432e-001 -9.0389e-001 +1.6227e+000
2947 0 +9.844942442e+002 +7.045442442e+002 +7.045442442e+002 -2.8786e+000 -2.3988e+000 +2.0889e+000 -7.9217e-001 -3.6081e+000 -2.0011e+000 +1.0774e+000 -1.7623e+000 +1.2366e+000 -9.3069e-001 -1.9550e+000 +2.1031e+000 -3.4670e+000 -2.2327e+000 +8.0044e-001 +1.7392e+000 +1.4716e+000 -4.2668e-001 -6.8447e-001 +2.1769e+000
3204 0 +9.461504739e+002 +6.662004739e+002 +6.662004739e+002 -3.4803e+000 -3.3145e+000 +1.9115e+000 -5.2586e-001 -3.6307e+000 -1.1662e+000 -7.9176e-002 -2.0175e+000 +1.7859e+000 -1.6719e+000 -2.9388e+000 +1.6848e+000 -3.9169e+000 -2.6221e+000 +1.3589e+000 +2.0374e+000 +1.1145e+000 -1.7409e-001 -1.0208e+000 +2.8614e+000
3761 0 +8.884617738e+002 +6.085117738e+002 +6.085117738e+002 -3.8929e+000 -3.1027e+000 +1.9605e+000 -5.5300e-001 -3.6221e+000 -1.0693e+000 -4.3262e-001 -1.9892e+000 +2.5002e+000 -1.4644e+000 -2.5229e+000 +9.8388e-001 -3.8937e+000 -2.8159e+000 +1.1019e+000 +2.3666e+000 +8.9071e-001 +6.0501e-001 -1.0646e+000 +2.3131e+000
6526 0 +8.634582329e+002 +5.835082329e+002 +5.835082329e+002 -4.3448e+000 -3.3457e+000 +1.6983e+000 -4.4464e-001 -4.3157e+000 -1.5685e+000 -1.2628e+000 -2.2094e+000 +2.2547e+000 -2.4246e+000 -2.8669e+000 +1.3718e+000 -4.0401e+000 -2.6960e+000 +9.1119e-001 +2.9148e+000 +9.4157e-001 +3.5999e-001 -1.8292e+000 +2.0199e+000
7619 0 +8.364492451e+002 +5.564992451e+002 +5.564992451e+002 -3.2374e+000 -2.1318e+000 +1.6119e+000 -1.4149e+000 -4.3273e+000 -1.6773e+000 -3.9838e-001 -2.5067e+000 +1.5386e+000 -1.5440e+000 -1.5570e+000 +1.3543e+000 -4.3911e+000 -2.9747e+000 +3.0574e-001 +1.7231e+000 +1.1907e+000 +5.0857e-001 -7.3243e-001 +1.6650e+000
9915 0 +8.254965527e+002 +5.455465527e+002 +5.455465527e+002 -3.3360e+000 -2.2056e+000 +1.6676e+000 -1.3625e+000 -4.3703e+000 -1.6585e+000 -3.9713e-001 -2.4969e+000 +1.5883e+000 -1.5974e+000 -1.5874e+000 +1.3421e+000 -4.3829e+000 -3.0100e+000 +3.6244e-001 +1.8315e+000 +1.1554e+000 +4.7098e-001 -7.6864e-001 +1.6700e+000
% f evaluations | g evaluations | best noise-free fitness - Fopt (9.319900000000e+002) + sum g_i+ | measured fitness | best measured fitness or single-digit g-values | x1 | x2...
1 0 +1.926286861e+003 +2.858276861e+003 +2.858276861e+003 +0.0000e+000 +0.0000e+000 +0.0000e+000 +0.0000e+000 +0.0000e+000 +0.0000e+000 +0.0000e+000 +0.0000e+000 +0.0000e+000 +0.0000e+000 +0.0000e+000 +0.0000e+000 +0.0000e+000 +0.0000e+000 +0.0000e+000 +0.0000e+000 +0.0000e+000 +0.0000e+000 +0.0000e+000 +0.0000e+000
212 0 +1.885103915e+003 +2.817093915e+003 +2.817093915e+003 +1.2038e+000 -3.5494e+000 +1.5982e+000 -4.1249e-001 +9.2730e-001 -4.1652e+000 +1.4119e+000 -3.0175e+000 -2.8454e+000 -6.6066e-002 +2.7973e+000 +3.6844e+000 +4.3956e-001 -1.4683e+000 +8.0618e-001 +3.9123e+000 -6.8472e-001 -4.2738e+000 +2.9484e-001 -4.0574e+000
342 0 +1.647067376e+003 +2.579057376e+003 +2.579057376e+003 +1.2811e+000 -8.9046e-001 +2.5164e+000 -1.3152e+000 -4.0949e-001 -2.5564e+000 +3.1139e-001 -1.5482e+000 -2.0816e+000 +9.9568e-001 +3.1038e+000 +2.2213e+000 -2.0757e+000 -4.5329e-001 -3.7823e-001 +3.2696e+000 +1.7039e+000 -1.9303e+000 +8.1289e-001 -3.4565e+000
482 0 +1.448204408e+003 +2.380194408e+003 +2.380194408e+003 +7.9842e-001 -6.9237e-002 +1.0647e+000 -1.7769e+000 +1.1330e+000 -1.4308e+000 +1.4781e+000 +1.7861e-001 -4.1712e+000 -1.1931e-001 +4.0263e+000 -9.7434e-002 +1.1104e+000 -1.6687e+000 +1.8009e+000 +3.8897e+000 -1.2900e+000 -9.5138e-001 +5.2079e-001 -2.6735e+000
588 0 +1.285450451e+003 +2.217440451e+003 +2.217440451e+003 +1.6862e+000 -2.6457e-002 +1.1659e+000 -7.8810e-001 +1.7495e+000 -2.7801e+000 +8.8662e-001 -1.3459e-001 -1.7717e+000 +1.8093e+000 +3.4956e+000 -2.0750e+000 +1.7350e+000 -6.2039e-001 +3.1974e+000 +4.1824e+000 -4.0782e-001 -1.8581e+000 +1.6629e+000 -3.8588e+000
757 0 +1.256940616e+003 +2.188930616e+003 +2.188930616e+003 +1.7585e+000 -5.1024e-002 +8.8514e-001 -9.5509e-001 +9.1142e-001 -3.8885e+000 +1.0100e+000 -6.9942e-001 -1.1210e+000 +1.5992e+000 +2.8946e+000 -6.3007e-001 +8.6528e-001 -1.5334e+000 +2.6776e+000 +4.8160e+000 +3.5863e-001 -2.0595e+000 +2.2795e+000 -3.9774e+000
1035 0 +1.195489954e+003 +2.127479954e+003 +2.127479954e+003 +1.3869e+000 +4.6112e-002 +5.1312e-001 -1.3651e+000 +9.7552e-001 -4.1385e+000 +7.6368e-001 -8.3683e-001 -1.3952e+000 +1.4086e+000 +2.7348e+000 -5.4432e-001 +8.1255e-001 -1.6712e+000 +2.6688e+000 +4.7425e+000 +6.4285e-001 -1.9680e+000 +2.3029e+000 -3.1827e+000
1721 0 +1.158385316e+003 +2.090375316e+003 +2.090375316e+003 +1.7758e+000 +4.2848e-001 +1.2927e+000 -1.8772e+000 +8.5601e-001 -2.5023e+000 -4.2134e-001 -1.8959e+000 -1.2454e+000 +6.1227e-001 +3.1309e+000 -1.2211e+000 +8.6055e-001 -8.0233e-001 +1.6163e+000 +4.6313e+000 +9.2255e-001 -4.0872e-001 +1.6292e+000 -2.6372e+000
1776 0 +1.093115260e+003 +2.025105260e+003 +2.025105260e+003 +2.1347e+000 +1.2350e+000 +8.3194e-001 -8.8258e-001 +1.8788e-001 -1.1583e+000 +2.7097e-001 -2.3757e+000 -1.3063e+000 +7.3252e-001 +3.3181e+000 -7.3758e-001 -1.4962e+000 -8.9987e-002 +1.5276e+000 +3.6592e+000 +9.9797e-001 +7.5680e-001 +2.0489e+000 -2.5795e+000
2037 0 +1.063888931e+003 +1.995878931e+003 +1.995878931e+003 +1.8173e+000 +1.0787e+000 +2.8223e-003 -8.8941e-001 +9.3276e-001 -1.9126e+000 +9.2826e-001 -1.3544e+000 -1.7844e+000 +1.0769e+000 +3.4567e+000 -1.7319e+000 +2.8326e-002 -5.9869e-001 +2.4662e+000 +4.3468e+000 -7.5101e-002 -7.9087e-002 +2.2103e+000 -2.7513e+000
2269 0 +1.022424425e+003 +1.954414425e+003 +1.954414425e+003 +2.8831e+000 +3.5037e-001 +4.4208e-001 -4.8902e-001 +1.7814e-001 -1.6166e+000 +1.5175e+000 -2.5361e+000 -1.7164e+000 +1.8837e+000 +4.3899e+000 -1.0450e+000 -1.8042e+000 -4.3285e-001 +1.6748e+000 +3.3479e+000 -1.4651e-001 +3.1356e-001 +1.6589e+000 -2.6056e+000
2385 0 +9.775709331e+002 +1.909560933e+003 +1.909560933e+003 +2.5585e+000 +6.6813e-001 +1.7931e-001 -6.9894e-001 +5.8402e-001 -1.9678e+000 +1.2881e+000 -2.2286e+000 -1.6495e+000 +1.8092e+000 +4.1182e+000 -1.3671e+000 -9.5065e-001 -5.8540e-001 +2.1267e+000 +3.7952e+000 -2.2859e-001 -2.5393e-002 +1.7406e+000 -2.7399e+000
2793 0 +9.543252939e+002 +1.886315294e+003 +1.886315294e+003 +2.7757e+000 +6.7355e-001 +4.1515e-001 -5.0409e-001 +4.4904e-001 -1.8557e+000 +1.1735e+000 -2.6333e+000 -1.5734e+000 +1.6871e+000 +4.2251e+000 -1.1194e+000 -1.2193e+000 -7.6825e-001 +1.9734e+000 +3.7527e+000 +5.5892e-002 +1.6842e-001 +1.7835e+000 -2.6780e+000
3206 0 +9.313280993e+002 +1.863318099e+003 +1.863318099e+003 +1.9759e+000 +8.8623e-001 +9.8267e-001 -4.4090e-001 +6.6615e-001 -3.2903e+000 +2.3443e+000 -1.9332e+000 -1.8587e+000 +1.1698e+000 +4.4747e+000 +4.5722e-001 -2.3305e+000 -2.1876e+000 +1.8724e+000 +3.1215e+000 +7.3661e-001 -1.3001e+000 +1.6195e+000 -2.2167e+000
4436 0 +8.090900761e+002 +1.741080076e+003 +1.741080076e+003 +1.1277e+000 +1.4033e+000 +1.4449e+000 -5.3241e-001 +1.5512e+000 -2.9208e+000 +2.3773e+000 -1.7360e+000 -1.8903e+000 +6.9227e-001 +3.8647e+000 +7.3313e-001 -1.0357e+000 -3.0544e+000 +2.3183e+000 +3.5375e+000 +7.2005e-001 -2.2193e+000 +1.8079e+000 -2.4492e+000
5385 0 +7.846538498e+002 +1.716643850e+003 +1.716643850e+003 +1.2582e+000 +1.5364e+000 +1.4187e+000 -5.1700e-001 +1.6959e+000 -2.4778e+000 +2.2407e+000 -2.1287e+000 -1.8026e+000 +9.0911e-001 +3.9320e+000 +5.3066e-001 -6.9718e-001 -2.9661e+000 +2.3436e+000 +3.7341e+000 +3.6645e-001 -2.1004e+000 +1.7002e+000 -2.5573e+000
5613 0 +7.749383253e+002 +1.706928325e+003 +1.706928325e+003 +1.1549e+000 +1.5875e+000 +8.9490e-001 -8.8161e-001 +1.3025e+000 -2.7597e+000 +1.7279e+000 -1.8981e+000 -1.9061e+000 +8.4235e-001 +3.4101e+000 -3.2133e-001 -1.4345e-001 -2.3087e+000 +2.3212e+000 +4.1593e+000 +4.2822e-001 -1.2893e+000 +2.2530e+000 -5.7921e-001
5769 0 +7.580114869e+002 +1.690001487e+003 +1.690001487e+003 +1.4083e+000 +1.1876e+000 +7.5272e-001 -8.9796e-001 +1.0032e+000 -2.5172e+000 +1.3928e+000 -2.4418e+000 -1.6375e+000 +1.2437e+000 +3.4021e+000 -5.4496e-001 -4.8884e-001 -1.4940e+000 +2.0025e+000 +4.1254e+000 +2.1417e-001 -8.0986e-001 +2.2260e+000 -1.1940e+000
7992 0 +7.332570016e+002 +1.665247002e+003 +1.665247002e+003 +1.3916e+000 +1.1116e+000 +8.5967e-001 -7.7366e-001 +1.0869e+000 -2.6845e+000 +1.8136e+000 -2.3707e+000 -1.6164e+000 +1.2268e+000 +3.4806e+000 -1.6919e-001 -6.9726e-001 -1.9543e+000 +2.1253e+000 +3.9287e+000 +2.1874e-001 -1.2812e+000 +2.0504e+000 -1.5623e+000
8363 0 +7.237471454e+002 +1.655737145e+003 +1.655737145e+003 +4.9289e-001 +1.3307e+000 +6.4146e-001 -2.6184e+000 +8.5039e-001 -2.4747e+000 +2.4604e+000 -2.5188e+000 -1.5953e+000 +7.6713e-001 +2.0055e+000 -5.3718e-001 -4.1844e-001 -9.5421e-001 +3.5898e+000 +3.4115e+000 -1.3844e+000 -1.8419e+000 +2.8666e+000 -4.7306e-001
8613 0 +6.812568126e+002 +1.613246813e+003 +1.613246813e+003 +9.2431e-001 +1.1751e+000 +5.4072e-001 -1.7019e+000 +1.1387e+000 -2.7031e+000 +2.1855e+000 -2.3015e+000 -1.5428e+000 +9.4831e-001 +2.8488e+000 -2.7924e-001 -6.9091e-001 -1.5127e+000 +2.9937e+000 +3.5946e+000 -6.0664e-001 -1.8787e+000 +2.1834e+000 -1.7728e+000
% f evaluations | g evaluations | best noise-free fitness - Fopt (1.133100000000e+002) + sum g_i+ | measured fitness | best measured fitness or single-digit g-values | x1 | x2...
1 0 +2.068050719e+003 +2.181360719e+003 +2.181360719e+003 +0.0000e+000 +0.0000e+000 +0.0000e+000 +0.0000e+000 +0.0000e+000 +0.0000e+000 +0.0000e+000 +0.0000e+000 +0.0000e+000 +0.0000e+000 +0.0000e+000 +0.0000e+000 +0.0000e+000 +0.0000e+000 +0.0000e+000 +0.0000e+000 +0.0000e+000 +0.0000e+000 +0.0000e+000 +0.0000e+000
39 0 +1.921878396e+003 +2.035188396e+003 +2.035188396e+003 -1.4506e+000 +4.0544e+000 +7.1775e-001 +4.4396e+000 -1.3431e+000 -2.7988e+000 +1.2507e+000 +2.3537e+000 +1.3446e+000 -1.9191e+000 -2.5796e+000 +4.2223e+000 +2.8453e+000 -4.5932e+000 -1.5126e+000 +4.5618e+000 +2.3374e+000 -1.9904e+000 -2.8783e-001 -1.8821e+000
50 0 +1.810137780e+003 +1.923447780e+003 +1.923447780e+003 +1.5802e+000 -2.1085e+000 -1.9265e-001 -4.0097e-001 +2.1437e+000 +7.6864e-001 +7.2971e-001 +2.0601e+000 +3.1106e+000 -1.7225e+000 -2.4756e+000 +2.9491e+000 +2.8077e-001 -2.1223e+000 -3.7413e+000 +4.8297e+000 -6.1314e-001 +4.4517e+000 -2.3528e+000 -4.8264e+000
203 0 +1.614199417e+003 +1.727509417e+003 +1.727509417e+003 +1.8211e+000 -1.2246e+000 +4.2137e-001 +3.7112e-001 +1.5587e+000 +1.1155e+000 +1.3761e+000 +1.1760e+000 +2.8233e+000 -2.1725e+000 -9.2758e-001 +3.0462e+000 +3.2382e-001 -1.0372e+000 -3.3885e+000 +4.0053e+000 -7.1256e-001 +2.9569e+000 -2.3861e+000 -4.6556e+000
230 0 +1.556563870e+003 +1.669873870e+003 +1.669873870e+003 +2.5193e+000 -7.2536e-001 -3.8563e-001 +4.9455e-001 +2.5432e+000 +2.0701e+000 +2.1773e+000 +1.8540e+000 +1.6270e+000 +8.4623e-001 -2.7598e+000 +1.4664e+000 +5.5493e-001 -1.7738e+000 -1.7641e+000 +2.6908e+000 +5.8798e-001 +4.6858e+000 -2.6205e+000 -2.7255e+000
348 0 +1.383663095e+003 +1.496973095e+003 +1.496973095e+003 +7.9592e-001 -8.7913e-001 -1.7661e-001 -2.2614e-001 +1.3729e+000 +8.0496e-001 -4.9947e-002 +1.1080e+000 +1.7250e+000 -7.0275e-001 -2.6941e+000 +2.5986e+000 +7.0223e-001 -1.6661e+000 -2.5288e+000 +3.7034e+000 -3.7902e-001 +3.5554e+000 -1.7272e+000 -3.8844e+000
403 0 +1.322727870e+003 +1.436037870e+003 +1.436037870e+003 +1.8704e+000 +3.0368e-001 +1.8981e+000 +1.5640e+000 +1.7235e+000 +2.1215e+000 +1.8554e+000 -3.0590e-001 +6.5697e-001 -9.3623e-001 -2.1727e+000 +1.8531e+000 +3.1576e-002 -1.4517e+000 -7.8553e-001 +2.6946e+000 -1.4477e+000 +3.4917e+000 -1.2070e+000 -4.0451e+000
421 0 +1.289724776e+003 +1.403034776e+003 +1.403034776e+003 +6.4310e-001 -2.7368e-001 -1.2531e-001 -6.7840e-003 +9.7678e-001 +4.0474e-001 +2.6336e-002 +1.0825e+000 +1.2019e+000 -6.5362e-001 -2.8068e+000 +2.1430e+000 +6.6337e-001 -9.5883e-001 -2.0014e+000 +3.4719e+000 -2.8990e-001 +3.1868e+000 -1.3564e+000 -3.4571e+000
861 0 +1.281896321e+003 +1.395206321e+003 +1.395206321e+003 -3.2254e-001 +9.9955e-001 +4.4739e-001 -1.2896e-001 -1.0969e+000 -1.8549e+000 -8.2363e-001 -6.8111e-001 +1.0329e+000 -1.8901e+000 -3.3721e+000 -4.7183e-001 +2.7729e-001 -7.7990e-001 +3.8788e-001 +4.0142e+000 +5.6281e-001 +2.5290e-001 -7.9676e-001 -3.9795e+000
982 0 +1.032058296e+003 +1.145368296e+003 +1.145368296e+003 +6.7100e-001 +4.6732e-001 +2.8309e-001 +1.6542e-001 +7.4191e-001 -1.1924e+000 -1.0206e+000 -3.1017e-002 +1.2670e+000 -2.2146e+000 -2.4047e+000 +1.1300e+000 -5.0894e-002 -1.0810e+000 -2.1621e+000 +4.4428e+000 -6.6369e-002 +1.8881e+000 -1.8833e+000 -5.0000e+000
1067 0 +9.875478377e+002 +1.100857838e+003 +1.100857838e+003 +1.2537e-001 +1.3069e+000 +1.5568e-001 +3.8324e-001 +1.7606e-001 -1.3312e+000 -1.0097e+000 -5.9894e-001 +5.1786e-001 -1.5565e+000 -3.0930e+000 +1.1381e+000 +2.7098e-001 -6.3072e-001 -9.2753e-001 +3.5417e+000 -6.8498e-002 +1.4504e+000 -1.1464e+000 -5.0000e+000
1476 0 +8.244154987e+002 +9.377254987e+002 +9.377254987e+002 +9.0878e-001 +1.7735e+000 -6.3516e-002 +1.4962e+000 +2.2952e-001 -1.4260e+000 -1.2945e+000 -1.0650e+000 +1.0327e+000 -1.1678e+000 -3.0517e+000 +8.2382e-001 -5.1918e-001 -1.5689e+000 -1.9846e+000 +3.8149e+000 +2.8836e-001 +2.3446e+000 -2.4793e+000 -5.0000e+000
1918 0 +7.478299014e+002 +8.611399014e+002 +8.611399014e+002 +9.2497e-001 +2.1668e+000 +5.0102e-001 +1.2425e+000 +8.4870e-001 -1.7939e+000 -1.1914e+000 -3.5805e-001 +1.5404e+000 -7.5750e-001 -3.9076e+000 +1.0756e+000 -1.0492e+000 -1.6334e+000 -2.2492e+000 +4.0705e+000 +7.8203e-001 +2.4361e+000 -2.6483e+000 -5.0000e+000
2738 0 +7.411011038e+002 +8.544111038e+002 +8.544111038e+002 +8.6238e-001 +2.1822e+000 +7.5527e-001 +1.3702e+000 +6.0099e-001 -2.1321e+000 -1.1766e+000 -7.7125e-001 +1.2141e+000 -8.7566e-001 -4.0302e+000 +7.5651e-001 -9.4978e-001 -1.3540e+000 -2.0024e+000 +3.6660e+000 +9.2233e-001 +2.0636e+000 -2.2007e+000 -5.0000e+000
3973 0 +7.019547513e+002 +8.152647513e+002 +8.152647513e+002 +1.1540e+000 +2.6001e+000 +1.0599e+000 +1.4529e+000 +9.9020e-001 -1.5531e+000 -8.3476e-001 -3.6373e-001 +1.3105e+000 -3.5087e-001 -4.1025e+000 +1.2513e+000 -9.7970e-001 -1.6770e+000 -2.0952e+000 +3.3861e+000 +1.3062e+000 +2.7782e+000 -2.2061e+000 -5.0000e+000
6508 0 +6.781593532e+002 +7.914693532e+002 +7.914693532e+002 +1.1564e+000 +2.2715e+000 +1.0406e+000 +1.3964e+000 +1.1234e+000 -1.4491e+000 -1.1586e+000 -3.8918e-001 +1.8386e+000 -7.4541e-001 -3.9375e+000 +1.0039e+000 -6.9373e-001 -1.7428e+000 -2.5637e+000 +3.8250e+000 +1.5489e+000 +1.9181e+000 -2.2454e+000 -4.7563e+000
6710 0 +6.637454484e+002 +7.770554484e+002 +7.770554484e+002 +1.0064e+000 +2.3445e+000 +9.7479e-001 +1.4991e+000 +1.0989e+000 -1.5108e+000 -1.0027e+000 -5.6643e-001 +1.8494e+000 -3.9212e-001 -4.0498e+000 +1.3968e+000 -8.8872e-001 -1.7499e+000 -2.3280e+000 +3.5483e+000 +1.5446e+000 +2.3409e+000 -2.2065e+000 -4.8617e+000
7491 0 +6.544372871e+002 +7.677472871e+002 +7.677472871e+002 +1.2593e+000 +2.3952e+000 +9.6930e-001 +1.2643e+000 +7.1012e-001 -1.2989e+000 -1.0668e+000 -7.3062e-001 +1.8913e+000 -5.1676e-001 -3.8486e+000 +9.2222e-001 -1.0092e+000 -1.8677e+000 -2.3407e+000 +3.3950e+000 +1.7538e+000 +1.9571e+000 -1.9745e+000 -4.8502e+000
% f evaluations | g evaluations | best noise-free fitness - Fopt (2.849000000000e+001) + sum g_i+ | measured fitness | best measured fitness or single-digit g-values | x1 | x2...
1 0 +1.473511194e+003 +1.502001194e+003 +1.502001194e+003 +0.0000e+000 +0.0000e+000 +0.0000e+000 +0.0000e+000 +0.0000e+000 +0.0000e+000 +0.0000e+000 +0.0000e+000 +0.0000e+000 +0.0000e+000 +0.0000e+000 +0.0000e+000 +0.0000e+000 +0.0000e+000 +0.0000e+000 +0.0000e+000 +0.0000e+000 +0.0000e+000 +0.0000e+000 +0.0000e+000
35 0 +1.408930404e+003 +1.437420404e+003 +1.437420404e+003 -1.4388e+000 -8.2377e-001 -1.0280e+000 -4.9094e+000 -1.7184e+000 +6.6051e-001 -1.1861e+000 +1.5311e+000 -1.6852e+000 +3.2241e-001 -7.1317e-002 -8.7766e-002 +3.3472e+000 -2.4588e+000 -2.6711e+000 -1.9281e+000 -3.2108e+000 +1.0443e+000 -3.5335e+000 -1.1105e+000
210 0 +1.374164600e+003 +1.402654600e+003 +1.402654600e+003 -2.0247e+000 -9.2564e-001 -6.0506e-002 -6.5107e+000 -2.0522e+000 +2.1576e-001 -1.7463e+000 +2.4081e+000 -2.1813e+000 -1.9442e-001 -9.9592e-001 -6.2771e-001 +3.5888e+000 -2.6053e+000 -2.4856e+000 -1.7729e+000 -3.9379e+000 +1.0270e+000 -3.7472e+000 +2.8136e-002
213 0 +1.335261728e+003 +1.363751728e+003 +1.363751728e+003 -8.3342e-001 -7.4170e-001 -6.2341e-001 -4.4838e+000 -1.6679e+000 +8.5926e-001 -6.9029e-001 +1.0720e+000 -1.3332e+000 +1.1071e-001 -1.0849e-001 +4.4338e-001 +2.9493e+000 -2.3710e+000 -2.7533e+000 -2.1743e+000 -2.7930e+000 +1.0160e+000 -4.1029e+000 -9.7038e-001
266 0 +1.210472194e+003 +1.238962194e+003 +1.238962194e+003 -1.3587e+000 -3.9680e-001 -2.9812e-001 -4.5451e+000 -1.3777e+000 +7.2810e-001 -1.1856e+000 +2.0515e+000 -1.6026e+000 -1.7590e-001 -6.6380e-001 -3.4144e-001 +2.7186e+000 -2.7883e+000 -2.1570e+000 -1.7205e+000 -2.3339e+000 +1.4489e+000 -2.9923e+000 +1.4578e+000
463 0 +1.098251508e+003 +1.126741508e+003 +1.126741508e+003 -2.2402e+000 -1.7584e+000 +1.5500e+000 -3.4674e+000 -1.3023e+000 +1.4715e-002 -3.7449e-001 +2.0050e+000 -1.9123e+000 +3.4596e-002 -8.9983e-001 -1.4592e+000 +3.0933e+000 -2.0767e+000 -3.2681e+000 -1.0254e+000 -7.9436e-001 +2.8624e+000 -2.8285e+000 +8.8191e-001
560 0 +1.067994666e+003 +1.096484666e+003 +1.096484666e+003 -2.2802e+000 -1.8820e+000 +1.3636e+000 -2.8512e+000 -2.6670e+000 +6.8916e-001 -2.0625e-001 +1.2330e+000 -1.8969e+000 +2.1647e-001 -1.7641e+000 -2.3202e+000 +3.0388e+000 -2.0603e+000 -3.0717e+000 -6.8118e-001 -1.1899e+000 +2.1866e+000 -3.1878e+000 +8.6729e-001
713 0 +1.004537630e+003 +1.033027630e+003 +1.033027630e+003 -3.0749e+000 -9.6854e-001 +1.1343e+000 -3.5119e+000 -2.2968e+000 -1.3822e-001 -1.0414e+000 +2.0666e+000 -1.7807e+000 +1.1874e+000 -8.7140e-001 -2.2186e+000 +3.7562e+000 -1.3637e+000 -1.8778e+000 -4.7011e-001 -1.2482e+000 +2.0466e+000 -2.4183e+000 +4.3489e-001
1583 0 +9.428766892e+002 +9.713666892e+002 +9.713666892e+002 -2.6870e+000 -8.4340e-001 +8.7734e-001 -3.2440e+000 -2.8323e+000 +1.7796e-001 -5.8717e-001 +1.9471e+000 -1.5456e+000 +6.2883e-001 -7.8138e-001 -1.9729e+000 +3.0158e+000 -1.3030e+000 -1.4675e+000 -5.6736e-001 -1.1941e+000 +1.6719e+000 -2.5594e+000 +5.4671e-001
1716 0 +9.016238005e+002 +9.301138005e+002 +9.301138005e+002 -2.0933e+000 -7.7250e-001 +1.2947e+000 -3.2236e+000 -3.6981e+000 -4.3564e-001 -9.6479e-001 +2.6231e+000 -1.6296e+000 +5.7759e-001 -1.3712e+000 -1.8188e+000 +2.3712e+000 -1.4874e+000 -1.3121e+000 -3.8302e-001 -5.0050e-001 +1.3662e+000 -2.4877e+000 +7.4838e-001
2224 0 +8.823013606e+002 +9.107913606e+002 +9.107913606e+002 -2.0693e+000 -6.1745e-001 +9.8752e-001 -3.1051e+000 -3.9156e+000 -4.1289e-001 -5.8892e-001 +2.5520e+000 -1.3357e+000 +4.8522e-001 -1.1423e+000 -1.7324e+000 +2.1899e+000 -1.6354e+000 -1.5663e+000 -2.5995e-001 -8.9519e-001 +1.1579e+000 -3.0045e+000 +5.3704e-001
3329 0 +8.612196176e+002 +8.897096176e+002 +8.897096176e+002 -1.5679e+000 -1.8098e+000 +9.7088e-001 -3.0719e+000 -3.2376e+000 +2.4270e-001 -3.0493e-001 +1.9918e+000 -1.2843e+000 -2.0560e-001 -1.1486e+000 -1.8150e+000 +2.0239e+000 -1.2378e+000 -1.7204e+000 -2.6905e-001 -8.3246e-001 +1.5920e+000 -2.6551e+000 +6.7113e-001
3801 0 +8.215285395e+002 +8.500185395e+002 +8.500185395e+002 -7.4926e-001 -1.0072e+000 +1.3644e+000 -3.3636e+000 -4.1275e+000 -5.8291e-001 +2.2696e-001 +2.6756e+000 -1.0376e+000 -2.4173e-001 -1.6284e+000 -1.6918e+000 +1.6445e+000 -9.8487e-001 -1.3011e+000 -1.9217e-003 -2.4620e-001 +1.4038e+000 -3.2920e+000 +3.4496e-001
4426 0 +8.114131261e+002 +8.399031261e+002 +8.399031261e+002 -9.6112e-001 -1.0287e+000 +1.0790e+000 -3.2269e+000 -4.0001e+000 -2.7758e-001 +1.3503e-001 +2.4590e+000 -1.0416e+000 -1.8592e-001 -1.3642e+000 -1.6405e+000 +1.7146e+000 -1.1948e+000 -1.4735e+000 -1.3505e-001 -5.4409e-001 +1.3129e+000 -3.2750e+000 +3.6453e-001
5381 0 +7.342314307e+002 +7.627214307e+002 +7.627214307e+002 -4.8035e-001 -7.7454e-001 +8.5235e-001 -3.5679e+000 -4.2126e+000 -6.0780e-001 -1.9447e-001 +3.0301e+000 -1.1851e+000 +3.4160e-001 -7.7079e-001 -1.6615e+000 +1.0900e+000 -1.0527e+000 -1.7259e+000 -1.7153e-002 -4.3548e-001 +1.4375e+000 -3.1615e+000 -6.7802e-002
5926 0 +7.236699993e+002 +7.521599993e+002 +7.521599993e+002 -5.3583e-001 -1.1531e+000 +1.0226e+000 -3.7292e+000 -4.0359e+000 -7.0170e-001 -3.6501e-001 +3.0909e+000 -1.2917e+000 +2.6482e-001 -8.3216e-001 -1.7951e+000 +1.1179e+000 -8.0023e-001 -1.6280e+000 +4.9550e-002 -2.7985e-001 +1.6323e+000 -2.8237e+000 +3.6811e-001
7094 0 +6.801526969e+002 +7.086426969e+002 +7.086426969e+002 -6.5959e-001 -1.0618e+000 +7.8417e-001 -3.1692e+000 -3.7677e+000 -1.7393e-001 +9.3057e-002 +2.6486e+000 -1.3971e+000 +2.2214e-001 -6.2115e-001 -1.7706e+000 +1.0026e+000 -8.4151e-001 -1.6667e+000 +9.1537e-002 -2.3906e-001 +1.6924e+000 -2.8587e+000 +6.2753e-001
7593 0 +6.733589303e+002 +7.018489303e+002 +7.018489303e+002 -2.9893e-001 -3.0773e-001 +9.5435e-001 -3.4335e+000 -4.3029e+000 +2.5412e-001 +1.0560e-001 +3.4114e+000 -1.6526e+000 +3.8981e-001 -8.2511e-002 -1.7749e+000 +8.2197e-001 -9.3772e-001 -1.6165e+000 +6.2087e-001 +1.5457e-002 +1.4833e+000 -3.1161e+000 +1.9089e-001
7793 0 +6.574134639e+002 +6.859034639e+002 +6.859034639e+002 -4.5176e-001 -5.5452e-001 +8.3226e-001 -3.2121e+000 -4.0801e+000 +1.2463e-001 +1.3644e-001 +3.0426e+000 -1.4838e+000 +3.4989e-001 -3.2827e-001 -1.7155e+000 +8.6625e-001 -9.6869e-001 -1.6540e+000 +4.0347e-001 -1.4551e-001 +1.5044e+000 -3.0861e+000 +2.7184e-001
% f evaluations | g evaluations | best noise-free fitness - Fopt (-7.405800000000e+002) + sum g_i+ | measured fitness | best measured fitness or single-digit g-values | x1 | x2...
1 0 +2.208690037e+003 +1.468110037e+003 +1.468110037e+003 +0.0000e+000 +0.0000e+000 +0.0000e+000 +0.0000e+000 +0.0000e+000 +0.0000e+000 +0.0000e+000 +0.0000e+000 +0.0000e+000 +0.0000e+000 +0.0000e+000 +0.0000e+000 +0.0000e+000 +0.0000e+000 +0.0000e+000 +0.0000e+000 +0.0000e+000 +0.0000e+000 +0.0000e+000 +0.0000e+000
18 0 +1.961079822e+003 +1.220499822e+003 +1.220499822e+003 -3.3997e+000 +4.2081e+000 -1.9847e+000 -2.4493e+000 -3.9248e+000 +3.0543e+000 +1.6602e+000 -9.4936e-001 -3.8101e-001 +2.6813e+000 -3.2078e+000 -1.0275e+000 -1.0182e+000 +3.6590e+000 +1.8638e+000 +2.5916e+000 -3.8770e+000 -2.4719e+000 -1.0306e+000 -2.9382e+000
218 0 +1.900934127e+003 +1.160354127e+003 +1.160354127e+003 -3.8956e+000 +4.2032e+000 -1.6029e+000 -2.9226e+000 -4.3457e+000 +2.6911e+000 +1.2844e+000 -8.3346e-001 +3.0097e-001 +3.1405e+000 -3.6915e+000 -4.1246e-001 -1.0566e+000 +3.0177e+000 +2.1171e+000 +3.0756e+000 -3.3575e+000 -1.6848e+000 -1.2997e+000 -2.7237e+000
426 0 +1.815919265e+003 +1.075339265e+003 +1.075339265e+003 -4.0050e+000 +3.8753e+000 -1.3260e+000 -2.6600e+000 -4.1264e+000 +2.1666e+000 +7.8924e-001 -2.5842e-001 +2.3867e-001 +3.0015e+000 -3.4215e+000 -1.1884e-001 -7.7485e-001 +3.3849e+000 +2.1346e+000 +3.0675e+000 -3.6737e+000 -1.5635e+000 -1.6981e+000 -2.6132e+000
531 0 +1.777050709e+003 +1.036470709e+003 +1.036470709e+003 -4.0895e+000 +3.5733e+000 -9.9960e-001 -1.8571e+000 -3.7002e+000 +1.4706e+000 +7.5049e-001 +3.9025e-001 -2.4308e-001 +3.1361e+000 -2.5054e+000 -1.8671e-001 -4.3602e-001 +3.5749e+000 +2.5267e+000 +2.9991e+000 -4.0723e+000 -1.3546e+000 -2.0565e+000 -2.7723e+000
697 0 +1.680574616e+003 +9.399946157e+002 +9.399946157e+002 -3.6188e+000 +1.8238e+000 -8.3655e-001 -1.8549e+000 -1.6039e+000 +4.4130e-001 -1.7420e+000 +2.0162e-001 -6.4876e-001 +2.8205e+000 -1.8796e+000 +2.8877e+000 -2.4901e+000 +5.1823e+000 -1.1931e+000 +2.5166e+000 -1.0905e+000 -1.4489e+000 -5.3596e+000 -1.2835e+000
859 0 +1.631257113e+003 +8.906771126e+002 +8.906771126e+002 -2.2776e+000 +1.1986e+000 -1.1083e+000 -2.8187e+000 -2.0867e+000 +6.6483e-002 -2.1282e+000 +2.6213e-001 -1.1222e+000 +1.6831e+000 -2.5336e+000 +3.3511e+000 -1.7970e+000 +6.3434e+000 -2.4107e-001 +2.1533e+000 -2.0998e+000 -9.6537e-001 -5.0022e+000 -2.1312e+000
956 0 +1.593016645e+003 +8.524366445e+002 +8.524366445e+002 -1.6284e+000 -5.3827e-001 -1.6119e+000 -1.8792e+000 -1.5535e+000 +1.8039e+000 -2.2996e+000 -7.0431e-001 -2.1515e+000 -4.4041e-001 -1.0492e+000 +2.2180e+000 -1.6343e+000 +3.0722e+000 -1.5231e+000 +1.2221e+000 -8.8539e-001 -1.8861e+000 -4.9694e+000 -2.8839e+000
971 0 +1.515984417e+003 +7.754044168e+002 +7.754044168e+002 -1.2867e+000 +3.4594e-001 +7.6650e-001 -3.8397e+000 -2.3328e+000 +2.4924e+000 -1.5016e+000 -6.2024e-001 -1.8064e+000 +3.2050e+000 -2.3193e+000 +5.3549e+000 -5.7343e-001 +5.2791e+000 +1.3570e+000 +5.1686e+000 -1.9706e+000 -6.5601e-001 -4.1337e+000 +1.1621e+000
1011 0 +1.163604095e+003 +4.230240952e+002 +4.230240952e+002 -2.5476e+000 +8.8963e-001 -1.2902e+000 -1.4931e+000 -1.8194e+000 +9.8909e-001 -2.5501e+000 -9.6244e-001 -1.6757e+000 +1.1040e+000 -1.8839e+000 +2.9445e+000 -5.0855e-001 +4.4299e+000 +5.5722e-001 +2.1902e+000 -1.2200e+000 -8.1757e-001 -3.5806e+000 +5.1399e-001
1156 0 +1.068992716e+003 +3.284127157e+002 +3.284127157e+002 -1.7741e+000 -2.4666e-002 -1.3129e+000 -1.7810e+000 -1.7571e+000 +1.7530e+000 -2.5567e+000 -1.2416e+000 -2.1693e+000 +2.6507e-001 -1.4717e+000 +2.9767e+000 -3.3025e-001 +3.6178e+000 +3.4048e-001 +2.1282e+000 -1.1066e+000 -1.0378e+000 -3.6080e+000 -7.4358e-002
2039 0 +1.025745283e+003 +2.851652832e+002 +2.851652832e+002 -1.7987e+000 +2.1039e-001 -1.0029e+000 -7.2685e-001 -1.7863e+000 +1.3922e+000 -3.5732e+000 -1.3022e+000 -1.8799e+000 +7.2655e-001 -2.0308e+000 +3.5547e+000 -3.3799e-001 +5.0035e+000 +5.1629e-002 +1.8308e+000 -1.2030e+000 -4.2326e-002 -3.7688e+000 +5.1216e-001
2127 0 +9.946088792e+002 +2.540288792e+002 +2.540288792e+002 -1.4775e+000 +7.1271e-002 -1.2335e+000 -6.9759e-001 -2.1027e+000 +1.5276e+000 -3.2874e+000 -1.0915e+000 -1.8108e+000 +1.9175e-001 -1.9565e+000 +3.3855e+000 +1.1504e-001 +4.2251e+000 +5.4166e-002 +1.9938e+000 -1.0844e+000 -2.9990e-001 -3.4356e+000 +7.5308e-001
2239 0 +9.640967184e+002 +2.235167184e+002 +2.235167184e+002 -1.2682e+000 -5.0106e-002 -1.0745e+000 -1.1195e+000 -1.9591e+000 +1.7442e+000 -3.2615e+000 -1.1394e+000 -1.9990e+000 +2.8796e-001 -1.7803e+000 +3.4945e+000 -8.2279e-002 +4.4055e+000 -7.7578e-002 +2.1611e+000 -1.1349e+000 -2.4496e-001 -3.5135e+000 +8.3126e-001
2325 0 +9.264411383e+002 +1.858611383e+002 +1.858611383e+002 -8.3363e-001 -1.4836e-001 -1.0153e+000 -1.0428e+000 -2.0482e+000 +2.1401e+000 -3.0279e+000 -1.3192e+000 -2.2196e+000 +3.3396e-001 -2.1125e+000 +3.3653e+000 +4.4774e-002 +4.1434e+000 +8.0381e-002 +2.2578e+000 -1.0931e+000 +8.0460e-002 -3.2260e+000 +7.8805e-001
2713 0 +9.051659850e+002 +1.645859850e+002 +1.645859850e+002 -6.8628e-001 +1.6216e-001 -3.9171e-001 -1.1743e+000 -1.6101e+000 +2.6093e+000 -2.8331e+000 -1.0284e+000 -2.2414e+000 +1.0328e+000 -2.2898e+000 +3.1264e+000 -2.1739e-001 +3.5420e+000 -7.7699e-002 +3.1347e+000 -1.3260e+000 +3.6749e-001 -2.7430e+000 +8.7580e-001
3174 0 +8.614121836e+002 +1.208321836e+002 +1.208321836e+002 -9.2082e-001 +2.4212e-002 -8.9346e-001 -8.9511e-001 -1.9662e+000 +2.0676e+000 -3.0667e+000 -9.5045e-001 -2.2301e+000 +5.8945e-001 -2.1435e+000 +3.3302e+000 -1.1147e-002 +3.8366e+000 +5.5069e-002 +2.6410e+000 -1.2832e+000 +2.9159e-001 -3.0459e+000 +7.0905e-001
3339 0 +8.087462941e+002 +6.816629408e+001 +6.816629408e+001 -9.0253e-001 -6.9986e-002 -1.1752e+000 -7.2692e-001 -2.2213e+000 +1.7895e+000 -3.1610e+000 -6.0627e-001 -2.3661e+000 +3.6358e-001 -2.0224e+000 +3.4599e+000 +1.5040e-001 +3.6891e+000 +1.2062e-001 +2.6810e+000 -1.3911e+000 +4.5341e-001 -3.0488e+000 +5.8515e-001
5886 0 +7.917232682e+002 +5.114326825e+001 +5.114326825e+001 -5.8703e-001 -2.2205e-001 -1.1302e+000 -9.1138e-001 -2.2830e+000 +1.9882e+000 -3.0438e+000 -4.4118e-001 -2.5140e+000 +3.6648e-001 -1.9341e+000 +3.5472e+000 +1.9419e-001 +3.4294e+000 +1.0165e-001 +3.0930e+000 -1.4633e+000 +5.7899e-001 -2.8834e+000 +6.7530e-001
7285 0 +7.395658633e+002 -1.014136694e+000 -1.014136694e+000 -1.1832e-002 -2.9727e-001 -8.5311e-001 -2.0682e-001 -2.4944e+000 +2.2861e+000 -3.0865e+000 +8.7801e-003 -3.0737e+000 +5.3455e-001 -1.9745e+000 +3.5889e+000 +1.4125e-001 +3.5671e+000 +1.6283e-001 +3.3677e+000 -1.2379e+000 +1.5751e+000 -2.9131e+000 -1.3454e+000
8611 0 +7.187481544e+002 -2.183184563e+001 -2.183184563e+001 +3.1263e-002 -2.7922e-001 -7.7769e-001 +1.4542e-001 -2.5110e+000 +2.1655e+000 -3.4343e+000 -2.6039e-002 -2.9152e+000 +5.4973e-001 -2.2043e+000 +3.7652e+000 +2.3010e-001 +3.7924e+000 +6.4254e-002 +3.2525e+000 -1.2755e+000 +1.7905e+000 -2.8945e+000 -9.6084e-001
% f evaluations | g evaluations | best noise-free fitness - Fopt (-5.177000000000e+001) + sum g_i+ | measured fitness | best measured fitness or single-digit g-values | x1 | x2...
1 0 +2.200673119e+003 +2.148903119e+003 +2.148903119e+003 +0.0000e+000 +0.0000e+000 +0.0000e+000 +0.0000e+000 +0.0000e+000 +0.0000e+000 +0.0000e+000 +0.0000e+000 +0.0000e+000 +0.0000e+000 +0.0000e+000 +0.0000e+000 +0.0000e+000 +0.0000e+000 +0.0000e+000 +0.0000e+000 +0.0000e+000 +0.0000e+000 +0.0000e+000 +0.0000e+000
87 0 +2.137928906e+003 +2.086158906e+003 +2.086158906e+003 -3.1384e+000 -2.0151e+000 +2.3326e+000 -1.1199e+000 +3.5651e+000 +2.1163e+000 -3.0658e+000 -3.7678e+000 -2.1215e+000 +5.6910e-001 +4.8271e+000 -1.8134e+000 +4.2159e+000 -1.9976e+000 +3.4311e+000 -2.7249e+000 +2.8136e+000 +2.9048e+000 -2.0931e+000 -3.4922e+000
239 0 +1.820486522e+003 +1.768716522e+003 +1.768716522e+003 -1.4739e+000 -1.6646e+000 -2.1729e-001 +6.4623e-001 +3.4476e+000 +9.7463e-002 -3.1563e+000 -2.0010e+000 -1.9267e+000 -1.7153e+000 +3.7454e+000 -1.4736e+000 +2.5646e+000 -1.3282e+000 +3.0022e+000 -9.1916e-001 +1.8709e+000 +2.3992e+000 -2.1382e+000 -1.0619e+000
754 0 +1.771291877e+003 +1.719521877e+003 +1.719521877e+003 +6.9548e-001 -1.5434e-001 -1.5947e+000 +2.0460e+000 +4.7507e+000 -5.3501e-002 -3.3829e+000 -1.7013e-001 -1.4811e+000 -3.7578e+000 +3.0612e+000 +9.5973e-001 +1.7993e+000 +2.8912e-001 +1.2525e+000 -7.8118e-001 +3.3468e-001 +6.1685e-001 -5.3609e-001 -1.8709e+000
840 0 +1.502784020e+003 +1.451014020e+003 +1.451014020e+003 -3.4979e+000 -6.9655e-001 +3.7427e+000 +9.9388e-001 +5.1345e+000 +1.0276e+000 -1.6590e+000 +6.7979e-001 +1.4728e+000 +9.8211e-001 -1.2133e-001 -1.0828e-001 +2.3299e+000 -4.2971e-002 +1.1111e+000 -1.7450e+000 -7.6507e-001 +2.3423e-001 -1.4236e+000 -9.3613e-001
1021 0 +1.306569988e+003 +1.254799988e+003 +1.254799988e+003 -4.6955e-001 -5.7768e-001 +1.8709e+000 -1.2974e-001 +4.3936e+000 +1.0959e-001 -2.4947e+000 -1.0109e+000 +4.6120e-001 -2.9595e-001 -4.0448e-002 +3.3794e-001 +1.9120e+000 +4.1000e-001 +2.3159e+000 -1.9977e+000 -1.9063e-001 +2.4306e+000 -2.7760e+000 -3.5429e+000
1794 0 +1.231355516e+003 +1.179585516e+003 +1.179585516e+003 -2.6240e-001 +9.8508e-001 +4.3622e-001 -6.6483e-001 +5.2600e+000 +9.4440e-001 -1.9365e+000 +2.6489e-001 -4.2845e-001 -2.1596e+000 +1.4623e+000 +3.9119e-001 +4.0513e+000 +1.1767e+000 +1.4837e+000 -1.6753e+000 -2.3170e-001 +6.0220e-001 -1.3249e+000 -3.9133e+000
1896 0 +1.116944232e+003 +1.065174232e+003 +1.065174232e+003 -1.9394e+000 +8.8738e-001 +3.1157e+000 +6.5636e-003 +5.3868e+000 +6.2679e-001 -3.3274e+000 -1.4349e+000 -7.6741e-002 +1.1541e-001 +5.2010e-001 -4.2681e-001 +3.5904e+000 -7.5074e-001 +2.1962e+000 -2.1700e+000 -9.2199e-001 +8.9658e-001 -2.3346e+000 -1.0372e+000
2118 0 +1.069930989e+003 +1.018160989e+003 +1.018160989e+003 -1.6429e+000 +1.1709e+000 +2.2771e+000 +3.8580e-001 +5.1658e+000 +1.1635e+000 -3.6619e+000 -1.1980e+000 -2.8055e-001 -4.5164e-001 +9.5261e-001 +7.1974e-003 +3.8425e+000 -8.0803e-001 +1.5644e+000 -1.9876e+000 -6.7914e-001 +7.5738e-001 -1.9505e+000 -1.6923e+000
2589 0 +9.037596160e+002 +8.519896160e+002 +8.519896160e+002 -1.4687e+000 +2.5778e+000 +2.4873e+000 +4.1695e-001 +4.8232e+000 -5.9661e-001 -3.5796e+000 +2.4329e-001 +4.4850e-001 -2.0803e+000 +5.8551e-001 +8.4892e-001 +2.7970e+000 -1.6485e-001 +1.5915e+000 -6.7492e-001 -3.8429e-001 -5.6369e-001 -1.8104e+000 -1.5644e+000
3736 0 +8.719648413e+002 +8.201948413e+002 +8.201948413e+002 -1.6495e+000 +2.7497e+000 +2.6670e+000 +4.2377e-001 +5.0517e+000 -4.4804e-001 -3.6563e+000 +1.9360e-001 +4.1296e-001 -1.9755e+000 +6.3169e-001 +7.7909e-001 +3.0923e+000 -3.1920e-001 +1.5305e+000 -7.7038e-001 -5.5139e-001 -7.5159e-001 -1.8260e+000 -2.0729e+000
3751 0 +8.575111124e+002 +8.057411124e+002 +8.057411124e+002 -1.4563e+000 +2.6965e+000 +2.3727e+000 -1.0744e-001 +5.2728e+000 -1.3644e-001 -4.0997e+000 -4.2990e-001 +7.8127e-001 -1.6880e+000 +1.5314e-001 +7.1823e-001 +2.3836e+000 -1.9770e-001 +1.4577e+000 -1.1845e+000 -1.5009e-001 -1.4730e-001 -1.7480e+000 -1.8462e+000
4273 0 +8.356620406e+002 +7.838920406e+002 +7.838920406e+002 -1.0952e+000 +3.1957e+000 +1.7684e+000 +5.7192e-002 +4.4883e+000 -1.4449e-001 -3.9207e+000 +3.7434e-001 +1.1661e+000 -2.4559e+000 -3.7887e-001 +1.3764e+000 +2.5763e+000 +1.3492e+000 +9.4673e-001 -7.1554e-001 -4.1669e-001 -1.0947e+000 -1.6809e+000 -3.1858e+000
4274 0 +8.202329336e+002 +7.684629336e+002 +7.684629336e+002 -1.4689e+000 +3.1058e+000 +2.6851e+000 -5.6798e-001 +5.0796e+000 +3.1074e-001 -3.7036e+000 -3.2649e-001 +5.2595e-001 -1.7583e+000 +4.1887e-001 +6.6096e-001 +2.7948e+000 -3.9481e-001 +1.0264e+000 -9.6534e-001 +1.6364e-001 +5.3392e-002 -1.6508e+000 -2.3607e+000
5060 0 +8.053578710e+002 +7.535878710e+002 +7.535878710e+002 -1.3864e+000 +3.2215e+000 +2.9840e+000 -1.3005e+000 +5.1533e+000 -2.6575e-001 -2.7192e+000 +3.6481e-001 +1.5320e+000 -2.1344e+000 -8.8811e-002 +1.0513e+000 +2.4037e+000 +1.3183e-001 +5.5992e-001 -1.4962e-001 +2.6447e-001 -5.6086e-002 -2.4495e+000 -2.4061e+000
5360 0 +7.900276135e+002 +7.382576135e+002 +7.382576135e+002 -1.3932e+000 +3.2480e+000 +2.8369e+000 -1.0331e+000 +5.0544e+000 -4.0114e-002 -3.1052e+000 +8.8694e-002 +1.0804e+000 -2.0052e+000 +1.3273e-001 +8.7733e-001 +2.5580e+000 -1.0967e-001 +7.4550e-001 -4.6766e-001 +2.6055e-001 +1.0093e-002 -2.0990e+000 -2.4484e+000
5646 0 +7.706675116e+002 +7.188975116e+002 +7.188975116e+002 -1.3559e+000 +3.0838e+000 +3.0824e+000 -9.2018e-001 +5.1266e+000 +3.8019e-002 -3.2349e+000 +1.6514e-003 +2.0290e+000 -2.1950e+000 +1.7114e-001 +9.5303e-001 +2.8890e+000 -2.7157e-001 +8.4672e-001 -1.7021e-001 +7.3726e-001 -3.1318e-001 -2.0825e+000 -2.7692e+000
8407 0 +7.473708539e+002 +6.956008539e+002 +6.956008539e+002 -1.4572e+000 +2.5484e+000 +3.2164e+000 -8.7217e-001 +4.7671e+000 +1.4862e-001 -3.8342e+000 -6.9034e-001 +1.4446e+000 -1.7449e+000 +7.9836e-002 +8.0734e-001 +2.7234e+000 -1.3893e+000 +5.3309e-001 -1.3316e-001 +5.6452e-001 -4.6574e-001 -1.6547e+000 -2.7440e+000
% f evaluations | g evaluations | best noise-free fitness - Fopt (-2.229800000000e+002) + sum g_i+ | measured fitness | best measured fitness or single-digit g-values | x1 | x2...
1 0 +2.399821683e+003 +2.176841683e+003 +2.176841683e+003 +0.0000e+000 +0.0000e+000 +0.0000e+000 +0.0000e+000 +0.0000e+000 +0.0000e+000 +0.0000e+000 +0.0000e+000 +0.0000e+000 +0.0000e+000 +0.0000e+000 +0.0000e+000 +0.0000e+000 +0.0000e+000 +0.0000e+000 +0.0000e+000 +0.0000e+000 +0.0000e+000 +0.0000e+000 +0.0000e+000
49 0 +2.270088671e+003 +2.047108671e+003 +2.047108671e+003 +2.9321e+000 -2.8243e+000 +3.5904e-002 +2.9033e+000 -3.9749e+000 +1.9269e+000 +3.0847e+000 -3.5555e+000 -2.7751e+000 +3.3393e+000 +2.2247e+000 +2.4108e+000 -3.6816e+000 -2.1429e+000 +8.9575e-001 -3.4552e+000 +4.2828e+000 -7.4434e-001 +3.0922e+000 -2.5237e+000
78 0 +2.233406775e+003 +2.010426775e+003 +2.010426775e+003 +2.6953e+000 +2.2210e+000 +2.3506e+000 -1.7082e+000 -1.9163e+000 -3.6558e+000 +1.6025e+000 -1.2684e+000 -4.5380e+000 +2.9523e+000 +3.5130e+000 +9.7824e-001 +1.8111e+000 -4.4223e+000 +8.5902e-001 +2.8887e+000 +7.9696e-001 +1.7909e+000 +1.6995e+000 +4.4217e-001
205 0 +2.144691426e+003 +1.921711426e+003 +1.921711426e+003 +2.4037e+000 +1.6198e+000 +2.4030e+000 -2.1216e+000 -2.2331e+000 -3.0756e+000 +1.7560e+000 -1.6794e+000 -4.2325e+000 +3.3721e+000 +3.5618e+000 +1.4049e+000 +1.8301e+000 -4.5963e+000 +5.0271e-001 +2.8622e+000 +4.8379e-001 +1.6471e+000 +1.6455e+000 +1.3269e+000
250 0 +2.001543010e+003 +1.778563010e+003 +1.778563010e+003 +2.4299e+000 +3.6921e-001 +1.5215e+000 +6.5622e-002 -2.9966e+000 -2.5295e+000 +3.2325e+000 -3.1972e+000 -3.2846e+000 +5.0749e+000 +2.6052e+000 +2.3645e+000 +7.3814e-001 -6.2309e+000 +1.5666e+000 +4.5953e+000 +3.5930e-001 +8.0657e-001 +2.0656e+000 +1.5362e+000
315 0 +1.935529743e+003 +1.712549743e+003 +1.712549743e+003 +3.1182e+000 +1.6073e+000 +4.1917e+000 -5.4300e-001 -1.5145e+000 -2.8560e+000 +3.4460e+000 -3.4242e+000 -3.3314e+000 +5.2787e+000 +1.4926e+000 +2.9869e+000 +2.9608e-001 -4.3235e+000 +1.6025e+000 +3.3998e+000 +5.5233e-001 +4.5774e-001 +5.7034e-001 +6.8112e-001
411 0 +1.562454496e+003 +1.339474496e+003 +1.339474496e+003 +2.7146e+000 +3.8733e+000 +1.6652e+000 +1.2561e+000 -3.2587e+000 -1.7125e+000 +1.5812e+000 -4.7675e+000 -1.2289e+000 +1.1808e+000 +5.3205e-001 +2.9236e+000 -2.6005e+000 -3.1229e+000 +2.8832e+000 +2.0586e+000 -2.3014e+000 -1.2908e+000 -4.7830e-002 -1.8803e+000
823 0 +1.339921149e+003 +1.116941149e+003 +1.116941149e+003 +3.8452e+000 +1.6750e+000 +2.7130e+000 +2.6490e-001 -3.0542e+000 -2.8797e+000 +2.5336e+000 -5.1771e+000 -2.0125e+000 +1.7082e+000 +1.4213e+000 +2.1712e+000 -2.1538e+000 -2.8753e+000 +3.4080e+000 +1.6984e+000 -1.0265e+000 -6.9560e-001 -7.4145e-001 -8.1560e-001
1246 0 +1.279832849e+003 +1.056852849e+003 +1.056852849e+003 +5.0814e+000 +2.8449e+000 +1.4822e+000 -4.1456e-001 -3.7003e+000 -2.2919e+000 +2.2303e+000 -5.5428e+000 -2.4159e+000 +1.5217e+000 +2.1584e+000 +2.7265e+000 -3.2134e+000 -2.1421e+000 +3.5360e+000 +1.0325e+000 -1.0592e+000 -3.4718e-001 -7.6571e-001 -8.1506e-001
1293 0 +1.235796335e+003 +1.012816335e+003 +1.012816335e+003 +3.1211e+000 +1.8357e+000 +1.1060e+000 +1.5899e-001 -1.4685e+000 -1.6038e+000 +1.0856e+000 -4.4710e+000 -2.0354e+000 +3.3400e+000 +2.3637e+000 +4.2763e+000 -2.7580e+000 -2.6356e+000 +3.0712e+000 -2.5342e-001 +3.5532e-002 +3.0921e-001 -1.7330e+000 -1.4856e+000
1850 0 +1.227463271e+003 +1.004483271e+003 +1.004483271e+003 +2.6721e+000 +1.1437e+000 +3.8675e-001 +1.0723e+000 -2.0498e+000 -7.0948e-001 +1.5746e+000 -5.1784e+000 -8.2996e-001 +3.5048e+000 +1.5844e+000 +4.8608e+000 -4.0035e+000 -3.0662e+000 +3.6898e+000 -2.9712e-001 -6.4077e-001 -5.6467e-001 -1.8361e+000 -1.4894e+000
2419 0 +1.196542033e+003 +9.735620332e+002 +9.735620332e+002 +3.9343e+000 +1.6390e+000 +1.9457e+000 +4.2451e-001 -1.4578e+000 -2.5319e+000 +1.7771e+000 -5.1488e+000 -2.4016e+000 +3.8223e+000 +2.7140e+000 +3.6897e+000 -3.0324e+000 -2.3354e+000 +3.8341e+000 -1.1156e-001 -4.5963e-001 +4.3836e-001 -1.4194e+000 -7.7132e-001
3050 0 +1.174674093e+003 +9.516940926e+002 +9.516940926e+002 +3.8958e+000 +1.6918e+000 +1.6353e+000 +4.0238e-001 -1.4531e+000 -2.4279e+000 +1.6348e+000 -4.9184e+000 -2.3401e+000 +3.9422e+000 +2.8142e+000 +3.8553e+000 -2.7893e+000 -2.4827e+000 +3.6424e+000 -1.1716e-001 -3.5769e-001 +5.2753e-001 -1.3503e+000 -4.3707e-001
3392 0 +1.111028828e+003 +8.880488280e+002 +8.880488280e+002 +3.3170e+000 +1.2603e+000 +1.2240e+000 +9.1210e-001 -1.9042e+000 -1.6704e+000 +2.0015e+000 -5.3967e+000 -1.6256e+000 +3.8532e+000 +2.1406e+000 +4.1734e+000 -3.5635e+000 -2.8758e+000 +3.8959e+000 -6.9792e-002 -6.9669e-001 -1.3578e-001 -1.3919e+000 +6.7459e-002
6092 0 +1.084292351e+003 +8.613123507e+002 +8.613123507e+002 +3.8351e+000 +1.5722e+000 +1.5051e+000 +8.6709e-001 -2.5601e+000 -2.3564e+000 +2.1155e+000 -4.9061e+000 -1.8754e+000 +3.4495e+000 +1.9677e+000 +3.4182e+000 -2.8567e+000 -2.8661e+000 +3.8129e+000 +6.3521e-001 -9.1569e-001 -9.8411e-002 -8.2667e-001 -5.7023e-001
% f evaluations | g evaluations | best noise-free fitness - Fopt (5.860000000000e+000) + sum g_i+ | measured fitness | best measured fitness or single-digit g-values | x1 | x2...
1 0 +2.035379515e+003 +2.041239515e+003 +2.041239515e+003 +0.0000e+000 +0.0000e+000 +0.0000e+000 +0.0000e+000 +0.0000e+000 +0.0000e+000 +0.0000e+000 +0.0000e+000 +0.0000e+000 +0.0000e+000 +0.0000e+000 +0.0000e+000 +0.0000e+000 +0.0000e+000 +0.0000e+000 +0.0000e+000 +0.0000e+000 +0.0000e+000 +0.0000e+000 +0.0000e+000
225 0 +1.957102748e+003 +1.962962748e+003 +1.962962748e+003 -1.4464e+000 -1.8838e+000 -2.6847e+000 -9.8080e-001 -9.0695e-001 +4.5079e+000 -2.7221e+000 +1.4196e+000 +1.6555e+000 -2.1693e+000 +1.6910e+000 -8.6317e-001 +1.8342e+000 +3.8144e+000 -1.0156e+000 +3.3004e-001 -3.4831e-001 -2.3780e+000 -4.7846e+000 +2.8005e+000
487 0 +1.747201599e+003 +1.753061599e+003 +1.753061599e+003 -2.4440e+000 -1.1571e+000 -3.3043e+000 -1.3911e+000 -1.9135e+000 +4.5086e+000 -2.2448e+000 +2.2635e+000 +4.8330e-001 -2.8914e+000 +1.3505e-001 -4.3394e-001 +2.3467e+000 +3.0111e+000 -3.7282e-001 +1.1524e+000 +1.1614e+000 -1.4322e+000 -3.8759e+000 +2.9406e+000
491 0 +1.614352027e+003 +1.620212027e+003 +1.620212027e+003 -2.9828e+000 +1.6444e-001 -6.9974e-001 -6.8688e-001 +1.3004e+000 +4.5978e+000 -8.5034e-001 -3.8544e-001 -7.0312e-001 -3.1469e-001 -4.9138e-001 +3.3899e-001 +1.7816e+000 +3.8565e+000 -2.9706e-001 -2.0967e-001 -1.3477e-001 -3.2385e+000 -1.8541e+000 +3.2389e+000
519 0 +1.467498188e+003 +1.473358188e+003 +1.473358188e+003 -2.1861e+000 -4.6067e-001 -1.2046e+000 +1.5816e-001 +7.4958e-001 +3.1500e+000 -7.5668e-001 -6.4357e-001 -2.4295e-001 -6.4178e-001 +1.0578e+000 -6.7347e-001 +1.7743e+000 +3.1304e+000 -3.4175e-001 +6.9436e-001 -3.9469e-001 -1.8427e+000 -2.3837e+000 +2.8090e+000
924 0 +1.426387177e+003 +1.432247177e+003 +1.432247177e+003 -2.3654e+000 -1.7391e-001 -1.8317e+000 +6.1144e-002 -3.0934e-001 +3.2504e+000 -6.1105e-001 -1.4100e+000 +9.7000e-001 -8.2680e-001 +1.0717e+000 -1.8254e-001 +1.1481e+000 +2.6203e+000 -1.3473e+000 +2.0105e-001 -8.5133e-001 -2.1575e+000 -3.0399e+000 +2.7626e+000
1185 0 +1.382764554e+003 +1.388624554e+003 +1.388624554e+003 -2.3599e+000 +5.9329e-002 -1.9527e+000 +6.1859e-002 -7.3498e-001 +3.1527e+000 -7.1698e-001 -1.3381e+000 +1.3241e+000 -1.1865e+000 +9.3398e-001 +2.1541e-001 +1.1771e+000 +2.4412e+000 -1.8270e+000 +1.8308e-001 -7.3211e-001 -2.4577e+000 -3.3662e+000 +2.6932e+000
1250 0 +1.317925954e+003 +1.323785954e+003 +1.323785954e+003 +5.3041e-001 -6.0394e-001 -1.0277e+000 +2.6780e+000 +9.4265e-001 +4.4934e+000 +2.3332e+000 -2.9426e-001 +3.5128e-001 +5.4453e-001 +6.6960e-001 +8.4478e-001 +1.8761e+000 +2.0225e+000 -2.0342e+000 +2.0684e+000 -1.2267e+000 -1.4697e+000 -1.6191e+000 +2.2777e+000
1528 0 +1.271695476e+003 +1.277555476e+003 +1.277555476e+003 -2.1398e+000 -5.7585e-001 +4.5312e-001 +1.8235e+000 +4.6189e-001 +4.6059e+000 +7.9527e-001 -1.4813e+000 -8.0165e-001 -4.0388e-002 -2.1879e-002 +3.4802e-001 +2.6477e+000 +2.1562e+000 -1.7146e+000 +6.8508e-001 +8.3622e-001 -2.8760e+000 -2.8309e-001 +2.0740e+000
1587 0 +1.220017965e+003 +1.225877965e+003 +1.225877965e+003 -8.5666e-001 -4.2112e-002 -2.3044e+000 +1.4933e+000 -1.0189e+000 +4.2716e+000 +1.4707e+000 -4.8993e-001 +1.2766e+000 -9.0871e-001 +3.0158e-001 +1.3017e+000 +1.4033e+000 +1.4254e+000 -2.5761e+000 +1.6368e+000 -6.4427e-001 -1.7332e+000 -2.6518e+000 +2.3658e+000
1671 0 +1.152566850e+003 +1.158426850e+003 +1.158426850e+003 -1.6678e+000 +2.7003e-001 -1.5310e+000 +1.4392e+000 -9.5287e-002 +3.4121e+000 +1.0514e+000 -1.1775e+000 +4.1160e-001 -4.6902e-001 +5.3181e-001 +7.4734e-001 +1.2001e+000 +1.7156e+000 -1.7954e+000 +1.3378e+000 -6.2503e-001 -1.9502e+000 -1.9433e+000 +2.0624e+000
2430 0 +1.142541897e+003 +1.148401897e+003 +1.148401897e+003 -1.4834e+000 +8.0299e-001 -1.2551e+000 +2.0319e+000 +1.9004e-001 +3.8461e+000 +8.2578e-001 -1.6747e+000 +7.4529e-001 -1.0240e+000 +5.4360e-001 +6.2116e-001 +1.8155e+000 +1.5781e+000 -1.5195e+000 +1.4349e+000 -2.0455e-001 -2.0981e+000 -1.9756e+000 +1.8902e+000
2471 0 +1.105417652e+003 +1.111277652e+003 +1.111277652e+003 -2.5682e+000 +6.6263e-001 -1.4921e+000 +1.7859e+000 -9.0173e-001 +3.1865e+000 +3.5664e-001 -5.7735e-001 +7.9300e-001 -6.4571e-001 +4.6701e-001 +4.0443e-001 +1.5527e+000 +1.7623e+000 -2.2931e+000 +4.4390e-001 +8.9011e-003 -2.3906e+000 -2.0416e+000 +1.9958e+000
2965 0 +1.084591024e+003 +1.090451024e+003 +1.090451024e+003 -2.4379e+000 +6.4555e-001 -1.4070e+000 +1.9242e+000 -7.8183e-001 +3.2194e+000 +4.9022e-001 -5.4634e-001 +7.2510e-001 -5.4513e-001 +4.5861e-001 +4.2519e-001 +1.5882e+000 +1.7559e+000 -2.2919e+000 +5.2349e-001 -1.6774e-002 -2.3616e+000 -1.9378e+000 +2.0566e+000
3022 0 +1.062257188e+003 +1.068117188e+003 +1.068117188e+003 -2.4660e+000 +7.4256e-001 -1.2079e+000 +2.6426e+000 -1.1724e+000 +2.8554e+000 +1.1090e+000 -5.1921e-001 +9.4167e-001 -4.2272e-001 +5.0721e-001 +3.4725e-001 +1.9562e+000 +1.0870e+000 -2.3536e+000 +7.0935e-001 +3.2510e-001 -2.1234e+000 -1.4318e+000 +1.9750e+000
3445 0 +8.523760467e+002 +8.582360467e+002 +8.582360467e+002 -1.8265e+000 +1.2678e+000 -8.6435e-001 +3.7517e+000 -1.3704e+000 +2.7690e+000 +1.6410e+000 -1.8353e-001 +6.9033e-001 +1.3561e+000 +2.0730e+000 -7.2168e-002 +2.5371e+000 +1.3356e+000 -2.3810e+000 +1.9359e+000 -1.4082e-001 -4.0165e-001 -1.8752e+000 +5.0000e+000
4071 0 +8.414559399e+002 +8.473159399e+002 +8.473159399e+002 -1.7552e+000 +9.9799e-001 -1.0135e+000 +3.2328e+000 -1.0621e+000 +2.8885e+000 +1.6143e+000 -4.7308e-001 +6.3865e-001 +8.8567e-001 +1.6640e+000 +1.5042e-001 +2.2235e+000 +1.3197e+000 -2.2132e+000 +1.8389e+000 -2.3662e-001 -7.6536e-001 -1.8021e+000 +5.0000e+000
4285 0 +8.268379621e+002 +8.326979621e+002 +8.326979621e+002 -1.2712e+000 +1.2083e+000 -8.9190e-001 +3.1696e+000 -1.0436e+000 +2.8614e+000 +1.2329e+000 -1.4123e-002 +5.8900e-001 +8.8303e-001 +1.9104e+000 +4.7482e-001 +2.5299e+000 +1.6907e+000 -2.4745e+000 +2.2842e+000 -2.8383e-001 -7.3216e-001 -2.4662e+000 +5.0000e+000
6205 0 +8.008979856e+002 +8.067579856e+002 +8.067579856e+002 -1.5294e+000 +1.0515e+000 -1.6953e+000 +2.7064e+000 -1.4611e+000 +2.1113e+000 +1.5701e+000 -4.8193e-001 +3.0605e-001 +6.4430e-001 +2.0267e+000 +9.9280e-001 +2.4103e+000 +1.4240e+000 -1.3460e+000 +2.9790e+000 -3.9976e-001 -1.0131e+000 -1.8761e+000 +5.0000e+000
6671 0 +7.774934861e+002 +7.833534861e+002 +7.833534861e+002 -1.9692e+000 +1.1909e+000 -1.4742e+000 +3.0770e+000 -1.6857e+000 +2.2544e+000 +1.3828e+000 -2.8817e-001 +5.6482e-001 +7.3923e-001 +2.0105e+000 +5.6682e-001 +2.5051e+000 +1.3886e+000 -1.7784e+000 +2.3324e+000 -1.2184e-001 -1.0201e+000 -1.8947e+000 +5.0000e+000
7991 0 +7.666122027e+002 +7.724722027e+002 +7.724722027e+002 -1.6663e+000 +1.1641e+000 -1.3792e+000 +2.9335e+000 -1.3582e+000 +2.2853e+000 +1.5185e+000 -3.5649e-001 +3.7772e-001 +7.4621e-001 +1.8755e+000 +7.7402e-001 +2.5005e+000 +1.4495e+000 -1.6288e+000 +2.5795e+000 -2.6076e-001 -1.0956e+000 -1.7878e+000 +4.8594e+000
% f evaluations | g evaluations | best noise-free fitness - Fopt (2.048600000000e+002) + sum g_i+ | measured fitness | best measured fitness or single-digit g-values | x1 | x2...
1 0 +2.458315161e+003 +2.663175161e+003 +2.663175161e+003 +0.0000e+000 +0.0000e+000 +0.0000e+000 +0.0000e+000 +0.0000e+000 +0.0000e+000 +0.0000e+000 +0.0000e+000 +0.0000e+000 +0.0000e+000 +0.0000e+000 +0.0000e+000 +0.0000e+000 +0.0000e+000 +0.0000e+000 +0.0000e+000 +0.0000e+000 +0.0000e+000 +0.0000e+000 +0.0000e+000
49 0 +2.439243850e+003 +2.644103850e+003 +2.644103850e+003 -3.9748e+000 +2.4623e+000 -2.3024e+000 -4.2935e+000 -4.1136e+000 +3.3725e+000 +2.0249e+000 +1.9210e+000 +3.9119e+000 -1.5852e+000 +2.6314e+000 +4.0860e+000 +2.4451e-001 +2.2448e+000 +6.3035e-001 -1.6546e+000 -4.5368e+000 +1.2401e+000 -2.5647e+000 -1.4651e+000
54 0 +2.265983997e+003 +2.470843997e+003 +2.470843997e+003 +4.0459e+000 +3.0361e+000 -3.5288e+000 -3.8477e-001 -1.3753e+000 -6.1435e-001 -2.1051e+000 +1.5091e+000 +2.0729e+000 +2.5635e+000 +3.1508e+000 +1.3980e+000 +4.9559e+000 -4.0284e+000 -2.0131e+000 +1.1258e+000 +2.7995e+000 +4.9397e+000 -3.2017e+000 +3.9792e+000
75 0 +2.118852740e+003 +2.323712740e+003 +2.323712740e+003 -3.7105e+000 +2.0632e+000 -6.2117e-001 -1.1243e+000 -1.0358e+000 +4.4568e+000 +1.5010e+000 +1.3301e+000 +4.2650e+000 +2.5225e+000 -2.4071e-001 +3.5855e+000 +4.0180e+000 +1.8331e+000 -2.7216e+000 -4.5132e+000 -4.9063e+000 +3.6745e+000 -4.1017e+000 -3.1179e+000
260 0 +2.048459343e+003 +2.253319343e+003 +2.253319343e+003 -4.3553e+000 +3.6573e+000 -2.4089e+000 -4.9635e-001 +1.0266e-001 +3.1764e+000 +1.9051e-001 -1.2147e-001 +5.8740e+000 +2.4538e+000 -6.6658e-001 +2.1806e+000 +4.1205e+000 +1.7830e+000 -2.9480e+000 -3.6535e+000 -4.3479e+000 +1.6892e+000 -3.6982e+000 -1.4034e+000
288 0 +2.026999086e+003 +2.231859086e+003 +2.231859086e+003 -9.0130e-001 +1.3681e+000 +1.1137e+000 -2.3086e+000 -3.4718e+000 +3.6394e+000 -2.6879e-001 +2.0496e+000 +5.9950e+000 +5.0681e+000 -9.0449e-001 +3.7446e+000 +4.0472e+000 +5.8247e-001 -1.2905e+000 -7.0668e+000 -1.8918e+000 +2.4434e+000 -2.0817e+000 -1.3397e+000
328 0 +1.966615211e+003 +2.171475211e+003 +2.171475211e+003 -1.0834e+000 +3.2773e-001 -8.9827e-001 -8.7636e-001 -2.8881e+000 +4.2936e+000 +3.7853e-001 +1.4683e+000 +6.6404e+000 +3.3022e+000 +2.7197e-001 +2.4314e+000 +4.2469e+000 +2.8143e+000 -2.0136e+000 -6.2995e+000 -3.2456e+000 +2.6553e+000 -1.3110e+000 -2.8259e+000
738 0 +1.897740486e+003 +2.102600486e+003 +2.102600486e+003 -1.2458e+000 +2.2535e-001 -1.1483e+000 -6.5229e-001 -2.4489e+000 +3.8488e+000 +1.5364e-001 +1.2837e+000 +6.5285e+000 +3.1214e+000 +9.7877e-002 +2.3897e+000 +4.2725e+000 +2.7835e+000 -2.0737e+000 -6.0301e+000 -3.3130e+000 +2.2310e+000 -1.1683e+000 -2.7610e+000
796 0 +1.605901361e+003 +1.810761361e+003 +1.810761361e+003 -2.6889e+000 +8.4811e-001 +2.7966e-001 -9.8696e-001 -1.9503e+000 +3.0827e+000 +8.4241e-001 +1.1198e+000 +4.7856e+000 +2.1997e+000 -7.5285e-001 +2.7955e+000 +3.8049e+000 +1.1443e+000 -1.5639e+000 -4.6496e+000 -3.6053e+000 +2.0683e+000 -2.0755e+000 +5.0000e+000
919 0 +1.573758409e+003 +1.778618409e+003 +1.778618409e+003 -1.8115e+000 -2.9203e-001 +5.7754e-001 -1.3508e+000 -3.0187e+000 +3.4596e+000 +1.1998e+000 +2.8083e+000 +4.6576e+000 +2.9565e+000 +1.1292e+000 +1.8364e+000 +2.2040e+000 +4.3787e-001 -1.4837e+000 -6.2778e+000 -1.9151e+000 +2.4563e+000 -1.0759e+000 +2.5001e+000
990 0 +1.449525466e+003 +1.654385466e+003 +1.654385466e+003 -1.8489e+000 +2.8432e-003 -9.6046e-001 -2.6804e-001 -2.6636e+000 +2.4354e+000 -3.1928e-001 +1.0215e+000 +3.8647e+000 +2.8557e+000 -9.0932e-001 +3.6934e+000 +4.2901e+000 +1.2296e+000 -1.1799e+000 -4.6212e+000 -2.6592e+000 +2.1227e+000 -1.2679e+000 +5.0000e+000
1184 0 +1.409245224e+003 +1.614105224e+003 +1.614105224e+003 -1.3851e+000 +2.9325e-001 -6.0960e-001 -4.0692e-001 -2.7069e+000 +2.8858e+000 -9.0738e-001 +1.3056e+000 +3.9076e+000 +2.6663e+000 -7.5712e-001 +4.9568e+000 +5.0665e+000 +6.7358e-001 -1.5300e+000 -5.8606e+000 -2.6284e+000 +1.9166e+000 -8.0018e-001 +4.2547e+000
1265 0 +1.349317095e+003 +1.554177095e+003 +1.554177095e+003 -1.5507e+000 -2.5080e-001 -1.2299e+000 -1.7964e-001 -2.9074e+000 +2.9096e+000 -1.1877e+000 +1.1644e+000 +3.3265e+000 +2.6165e+000 -8.3623e-001 +4.2560e+000 +4.5089e+000 +1.3791e+000 -1.2897e+000 -4.5913e+000 -1.9349e+000 +1.8962e+000 -6.3525e-001 +5.0000e+000
1606 0 +1.309775394e+003 +1.514635394e+003 +1.514635394e+003 -1.2248e+000 -1.2100e+000 -1.4622e+000 +4.0148e-001 -3.0811e+000 +2.4890e+000 -1.6291e+000 +1.4359e+000 +3.0383e+000 +2.1861e+000 -3.1605e-001 +3.9320e+000 +3.6658e+000 +1.6678e+000 -8.1382e-001 -3.9201e+000 -1.1532e+000 +8.0254e-001 +9.2925e-001 +5.0000e+000
1668 0 +1.284604601e+003 +1.489464601e+003 +1.489464601e+003 -1.3937e+000 -1.7060e-001 -1.3266e+000 +8.6663e-002 -2.7018e+000 +3.1272e+000 -9.7553e-001 +1.4872e+000 +3.3887e+000 +2.2720e+000 -8.5495e-001 +3.6554e+000 +4.0802e+000 +1.0910e+000 -1.4169e+000 -4.1014e+000 -1.9538e+000 +1.5368e+000 -5.5381e-001 +5.0000e+000
1724 0 +1.254693678e+003 +1.459553678e+003 +1.459553678e+003 -1.5226e+000 -2.0785e-001 -1.0350e+000 -1.0612e-001 -2.9072e+000 +2.9618e+000 -1.1668e+000 +1.3237e+000 +3.4529e+000 +2.4264e+000 -9.2979e-001 +4.2461e+000 +4.3891e+000 +1.0702e+000 -1.2879e+000 -4.6850e+000 -1.8465e+000 +1.6641e+000 -5.1623e-001 +1.5117e+000
2192 0 +1.229723259e+003 +1.434583259e+003 +1.434583259e+003 -8.5158e-001 -2.5367e-001 -1.8922e+000 +5.6120e-002 -2.4630e+000 +4.0980e+000 -2.1364e+000 +1.5873e+000 +2.4882e+000 +1.6698e+000 -3.3928e-001 +4.4886e+000 +4.0444e+000 +1.1160e+000 -2.2339e+000 -4.1592e+000 -1.7035e+000 +1.6850e+000 +1.4022e-001 +5.0000e+000
2399 0 +1.173533045e+003 +1.378393045e+003 +1.378393045e+003 -1.5392e+000 +4.0104e-001 -1.7580e+000 +8.8091e-001 -2.9147e+000 +5.0873e+000 -2.3915e+000 +4.9613e-001 +3.4052e+000 +9.6891e-001 +6.3055e-001 +2.7804e+000 +4.6369e+000 +9.5511e-001 -1.6794e+000 -5.4929e+000 -1.6905e+000 +9.6342e-001 -1.0313e-001 +5.0000e+000
2701 0 +1.045508041e+003 +1.250368041e+003 +1.250368041e+003 -1.2172e+000 +9.3817e-002 -1.8492e+000 +5.0115e-001 -2.6929e+000 +4.6260e+000 -2.2704e+000 +1.0067e+000 +2.9530e+000 +1.2958e+000 +1.8303e-001 +3.5714e+000 +4.3325e+000 +1.0429e+000 -1.9588e+000 -4.8166e+000 -1.7215e+000 +1.3225e+000 -4.1350e-003 +2.1591e+000
3801 0 +9.770329780e+002 +1.181892978e+003 +1.181892978e+003 -1.1295e+000 +2.5090e-001 -1.9812e+000 +8.1112e-001 -3.4047e+000 +4.2455e+000 -2.5026e+000 +8.3682e-001 +3.4807e+000 +1.5697e+000 +8.9915e-001 +2.8214e+000 +3.7673e+000 +9.5171e-001 -1.9862e+000 -4.5272e+000 -1.9811e+000 +1.3741e+000 -2.8303e-001 +2.4350e+000
5320 0 +9.141572673e+002 +1.119017267e+003 +1.119017267e+003 -7.7830e-001 -8.0735e-002 -1.5575e+000 +8.0283e-001 -3.8965e+000 +3.8639e+000 -3.0971e+000 +9.6170e-001 +3.2535e+000 +1.4939e+000 +1.5074e+000 +2.3403e+000 +3.0014e+000 -4.7510e-002 -1.5713e+000 -4.3217e+000 -1.0018e+000 +8.3839e-001 +1.9144e-001 +3.5107e+000
5512 0 +9.070486001e+002 +1.111908600e+003 +1.111908600e+003 -7.0791e-001 -3.8679e-002 -1.4371e+000 +8.5024e-001 -3.7816e+000 +3.5107e+000 -3.0266e+000 +8.5579e-001 +3.1582e+000 +1.5407e+000 +1.5341e+000 +2.2779e+000 +2.8754e+000 -1.6686e-002 -1.4944e+000 -4.2783e+000 -9.7135e-001 +8.4354e-001 +1.7204e-001 +3.4332e+000
6592 0 +8.878810908e+002 +1.092741091e+003 +1.092741091e+003 -9.0282e-001 -1.1144e-001 -1.5266e+000 +8.9399e-001 -3.8310e+000 +3.7327e+000 -2.8874e+000 +9.2483e-001 +3.1552e+000 +1.5431e+000 +1.5700e+000 +2.5521e+000 +3.0211e+000 -9.7196e-002 -1.5869e+000 -4.1443e+000 -8.3489e-001 +9.7469e-001 +2.8000e-001 +3.5232e+000
7194 0 +8.707030168e+002 +1.075563017e+003 +1.075563017e+003 -1.0398e+000 -1.5867e-001 -1.4929e+000 +9.2311e-001 -3.7881e+000 +3.7454e+000 -2.7174e+000 +1.0506e+000 +3.0491e+000 +1.6947e+000 +1.5139e+000 +2.8188e+000 +3.0547e+000 -9.9431e-002 -1.5679e+000 -3.9370e+000 -6.2163e-001 +1.1771e+000 +3.9076e-001 +3.5529e+000
7674 0 +8.421336864e+002 +1.046993686e+003 +1.046993686e+003 -5.4661e-001 +1.7416e-001 -1.5267e+000 +1.0525e+000 -4.3423e+000 +3.4113e+000 -3.1667e+000 +6.8116e-001 +2.2239e+000 +1.0003e+000 +1.9249e+000 +2.3189e+000 +2.5165e+000 -7.1253e-001 -1.5313e+000 -4.0222e+000 -8.0111e-001 +1.0863e+000 +7.0347e-003 +3.3553e+000
% f evaluations | g evaluations | best noise-free fitness - Fopt (1.154900000000e+002) + sum g_i+ | measured fitness | best measured fitness or single-digit g-values | x1 | x2...
1 0 +2.208575895e+003 +2.324065895e+003 +2.324065895e+003 +0.0000e+000 +0.0000e+000 +0.0000e+000 +0.0000e+000 +0.0000e+000 +0.0000e+000 +0.0000e+000 +0.0000e+000 +0.0000e+000 +0.0000e+000 +0.0000e+000 +0.0000e+000 +0.0000e+000 +0.0000e+000 +0.0000e+000 +0.0000e+000 +0.0000e+000 +0.0000e+000 +0.0000e+000 +0.0000e+000
4 0 +2.180299128e+003 +2.295789128e+003 +2.295789128e+003 -1.4447e+000 +2.6714e+000 +3.1605e+000 -2.0587e+000 +4.4900e+000 -4.3346e+000 -5.8793e-001 -4.7331e+000 +7.7948e-001 +3.6219e+000 -4.0566e+000 +9.0193e-001 -4.6820e+000 -2.3950e+000 -1.3759e+000 +3.1136e+000 -2.2804e+000 +1.1408e+000 -3.1885e+000 -2.3957e-001
45 0 +2.031038415e+003 +2.146528415e+003 +2.146528415e+003 +1.1385e+000 +5.5997e-001 -7.2238e-001 -2.6104e+000 -1.9973e+000 -1.6389e-001 +4.2156e+000 -2.5935e+000 +2.3322e+000 -6.1789e-001 -2.8276e-001 -2.2992e+000 -1.5900e+000 -1.7100e+000 -1.2710e+000 -3.9628e+000 -1.9290e-001 -1.4579e+000 +2.9593e+000 +1.9243e+000
209 0 +1.941360425e+003 +2.056850425e+003 +2.056850425e+003 -1.1438e-001 +1.3114e+000 +1.8456e+000 -4.2036e+000 -2.4402e+000 +9.3230e-002 +3.6234e+000 -2.0841e-001 +2.1800e+000 -9.8542e-001 +5.1669e-001 -4.0282e+000 -9.4742e-001 +8.9847e-001 -2.0312e+000 -1.0106e+000 +1.7477e+000 -9.0390e-001 +1.5878e+000 +1.1007e+000
283 0 +1.817469888e+003 +1.932959888e+003 +1.932959888e+003 -1.4695e+000 +2.3484e+000 +1.7446e+000 -2.1650e+000 -1.9487e-001 +1.3575e+000 +2.8164e+000 +1.0741e+000 -3.1839e-001 +1.2061e+000 -2.6870e+000 -5.5108e-001 -5.1513e-001 -1.7672e+000 -1.7577e+000 -4.4161e+000 +2.8964e+000 -2.6416e+000 -1.0605e+000 +1.1694e+000
426 0 +1.773972118e+003 +1.889462118e+003 +1.889462118e+003 -1.4859e+000 +1.8882e+000 -1.1927e+000 -2.4924e+000 +1.9455e-001 -9.7867e-001 +2.2318e+000 -1.9030e+000 +6.8965e-001 +6.6103e-001 -1.3489e+000 -1.4339e+000 +5.0189e-001 -1.5899e+000 -6.0784e-001 -4.0306e+000 +2.1028e+000 -1.9880e+000 +2.2300e+000 +1.6268e+000
434 0 +1.531859811e+003 +1.647349811e+003 +1.647349811e+003 -1.4534e+000 +1.3285e+000 +9.7544e-001 -2.0398e+000 +6.0216e-002 -4.3942e-001 +3.1086e+000 -2.8470e-001 +1.9231e+000 +5.6715e-001 -2.1226e+000 -2.1799e+000 -3.5580e-001 -8.6058e-001 -1.4010e+000 -4.0780e+000 +1.9588e+000 -2.4410e+000 +1.1249e+000 +1.8922e+000
818 0 +1.418770372e+003 +1.534260372e+003 +1.534260372e+003 -2.9775e+000 +1.7552e+000 +1.4450e+000 -3.3044e+000 +7.1930e-001 -7.8959e-001 +2.8030e+000 -3.6950e-001 +1.7507e+000 +5.8819e-001 -2.0782e+000 -2.4653e+000 +4.0158e-001 +9.4251e-001 -2.9383e+000 -3.5587e+000 +2.3646e+000 -1.2352e+000 +5.8977e-001 +2.1043e+000
1298 0 +1.396454032e+003 +1.511944032e+003 +1.511944032e+003 -2.5088e+000 +1.4614e+000 +1.0409e+000 -2.8735e+000 +8.6384e-001 -8.2315e-001 +2.9279e+000 -3.1948e-001 +2.0537e+000 +8.5292e-001 -2.1733e+000 -2.8037e+000 +5.2797e-001 +7.7191e-001 -2.8003e+000 -3.2158e+000 +2.6122e+000 -1.7012e+000 +4.8943e-001 +1.9602e+000
1366 0 +1.373516284e+003 +1.489006284e+003 +1.489006284e+003 -2.1455e+000 +1.6721e+000 +1.7935e+000 -2.6404e+000 +1.9178e-001 -1.8910e-001 +3.1392e+000 -5.0921e-001 +2.2038e+000 +4.5092e-001 -2.1545e+000 -2.5836e+000 -3.9911e-001 -7.5326e-001 -3.0124e+000 -4.3191e+000 +2.3232e+000 -2.4729e+000 +3.6894e-001 +1.9952e+000
1411 0 +1.347852341e+003 +1.463342341e+003 +1.463342341e+003 -1.3591e+000 +9.1296e-001 +2.3485e+000 -2.9253e+000 +8.3391e-001 +5.7142e-001 +4.0747e+000 -7.4004e-001 +1.9905e+000 +6.4287e-001 -2.8010e+000 -2.0009e+000 -1.5059e+000 +6.1654e-002 -2.3089e+000 -3.8100e+000 +1.5241e+000 -1.7111e+000 +8.8424e-002 +2.4175e+000
1634 0 +1.307819697e+003 +1.423309697e+003 +1.423309697e+003 -1.1450e+000 +1.1278e+000 +1.3500e+000 -3.2314e+000 +8.6340e-001 +1.6137e-001 +3.9033e+000 -1.2827e+000 +1.4696e+000 +6.4002e-001 -2.5306e+000 -1.8731e+000 -1.1861e+000 +8.9552e-001 -1.7994e+000 -2.8259e+000 +9.6016e-001 -6.4418e-001 +9.6194e-001 +2.2651e+000
2107 0 +1.249902207e+003 +1.365392207e+003 +1.365392207e+003 -2.2633e+000 +1.2668e+000 +1.3269e+000 -3.8188e+000 +1.0128e+000 +3.6476e-003 +3.7817e+000 -8.9543e-001 +1.3650e+000 +1.2655e+000 -2.8145e+000 -1.6519e+000 -9.1563e-001 +9.5233e-001 -2.3655e+000 -3.0069e+000 +1.8392e+000 -1.2809e+000 +6.7612e-001 +1.8952e+000
2160 0 +1.189451667e+003 +1.304941667e+003 +1.304941667e+003 -1.4709e+000 +1.7824e+000 +2.4878e+000 -3.6225e+000 +2.1260e+000 +1.2662e+000 +4.2591e+000 -8.9391e-001 +9.7052e-001 +1.0832e+000 -3.1739e+000 -1.6060e+000 -1.4488e+000 +2.0090e+000 -2.0992e+000 -2.2269e+000 +5.9671e-001 -5.3921e-001 +1.3258e-001 -1.3527e-001
2422 0 +1.129133145e+003 +1.244623145e+003 +1.244623145e+003 -1.2679e+000 +8.4915e-001 +1.4061e+000 -3.9057e+000 +1.8321e+000 +4.9413e-001 +3.8977e+000 -1.6098e+000 +1.4893e+000 +4.9231e-001 -3.0904e+000 -2.7959e+000 -1.6679e+000 +1.2981e+000 -2.8459e+000 -2.3834e+000 +1.1334e+000 -3.5255e-001 +7.8810e-001 +2.5944e-001
2870 0 +1.071144966e+003 +1.186634966e+003 +1.186634966e+003 -1.2663e+000 +1.0521e+000 +1.9331e+000 -3.4590e+000 +1.9881e+000 +7.5221e-001 +4.1447e+000 -1.4761e+000 +1.4748e+000 +6.4398e-001 -3.0621e+000 -2.5558e+000 -1.6746e+000 +1.0906e+000 -2.5492e+000 -2.5610e+000 +1.1484e+000 -5.6043e-001 +7.2354e-001 +1.4305e-001
3787 0 +1.039831997e+003 +1.155321997e+003 +1.155321997e+003 -1.9825e+000 +9.8566e-001 +2.0426e+000 -3.5377e+000 +1.6651e+000 +6.1046e-001 +4.6424e+000 -1.3396e+000 +2.1530e+000 +5.8125e-001 -3.1824e+000 -3.0756e+000 -1.4267e+000 +1.0546e+000 -2.8173e+000 -3.0302e+000 +1.3378e+000 -6.6984e-001 +4.8192e-001 +2.5729e-001
5498 0 +9.914983719e+002 +1.106988372e+003 +1.106988372e+003 -1.6938e+000 +9.6437e-001 +2.1801e+000 -3.0717e+000 +1.3014e+000 +6.9155e-001 +4.7980e+000 -1.8874e+000 +2.0903e+000 +2.7817e-001 -2.9491e+000 -3.0503e+000 -1.9122e+000 +1.8078e-001 -2.4912e+000 -3.4786e+000 +1.1505e+000 -4.0375e-001 +1.2098e+000 -7.2660e-001
5969 0 +9.768332666e+002 +1.092323267e+003 +1.092323267e+003 -1.7378e+000 +7.6766e-001 +2.7172e+000 -3.4827e+000 +1.6356e+000 +1.0139e+000 +4.7023e+000 -1.6708e+000 +2.4186e+000 +6.2959e-001 -3.1200e+000 -2.7249e+000 -1.9725e+000 +6.0808e-001 -2.4711e+000 -2.9050e+000 +1.4848e+000 -4.0307e-001 +9.6418e-001 -2.0904e-001
6577 0 +9.515883528e+002 +1.067078353e+003 +1.067078353e+003 -1.4688e+000 +1.0177e+000 +2.0393e+000 -3.0284e+000 +1.8850e+000 +6.1300e-001 +4.4502e+000 -1.7406e+000 +2.1451e+000 +4.7548e-001 -2.6895e+000 -2.5107e+000 -1.3730e+000 +4.8232e-001 -2.1952e+000 -3.0186e+000 +1.1394e+000 -2.6197e-001 +8.5555e-001 -1.3992e+000
7057 0 +9.189853068e+002 +1.034475307e+003 +1.034475307e+003 -1.6998e+000 +8.4604e-001 +2.9717e+000 -3.2493e+000 +1.6236e+000 +1.1649e+000 +5.0012e+000 -2.0342e+000 +2.6142e+000 +8.3261e-001 -2.9252e+000 -2.6173e+000 -2.1450e+000 +1.9490e-001 -2.0412e+000 -2.7838e+000 +1.6268e+000 +1.5419e-001 +1.3555e+000 -7.2440e-001
7457 0 +9.087459236e+002 +1.024235924e+003 +1.024235924e+003 -1.3837e+000 +9.5285e-001 +2.5926e+000 -3.2650e+000 +1.8467e+000 +1.1326e+000 +4.7682e+000 -2.2709e+000 +2.2103e+000 +1.0701e+000 -2.7688e+000 -2.4769e+000 -2.2031e+000 +3.1338e-001 -1.8452e+000 -2.2049e+000 +1.5480e+000 +5.9828e-001 +1.5517e+000 -7.9510e-001
8869 0 +8.821923623e+002 +9.976823623e+002 +9.976823623e+002 -1.4172e+000 +9.0283e-001 +2.6876e+000 -2.6649e+000 +1.3838e+000 +8.9148e-001 +4.7904e+000 -1.8232e+000 +2.5984e+000 +1.2151e+000 -2.4411e+000 -2.0722e+000 -1.7573e+000 -2.5314e-001 -1.4580e+000 -2.8406e+000 +1.6966e+000 +6.7302e-002 +9.8750e-001 -1.3622e+000
9999 0 +8.364686096e+002 +9.519586096e+002 +9.519586096e+002 -2.4937e+000 +1.1744e+000 +2.8858e+000 -3.8111e+000 +3.0867e+000 +9.9547e-001 +4.8234e+000 -1.2825e+000 +2.4286e+000 +1.9598e+000 -3.5829e+000 -1.7795e+000 -9.9379e-001 -1.1375e-001 -2.3769e+000 -3.5031e+000 +2.0767e+000 +7.5337e-002 +3.4942e-001 -1.4972e+000
% f evaluations | g evaluations | best noise-free fitness - Fopt (1.950500000000e+002) + sum g_i+ | measured fitness | best measured fitness or single-digit g-values | x1 | x2...
1 0 +2.659647342e+003 +2.854697342e+003 +2.854697342e+003 +0.0000e+000 +0.0000e+000 +0.0000e+000 +0.0000e+000 +0.0000e+000 +0.0000e+000 +0.0000e+000 +0.0000e+000 +0.0000e+000 +0.0000e+000 +0.0000e+000 +0.0000e+000 +0.0000e+000 +0.0000e+000 +0.0000e+000 +0.0000e+000 +0.0000e+000 +0.0000e+000 +0.0000e+000 +0.0000e+000
6 0 +2.149359189e+003 +2.344409189e+003 +2.344409189e+003 +1.4741e+000 +5.5916e-002 +1.7397e+000 -3.7946e+000 +9.2463e-001 +1.0230e+000 +1.3093e+000 +4.4667e+000 +1.5732e+000 -1.5035e+000 +2.6859e+000 +4.7877e+000 +2.1882e+000 -3.2967e+000 +1.1591e+000 -1.9826e+000 +7.4194e-001 +1.1774e-001 +3.9739e+000 +1.9530e+000
206 0 +1.892542143e+003 +2.087592143e+003 +2.087592143e+003 -6.2522e-001 +2.1935e+000 +1.3472e+000 -3.9097e+000 -2.6392e-001 +1.0312e+000 +1.0737e-001 +5.3111e+000 +3.5417e+000 -1.1752e+000 +2.5660e+000 +2.6300e+000 +6.9542e-002 -1.4158e+000 -1.0665e+000 -1.2755e+000 -1.2967e+000 -1.7535e+000 +5.0074e+000 +1.1623e+000
446 0 +1.846608990e+003 +2.041658990e+003 +2.041658990e+003 -7.3461e-001 +1.6612e+000 +1.0290e+000 -4.6309e+000 +3.6482e-001 +3.9662e-001 -2.8645e-001 +5.3258e+000 +3.2490e+000 -5.7432e-001 +1.9859e+000 +3.1409e+000 +2.2268e-001 -1.8241e+000 -1.6254e+000 -1.5745e+000 -1.4077e+000 -1.2174e+000 +4.7435e+000 +8.8498e-001
630 0 +1.773907933e+003 +1.968957933e+003 +1.968957933e+003 -3.8282e-002 +1.6590e+000 +5.6861e-001 -4.6132e+000 +1.7020e+000 -5.5543e-001 +4.4217e-001 +4.8129e+000 +1.7885e+000 -8.1032e-001 +2.0556e+000 +3.0927e+000 +7.5525e-001 -2.8418e+000 -1.0879e+000 -1.5508e+000 -5.2861e-001 +3.1363e-001 +3.1420e+000 -2.1619e+000
720 0 +1.571437822e+003 +1.766487822e+003 +1.766487822e+003 +1.4907e+000 +2.2467e+000 +1.2313e-001 -2.8225e+000 +3.9565e-001 -1.3443e+000 -1.3723e+000 +4.6624e+000 +1.1736e-001 -2.1070e+000 +2.6210e+000 +1.0741e+000 +7.5724e-001 -3.1084e+000 -2.5929e-001 -3.2153e-001 +4.5566e-001 -5.1757e-001 +2.1635e+000 -2.4253e+000
827 0 +1.445890347e+003 +1.640940347e+003 +1.640940347e+003 +2.9671e-001 +3.1017e+000 +1.2117e+000 -2.6694e+000 +4.4121e-001 -9.4643e-001 -1.3301e+000 +4.9736e+000 -8.1151e-002 -2.4053e+000 +2.8985e+000 +3.0335e+000 +1.4412e+000 -3.5286e+000 -7.2152e-001 -1.6894e+000 +1.6849e+000 +6.0103e-002 +3.5351e+000 +1.3220e-001
938 0 +1.427134485e+003 +1.622184485e+003 +1.622184485e+003 +4.9406e-001 +3.6179e+000 +4.9602e-001 -2.1476e+000 +3.4652e-001 -8.8568e-001 -1.6216e+000 +4.6405e+000 +3.7105e-002 -2.1284e+000 +3.0865e+000 +2.1037e+000 +1.0062e+000 -3.0730e+000 -6.5027e-001 -1.3243e+000 +1.5319e+000 +1.1295e-001 +3.1901e+000 -6.9431e-001
1662 0 +1.359429627e+003 +1.554479627e+003 +1.554479627e+003 +8.4083e-001 +2.7356e+000 -6.7908e-001 -3.0967e+000 +2.8207e-001 -2.7885e-001 -5.7588e-001 +5.7416e+000 -2.2949e-001 -2.0691e+000 +3.2355e+000 +1.8588e+000 +1.6325e+000 -1.6726e+000 -2.1081e+000 -1.4927e+000 +1.8301e+000 +3.4746e-001 +4.0160e+000 +1.2229e+000
1876 0 +1.198003714e+003 +1.393053714e+003 +1.393053714e+003 +1.8631e+000 +3.5128e+000 -1.8524e+000 -3.5780e+000 +9.7740e-002 -1.0557e+000 -1.0860e+000 +6.0419e+000 +1.0754e+000 -1.9785e+000 +3.8610e+000 +1.4142e+000 +1.9496e+000 -1.9214e+000 -3.2040e+000 -1.4953e+000 +6.4368e-001 -4.5179e-001 +5.0269e+000 +6.0181e-001
1920 0 +1.135664155e+003 +1.330714155e+003 +1.330714155e+003 +1.7996e+000 +3.2384e+000 -1.2507e+000 -2.7438e+000 -2.7119e-001 -1.4741e+000 -1.5216e+000 +6.3266e+000 -1.9517e-001 -2.5749e+000 +3.5987e+000 +1.4026e+000 +2.0419e+000 -2.4387e+000 -3.0127e+000 -1.2942e+000 +1.3454e+000 -2.6814e-001 +4.5790e+000 +2.5845e-001
2176 0 +1.088769504e+003 +1.283819504e+003 +1.283819504e+003 +1.8783e+000 +3.6088e+000 -1.4446e+000 -2.4286e+000 -3.3206e-001 -1.6311e+000 -1.8288e+000 +6.2710e+000 -3.5807e-005 -2.4952e+000 +3.6449e+000 +1.5060e+000 +2.1348e+000 -2.5120e+000 -3.2213e+000 -1.6674e+000 +1.0698e+000 -3.8715e-001 +4.8392e+000 +1.0708e-001
2808 0 +1.066537178e+003 +1.261587178e+003 +1.261587178e+003 +1.0306e+000 +2.6635e+000 -6.1517e-001 -1.4903e+000 -1.7558e-001 -1.8055e+000 -2.8686e+000 +6.1163e+000 -3.0250e-001 -2.2632e+000 +3.3403e+000 +1.4400e+000 +2.3369e+000 -2.3347e+000 -1.7350e+000 -1.5768e+000 +1.9101e+000 -4.6443e-001 +3.8388e+000 -4.5304e-002
3160 0 +1.044360131e+003 +1.239410131e+003 +1.239410131e+003 +1.8599e+000 +3.6544e+000 -1.1690e+000 -2.4157e+000 -1.8915e-001 -1.5262e+000 -2.0517e+000 +5.6821e+000 +8.5670e-002 -2.4525e+000 +3.7173e+000 +1.5508e+000 +2.0350e+000 -2.6169e+000 -2.6895e+000 -1.6492e+000 +1.1800e+000 -3.7385e-001 +4.5143e+000 +1.3511e-001
3308 0 +9.786002106e+002 +1.173650211e+003 +1.173650211e+003 +1.9483e+000 +3.3808e+000 -8.8014e-001 -2.0280e+000 -3.5440e-001 -1.5162e+000 -2.3764e+000 +5.6411e+000 -1.3140e-001 -2.4385e+000 +3.8595e+000 +1.5816e+000 +2.3996e+000 -2.5034e+000 -2.0596e+000 -1.7995e+000 +1.6918e+000 -5.5013e-001 +4.3400e+000 -1.1605e-001
3586 0 +9.697546685e+002 +1.164804669e+003 +1.164804669e+003 +2.2180e+000 +3.3705e+000 -7.1378e-001 -1.7902e+000 -7.8014e-001 -1.1629e+000 -2.3562e+000 +5.6197e+000 -3.5949e-001 -2.2317e+000 +4.1087e+000 +1.7921e+000 +2.4389e+000 -2.4912e+000 -2.2367e+000 -1.8033e+000 +2.0799e+000 -2.9814e-001 +4.7720e+000 +2.7631e-001
3776 0 +9.269612161e+002 +1.122011216e+003 +1.122011216e+003 +2.2178e+000 +3.9863e+000 -1.7403e+000 -1.6749e+000 -8.1148e-001 -1.2020e+000 -2.6701e+000 +5.6232e+000 +9.0905e-001 -1.3823e+000 +4.3149e+000 +1.8769e+000 +2.5548e+000 -2.0263e+000 -3.2115e+000 -2.5281e+000 +1.0760e+000 -5.7883e-001 +5.7547e+000 +4.5352e-001
4632 0 +9.071837947e+002 +1.102233795e+003 +1.102233795e+003 +2.8598e+000 +3.7532e+000 -2.1841e+000 -4.1833e-001 -1.4649e+000 -1.9950e+000 -2.0913e+000 +6.2231e+000 +9.9781e-001 -1.6328e+000 +3.3474e+000 +1.6759e+000 +1.7616e+000 -3.2908e+000 -3.1719e+000 -2.6115e+000 +1.9210e+000 -1.4695e+000 +6.2669e+000 +2.2482e-001
4794 0 +8.158086832e+002 +1.010858683e+003 +1.010858683e+003 +1.6813e+000 +3.6406e+000 -1.6072e+000 +4.3798e-002 -1.3448e+000 -1.6489e+000 -2.9704e+000 +5.3330e+000 +1.3691e+000 -1.4049e+000 +2.8412e+000 +1.8136e+000 +2.1044e+000 -2.5206e+000 -3.4428e+000 -2.6839e+000 +1.3580e+000 -1.2161e+000 +5.8752e+000 +1.8758e-001
5511 0 +8.071783013e+002 +1.002228301e+003 +1.002228301e+003 +1.2387e+000 +3.5230e+000 -1.5857e+000 +3.1633e-001 -1.2439e+000 -1.8904e+000 -2.5818e+000 +5.2465e+000 +1.3776e+000 -1.4359e+000 +2.4487e+000 +1.6324e+000 +1.7146e+000 -2.5948e+000 -3.0921e+000 -2.4802e+000 +1.6588e+000 -1.5652e+000 +5.6193e+000 -1.7545e-001
8188 0 +7.761127996e+002 +9.711627996e+002 +9.711627996e+002 +1.3382e+000 +3.3299e+000 -1.7820e+000 +5.9114e-001 -1.4462e+000 -2.0739e+000 -2.7243e+000 +5.0602e+000 +1.5645e+000 -1.2922e+000 +2.3501e+000 +1.4195e+000 +1.7224e+000 -2.5412e+000 -3.3119e+000 -2.7088e+000 +1.2342e+000 -1.7281e+000 +5.8024e+000 -3.4651e-001
9086 0 +7.330664717e+002 +9.281164717e+002 +9.281164717e+002 +1.5742e+000 +2.7294e+000 -1.8807e+000 +1.0408e+000 -1.8839e+000 -2.3273e+000 -2.9073e+000 +4.5083e+000 +1.3793e+000 -1.0002e+000 +2.4108e+000 +1.0294e+000 +1.8020e+000 -2.3805e+000 -3.4883e+000 -3.1188e+000 +4.5974e-001 -1.7339e+000 +6.0284e+000 -4.5745e-001
% f evaluations | g evaluations | best noise-free fitness - Fopt (-2.144800000000e+002) + sum g_i+ | measured fitness | best measured fitness or single-digit g-values | x1 | x2...
1 0 +1.751593907e+003 +1.537113907e+003 +1.537113907e+003 +0.0000e+000 +0.0000e+000 +0.0000e+000 +0.0000e+000 +0.0000e+000 +0.0000e+000 +0.0000e+000 +0.0000e+000 +0.0000e+000 +0.0000e+000 +0.0000e+000 +0.0000e+000 +0.0000e+000 +0.0000e+000 +0.0000e+000 +0.0000e+000 +0.0000e+000 +0.0000e+000 +0.0000e+000 +0.0000e+000
268 0 +1.353969379e+003 +1.139489379e+003 +1.139489379e+003 -4.6032e-001 +1.9868e+000 -4.5384e-001 -3.4912e+000 -5.5899e-001 +1.1000e+000 +2.8176e+000 -2.5922e+000 +4.8919e-002 -2.7936e+000 +2.6714e+000 +3.8365e-001 -1.5542e+000 -1.5713e+000 +3.1610e+000 -2.9817e+000 -2.5803e+000 +7.4252e-001 -8.7493e-001 -5.2975e-002
469 0 +1.338898987e+003 +1.124418987e+003 +1.124418987e+003 +2.5278e-001 +1.0957e+000 +5.9255e-001 -4.6349e+000 -2.0537e+000 +7.8425e-002 +3.1851e+000 -2.0239e+000 -8.3167e-002 -2.3146e+000 +4.2286e+000 -1.5354e+000 -2.4529e+000 -2.5092e+000 +4.8366e+000 -3.6835e+000 -3.1171e+000 +6.6741e-001 +6.2656e-001 -1.2130e+000
678 0 +1.173229121e+003 +9.587491207e+002 +9.587491207e+002 +7.6834e-001 +1.8990e+000 -1.0706e-001 -3.3286e+000 -2.0958e+000 -7.1485e-002 +2.9453e+000 -8.0376e-001 -1.1527e+000 -2.0384e+000 +2.3440e+000 -1.5177e+000 -1.4461e+000 -2.3990e+000 +2.4823e+000 -1.1441e+000 -3.2533e+000 +1.0510e+000 -1.0410e+000 -1.5203e+000
798 0 +1.124594691e+003 +9.101146912e+002 +9.101146912e+002 +6.6160e-001 +2.5938e+000 -4.7368e-001 -2.7235e+000 -2.5146e+000 -5.4694e-001 +2.9340e+000 -6.9072e-001 -9.3688e-001 -1.5542e+000 +2.4569e+000 -1.6066e+000 -7.2111e-001 -2.4095e+000 +1.2626e+000 -4.5112e-001 -3.4261e+000 +1.3098e+000 -5.4545e-001 -1.5385e+000
912 0 +1.106722878e+003 +8.922428783e+002 +8.922428783e+002 +2.6812e-001 +1.5929e+000 -4.4069e-002 -1.9135e+000 -3.5196e+000 -9.5078e-001 +1.9494e+000 -8.2949e-001 -1.7524e+000 -5.3850e-002 +4.5274e+000 -3.0356e+000 -1.4180e+000 -2.2060e+000 +1.3315e+000 -2.0522e+000 -4.2309e+000 +2.2053e+000 +1.2728e+000 -2.7206e-001
1157 0 +1.092997131e+003 +8.785171309e+002 +8.785171309e+002 +1.3804e+000 +1.4541e+000 -1.3668e+000 -2.2997e+000 -2.9085e+000 -9.1354e-001 +1.7271e+000 -1.0270e+000 -8.9869e-001 -3.6172e-001 +3.9096e+000 -1.1393e+000 -9.6501e-001 -1.6171e+000 +8.0147e-001 -1.1632e+000 -4.1687e+000 +1.6306e+000 +2.5992e-001 -8.0985e-001
1361 0 +1.007383020e+003 +7.929030203e+002 +7.929030203e+002 +1.3213e+000 +1.9250e+000 -1.3179e+000 -3.2612e+000 -2.3532e+000 -9.7928e-001 +2.2418e+000 -6.5136e-001 -5.7829e-001 -2.2906e-001 +3.3816e+000 -1.9473e-001 -1.2592e+000 -1.1903e+000 +1.0848e+000 -9.6916e-001 -3.1228e+000 +1.0225e+000 +3.0341e-001 -1.5135e+000
1546 0 +9.517285212e+002 +7.372485212e+002 +7.372485212e+002 -1.1481e+000 +2.6666e+000 +1.0044e+000 -2.7467e+000 -2.4578e+000 -1.4290e+000 +3.4809e+000 +4.0889e-001 -2.5322e+000 +1.2026e+000 +3.7327e+000 -2.4427e+000 -1.7751e+000 -1.5330e+000 +1.5798e+000 -1.4421e+000 -1.3486e+000 +1.3561e+000 +2.7238e+000 -4.3085e-001
1810 0 +8.897787186e+002 +6.752987186e+002 +6.752987186e+002 +7.5226e-001 +1.7761e+000 +4.6936e-002 -3.1174e+000 -2.1801e+000 -9.0556e-001 +1.6203e+000 +1.6079e-001 -1.1812e+000 +1.0535e+000 +4.3676e+000 -1.1845e+000 -1.4771e+000 -9.9261e-001 +1.4828e+000 -1.5117e+000 -1.9389e+000 +2.0850e+000 +1.4957e+000 -1.4217e+000
2076 0 +8.185286530e+002 +6.040486530e+002 +6.040486530e+002 +7.2529e-001 +1.8263e+000 -2.7413e-001 -2.9973e+000 -2.1889e+000 -9.5148e-001 +1.6218e+000 -3.9175e-003 -1.1598e+000 +7.3780e-001 +4.1304e+000 -9.7285e-001 -1.3284e+000 -1.0429e+000 +1.4035e+000 -1.4123e+000 -2.1521e+000 +2.1381e+000 +1.3821e+000 +2.8828e-001
2361 0 +7.572782360e+002 +5.427982360e+002 +5.427982360e+002 +6.2090e-001 +2.1720e+000 -1.0821e-001 -3.5439e+000 -1.8213e+000 -1.1377e+000 +1.9880e+000 +4.3236e-001 -1.3542e+000 +7.6781e-001 +3.6171e+000 -5.7350e-001 -1.2478e+000 -1.1280e+000 +1.7639e+000 -1.3122e+000 -1.6473e+000 +2.0619e+000 +1.1682e+000 -3.5533e-001
2961 0 +7.222847920e+002 +5.078047920e+002 +5.078047920e+002 +1.5704e-001 +2.6561e+000 +1.6801e-001 -3.9120e+000 -1.5794e+000 -1.3849e+000 +2.6580e+000 +8.3337e-001 -1.7799e+000 +7.8908e-001 +3.0599e+000 -4.5621e-001 -1.2410e+000 -1.2640e+000 +2.0465e+000 -1.1952e+000 -1.1245e+000 +1.8519e+000 +1.2545e+000 -4.3392e-001
3961 0 +6.405435515e+002 +4.260635515e+002 +4.260635515e+002 -1.4888e-001 +2.8448e+000 +1.6652e-001 -3.8761e+000 -1.5092e+000 -7.8026e-001 +2.8078e+000 +7.8016e-001 -1.9465e+000 +3.8516e-001 +3.3787e+000 -5.1411e-001 -1.8037e+000 -8.1151e-001 +2.8398e+000 -1.8041e+000 -6.3710e-001 +1.6167e+000 +1.3164e+000 +3.4359e-001
7844 0 +6.288179774e+002 +4.143379774e+002 +4.143379774e+002 -1.8976e-002 +2.8462e+000 +1.0640e-002 -3.4333e+000 -1.5371e+000 -7.8185e-001 +2.4236e+000 +7.2829e-001 -1.8236e+000 +5.6964e-001 +3.4780e+000 -6.5436e-001 -1.7598e+000 -8.7931e-001 +2.2949e+000 -1.4453e+000 -6.5568e-001 +1.9287e+000 +1.2943e+000 +3.9126e-001
9444 0 +6.072906571e+002 +3.928106571e+002 +3.928106571e+002 -2.3892e-001 +3.0939e+000 +1.9950e-001 -3.2195e+000 -1.1613e+000 -8.2430e-001 +2.6691e+000 +7.9398e-001 -1.9771e+000 +4.8228e-001 +2.7822e+000 -5.1528e-001 -1.7562e+000 -6.6061e-001 +2.5381e+000 -1.2334e+000 -5.0840e-002 +1.8033e+000 +1.3069e+000 +7.2597e-001
% f evaluations | g evaluations | best noise-free fitness - Fopt (-4.590000000000e+001) + sum g_i+ | measured fitness | best measured fitness or single-digit g-values | x1 | x2...
1 0 +2.287187370e+003 +2.241287370e+003 +2.241287370e+003 +0.0000e+000 +0.0000e+000 +0.0000e+000 +0.0000e+000 +0.0000e+000 +0.0000e+000 +0.0000e+000 +0.0000e+000 +0.0000e+000 +0.0000e+000 +0.0000e+000 +0.0000e+000 +0.0000e+000 +0.0000e+000 +0.0000e+000 +0.0000e+000 +0.0000e+000 +0.0000e+000 +0.0000e+000 +0.0000e+000
46 0 +2.279347579e+003 +2.233447579e+003 +2.233447579e+003 -3.7257e+000 +2.4512e+000 +2.6330e+000 +1.5379e-001 +1.7277e+000 -3.9860e+000 -3.1285e+000 +8.3459e-002 -2.1590e+000 -1.5824e+000 +9.6430e-001 +4.7267e+000 +1.4461e-001 +1.5557e+000 +3.3318e+000 +3.9335e+000 -1.3752e-001 -3.4032e+000 +3.5181e+000 -3.5700e+000
49 0 +2.155505354e+003 +2.109605354e+003 +2.109605354e+003 -4.7715e-001 -2.9483e+000 +3.6695e+000 -7.0704e-001 -1.4887e+000 +1.6808e+000 +1.8446e-001 +2.4712e+000 -2.5737e+000 -4.3834e+000 +8.6514e-001 +3.5136e+000 -1.2678e+000 +2.0065e+000 +3.3953e+000 -2.6608e+000 +9.5769e-002 +4.1957e+000 +2.0165e+000 -1.3022e+000
216 0 +2.097075845e+003 +2.051175845e+003 +2.051175845e+003 -2.0784e+000 -3.8465e+000 +2.7274e-001 +1.7920e+000 +3.1391e-001 -1.4244e-001 +3.2797e+000 -1.0330e-001 -1.3657e+000 -4.0834e-001 +1.5104e+000 +1.4650e+000 +1.9967e+000 +2.3081e+000 +2.3792e+000 +3.2853e+000 -9.3007e-001 +1.5541e+000 -1.6955e+000 -1.4038e+000
237 0 +2.044947753e+003 +1.999047753e+003 +1.999047753e+003 -1.7329e+000 -1.6001e+000 +4.7395e+000 -9.8026e-001 -1.1016e+000 +1.5040e+000 +1.3626e+000 +1.6803e+000 -1.9334e+000 -3.5544e+000 +1.5816e+000 +1.9759e+000 -9.7784e-001 +2.4922e+000 +2.1423e+000 -2.5751e+000 +6.6750e-001 +3.5539e+000 +2.4505e+000 -3.5027e+000
354 0 +1.992189227e+003 +1.946289227e+003 +1.946289227e+003 +1.1188e+000 +1.0516e+000 +3.4812e+000 +2.0598e+000 -2.2482e+000 -1.0622e+000 +1.6004e+000 +1.3070e+000 +5.1251e-001 -1.6104e+000 +1.0250e+000 +8.8940e-001 +1.5965e+000 +2.6264e+000 +2.0220e+000 -1.8551e+000 +2.2042e+000 +2.2528e+000 +4.3650e+000 -5.0000e+000
370 0 +1.715172440e+003 +1.669272440e+003 +1.669272440e+003 -2.9829e-001 -1.9301e+000 +2.8229e+000 +4.9962e-001 +3.7913e-002 +2.7127e+000 +3.7468e-001 +9.8670e-002 -2.4954e+000 -1.9984e+000 +1.9096e+000 +1.8628e+000 +3.2961e-001 +2.5472e+000 +1.1476e+000 -1.8977e+000 -2.5580e-001 +3.2384e+000 +1.7919e+000 -5.0000e+000
472 0 +1.535174797e+003 +1.489274797e+003 +1.489274797e+003 +1.0776e+000 -1.4719e+000 +4.0551e+000 +2.2668e+000 -1.9501e+000 +7.5482e-001 -1.0469e+000 -8.4341e-001 -2.3860e+000 +4.6622e-001 +1.1097e+000 +9.4539e-001 +2.2722e+000 +3.0039e+000 +1.9486e+000 +1.2067e+000 -1.0045e+000 +6.6843e-001 +2.9326e+000 -4.1818e+000
585 0 +1.421280552e+003 +1.375380552e+003 +1.375380552e+003 -1.9075e-001 -2.1385e+000 +3.8834e+000 +1.8795e+000 -1.6521e+000 +1.8703e+000 -1.2966e+000 +8.1179e-002 -1.8906e+000 -1.6436e+000 +1.7811e-001 +1.9284e+000 +2.3571e-002 +2.5860e+000 +2.3032e+000 +4.2168e-001 -1.0425e+000 +7.3709e-001 +3.2509e+000 -4.5775e+000
629 0 +1.411544015e+003 +1.365644015e+003 +1.365644015e+003 +1.2158e-001 -2.1452e+000 +3.1533e+000 +1.3451e+000 -8.4914e-001 +2.1840e+000 -8.2003e-001 +1.8602e-001 -1.8111e+000 -1.3967e+000 +1.6410e-001 +2.4439e+000 -1.2163e-001 +2.2037e+000 +1.9432e+000 -4.1363e-001 -9.7564e-001 +1.0739e+000 +2.2680e+000 -4.5115e+000
1323 0 +1.376966962e+003 +1.331066962e+003 +1.331066962e+003 +2.8618e-001 -1.7490e+000 +3.6326e+000 +1.9919e+000 -2.1189e+000 +1.4781e+000 -2.1944e+000 +1.1290e+000 -2.1415e+000 -2.3495e+000 -8.6047e-001 +2.4885e+000 -3.7834e-001 +2.4201e+000 +2.6031e+000 +2.2645e-002 -8.9808e-001 +5.0260e-001 +2.8902e+000 -4.6247e+000
1525 0 +1.330621952e+003 +1.284721952e+003 +1.284721952e+003 +6.7287e-001 -2.2306e+000 +4.3467e+000 +6.5425e-002 -1.0384e+000 +1.7399e+000 -1.4585e+000 -5.0027e-002 -4.3632e+000 -2.0956e+000 +1.0429e+000 +2.6609e+000 -1.2314e+000 +2.0642e+000 +2.4779e+000 +1.2641e+000 -5.2640e-001 +1.0324e+000 +2.5019e+000 -4.5689e+000
1856 0 +1.256152221e+003 +1.210252221e+003 +1.210252221e+003 +2.3315e-001 -1.3770e+000 +4.2278e+000 +2.5018e-001 -1.2457e+000 +6.7583e-001 -2.1620e+000 +1.7435e-001 -3.6325e+000 -2.0604e+000 -1.6490e-001 +2.3919e+000 -1.1697e+000 +2.2094e+000 +2.4836e+000 +1.3630e+000 -6.1585e-001 -7.0184e-002 +2.6915e+000 -4.7498e+000
2001 0 +1.209917857e+003 +1.164017857e+003 +1.164017857e+003 +2.9845e-001 -2.6018e-002 +3.6047e+000 +1.3681e+000 -1.0801e+000 +9.1395e-001 -7.2325e-001 -9.0669e-001 -3.5159e+000 +1.7833e-001 -8.8146e-001 +2.3527e+000 -5.6483e-001 +3.3684e+000 +1.6125e+000 +1.1513e+000 +6.0332e-001 +2.1903e-001 +3.7861e+000 -4.9528e+000
2401 0 +1.192957928e+003 +1.147057928e+003 +1.147057928e+003 +4.5422e-001 -2.8671e-001 +3.7165e+000 +9.3362e-001 -9.2693e-001 +6.0839e-001 -1.1289e+000 -7.4594e-001 -3.5361e+000 -8.1692e-002 -9.3289e-001 +2.4939e+000 -7.8935e-001 +2.9732e+000 +1.8855e+000 +1.3160e+000 +3.8377e-001 -1.4521e-001 +3.4104e+000 -4.9468e+000
2682 0 +1.151019939e+003 +1.105119939e+003 +1.105119939e+003 +3.5824e-001 -5.3991e-001 +3.7959e+000 +7.0873e-001 -1.0183e+000 +5.9000e-001 -1.4141e+000 -4.8956e-001 -3.6155e+000 -5.8292e-001 -8.3610e-001 +2.4818e+000 -1.0597e+000 +2.5860e+000 +2.0517e+000 +1.5284e+000 +1.1887e-001 -3.2357e-001 +3.0831e+000 -4.9095e+000
2730 0 +1.127183057e+003 +1.081283057e+003 +1.081283057e+003 -5.9724e-001 -5.0928e-001 +3.3012e+000 -4.7438e-001 -1.8195e-001 +1.3742e+000 -1.2459e+000 +3.0694e-002 -3.3283e+000 -2.0963e+000 -1.1962e+000 +3.3800e+000 -3.0620e+000 +1.8606e+000 +2.1668e+000 +8.3831e-001 +5.3970e-001 -6.9036e-001 +2.9695e+000 -5.0000e+000
2878 0 +1.060464765e+003 +1.014564765e+003 +1.014564765e+003 -3.7714e-001 -1.0365e+000 +3.3786e+000 +2.2163e-001 -8.7217e-001 +1.0295e+000 -1.4097e+000 +6.4340e-001 -4.4635e+000 -1.7908e+000 -6.1310e-001 +2.4930e+000 -2.4538e+000 +1.3442e+000 +1.2091e+000 +1.5102e+000 +3.1735e-001 +2.8375e-001 +1.7483e+000 -4.6562e+000
3575 0 +9.545333439e+002 +9.086333439e+002 +9.086333439e+002 -4.7052e-001 -9.2585e-001 +3.2643e+000 +6.4863e-001 -1.5508e+000 +1.5115e+000 -1.4270e+000 +7.8221e-001 -4.4991e+000 -2.1337e+000 -6.7405e-001 +3.3472e+000 -2.5810e+000 +1.3631e+000 +1.9350e+000 +1.5323e+000 +6.2504e-001 -2.4453e-001 +2.9823e+000 -4.8313e+000
5508 0 +8.549669663e+002 +8.090669663e+002 +8.090669663e+002 -2.4483e-001 -1.2810e+000 +3.0047e+000 +9.7485e-001 -3.0506e+000 +1.8887e+000 -2.0215e+000 +8.3930e-001 -5.1351e+000 -2.7340e+000 -3.2148e-001 +2.9194e+000 -2.9619e+000 +5.8203e-001 +2.8481e+000 +2.4960e+000 +1.4697e+000 -6.3454e-001 +3.0607e+000 -4.7559e+000
5775 0 +8.412547440e+002 +7.953547440e+002 +7.953547440e+002 -2.5136e-001 -1.2355e+000 +3.0686e+000 +5.9043e-001 -2.5547e+000 +1.7100e+000 -2.0230e+000 +7.1970e-001 -4.9822e+000 -2.6709e+000 -4.4022e-001 +2.6857e+000 -3.0929e+000 +6.5806e-001 +2.6468e+000 +2.3419e+000 +1.3586e+000 -5.2576e-001 +2.6710e+000 -4.7552e+000
6806 0 +7.776038014e+002 +7.317038014e+002 +7.317038014e+002 -2.9327e-001 -1.1068e+000 +2.3914e+000 +7.0252e-001 -3.3271e+000 +2.1899e+000 -1.7417e+000 +3.0301e-001 -4.7438e+000 -2.2268e+000 -4.4021e-001 +2.2866e+000 -3.6783e+000 -5.0365e-002 +2.7370e+000 +2.7112e+000 +2.2680e+000 -1.2912e+000 +2.6816e+000 -4.8832e+000
