% f evaluations | g evaluations | best noise-free fitness - Fopt (2.997000000000e+001) + sum g_i+ | measured fitness | best measured fitness or single-digit g-values | x1 | x2...
1 0 +1.048116465e+003 +1.078086465e+003 +1.078086465e+003 +0.0000e+000 +0.0000e+000 +0.0000e+000 +0.0000e+000 +0.0000e+000
5 0 +7.987652040e+002 +8.287352040e+002 +8.287352040e+002 -2.7262e+000 -1.4308e+000 -1.7231e+000 -2.7136e+000 -8.3452e-001
25 0 +6.717732661e+002 +7.017432661e+002 +7.017432661e+002 +2.1592e-001 +5.1445e-001 -1.9010e+000 -2.5410e-001 +1.6860e-001
40 0 +4.155114319e+002 +4.454814319e+002 +4.454814319e+002 +3.0621e+000 -2.0838e+000 -4.7335e+000 -7.4350e-001 +3.7572e+000
73 0 +3.462181775e+002 +3.761881775e+002 +3.761881775e+002 +3.5472e-001 +1.9831e+000 -3.2613e+000 -1.5254e+000 +3.0437e+000
240 0 +3.025176249e+002 +3.324876249e+002 +3.324876249e+002 +8.4558e-001 +1.9436e+000 -2.5842e+000 -1.8176e+000 +2.8192e+000
324 0 +2.951883260e+002 +3.251583260e+002 +3.251583260e+002 -1.6012e+000 +3.5060e+000 -1.8058e+000 -2.3173e+000 +5.0000e+000
476 0 +2.730603284e+002 +3.030303284e+002 +3.030303284e+002 -1.9006e+000 +3.7286e+000 -2.1666e+000 -2.1951e+000 +5.0000e+000
506 0 +2.510243524e+002 +2.809943524e+002 +2.809943524e+002 -1.6819e+000 +3.6496e+000 -2.4836e+000 -2.0070e+000 +4.8636e+000
509 0 +1.652414299e+002 +1.952114299e+002 +1.952114299e+002 -1.0176e+000 +1.8538e+000 -2.8954e+000 -1.8842e+000 +4.0996e+000
736 0 +1.438642429e+002 +1.738342429e+002 +1.738342429e+002 -5.2047e-001 +2.5279e+000 -2.3736e+000 -1.5247e+000 +5.0000e+000
1010 0 +1.318123421e+002 +1.617823421e+002 +1.617823421e+002 -4.3558e-001 +2.6955e+000 -2.4594e+000 -1.5417e+000 +5.0000e+000
1240 0 +1.184811727e+002 +1.484511727e+002 +1.484511727e+002 -4.6007e-001 +1.7455e+000 -2.4781e+000 -1.9073e+000 +3.7309e+000
1486 0 +1.033404528e+002 +1.333104528e+002 +1.333104528e+002 -5.0574e-001 +1.4492e+000 -2.6224e+000 -1.8248e+000 +3.7710e+000
2905 0 +8.826018656e+001 +1.182301866e+002 +1.182301866e+002 -1.7264e-001 +5.3013e-001 -3.1284e+000 -2.0517e+000 +3.8580e+000
3087 0 +6.404734949e+001 +9.401734949e+001 +9.401734949e+001 +6.2058e-002 +3.7106e-005 -3.0550e+000 -1.9859e+000 +3.6684e+000
3405 0 +6.035343800e+001 +9.032343800e+001 +9.032343800e+001 -1.2667e-002 +2.2654e-001 -3.0518e+000 -1.9871e+000 +3.7170e+000
3805 0 +5.905684888e+001 +8.902684888e+001 +8.902684888e+001 -7.1134e-002 +5.0466e-001 -3.0028e+000 -1.9534e+000 +3.7345e+000
4287 0 +3.999109170e+001 +6.996109170e+001 +6.996109170e+001 +2.3627e-001 +1.0102e-001 -3.1398e+000 -1.9154e+000 +3.6618e+000
4505 0 +3.979681526e+001 +6.976681526e+001 +6.976681526e+001 +2.4028e-001 +9.0882e-002 -3.1421e+000 -1.9159e+000 +3.6607e+000
% f evaluations | g evaluations | best noise-free fitness - Fopt (-5.171000000000e+001) + sum g_i+ | measured fitness | best measured fitness or single-digit g-values | x1 | x2...
1 0 +1.267442521e+003 +1.215732521e+003 +1.215732521e+003 +0.0000e+000 +0.0000e+000 +0.0000e+000 +0.0000e+000 +0.0000e+000
4 0 +8.227267165e+002 +7.710167165e+002 +7.710167165e+002 +4.6637e+000 +2.7964e+000 -1.9643e+000 -2.9109e+000 -3.9119e+000
12 0 +4.322296536e+002 +3.805196536e+002 +3.805196536e+002 +4.4629e+000 +2.3848e+000 -4.2579e+000 -3.6807e+000 +1.2573e+000
223 0 +3.903603779e+002 +3.386503779e+002 +3.386503779e+002 +2.7954e+000 +1.3256e+000 -3.2791e+000 -2.1323e+000 +5.7435e-001
275 0 +2.108435190e+002 +1.591335190e+002 +1.591335190e+002 +2.0616e+000 +2.4854e+000 -2.7299e+000 -4.2212e+000 +5.6748e-001
418 0 +1.008543842e+002 +4.914438423e+001 +4.914438423e+001 +2.4824e+000 +2.8016e+000 -3.2186e+000 -3.4188e+000 +7.9360e-001
662 0 +7.118350209e+001 +1.947350209e+001 +1.947350209e+001 +2.6116e+000 +3.2612e+000 -3.5650e+000 -3.6776e+000 +1.4189e+000
1210 0 +7.075429434e+001 +1.904429434e+001 +1.904429434e+001 +2.1822e+000 +2.8965e+000 -3.5033e+000 -3.8607e+000 +1.5406e+000
2110 0 +6.256888488e+001 +1.085888488e+001 +1.085888488e+001 +2.2779e+000 +2.9821e+000 -3.5535e+000 -3.8506e+000 +1.5286e+000
2244 0 +4.187549722e+001 -9.834502781e+000 -9.834502781e+000 +2.4627e+000 +2.5759e+000 -3.5006e+000 -3.4345e+000 +1.5101e+000
3373 0 +3.929721754e+001 -1.241278246e+001 -1.241278246e+001 +2.5293e+000 +2.6198e+000 -3.5337e+000 -3.4140e+000 +1.5229e+000
4373 0 +3.846883977e+001 -1.324116023e+001 -1.324116023e+001 +2.5595e+000 +2.6472e+000 -3.5461e+000 -3.4325e+000 +1.5297e+000
4482 0 +2.239477724e+001 -2.931522276e+001 -2.931522276e+001 +2.3417e+000 +2.4936e+000 -3.7908e+000 -3.5886e+000 +1.6397e+000
5010 0 +2.117515841e+001 -3.053484159e+001 -3.053484159e+001 +2.4426e+000 +2.6460e+000 -3.7031e+000 -3.5594e+000 +1.5860e+000
8419 0 +1.975582985e+001 -3.195417015e+001 -3.195417015e+001 +2.4225e+000 +2.6543e+000 -3.6667e+000 -3.6472e+000 +1.6019e+000
9119 0 +1.909165218e+001 -3.261834782e+001 -3.261834782e+001 +2.3457e+000 +2.7305e+000 -3.6572e+000 -3.5811e+000 +1.5495e+000
9196 0 +1.642406177e+001 -3.528593823e+001 -3.528593823e+001 +2.4292e+000 +2.6208e+000 -3.6845e+000 -3.6716e+000 +1.5705e+000
% f evaluations | g evaluations | best noise-free fitness - Fopt (-2.799500000000e+002) + sum g_i+ | measured fitness | best measured fitness or single-digit g-values | x1 | x2...
1 0 +1.914452900e+003 +1.634502900e+003 +1.634502900e+003 +0.0000e+000 +0.0000e+000 +0.0000e+000 +0.0000e+000 +0.0000e+000
7 0 +5.872276597e+002 +3.072776597e+002 +3.072776597e+002 -1.6130e+000 -3.6287e+000 +3.1321e+000 -1.3037e+000 -2.5908e+000
178 0 +2.139995059e+002 -6.595049407e+001 -6.595049407e+001 -4.8605e+000 -2.1847e+000 +4.4953e+000 -1.3815e+000 -3.4632e+000
426 0 +2.049493468e+002 -7.500065321e+001 -7.500065321e+001 -6.3448e+000 -1.1592e+000 +5.8223e+000 -3.6401e+000 -4.9846e+000
564 0 +1.468421009e+002 -1.331078991e+002 -1.331078991e+002 -5.2521e+000 -1.8186e+000 +5.5559e+000 -2.6452e+000 -5.0000e+000
1223 0 +1.366782153e+002 -1.432717847e+002 -1.432717847e+002 -5.2664e+000 -2.1737e+000 +5.4281e+000 -2.4205e+000 -5.0000e+000
1405 0 +1.329657542e+002 -1.469842458e+002 -1.469842458e+002 -5.2583e+000 -1.9949e+000 +5.4850e+000 -2.5037e+000 -5.0000e+000
1466 0 +1.164938109e+002 -1.634561891e+002 -1.634561891e+002 -5.6347e+000 -1.6524e+000 +5.7019e+000 -2.5222e+000 -4.3638e+000
2295 0 +1.141713701e+002 -1.657786299e+002 -1.657786299e+002 -5.6418e+000 -1.7961e+000 +5.5628e+000 -2.5042e+000 -4.5953e+000
2444 0 +9.984198689e+001 -1.801080131e+002 -1.801080131e+002 -5.0191e+000 -2.4634e+000 +5.0458e+000 -1.8851e+000 -4.3441e+000
2614 0 +8.662276227e+001 -1.933272377e+002 -1.933272377e+002 -5.1111e+000 -2.3576e+000 +5.0909e+000 -2.0873e+000 -4.4236e+000
4362 0 +6.825976931e+001 -2.116902307e+002 -2.116902307e+002 -5.0479e+000 -2.4275e+000 +5.1416e+000 -2.1047e+000 -3.7910e+000
4657 0 +4.664081036e+001 -2.333091896e+002 -2.333091896e+002 -4.8783e+000 -2.6219e+000 +4.8660e+000 -2.0576e+000 -4.2573e+000
8064 0 +3.337834948e+001 -2.465716505e+002 -2.465716505e+002 -4.6225e+000 -2.8195e+000 +4.6304e+000 -1.9147e+000 -4.1072e+000
% f evaluations | g evaluations | best noise-free fitness - Fopt (9.319900000000e+002) + sum g_i+ | measured fitness | best measured fitness or single-digit g-values | x1 | x2...
1 0 +7.845967669e+002 +1.716586767e+003 +1.716586767e+003 +0.0000e+000 +0.0000e+000 +0.0000e+000 +0.0000e+000 +0.0000e+000
9 0 +5.956802968e+002 +1.527670297e+003 +1.527670297e+003 +4.0391e+000 +3.4751e+000 +3.0246e+000 +3.4947e-001 +1.3046e+000
46 0 +3.796813976e+002 +1.311671398e+003 +1.311671398e+003 +1.1588e-002 +2.6994e+000 +3.4813e+000 -4.0642e-001 +1.6311e+000
53 0 +3.418766158e+002 +1.273866616e+003 +1.273866616e+003 -8.2224e-002 -8.2165e-001 +1.7974e+000 -9.8560e-001 +1.3224e+000
97 0 +2.224378412e+002 +1.154427841e+003 +1.154427841e+003 +4.8382e-001 +1.7269e+000 +2.5812e+000 -1.3316e+000 +2.2339e+000
784 0 +2.055501962e+002 +1.137540196e+003 +1.137540196e+003 +1.9389e+000 +6.7644e-001 +3.1734e+000 -4.3082e-001 +1.8220e+000
807 0 +1.845874452e+002 +1.116577445e+003 +1.116577445e+003 +1.2171e+000 +1.8734e+000 +2.8079e+000 -4.2440e-001 +2.1502e+000
1127 0 +1.532107428e+002 +1.085200743e+003 +1.085200743e+003 +1.7990e+000 +1.4958e+000 +2.8335e+000 -5.8254e-001 +2.7929e+000
1244 0 +1.411468315e+002 +1.073136832e+003 +1.073136832e+003 +1.4539e+000 +1.6299e+000 +2.6562e+000 -7.5998e-001 +2.3264e+000
1327 0 +1.340088184e+002 +1.065998818e+003 +1.065998818e+003 +1.6590e+000 +1.5054e+000 +2.6337e+000 -8.8121e-001 +2.6372e+000
1600 0 +1.091888377e+002 +1.041178838e+003 +1.041178838e+003 +1.7287e+000 +1.2381e+000 +2.7129e+000 -1.4022e+000 +2.4852e+000
2574 0 +1.036262851e+002 +1.035616285e+003 +1.035616285e+003 +1.7689e+000 +1.2196e+000 +2.6054e+000 -1.3151e+000 +2.5381e+000
3128 0 +7.187955437e+001 +1.003869554e+003 +1.003869554e+003 +1.3288e+000 +1.3933e+000 +3.0172e+000 -5.0809e-001 +2.0813e+000
3328 0 +6.499483861e+001 +9.969848386e+002 +9.969848386e+002 +1.3710e+000 +1.3539e+000 +2.9884e+000 -6.8326e-001 +2.1568e+000
3516 0 +5.634394888e+001 +9.883339489e+002 +9.883339489e+002 +1.5073e+000 +1.2231e+000 +3.0334e+000 -7.5340e-001 +2.1766e+000
3736 0 +5.338567678e+001 +9.853756768e+002 +9.853756768e+002 +1.4276e+000 +1.2227e+000 +3.1014e+000 -4.3234e-001 +2.0105e+000
3749 0 +4.614854658e+001 +9.781385466e+002 +9.781385466e+002 +1.4893e+000 +1.1525e+000 +2.9866e+000 -6.9452e-001 +2.1969e+000
3889 0 +3.697848826e+001 +9.689684883e+002 +9.689684883e+002 +1.4409e+000 +1.1005e+000 +2.9289e+000 -5.7068e-001 +2.2756e+000
5426 0 +3.263700885e+001 +9.646270089e+002 +9.646270089e+002 +1.2005e+000 +9.0528e-001 +3.0229e+000 -4.2203e-001 +2.2317e+000
5928 0 +1.800216263e+001 +9.499921626e+002 +9.499921626e+002 +1.3915e+000 +1.0138e+000 +2.9867e+000 -5.6059e-001 +2.2428e+000
6526 0 +1.742373837e+001 +9.494137384e+002 +9.494137384e+002 +1.3604e+000 +1.0114e+000 +2.9917e+000 -5.3733e-001 +2.2393e+000
7126 0 +1.122152742e+001 +9.432115274e+002 +9.432115274e+002 +1.3347e+000 +9.3317e-001 +3.0002e+000 -5.2157e-001 +2.2448e+000
9593 0 +9.441756286e+000 +9.414317563e+002 +9.414317563e+002 +1.3279e+000 +9.3183e-001 +3.0237e+000 -5.1402e-001 +2.2546e+000
% f evaluations | g evaluations | best noise-free fitness - Fopt (1.133100000000e+002) + sum g_i+ | measured fitness | best measured fitness or single-digit g-values | x1 | x2...
1 0 +5.494990338e+002 +6.628090338e+002 +6.628090338e+002 +0.0000e+000 +0.0000e+000 +0.0000e+000 +0.0000e+000 +0.0000e+000
53 0 +2.637661209e+002 +3.770761209e+002 +3.770761209e+002 +3.3062e+000 +2.4071e+000 -1.6612e-001 -1.2948e-001 +6.5089e-001
214 0 +2.128845509e+002 +3.261945509e+002 +3.261945509e+002 +2.4116e+000 +1.6355e+000 -1.4462e-001 -2.8799e-001 +1.5725e+000
363 0 +1.680933304e+002 +2.814033304e+002 +2.814033304e+002 +1.7235e+000 +2.0866e+000 +2.7165e-001 -7.6696e-001 +9.1012e-001
588 0 +1.552506707e+002 +2.685606707e+002 +2.685606707e+002 +1.6541e+000 +2.3019e+000 +4.1205e-001 -7.0932e-001 +9.0185e-001
961 0 +1.479604220e+002 +2.612704220e+002 +2.612704220e+002 +1.9712e+000 +2.3391e+000 +3.3345e-001 -5.9975e-001 +9.9751e-001
1157 0 +1.293768904e+002 +2.426868904e+002 +2.426868904e+002 +2.6285e+000 +1.9129e+000 -8.9838e-001 +6.5404e-001 +5.9881e-001
1357 0 +1.029538416e+002 +2.162638416e+002 +2.162638416e+002 +2.5716e+000 +1.8897e+000 -8.2693e-001 +5.8980e-001 +7.0344e-001
2057 0 +9.740562766e+001 +2.107156277e+002 +2.107156277e+002 +2.5592e+000 +1.8846e+000 -8.1136e-001 +5.7580e-001 +7.2625e-001
2257 0 +8.181207936e+001 +1.951220794e+002 +1.951220794e+002 +2.5227e+000 +1.8697e+000 -7.6553e-001 +5.3460e-001 +7.9336e-001
2457 0 +5.286593579e+001 +1.661759358e+002 +1.661759358e+002 +2.4042e+000 +1.8212e+000 -6.1674e-001 +4.0082e-001 +1.0113e+000
3462 0 +5.226076831e+001 +1.655707683e+002 +1.655707683e+002 +2.3468e+000 +1.8320e+000 -6.6528e-001 +4.7175e-001 +9.3706e-001
4157 0 +5.034578691e+001 +1.636557869e+002 +1.636557869e+002 +2.3066e+000 +1.8231e+000 -6.4149e-001 +4.5641e-001 +9.7120e-001
4209 0 +2.990043504e+001 +1.432104350e+002 +1.432104350e+002 +2.3941e+000 +1.9757e+000 -5.3093e-001 +6.3290e-001 +9.6190e-001
4618 0 +2.022303973e+001 +1.335330397e+002 +1.335330397e+002 +2.4596e+000 +2.0420e+000 -5.9111e-001 +7.1337e-001 +1.0927e+000
% f evaluations | g evaluations | best noise-free fitness - Fopt (2.849000000000e+001) + sum g_i+ | measured fitness | best measured fitness or single-digit g-values | x1 | x2...
1 0 +8.888247590e+002 +9.173147590e+002 +9.173147590e+002 +0.0000e+000 +0.0000e+000 +0.0000e+000 +0.0000e+000 +0.0000e+000
16 0 +8.759256994e+002 +9.044156994e+002 +9.044156994e+002 +2.6344e-001 -1.8147e+000 -3.0738e+000 -7.4211e-001 -3.0687e-001
28 0 +7.129603236e+002 +7.414503236e+002 +7.414503236e+002 -2.9104e+000 -2.5793e-001 -8.6374e-001 -1.4829e+000 +4.0817e-001
66 0 +6.872593772e+002 +7.157493772e+002 +7.157493772e+002 -4.6906e+000 +1.6246e+000 +4.0990e+000 -2.9900e+000 -3.3494e+000
71 0 +5.868281268e+002 +6.153181268e+002 +6.153181268e+002 -4.8764e+000 +2.1114e+000 +3.1175e+000 -2.2963e+000 -3.1506e+000
98 0 +3.510524778e+002 +3.795424778e+002 +3.795424778e+002 -2.3027e+000 +2.3242e+000 +2.4428e+000 -2.2585e+000 +1.0174e+000
285 0 +3.066601732e+002 +3.351501732e+002 +3.351501732e+002 -2.2822e+000 +9.0598e-001 +2.6438e+000 -3.6603e+000 +6.1686e-001
404 0 +1.810012362e+002 +2.094912362e+002 +2.094912362e+002 -6.0519e-001 -1.0604e+000 +1.9463e-001 -3.4346e+000 -1.0337e+000
854 0 +1.704504357e+002 +1.989404357e+002 +1.989404357e+002 -8.3701e-001 -1.0914e+000 -2.3138e-002 -3.9660e+000 -1.3327e+000
1141 0 +1.622742106e+002 +1.907642106e+002 +1.907642106e+002 -1.5095e+000 -1.1580e-001 +1.7162e+000 -4.1719e+000 -1.1658e+000
1354 0 +1.252296552e+002 +1.537196552e+002 +1.537196552e+002 -1.3370e+000 -3.9423e-001 +1.2136e+000 -4.1483e+000 -1.2331e+000
1809 0 +9.675013133e+001 +1.252401313e+002 +1.252401313e+002 -8.0523e-001 -9.1673e-001 +2.8148e-001 -3.9488e+000 -2.0366e+000
3085 0 +7.065927022e+001 +9.914927022e+001 +9.914927022e+001 -1.4409e+000 -3.0699e-001 +1.0763e+000 -3.8099e+000 -1.8001e+000
3105 0 +6.146137367e+001 +8.995137367e+001 +8.995137367e+001 -1.5327e+000 -2.4795e-001 +9.4725e-001 -3.5432e+000 -1.7993e+000
5336 0 +3.894641587e+001 +6.743641587e+001 +6.743641587e+001 -1.3879e+000 -3.3484e-001 +9.4521e-001 -3.4834e+000 -1.8615e+000
9571 0 +3.549824754e+001 +6.398824754e+001 +6.398824754e+001 -1.4032e+000 -4.3292e-001 +9.8096e-001 -3.6273e+000 -1.7328e+000
% f evaluations | g evaluations | best noise-free fitness - Fopt (-7.405800000000e+002) + sum g_i+ | measured fitness | best measured fitness or single-digit g-values | x1 | x2...
1 0 +3.715572125e+002 -3.690227875e+002 -3.690227875e+002 +0.0000e+000 +0.0000e+000 +0.0000e+000 +0.0000e+000 +0.0000e+000
98 0 +3.617898766e+002 -3.787901234e+002 -3.787901234e+002 -5.3476e-001 +1.0689e+000 -4.6101e+000 -1.3912e+000 +6.1168e-001
203 0 +1.980455896e+002 -5.425344104e+002 -5.425344104e+002 -1.2714e+000 +1.1564e+000 -2.4308e+000 -5.1269e-001 -4.3930e-001
398 0 +1.590278693e+002 -5.815521307e+002 -5.815521307e+002 -1.4500e+000 +6.0260e-001 -3.7365e+000 -7.8469e-001 +8.2099e-002
504 0 +1.566353690e+002 -5.839446310e+002 -5.839446310e+002 -1.2527e+000 +8.0342e-001 -3.4546e+000 -8.3525e-001 +9.4725e-001
726 0 +1.298467085e+002 -6.107332915e+002 -6.107332915e+002 -1.7000e+000 +5.9523e-001 -3.3523e+000 -2.7488e-001 +2.1844e-001
981 0 +1.281956677e+002 -6.123843323e+002 -6.123843323e+002 -1.9438e+000 +3.2655e-001 -3.5408e+000 -1.4596e-001 -2.6714e-001
1031 0 +1.170888553e+002 -6.234911447e+002 -6.234911447e+002 -1.4343e+000 +2.6333e-001 -3.0779e+000 +1.3313e-001 -1.9682e-001
1364 0 +5.864283162e+001 -6.819371684e+002 -6.819371684e+002 -1.5750e+000 -3.9578e-002 -2.6528e+000 -9.0266e-002 -6.1603e-001
1431 0 +5.690689553e+001 -6.836731045e+002 -6.836731045e+002 -1.6560e+000 +8.2712e-002 -2.9469e+000 -1.1056e-001 -4.8816e-001
1998 0 +4.916454593e+001 -6.914154541e+002 -6.914154541e+002 -1.3611e+000 +3.4458e-001 -2.8443e+000 -2.7139e-001 -3.6473e-001
2274 0 +4.261682899e+001 -6.979631710e+002 -6.979631710e+002 -1.6118e+000 +7.2807e-002 -2.6046e+000 -8.2066e-002 -6.2353e-001
2812 0 +2.775465747e+001 -7.128253425e+002 -7.128253425e+002 -1.6076e+000 +3.8450e-001 -2.8268e+000 -1.8328e-001 -4.0514e-001
3231 0 +2.392589709e+001 -7.166541029e+002 -7.166541029e+002 -1.5624e+000 +2.3466e-001 -2.7295e+000 -8.9188e-002 -4.6557e-001
3491 0 +1.946883382e+001 -7.211111662e+002 -7.211111662e+002 -1.5771e+000 +2.4488e-001 -2.7297e+000 -9.9748e-002 -5.1325e-001
5662 0 +1.833588860e+001 -7.222441114e+002 -7.222441114e+002 -1.5561e+000 +2.1466e-001 -2.6171e+000 -9.5219e-003 -5.6164e-001
7931 0 +1.794473647e+001 -7.226352635e+002 -7.226352635e+002 -1.5572e+000 +2.3683e-001 -2.5993e+000 -2.7769e-002 -5.8453e-001
9608 0 +1.620528795e+001 -7.243747120e+002 -7.243747120e+002 -1.5448e+000 +2.7466e-001 -2.7065e+000 -8.2721e-002 -5.6230e-001
% f evaluations | g evaluations | best noise-free fitness - Fopt (-5.177000000000e+001) + sum g_i+ | measured fitness | best measured fitness or single-digit g-values | x1 | x2...
1 0 +1.027210844e+003 +9.754408436e+002 +9.754408436e+002 +0.0000e+000 +0.0000e+000 +0.0000e+000 +0.0000e+000 +0.0000e+000
10 0 +3.760602515e+002 +3.242902515e+002 +3.242902515e+002 -4.4913e+000 +7.8418e-002 +1.8592e+000 -2.4607e+000 +1.3167e+000
37 0 +2.274795223e+002 +1.757095223e+002 +1.757095223e+002 -1.1950e+000 +3.6395e+000 +2.2658e+000 -4.1964e+000 +4.1319e+000
302 0 +2.125035460e+002 +1.607335460e+002 +1.607335460e+002 -7.3361e-002 +3.4108e+000 +2.3234e+000 -4.3159e+000 +2.9044e+000
680 0 +1.991885672e+002 +1.474185672e+002 +1.474185672e+002 -3.3796e-001 +2.8011e+000 +2.4374e+000 -3.4904e+000 +3.1392e+000
839 0 +1.648804439e+002 +1.131104439e+002 +1.131104439e+002 -4.9945e-001 +3.4998e+000 +2.3352e+000 -4.2539e+000 +3.3064e+000
1034 0 +1.611778559e+002 +1.094078559e+002 +1.094078559e+002 -8.5512e-001 +2.8096e+000 +2.9651e+000 -3.8437e+000 +4.5822e+000
1239 0 +1.090591650e+002 +5.728916498e+001 +5.728916498e+001 -4.7567e-001 +3.2153e+000 +1.6479e+000 -4.0613e+000 +3.5948e+000
1913 0 +1.019537965e+002 +5.018379649e+001 +5.018379649e+001 -5.9012e-001 +3.0733e+000 +2.0583e+000 -3.9638e+000 +3.4033e+000
2000 0 +9.119194261e+001 +3.942194261e+001 +3.942194261e+001 -5.8116e-001 +3.2786e+000 +1.8791e+000 -4.1322e+000 +3.5635e+000
3384 0 +8.877841129e+001 +3.700841129e+001 +3.700841129e+001 -4.1712e-001 +3.4734e+000 +1.8762e+000 -4.0536e+000 +3.6667e+000
4052 0 +5.861618653e+001 +6.846186526e+000 +6.846186526e+000 -5.4619e-001 +3.3100e+000 +2.0514e+000 -4.1775e+000 +4.0101e+000
5080 0 +5.056087870e+001 -1.209121298e+000 -1.209121298e+000 -5.4265e-001 +3.2468e+000 +2.1943e+000 -4.0615e+000 +4.0491e+000
5980 0 +4.839995797e+001 -3.370042027e+000 -3.370042027e+000 -5.4260e-001 +3.2548e+000 +2.1716e+000 -4.0825e+000 +4.0487e+000
6380 0 +4.785030458e+001 -3.919695421e+000 -3.919695421e+000 -5.4256e-001 +3.2623e+000 +2.1507e+000 -4.1018e+000 +4.0484e+000
% f evaluations | g evaluations | best noise-free fitness - Fopt (-2.229800000000e+002) + sum g_i+ | measured fitness | best measured fitness or single-digit g-values | x1 | x2...
1 0 +1.858957053e+003 +1.635977053e+003 +1.635977053e+003 +0.0000e+000 +0.0000e+000 +0.0000e+000 +0.0000e+000 +0.0000e+000
4 0 +1.550631988e+003 +1.327651988e+003 +1.327651988e+003 +2.0553e+000 +1.0008e+000 +2.9403e+000 -5.1622e-001 -2.8868e+000
5 0 +1.018124172e+003 +7.951441718e+002 +7.951441718e+002 +4.5992e+000 +3.1291e-001 -5.4997e-001 +8.2248e-001 -6.1758e-001
21 0 +5.094619214e+002 +2.864819214e+002 +2.864819214e+002 +4.4078e+000 +7.8069e-001 -4.9887e+000 +3.5357e+000 -3.4283e+000
46 0 +2.261422040e+002 +3.162204013e+000 +3.162204013e+000 +2.7703e+000 +1.2616e+000 -3.5848e+000 +3.9223e+000 -3.3813e+000
694 0 +1.293036415e+002 -9.367635850e+001 -9.367635850e+001 +2.6701e+000 +1.5446e+000 -2.9629e+000 +3.6072e+000 -3.5202e+000
1003 0 +1.277453110e+002 -9.523468896e+001 -9.523468896e+001 +2.7672e+000 +1.6998e+000 -3.2535e+000 +3.4116e+000 -3.5881e+000
1224 0 +6.836995598e+001 -1.546100440e+002 -1.546100440e+002 +2.4373e+000 +2.0106e+000 -2.6862e+000 +3.1630e+000 -3.9683e+000
1469 0 +6.230271066e+001 -1.606772893e+002 -1.606772893e+002 +2.5591e+000 +1.9306e+000 -2.7555e+000 +3.1580e+000 -4.1985e+000
2053 0 +5.812559930e+001 -1.648544007e+002 -1.648544007e+002 +2.5224e+000 +1.8892e+000 -2.7804e+000 +3.1725e+000 -4.1142e+000
4491 0 +4.437418785e+001 -1.786058122e+002 -1.786058122e+002 +2.7774e+000 +1.7421e+000 -2.7210e+000 +3.0098e+000 -4.0185e+000
8233 0 +4.139335442e+001 -1.815866456e+002 -1.815866456e+002 +2.6807e+000 +1.7709e+000 -2.8640e+000 +2.9813e+000 -4.0376e+000
8365 0 +3.621537692e+001 -1.867646231e+002 -1.867646231e+002 +2.7615e+000 +1.7306e+000 -2.7546e+000 +2.9610e+000 -4.0179e+000
% f evaluations | g evaluations | best noise-free fitness - Fopt (5.860000000000e+000) + sum g_i+ | measured fitness | best measured fitness or single-digit g-values | x1 | x2...
1 0 +1.166861521e+003 +1.172721521e+003 +1.172721521e+003 +0.0000e+000 +0.0000e+000 +0.0000e+000 +0.0000e+000 +0.0000e+000
8 0 +9.313761669e+002 +9.372361669e+002 +9.372361669e+002 +1.5747e+000 +3.9769e+000 -3.5076e+000 +2.0756e+000 +4.1877e+000
10 0 +4.150912022e+002 +4.209512022e+002 +4.209512022e+002 -3.6506e+000 +1.4982e+000 -3.3208e+000 -2.0032e+000 +4.3011e+000
224 0 +2.478692296e+002 +2.537292296e+002 +2.537292296e+002 -6.5023e+000 +1.3487e+000 -2.9604e+000 -1.6653e+000 +5.0000e+000
463 0 +2.413189915e+002 +2.471789915e+002 +2.471789915e+002 -6.5163e+000 +1.5423e+000 -2.8603e+000 -1.6065e+000 +5.0000e+000
642 0 +2.345451527e+002 +2.404051527e+002 +2.404051527e+002 -6.4675e+000 +1.5371e+000 -2.8313e+000 -1.5876e+000 +5.0000e+000
703 0 +2.297073207e+002 +2.355673207e+002 +2.355673207e+002 -3.4883e+000 +2.2620e+000 -2.3928e+000 -8.8760e-001 +4.9914e+000
708 0 +1.323941168e+002 +1.382541168e+002 +1.382541168e+002 -5.4760e+000 +2.0657e+000 -2.4828e+000 -1.8027e+000 +5.0000e+000
1037 0 +1.239729152e+002 +1.298329152e+002 +1.298329152e+002 -5.9677e+000 +1.7403e+000 -2.5538e+000 -2.0685e+000 +5.0000e+000
1813 0 +1.146065230e+002 +1.204665230e+002 +1.204665230e+002 -5.6363e+000 +1.8307e+000 -2.6503e+000 -1.8054e+000 +5.0000e+000
2051 0 +1.086035701e+002 +1.144635701e+002 +1.144635701e+002 -5.8057e+000 +1.7808e+000 -2.7248e+000 -2.0370e+000 +5.0000e+000
2413 0 +9.327335367e+001 +9.913335367e+001 +9.913335367e+001 -5.7859e+000 +1.7799e+000 -2.6562e+000 -2.1254e+000 +5.0000e+000
2758 0 +8.647073925e+001 +9.233073925e+001 +9.233073925e+001 -5.6357e+000 +1.8278e+000 -2.7001e+000 -2.0946e+000 +5.0000e+000
2913 0 +8.260516171e+001 +8.846516171e+001 +8.846516171e+001 -5.6929e+000 +1.8077e+000 -2.6480e+000 -2.2091e+000 +5.0000e+000
3058 0 +8.040031936e+001 +8.626031936e+001 +8.626031936e+001 -5.6468e+000 +1.8220e+000 -2.6590e+000 -2.2304e+000 +5.0000e+000
3913 0 +7.463820340e+001 +8.049820340e+001 +8.049820340e+001 -5.6505e+000 +1.8099e+000 -2.6863e+000 -2.2301e+000 +5.0000e+000
9333 0 +7.375913441e+001 +7.961913441e+001 +7.961913441e+001 -5.6945e+000 +1.7988e+000 -2.7121e+000 -2.2484e+000 +5.0000e+000
% f evaluations | g evaluations | best noise-free fitness - Fopt (2.048600000000e+002) + sum g_i+ | measured fitness | best measured fitness or single-digit g-values | x1 | x2...
1 0 +3.811875881e+002 +5.860475881e+002 +5.860475881e+002 +0.0000e+000 +0.0000e+000 +0.0000e+000 +0.0000e+000 +0.0000e+000
328 0 +3.186697961e+002 +5.235297961e+002 +5.235297961e+002 -8.8173e-001 -1.5445e+000 -2.2071e+000 +1.3486e-001 -4.8197e-001
499 0 +2.488380065e+002 +4.536980065e+002 +4.536980065e+002 -1.0815e+000 -9.5886e-001 -1.2774e+000 +2.2763e-001 -9.3982e-001
798 0 +1.195765511e+002 +3.244365511e+002 +3.244365511e+002 -9.4330e-001 -4.1325e-001 -1.7431e+000 +2.1198e+000 -1.1666e+000
1114 0 +1.047590679e+002 +3.096190679e+002 +3.096190679e+002 -6.2847e-001 -2.7705e-001 -1.2919e+000 +1.7298e+000 -7.5122e-001
1314 0 +1.046399815e+002 +3.094999815e+002 +3.094999815e+002 -6.3492e-001 -2.7174e-001 -1.2967e+000 +1.7351e+000 -7.5076e-001
1828 0 +5.779445220e+001 +2.626544522e+002 +2.626544522e+002 -9.8825e-001 -6.7367e-001 -1.5343e+000 +1.8620e+000 -7.3273e-001
3256 0 +4.831202101e+001 +2.531720210e+002 +2.531720210e+002 -1.1692e+000 -7.0929e-001 -1.7906e+000 +1.7699e+000 -7.6312e-001
3447 0 +4.612974579e+001 +2.509897458e+002 +2.509897458e+002 -1.0819e+000 -7.2595e-001 -1.7044e+000 +1.7332e+000 -7.2495e-001
4446 0 +4.401260724e+001 +2.488726072e+002 +2.488726072e+002 -1.0741e+000 -7.1986e-001 -1.7039e+000 +1.7364e+000 -7.4133e-001
4914 0 +4.217235744e+001 +2.470323574e+002 +2.470323574e+002 -1.0443e+000 -6.4518e-001 -1.6456e+000 +1.7968e+000 -7.3654e-001
5246 0 +4.113012600e+001 +2.459901260e+002 +2.459901260e+002 -1.0515e+000 -6.5931e-001 -1.6571e+000 +1.7821e+000 -7.3806e-001
6256 0 +4.065902402e+001 +2.455190240e+002 +2.455190240e+002 -1.1024e+000 -6.7020e-001 -1.6974e+000 +1.7941e+000 -7.5300e-001
6674 0 +3.963004371e+001 +2.444900437e+002 +2.444900437e+002 -1.0985e+000 -6.4592e-001 -1.7417e+000 +1.7142e+000 -7.5097e-001
7723 0 +3.865349242e+001 +2.435134924e+002 +2.435134924e+002 -1.0533e+000 -6.2154e-001 -1.6299e+000 +1.7527e+000 -7.5454e-001
8155 0 +3.513710870e+001 +2.399971087e+002 +2.399971087e+002 -1.0318e+000 -5.8511e-001 -1.5132e+000 +1.8260e+000 -9.4873e-001
8823 0 +2.677916602e+001 +2.316391660e+002 +2.316391660e+002 -1.0778e+000 -6.1971e-001 -1.6513e+000 +1.7661e+000 -8.6992e-001
% f evaluations | g evaluations | best noise-free fitness - Fopt (1.154900000000e+002) + sum g_i+ | measured fitness | best measured fitness or single-digit g-values | x1 | x2...
1 0 +1.456583734e+003 +1.572073734e+003 +1.572073734e+003 +0.0000e+000 +0.0000e+000 +0.0000e+000 +0.0000e+000 +0.0000e+000
2 0 +1.020051743e+003 +1.135541743e+003 +1.135541743e+003 -3.0464e-001 +3.4621e+000 +3.6459e+000 -5.5699e-001 +9.0083e-001
12 0 +7.505475790e+002 +8.660375790e+002 +8.660375790e+002 -2.8257e+000 -2.7903e+000 +1.9248e+000 -9.9568e-001 +3.2858e+000
31 0 +7.282860007e+002 +8.437760007e+002 +8.437760007e+002 +1.4503e+000 -1.7138e+000 +4.4235e+000 -4.0666e+000 +1.3306e-001
38 0 +7.030101759e+002 +8.185001759e+002 +8.185001759e+002 +1.3572e+000 -2.7320e+000 +3.1115e+000 -1.0290e+000 +1.3827e+000
50 0 +6.238098255e+002 +7.392998255e+002 +7.392998255e+002 -4.5398e-001 -2.9186e+000 +1.0975e+000 -4.4426e+000 +2.2848e+000
67 0 +6.086322013e+002 +7.241222013e+002 +7.241222013e+002 +1.6195e+000 -4.4818e+000 +3.5651e+000 -2.6531e+000 +2.2421e-001
99 0 +4.411616696e+002 +5.566516696e+002 +5.566516696e+002 -1.3679e+000 +1.2776e+000 +3.5383e+000 -2.9812e+000 +2.7575e+000
123 0 +3.058901951e+002 +4.213801951e+002 +4.213801951e+002 -2.0977e+000 +1.7459e+000 +1.6267e+000 -3.0796e+000 +5.0000e+000
325 0 +2.593941980e+002 +3.748841980e+002 +3.748841980e+002 -1.7447e+000 +1.6832e+000 +1.7631e+000 -2.3033e+000 +4.4783e+000
409 0 +2.495662123e+002 +3.650562123e+002 +3.650562123e+002 -3.0951e+000 +7.0538e-001 +2.1021e+000 -1.9517e+000 +5.0000e+000
525 0 +1.973544001e+002 +3.128444001e+002 +3.128444001e+002 -3.4186e+000 -4.2645e-001 +2.3490e+000 -2.5168e+000 +5.0000e+000
658 0 +1.516045494e+002 +2.670945494e+002 +2.670945494e+002 -3.2245e+000 +3.4279e-001 +2.4315e+000 -2.5534e+000 +4.7396e+000
858 0 +1.225101508e+002 +2.380001508e+002 +2.380001508e+002 -2.9798e+000 +2.2046e-001 +1.8161e+000 -2.4129e+000 +4.9604e+000
1034 0 +1.025387759e+002 +2.180287759e+002 +2.180287759e+002 -3.0661e+000 +3.3623e-001 +2.0020e+000 -2.5583e+000 +5.0000e+000
1459 0 +9.906204116e+001 +2.145520412e+002 +2.145520412e+002 -3.1073e+000 +4.8510e-001 +1.9849e+000 -2.6351e+000 +5.0000e+000
1798 0 +7.214792053e+001 +1.876379205e+002 +1.876379205e+002 -2.9198e+000 +3.2643e-001 +1.7771e+000 -2.5677e+000 +5.0000e+000
2125 0 +6.671368670e+001 +1.822036867e+002 +1.822036867e+002 -2.8820e+000 +2.4724e-001 +1.6498e+000 -2.6023e+000 +5.0000e+000
2267 0 +6.278293757e+001 +1.782729376e+002 +1.782729376e+002 -2.8656e+000 +2.1118e-001 +1.5831e+000 -2.6524e+000 +5.0000e+000
3187 0 +5.808876934e+001 +1.735787693e+002 +1.735787693e+002 -2.4148e+000 +3.5204e-001 +1.7566e+000 -2.5996e+000 +5.0000e+000
4481 0 +4.423759495e+001 +1.597275949e+002 +1.597275949e+002 -2.7223e+000 +3.7192e-001 +1.8206e+000 -2.6169e+000 +5.0000e+000
5970 0 +3.298109550e+001 +1.484710955e+002 +1.484710955e+002 -2.6749e+000 +3.4672e-001 +1.7562e+000 -2.6402e+000 +5.0000e+000
7170 0 +3.233628231e+001 +1.478262823e+002 +1.478262823e+002 -2.6646e+000 +3.4324e-001 +1.7471e+000 -2.6430e+000 +5.0000e+000
% f evaluations | g evaluations | best noise-free fitness - Fopt (1.950500000000e+002) + sum g_i+ | measured fitness | best measured fitness or single-digit g-values | x1 | x2...
1 0 +5.088012700e+002 +7.038512700e+002 +7.038512700e+002 +0.0000e+000 +0.0000e+000 +0.0000e+000 +0.0000e+000 +0.0000e+000
30 0 +2.602081226e+002 +4.552581226e+002 +4.552581226e+002 +4.7179e+000 +1.1784e+000 +2.4998e+000 -4.5886e-001 +4.0993e-001
306 0 +2.395536113e+002 +4.346036113e+002 +4.346036113e+002 -3.2450e+000 -1.7737e+000 -8.4699e+000 -4.4486e-001 -5.0000e+000
432 0 +7.737168847e+001 +2.724216885e+002 +2.724216885e+002 +7.5185e-001 +2.2552e-001 -2.5636e+000 -7.2873e-001 -1.4710e+000
832 0 +3.751366289e+001 +2.325636629e+002 +2.325636629e+002 +7.5284e-001 +5.7456e-002 -2.6617e+000 -6.7659e-001 -1.6755e+000
1132 0 +2.962287099e+001 +2.246728710e+002 +2.246728710e+002 +7.5388e-001 -1.1823e-001 -2.7642e+000 -6.2209e-001 -1.8893e+000
3179 0 +2.417938105e+001 +2.192293811e+002 +2.192293811e+002 +6.9781e-001 -5.4554e-002 -2.8218e+000 -5.9406e-001 -1.9086e+000
5018 0 +1.072047488e+001 +2.057704749e+002 +2.057704749e+002 +6.0473e-001 -1.9061e-001 -3.0182e+000 -5.4752e-001 -1.8605e+000
10099 0 +8.428316556e+000 +2.034783166e+002 +2.034783166e+002 +6.2092e-001 -1.8206e-001 -2.9748e+000 -5.5520e-001 -1.8647e+000
% f evaluations | g evaluations | best noise-free fitness - Fopt (-2.144800000000e+002) + sum g_i+ | measured fitness | best measured fitness or single-digit g-values | x1 | x2...
1 0 +1.048917530e+003 +8.344375298e+002 +8.344375298e+002 +0.0000e+000 +0.0000e+000 +0.0000e+000 +0.0000e+000 +0.0000e+000
8 0 +6.134259506e+002 +3.989459506e+002 +3.989459506e+002 +3.6979e+000 +1.8557e+000 +1.5221e+000 -1.6520e+000 -2.1456e+000
93 0 +4.392588339e+002 +2.247788339e+002 +2.247788339e+002 -3.1991e+000 +2.4828e+000 +2.6493e+000 -2.8750e+000 -6.4029e-002
221 0 +3.451636278e+002 +1.306836278e+002 +1.306836278e+002 -2.9533e+000 +3.3756e+000 +2.6757e+000 -2.8379e+000 -4.4241e-001
318 0 +2.720110899e+002 +5.753108989e+001 +5.753108989e+001 -3.6080e+000 +2.3570e+000 +2.1335e+000 -4.0500e+000 -2.4441e+000
421 0 +1.783487191e+002 -3.613128086e+001 -3.613128086e+001 -3.4522e+000 +2.5404e+000 +2.4089e+000 -3.5070e+000 -1.4363e+000
518 0 +1.542372152e+002 -6.024278477e+001 -6.024278477e+001 -3.6039e+000 +2.1310e+000 +2.0102e+000 -3.4629e+000 -1.4411e+000
931 0 +1.336000395e+002 -8.087996050e+001 -8.087996050e+001 -4.2667e+000 +2.1893e+000 +2.0965e+000 -3.2724e+000 -1.9363e+000
1398 0 +1.275683754e+002 -8.691162460e+001 -8.691162460e+001 -3.7588e+000 +2.4692e+000 +2.1380e+000 -3.6005e+000 -1.9046e+000
1598 0 +8.439116879e+001 -1.300888312e+002 -1.300888312e+002 -3.8946e+000 +2.0832e+000 +2.0296e+000 -3.3394e+000 -2.0245e+000
2124 0 +8.147785313e+001 -1.330021469e+002 -1.330021469e+002 -3.8694e+000 +1.9988e+000 +2.0021e+000 -3.4086e+000 -2.0597e+000
2880 0 +6.303397170e+001 -1.514460283e+002 -1.514460283e+002 -3.9664e+000 +2.1735e+000 +1.9650e+000 -3.3991e+000 -2.1753e+000
2989 0 +5.166588821e+001 -1.628141118e+002 -1.628141118e+002 -3.9235e+000 +2.3136e+000 +2.0937e+000 -3.2490e+000 -2.2610e+000
% f evaluations | g evaluations | best noise-free fitness - Fopt (-4.590000000000e+001) + sum g_i+ | measured fitness | best measured fitness or single-digit g-values | x1 | x2...
1 0 +9.855133308e+002 +9.396133308e+002 +9.396133308e+002 +0.0000e+000 +0.0000e+000 +0.0000e+000 +0.0000e+000 +0.0000e+000
10 0 +6.302067116e+002 +5.843067116e+002 +5.843067116e+002 -3.1790e+000 -1.8734e+000 -3.0204e+000 -2.0755e+000 -4.3076e+000
38 0 +3.451625212e+002 +2.992625212e+002 +2.992625212e+002 +1.2484e+000 -1.4010e+000 -7.3971e-001 -1.4106e+000 -3.0669e+000
238 0 +2.887417655e+002 +2.428417655e+002 +2.428417655e+002 +4.4977e-001 -5.5926e-001 -1.7328e+000 -3.8900e+000 -4.3816e+000
286 0 +2.628368300e+002 +2.169368300e+002 +2.169368300e+002 +4.6232e-001 -1.8876e+000 -9.3272e-001 -2.1986e-001 -5.0000e+000
704 0 +2.402532676e+002 +1.943532676e+002 +1.943532676e+002 +2.0332e-001 -1.9903e+000 -2.9674e-001 -1.3701e+000 -5.0000e+000
737 0 +2.250978472e+002 +1.791978472e+002 +1.791978472e+002 +5.1650e-001 -1.2421e+000 -7.3473e-001 -1.9483e+000 -5.0000e+000
759 0 +2.081909594e+002 +1.622909594e+002 +1.622909594e+002 +3.7936e-001 -1.3108e+000 -9.3933e-001 -2.7575e+000 -5.0000e+000
846 0 +1.940290647e+002 +1.481290647e+002 +1.481290647e+002 -2.3798e-001 -1.3155e+000 -9.9264e-001 -3.2615e+000 -5.0000e+000
1263 0 +1.899850779e+002 +1.440850779e+002 +1.440850779e+002 -2.7864e-001 -1.2196e+000 -9.1592e-001 -3.5215e+000 -5.0000e+000
4433 0 +1.541951217e+002 +1.082951217e+002 +1.082951217e+002 +3.4075e-001 -8.3244e-001 -5.6033e-001 -4.1901e+000 -4.1472e+000
4534 0 +1.282169150e+002 +8.231691502e+001 +8.231691502e+001 -2.3247e-001 -1.5222e+000 -9.4219e-001 -3.3531e+000 -4.4731e+000
4543 0 +7.661436505e+001 +3.071436505e+001 +3.071436505e+001 +3.5836e-001 -1.5991e+000 -2.1686e-001 -1.7797e+000 -4.2171e+000
4734 0 +7.487187280e+001 +2.897187280e+001 +2.897187280e+001 +3.0327e-001 -1.5889e+000 -3.0245e-001 -2.0211e+000 -4.1931e+000
6503 0 +7.317708933e+001 +2.727708933e+001 +2.727708933e+001 +8.1629e-002 -1.3229e+000 -4.2474e-002 -1.7674e+000 -4.1294e+000
6875 0 +7.078919517e+001 +2.488919517e+001 +2.488919517e+001 +1.3239e-001 -1.6684e+000 -5.9074e-002 -1.1384e+000 -4.2540e+000
7275 0 +6.895026962e+001 +2.305026962e+001 +2.305026962e+001 +3.7442e-002 -1.4059e+000 +3.7714e-002 -1.3690e+000 -4.1373e+000
8075 0 +6.149887112e+001 +1.559887112e+001 +1.559887112e+001 +7.0149e-002 -1.4963e+000 +4.3718e-003 -1.2895e+000 -4.1775e+000
8108 0 +3.351510343e+001 -1.238489657e+001 -1.238489657e+001 -2.0539e-001 -1.3786e+000 -5.1713e-001 -2.4603e+000 -4.1892e+000
9839 0 +2.243479684e+001 -2.346520316e+001 -2.346520316e+001 -1.6412e-001 -1.3036e+000 -4.8066e-001 -2.4453e+000 -4.1594e+000
