% f evaluations | g evaluations | best noise-free fitness - Fopt (1.238300000000e+002) + sum g_i+ | measured fitness | best measured fitness or single-digit g-values | x1 | x2...
1 0 +1.300000000e+001 +1.368300000e+002 +1.368300000e+002 +0.0000e+000 +0.0000e+000 +0.0000e+000
92 0 +1.260974530e+001 +1.364397453e+002 +1.364397453e+002 +3.4669e+000 +2.8604e+000 -7.7475e-001
484 0 +1.158458621e+001 +1.354145862e+002 +1.354145862e+002 +3.5621e+000 +2.9063e+000 -8.0755e-001
548 0 +1.015868615e+001 +1.339886862e+002 +1.339886862e+002 +3.4623e+000 +2.8455e+000 -7.8474e-001
839 0 +5.554538909e+000 +1.293845389e+002 +1.293845389e+002 +3.7894e+000 +2.9090e+000 -8.7049e-001
942 0 +5.115777141e+000 +1.289457771e+002 +1.289457771e+002 +3.7571e+000 +2.8354e+000 -8.7929e-001
1019 0 +2.740840079e+000 +1.265708401e+002 +1.265708401e+002 +3.4505e+000 +2.7626e+000 -7.9365e-001
1290 0 +2.224241291e+000 +1.260542413e+002 +1.260542413e+002 +3.4584e+000 +2.7605e+000 -7.9044e-001
1384 0 +2.168496378e+000 +1.259984964e+002 +1.259984964e+002 +3.6275e+000 +2.8363e+000 -8.3367e-001
1753 0 +1.736867211e+000 +1.255668672e+002 +1.255668672e+002 +3.5965e+000 +2.8151e+000 -8.2940e-001
1853 0 +1.591733246e+000 +1.254217332e+002 +1.254217332e+002 +3.5718e+000 +2.7983e+000 -8.2582e-001
1953 0 +1.578880557e+000 +1.254088806e+002 +1.254088806e+002 +3.5595e+000 +2.7900e+000 -8.2402e-001
2458 0 +1.534300401e+000 +1.253643004e+002 +1.253643004e+002 +3.3540e+000 +2.6635e+000 -7.4847e-001
2461 0 +1.487535030e+000 +1.253175350e+002 +1.253175350e+002 +3.4196e+000 +2.7045e+000 -7.6364e-001
2557 0 +1.429040253e+000 +1.252590403e+002 +1.252590403e+002 +3.2977e+000 +2.6363e+000 -7.1398e-001
2639 0 +1.347746817e+000 +1.251777468e+002 +1.251777468e+002 +3.2199e+000 +2.5945e+000 -6.9010e-001
2655 0 +1.220398736e+000 +1.250503987e+002 +1.250503987e+002 +3.0323e+000 +2.4839e+000 -6.1554e-001
2736 0 +1.175255534e+000 +1.250052555e+002 +1.250052555e+002 +2.9306e+000 +2.4215e+000 -5.7365e-001
2748 0 +1.163176100e+000 +1.249931761e+002 +1.249931761e+002 +2.8713e+000 +2.3933e+000 -5.5889e-001
2752 0 +1.141828839e+000 +1.249718288e+002 +1.249718288e+002 +2.9351e+000 +2.4207e+000 -5.7776e-001
2755 0 +1.046718133e+000 +1.248767181e+002 +1.248767181e+002 +2.6616e+000 +2.2688e+000 -4.8249e-001
2810 0 +8.154595928e-001 +1.246454596e+002 +1.246454596e+002 +2.4198e+000 +2.1097e+000 -3.8924e-001
2910 0 +7.894737140e-001 +1.246194737e+002 +1.246194737e+002 +2.1815e+000 +1.9583e+000 -3.0077e-001
2952 0 +7.492114101e-001 +1.245792114e+002 +1.245792114e+002 +2.1673e+000 +1.9567e+000 -2.9665e-001
2990 0 +6.274551147e-001 +1.244574551e+002 +1.244574551e+002 +2.1093e+000 +1.9228e+000 -2.8408e-001
3005 0 +5.640364957e-001 +1.243940365e+002 +1.243940365e+002 +1.9318e+000 +1.8096e+000 -2.2137e-001
3110 0 +5.234329401e-001 +1.243534329e+002 +1.243534329e+002 +1.8368e+000 +1.7527e+000 -1.9071e-001
3168 0 +4.893719750e-001 +1.243193720e+002 +1.243193720e+002 +1.8765e+000 +1.7727e+000 -2.0885e-001
3219 0 +4.675364888e-001 +1.242975365e+002 +1.242975365e+002 +1.8368e+000 +1.7474e+000 -1.9699e-001
3239 0 +4.003902674e-001 +1.242303903e+002 +1.242303903e+002 +1.7042e+000 +1.6624e+000 -1.5511e-001
3319 0 +3.880418130e-001 +1.242180418e+002 +1.242180418e+002 +1.6754e+000 +1.6472e+000 -1.4758e-001
3360 0 +3.703564483e-001 +1.242003564e+002 +1.242003564e+002 +1.6267e+000 +1.6154e+000 -1.3479e-001
3419 0 +3.211511994e-001 +1.241511512e+002 +1.241511512e+002 +1.5049e+000 +1.5395e+000 -9.8468e-002
3456 0 +3.049820192e-001 +1.241349820e+002 +1.241349820e+002 +1.4776e+000 +1.5216e+000 -8.6437e-002
3519 0 +2.886859517e-001 +1.241186860e+002 +1.241186860e+002 +1.4158e+000 +1.4832e+000 -7.2195e-002
3610 0 +2.851703777e-001 +1.241151704e+002 +1.241151704e+002 +1.2464e+000 +1.3761e+000 -1.7744e-002
3619 0 +2.751961296e-001 +1.241051961e+002 +1.241051961e+002 +1.3712e+000 +1.4550e+000 -5.9059e-002
3696 0 +2.340108833e-001 +1.240640109e+002 +1.240640109e+002 +1.3134e+000 +1.4136e+000 -4.3047e-002
3727 0 +1.824044449e-001 +1.240124044e+002 +1.240124044e+002 +1.1499e+000 +1.3033e+000 +5.1675e-003
3810 0 +1.492329487e-001 +1.239792329e+002 +1.239792329e+002 +1.0912e+000 +1.2570e+000 +1.9169e-002
3814 0 +1.452783422e-001 +1.239752783e+002 +1.239752783e+002 +1.1137e+000 +1.2748e+000 +9.8101e-003
3918 0 +1.417690967e-001 +1.239717691e+002 +1.239717691e+002 +1.1006e+000 +1.2650e+000 +1.4602e-002
3919 0 +1.138549536e-001 +1.239438550e+002 +1.239438550e+002 +1.0142e+000 +1.2047e+000 +3.5996e-002
3923 0 +4.868292267e-002 +1.238786829e+002 +1.238786829e+002 +7.8386e-001 +1.0435e+000 +8.4813e-002
4010 0 +4.279768280e-002 +1.238727977e+002 +1.238727977e+002 +7.3527e-001 +1.0089e+000 +9.2782e-002
4019 0 +3.802558748e-002 +1.238680256e+002 +1.238680256e+002 +5.7113e-001 +8.9267e-001 +1.3025e-001
4052 0 +2.706603154e-002 +1.238570660e+002 +1.238570660e+002 +5.8731e-001 +9.0062e-001 +1.1833e-001
4120 0 +6.215750281e-003 +1.238362158e+002 +1.238362158e+002 +4.0343e-001 +7.5940e-001 +1.4785e-001
4205 0 +5.429217810e-003 +1.238354292e+002 +1.238354292e+002 +4.5233e-001 +7.9740e-001 +1.4495e-001
4252 0 +4.368038832e-003 +1.238343680e+002 +1.238343680e+002 +3.4150e-001 +7.0968e-001 +1.5742e-001
4356 0 +2.739091127e-003 +1.238327391e+002 +1.238327391e+002 +3.4017e-001 +7.0550e-001 +1.5534e-001
4405 0 +1.973959308e-003 +1.238319740e+002 +1.238319740e+002 +3.3536e-001 +7.0021e-001 +1.5753e-001
4420 0 +9.963114647e-004 +1.238309963e+002 +1.238309963e+002 +3.6757e-001 +7.2540e-001 +1.5294e-001
4536 0 +1.643688227e-004 +1.238301644e+002 +1.238301644e+002 +3.9480e-001 +7.4867e-001 +1.5086e-001
4878 0 +3.825899439e-005 +1.238300383e+002 +1.238300383e+002 +3.9168e-001 +7.4622e-001 +1.5083e-001
5178 0 +3.760078033e-005 +1.238300376e+002 +1.238300376e+002 +3.9157e-001 +7.4613e-001 +1.5083e-001
5276 0 +2.224012887e-005 +1.238300222e+002 +1.238300222e+002 +3.9464e-001 +7.4827e-001 +1.5033e-001
5320 0 +1.936371575e-005 +1.238300194e+002 +1.238300194e+002 +3.9675e-001 +7.5036e-001 +1.5006e-001
5405 0 +1.176830257e-005 +1.238300118e+002 +1.238300118e+002 +3.9720e-001 +7.5065e-001 +1.5011e-001
5636 0 +6.769582825e-006 +1.238300068e+002 +1.238300068e+002 +3.9721e-001 +7.5047e-001 +1.4996e-001
5656 0 +4.279521406e-006 +1.238300043e+002 +1.238300043e+002 +3.9844e-001 +7.5157e-001 +1.4992e-001
5790 0 +3.609535980e-006 +1.238300036e+002 +1.238300036e+002 +3.9953e-001 +7.5243e-001 +1.4970e-001
5836 0 +3.433547846e-006 +1.238300034e+002 +1.238300034e+002 +3.9933e-001 +7.5224e-001 +1.4972e-001
5847 0 +1.295942127e-006 +1.238300013e+002 +1.238300013e+002 +4.0155e-001 +7.5400e-001 +1.4949e-001
5896 0 +1.014159992e-006 +1.238300010e+002 +1.238300010e+002 +4.0121e-001 +7.5372e-001 +1.4956e-001
6096 0 +7.900510184e-007 +1.238300008e+002 +1.238300008e+002 +4.0109e-001 +7.5362e-001 +1.4953e-001
6165 0 +1.200078685e-007 +1.238300001e+002 +1.238300001e+002 +4.0003e-001 +7.5273e-001 +1.4967e-001
6496 0 +7.207749775e-008 +1.238300001e+002 +1.238300001e+002 +4.0048e-001 +7.5311e-001 +1.4962e-001
6538 0 +4.171806722e-008 +1.238300000e+002 +1.238300000e+002 +4.0049e-001 +7.5309e-001 +1.4963e-001
6682 0 +3.501384072e-008 +1.238300000e+002 +1.238300000e+002 +4.0082e-001 +7.5335e-001 +1.4958e-001
6830 0 +2.483295702e-008 +1.238300000e+002 +1.238300000e+002 +4.0066e-001 +7.5323e-001 +1.4960e-001
6865 0 +2.066045113e-009 +1.238300000e+002 +1.238300000e+002 +4.0053e-001 +7.5313e-001 +1.4961e-001
% f evaluations | g evaluations | best noise-free fitness - Fopt (4.751000000000e+001) + sum g_i+ | measured fitness | best measured fitness or single-digit g-values | x1 | x2...
1 0 +1.300000000e+001 +6.051000000e+001 +6.051000000e+001 +0.0000e+000 +0.0000e+000 +0.0000e+000
318 0 +4.129850364e+000 +5.163985036e+001 +5.163985036e+001 +5.4360e-002 +1.3234e+000 +8.4904e-001
546 0 +3.517832791e+000 +5.102783279e+001 +5.102783279e+001 +3.2666e-003 +1.1271e+000 +8.2313e-001
630 0 +1.387736802e+000 +4.889773680e+001 +4.889773680e+001 +1.2089e-001 +1.1140e+000 +8.6613e-001
772 0 +4.399044702e-001 +4.794990447e+001 +4.794990447e+001 +1.1056e-001 +9.9145e-001 +8.0832e-001
830 0 +2.837779222e-001 +4.779377792e+001 +4.779377792e+001 +1.0017e-001 +1.0107e+000 +8.5204e-001
865 0 +5.065150198e-002 +4.756065150e+001 +4.756065150e+001 +9.6773e-002 +9.7904e-001 +8.1551e-001
1465 0 +4.344635615e-002 +4.755344636e+001 +4.755344636e+001 +9.2701e-002 +9.8158e-001 +8.1844e-001
1765 0 +4.253045239e-002 +4.755253045e+001 +4.755253045e+001 +9.3854e-002 +9.8086e-001 +8.1761e-001
3046 0 +4.158217887e-002 +4.755158218e+001 +4.755158218e+001 +9.4540e-002 +9.7513e-001 +8.1625e-001
3197 0 +3.983868347e-002 +4.754983868e+001 +4.754983868e+001 +9.5102e-002 +9.6534e-001 +8.1135e-001
3226 0 +3.951411625e-002 +4.754951412e+001 +4.754951412e+001 +9.5106e-002 +9.6252e-001 +8.1018e-001
3329 0 +3.874641943e-002 +4.754874642e+001 +4.754874642e+001 +9.6218e-002 +9.6012e-001 +8.1027e-001
3400 0 +3.727662213e-002 +4.754727662e+001 +4.754727662e+001 +9.6501e-002 +9.5094e-001 +8.0627e-001
3410 0 +3.664233248e-002 +4.754664233e+001 +4.754664233e+001 +9.6832e-002 +9.4661e-001 +8.0482e-001
3415 0 +3.369503325e-002 +4.754369503e+001 +4.754369503e+001 +9.8782e-002 +9.2911e-001 +7.9765e-001
3515 0 +3.011882905e-002 +4.754011883e+001 +4.754011883e+001 +1.0121e-001 +9.0709e-001 +7.8915e-001
3566 0 +2.915441364e-002 +4.753915441e+001 +4.753915441e+001 +1.0219e-001 +8.9956e-001 +7.8777e-001
3607 0 +2.508357879e-002 +4.753508358e+001 +4.753508358e+001 +1.0489e-001 +8.7623e-001 +7.7776e-001
3638 0 +2.439063325e-002 +4.753439063e+001 +4.753439063e+001 +1.0566e-001 +8.5900e-001 +7.7159e-001
3714 0 +2.398484833e-002 +4.753398485e+001 +4.753398485e+001 +1.1191e-001 +8.3718e-001 +7.6533e-001
3721 0 +2.285134058e-002 +4.753285134e+001 +4.753285134e+001 +1.0708e-001 +8.4364e-001 +7.6551e-001
3729 0 +2.227143107e-002 +4.753227143e+001 +4.753227143e+001 +1.0852e-001 +8.3116e-001 +7.6151e-001
3735 0 +2.174239514e-002 +4.753174240e+001 +4.753174240e+001 +1.0844e-001 +8.3269e-001 +7.6180e-001
3746 0 +2.098792085e-002 +4.753098792e+001 +4.753098792e+001 +1.0801e-001 +8.4656e-001 +7.6637e-001
3755 0 +2.043558614e-002 +4.753043559e+001 +4.753043559e+001 +1.0856e-001 +8.3874e-001 +7.6365e-001
3799 0 +1.964283238e-002 +4.752964283e+001 +4.752964283e+001 +1.1120e-001 +7.9804e-001 +7.4717e-001
3818 0 +1.614727695e-002 +4.752614728e+001 +4.752614728e+001 +1.1483e-001 +7.6272e-001 +7.3246e-001
3844 0 +1.228134534e-002 +4.752228135e+001 +4.752228135e+001 +1.2144e-001 +7.1445e-001 +7.1519e-001
3845 0 +9.254312330e-003 +4.751925431e+001 +4.751925431e+001 +1.1974e-001 +7.4546e-001 +7.2459e-001
3906 0 +6.142673339e-003 +4.751614267e+001 +4.751614267e+001 +1.2864e-001 +6.7466e-001 +6.9784e-001
3925 0 +5.822311830e-003 +4.751582231e+001 +4.751582231e+001 +1.2640e-001 +6.9117e-001 +7.0139e-001
3926 0 +5.112653484e-003 +4.751511265e+001 +4.751511265e+001 +1.2678e-001 +6.8558e-001 +6.9903e-001
4042 0 +4.581966916e-003 +4.751458197e+001 +4.751458197e+001 +1.4150e-001 +5.5070e-001 +6.4370e-001
4060 0 +3.048862732e-003 +4.751304886e+001 +4.751304886e+001 +1.3391e-001 +6.2619e-001 +6.7584e-001
4097 0 +2.281502294e-003 +4.751228150e+001 +4.751228150e+001 +1.3136e-001 +6.4215e-001 +6.8205e-001
4188 0 +1.711731238e-003 +4.751171173e+001 +4.751171173e+001 +1.4028e-001 +5.4678e-001 +6.4009e-001
4204 0 +1.467894110e-003 +4.751146789e+001 +4.751146789e+001 +1.3961e-001 +5.6982e-001 +6.4816e-001
4209 0 +1.238061459e-003 +4.751123806e+001 +4.751123806e+001 +1.3423e-001 +6.1359e-001 +6.6778e-001
4257 0 +7.312773574e-004 +4.751073128e+001 +4.751073128e+001 +1.4300e-001 +5.3167e-001 +6.3089e-001
4258 0 +4.147613760e-004 +4.751041476e+001 +4.751041476e+001 +1.3782e-001 +5.7468e-001 +6.4985e-001
4335 0 +2.056346720e-004 +4.751020563e+001 +4.751020563e+001 +1.3707e-001 +5.7573e-001 +6.5090e-001
4371 0 +1.367529333e-004 +4.751013675e+001 +4.751013675e+001 +1.3910e-001 +5.5767e-001 +6.4334e-001
4388 0 +1.186689664e-004 +4.751011867e+001 +4.751011867e+001 +1.3832e-001 +5.7030e-001 +6.4939e-001
4506 0 +1.008130118e-004 +4.751010081e+001 +4.751010081e+001 +1.3807e-001 +5.7378e-001 +6.5071e-001
4535 0 +2.254141629e-005 +4.751002254e+001 +4.751002254e+001 +1.3864e-001 +5.6697e-001 +6.4737e-001
4653 0 +5.188804188e-006 +4.751000519e+001 +4.751000519e+001 +1.3947e-001 +5.5750e-001 +6.4289e-001
4857 0 +1.381128016e-006 +4.751000138e+001 +4.751000138e+001 +1.3919e-001 +5.5973e-001 +6.4396e-001
5443 0 +1.117606310e-006 +4.751000112e+001 +4.751000112e+001 +1.3919e-001 +5.6002e-001 +6.4414e-001
5450 0 +6.063362861e-007 +4.751000061e+001 +4.751000061e+001 +1.3911e-001 +5.6061e-001 +6.4434e-001
5609 0 +4.518659722e-007 +4.751000045e+001 +4.751000045e+001 +1.3904e-001 +5.6138e-001 +6.4469e-001
5633 0 +3.994510038e-007 +4.751000040e+001 +4.751000040e+001 +1.3917e-001 +5.6024e-001 +6.4422e-001
5789 0 +3.538956506e-007 +4.751000035e+001 +4.751000035e+001 +1.3915e-001 +5.6061e-001 +6.4439e-001
5843 0 +2.109262525e-007 +4.751000021e+001 +4.751000021e+001 +1.3905e-001 +5.6139e-001 +6.4475e-001
5966 0 +1.529522393e-007 +4.751000015e+001 +4.751000015e+001 +1.3911e-001 +5.6078e-001 +6.4444e-001
6041 0 +1.128030718e-007 +4.751000011e+001 +4.751000011e+001 +1.3911e-001 +5.6077e-001 +6.4444e-001
6066 0 +6.495479710e-008 +4.751000006e+001 +4.751000006e+001 +1.3910e-001 +5.6099e-001 +6.4454e-001
6129 0 +2.085153028e-008 +4.751000002e+001 +4.751000002e+001 +1.3909e-001 +5.6114e-001 +6.4462e-001
6238 0 +2.025472412e-008 +4.751000002e+001 +4.751000002e+001 +1.3905e-001 +5.6149e-001 +6.4478e-001
6542 0 +1.808397343e-008 +4.751000002e+001 +4.751000002e+001 +1.3904e-001 +5.6152e-001 +6.4479e-001
6546 0 +1.605616973e-008 +4.751000002e+001 +4.751000002e+001 +1.3905e-001 +5.6146e-001 +6.4476e-001
6721 0 +1.061900434e-008 +4.751000001e+001 +4.751000001e+001 +1.3908e-001 +5.6115e-001 +6.4462e-001
6733 0 +8.171532784e-009 +4.751000001e+001 +4.751000001e+001 +1.3906e-001 +5.6140e-001 +6.4474e-001
9842 0 +0.000000000e+000 +4.751000000e+001 +4.751000000e+001 +1.3907e-001 +5.6129e-001 +6.4468e-001
% f evaluations | g evaluations | best noise-free fitness - Fopt (5.534000000000e+001) + sum g_i+ | measured fitness | best measured fitness or single-digit g-values | x1 | x2...
1 0 +1.300000000e+001 +6.834000000e+001 +6.834000000e+001 +0.0000e+000 +0.0000e+000 +0.0000e+000
640 0 +1.231873563e+001 +6.765873563e+001 +6.765873563e+001 +3.0945e-001 -4.5054e-001 -1.0569e-001
679 0 +9.305959521e+000 +6.464595952e+001 +6.464595952e+001 -5.8202e-001 +1.0824e+000 -3.2237e-001
808 0 +1.400875483e+000 +5.674087548e+001 +5.674087548e+001 -4.2364e-001 +5.1007e-001 +1.9993e-001
1130 0 +2.415731754e-001 +5.558157318e+001 +5.558157318e+001 +5.9277e-002 -4.8809e-001 +9.8591e-002
1471 0 +1.900275967e-001 +5.553002760e+001 +5.553002760e+001 +6.0512e-002 -4.9532e-001 +9.4089e-002
1640 0 +7.618377641e-002 +5.541618378e+001 +5.541618378e+001 +3.4505e-002 -4.5189e-001 +9.0143e-002
1848 0 +7.374782079e-002 +5.541374782e+001 +5.541374782e+001 +3.0943e-002 -4.5161e-001 +9.0596e-002
1923 0 +2.351509221e-002 +5.536351509e+001 +5.536351509e+001 +1.8471e-001 -5.9667e-001 +3.4974e-002
2123 0 +1.651777297e-002 +5.535651777e+001 +5.535651777e+001 +2.2452e-001 -6.3727e-001 +1.7268e-002
2256 0 +1.352454452e-002 +5.535352454e+001 +5.535352454e+001 +2.8658e-001 -6.9223e-001 -3.9983e-003
2323 0 +1.088403836e-002 +5.535088404e+001 +5.535088404e+001 +2.6531e-001 -6.6901e-001 +6.6300e-003
2637 0 +1.019167968e-002 +5.535019168e+001 +5.535019168e+001 +2.5809e-001 -6.6459e-001 +5.5345e-003
2676 0 +6.957897236e-003 +5.534695790e+001 +5.534695790e+001 +3.0525e-001 -7.0427e-001 -1.1471e-002
2728 0 +5.369159448e-003 +5.534536916e+001 +5.534536916e+001 +3.8058e-001 -7.6451e-001 -3.5166e-002
2773 0 +4.505748224e-003 +5.534450575e+001 +5.534450575e+001 +3.0783e-001 -7.0499e-001 -1.0148e-002
2828 0 +4.279423585e-003 +5.534427942e+001 +5.534427942e+001 +3.3650e-001 -7.2948e-001 -2.0980e-002
2948 0 +4.117613535e-003 +5.534411761e+001 +5.534411761e+001 +3.4883e-001 -7.3922e-001 -2.6128e-002
3223 0 +3.071089921e-003 +5.534307109e+001 +5.534307109e+001 +3.3816e-001 -7.2992e-001 -2.1956e-002
3254 0 +2.992557282e-003 +5.534299256e+001 +5.534299256e+001 +4.6073e-001 -8.2265e-001 -6.4185e-002
3269 0 +6.746134318e-004 +5.534067461e+001 +5.534067461e+001 +3.6903e-001 -7.5225e-001 -3.3112e-002
3361 0 +3.408133311e-004 +5.534034081e+001 +5.534034081e+001 +3.9487e-001 -7.6996e-001 -4.1265e-002
3369 0 +2.596135338e-004 +5.534025961e+001 +5.534025961e+001 +3.9377e-001 -7.6910e-001 -4.1532e-002
3458 0 +1.649128000e-004 +5.534016491e+001 +5.534016491e+001 +3.7690e-001 -7.5736e-001 -3.5648e-002
3532 0 +1.469521844e-004 +5.534014695e+001 +5.534014695e+001 +3.7932e-001 -7.5960e-001 -3.6280e-002
3628 0 +7.822859240e-005 +5.534007823e+001 +5.534007823e+001 +3.8088e-001 -7.6045e-001 -3.6703e-002
3751 0 +5.962141229e-005 +5.534005962e+001 +5.534005962e+001 +3.8311e-001 -7.6185e-001 -3.7441e-002
3914 0 +4.589348569e-005 +5.534004589e+001 +5.534004589e+001 +3.8886e-001 -7.6651e-001 -3.9335e-002
3923 0 +3.845286637e-005 +5.534003845e+001 +5.534003845e+001 +3.8843e-001 -7.6571e-001 -3.9412e-002
4056 0 +9.801748263e-006 +5.534000980e+001 +5.534000980e+001 +3.8954e-001 -7.6683e-001 -3.9849e-002
4152 0 +9.223570856e-006 +5.534000922e+001 +5.534000922e+001 +3.8984e-001 -7.6707e-001 -3.9969e-002
4461 0 +8.499922465e-006 +5.534000850e+001 +5.534000850e+001 +3.8986e-001 -7.6710e-001 -3.9973e-002
4523 0 +6.298719057e-006 +5.534000630e+001 +5.534000630e+001 +3.9074e-001 -7.6786e-001 -4.0296e-002
4623 0 +2.196857842e-006 +5.534000220e+001 +5.534000220e+001 +3.9321e-001 -7.6974e-001 -4.1156e-002
4723 0 +2.036233212e-006 +5.534000204e+001 +5.534000204e+001 +3.9444e-001 -7.7069e-001 -4.1585e-002
4758 0 +1.499525723e-006 +5.534000150e+001 +5.534000150e+001 +3.9263e-001 -7.6925e-001 -4.0931e-002
4789 0 +1.479082890e-006 +5.534000148e+001 +5.534000148e+001 +3.9319e-001 -7.6967e-001 -4.1056e-002
4823 0 +8.463500549e-007 +5.534000085e+001 +5.534000085e+001 +3.9395e-001 -7.7025e-001 -4.1329e-002
4949 0 +3.099769046e-007 +5.534000031e+001 +5.534000031e+001 +3.9455e-001 -7.7074e-001 -4.1558e-002
5123 0 +2.726296913e-007 +5.534000027e+001 +5.534000027e+001 +3.9443e-001 -7.7066e-001 -4.1540e-002
5128 0 +7.579424732e-008 +5.534000008e+001 +5.534000008e+001 +3.9419e-001 -7.7046e-001 -4.1440e-002
5239 0 +1.246462489e-008 +5.534000001e+001 +5.534000001e+001 +3.9370e-001 -7.7011e-001 -4.1271e-002
5623 0 +1.183948939e-008 +5.534000001e+001 +5.534000001e+001 +3.9378e-001 -7.7017e-001 -4.1300e-002
5773 0 +3.909754298e-009 +5.534000000e+001 +5.534000000e+001 +3.9389e-001 -7.7025e-001 -4.1336e-002
% f evaluations | g evaluations | best noise-free fitness - Fopt (-9.033000000000e+001) + sum g_i+ | measured fitness | best measured fitness or single-digit g-values | x1 | x2...
1 0 +1.300000000e+001 -7.733000000e+001 -7.733000000e+001 +0.0000e+000 +0.0000e+000 +0.0000e+000
527 0 +7.872847268e+000 -8.245715273e+001 -8.245715273e+001 +6.5421e-001 -6.4212e-002 -5.6312e-001
579 0 +6.684017896e+000 -8.364598210e+001 -8.364598210e+001 +2.9590e-001 +2.5793e-001 -7.1584e-002
583 0 +2.220924569e+000 -8.810907543e+001 -8.810907543e+001 -7.2056e-002 +1.9772e-001 +2.4361e-001
723 0 +1.386653140e-001 -9.019133469e+001 -9.019133469e+001 -3.5105e-001 +5.2980e-002 +5.2311e-001
1114 0 +1.114057060e-001 -9.021859429e+001 -9.021859429e+001 -3.6154e-001 +5.1054e-002 +5.3031e-001
1362 0 +5.887118828e-002 -9.027112881e+001 -9.027112881e+001 -3.3905e-001 +7.5988e-002 +5.1676e-001
1660 0 +4.646198395e-002 -9.028353802e+001 -9.028353802e+001 -3.4386e-001 +7.2247e-002 +5.1915e-001
1860 0 +3.164230247e-002 -9.029835770e+001 -9.029835770e+001 -3.5298e-001 +8.1599e-002 +5.1785e-001
2010 0 +2.878251014e-002 -9.030121749e+001 -9.030121749e+001 -3.4070e-001 +9.3838e-002 +5.0470e-001
2117 0 +2.625393550e-002 -9.030374606e+001 -9.030374606e+001 -3.4723e-001 +8.5780e-002 +5.1235e-001
2314 0 +2.448528952e-002 -9.030551471e+001 -9.030551471e+001 -3.4168e-001 +8.3901e-002 +5.0879e-001
2323 0 +2.358838372e-002 -9.030641162e+001 -9.030641162e+001 -3.4554e-001 +8.6629e-002 +5.1222e-001
2452 0 +2.214493778e-002 -9.030785506e+001 -9.030785506e+001 -3.4420e-001 +8.5570e-002 +5.1149e-001
2584 0 +1.420213154e-002 -9.031579787e+001 -9.031579787e+001 -3.8103e-001 +4.6140e-002 +5.7066e-001
2623 0 +1.162731021e-002 -9.031837269e+001 -9.031837269e+001 -3.9469e-001 +3.5391e-002 +5.9013e-001
2679 0 +9.257384206e-003 -9.032074262e+001 -9.032074262e+001 -4.0102e-001 +2.4956e-002 +5.9945e-001
2699 0 +8.998194814e-003 -9.032100181e+001 -9.032100181e+001 -3.9872e-001 +3.2874e-002 +5.9270e-001
2723 0 +5.139938715e-003 -9.032486006e+001 -9.032486006e+001 -4.2634e-001 +3.5619e-003 +6.3512e-001
2779 0 +3.276072416e-003 -9.032672393e+001 -9.032672393e+001 -4.3132e-001 -3.2268e-003 +6.4263e-001
2823 0 +1.809519379e-003 -9.032819048e+001 -9.032819048e+001 -4.4933e-001 -2.2115e-002 +6.6841e-001
2923 0 +1.479563081e-003 -9.032852044e+001 -9.032852044e+001 -4.6082e-001 -3.4954e-002 +6.8506e-001
3014 0 +1.940667060e-004 -9.032980593e+001 -9.032980593e+001 -4.7113e-001 -4.9139e-002 +7.0262e-001
3314 0 +1.130911029e-004 -9.032988691e+001 -9.032988691e+001 -4.7789e-001 -5.5738e-002 +7.1285e-001
3554 0 +5.518964761e-005 -9.032994481e+001 -9.032994481e+001 -4.7633e-001 -5.4975e-002 +7.1080e-001
3614 0 +3.111118521e-005 -9.032996889e+001 -9.032996889e+001 -4.7709e-001 -5.5546e-002 +7.1188e-001
3714 0 +1.145165844e-005 -9.032998855e+001 -9.032998855e+001 -4.7945e-001 -5.8156e-002 +7.1559e-001
3814 0 +1.030859129e-005 -9.032998969e+001 -9.032998969e+001 -4.8064e-001 -5.9461e-002 +7.1744e-001
3954 0 +8.031025232e-006 -9.032999197e+001 -9.032999197e+001 -4.7928e-001 -5.8171e-002 +7.1543e-001
4088 0 +7.599977764e-006 -9.032999240e+001 -9.032999240e+001 -4.7957e-001 -5.8321e-002 +7.1581e-001
4115 0 +5.495971223e-006 -9.032999450e+001 -9.032999450e+001 -4.7994e-001 -5.8803e-002 +7.1640e-001
4315 0 +5.021828414e-006 -9.032999498e+001 -9.032999498e+001 -4.7907e-001 -5.7935e-002 +7.1517e-001
4317 0 +3.005260098e-006 -9.032999699e+001 -9.032999699e+001 -4.7944e-001 -5.8342e-002 +7.1575e-001
4479 0 +2.826221746e-006 -9.032999717e+001 -9.032999717e+001 -4.8031e-001 -5.9168e-002 +7.1705e-001
4564 0 +8.413258854e-007 -9.032999916e+001 -9.032999916e+001 -4.8075e-001 -5.9779e-002 +7.1784e-001
4628 0 +7.335702605e-007 -9.032999927e+001 -9.032999927e+001 -4.8032e-001 -5.9276e-002 +7.1716e-001
4814 0 +5.508778713e-007 -9.032999945e+001 -9.032999945e+001 -4.8013e-001 -5.9077e-002 +7.1685e-001
4854 0 +5.198016879e-007 -9.032999948e+001 -9.032999948e+001 -4.8023e-001 -5.9181e-002 +7.1700e-001
4970 0 +3.784648612e-007 -9.032999962e+001 -9.032999962e+001 -4.8092e-001 -6.0009e-002 +7.1803e-001
5077 0 +1.615362351e-007 -9.032999984e+001 -9.032999984e+001 -4.8090e-001 -5.9967e-002 +7.1801e-001
5286 0 +1.026758127e-007 -9.032999990e+001 -9.032999990e+001 -4.8076e-001 -5.9811e-002 +7.1780e-001
5388 0 +9.471557405e-008 -9.032999991e+001 -9.032999991e+001 -4.8075e-001 -5.9798e-002 +7.1779e-001
5514 0 +7.362574195e-008 -9.032999993e+001 -9.032999993e+001 -4.8062e-001 -5.9656e-002 +7.1759e-001
5615 0 +3.782734836e-008 -9.032999996e+001 -9.032999996e+001 -4.8066e-001 -5.9704e-002 +7.1766e-001
5715 0 +9.214545571e-009 -9.032999999e+001 -9.032999999e+001 -4.8075e-001 -5.9800e-002 +7.1780e-001
9607 0 +0.000000000e+000 -9.033000000e+001 -9.033000000e+001 -4.8077e-001 -5.9828e-002 +7.1783e-001
% f evaluations | g evaluations | best noise-free fitness - Fopt (6.561000000000e+001) + sum g_i+ | measured fitness | best measured fitness or single-digit g-values | x1 | x2...
1 0 +1.300000000e+001 +7.861000000e+001 +7.861000000e+001 +0.0000e+000 +0.0000e+000 +0.0000e+000
334 0 +6.766253171e+000 +7.237625317e+001 +7.237625317e+001 -2.8088e-001 +6.9412e-001 -6.0725e-001
406 0 +3.440459778e+000 +6.905045978e+001 +6.905045978e+001 -4.1928e-001 +4.2688e-001 -5.5514e-001
527 0 +2.091015994e+000 +6.770101599e+001 +6.770101599e+001 -2.0132e-001 +4.2875e-001 -5.5783e-001
1054 0 +1.977823247e+000 +6.758782325e+001 +6.758782325e+001 -1.4666e-001 +4.3663e-001 -4.8597e-001
1147 0 +1.700304231e+000 +6.731030423e+001 +6.731030423e+001 -1.3465e-001 +4.3342e-001 -3.9243e-001
1154 0 +1.590050202e+000 +6.720005020e+001 +6.720005020e+001 -1.6425e-001 +4.7437e-001 -4.9039e-001
1254 0 +1.520918347e+000 +6.713091835e+001 +6.713091835e+001 -1.7304e-001 +4.9324e-001 -4.9260e-001
1391 0 +1.498718092e+000 +6.710871809e+001 +6.710871809e+001 -1.7279e-001 +4.9781e-001 -4.8731e-001
1554 0 +1.479042183e+000 +6.708904218e+001 +6.708904218e+001 -1.7097e-001 +4.9954e-001 -4.8109e-001
1580 0 +1.384111310e+000 +6.699411131e+001 +6.699411131e+001 -1.4196e-001 +5.1390e-001 -4.3516e-001
1733 0 +1.297649780e+000 +6.690764978e+001 +6.690764978e+001 -1.2762e-001 +4.9814e-001 -4.0560e-001
1887 0 +1.286139224e+000 +6.689613922e+001 +6.689613922e+001 -1.3579e-001 +4.9907e-001 -4.0588e-001
1903 0 +1.180357746e+000 +6.679035775e+001 +6.679035775e+001 -1.0649e-001 +4.7792e-001 -2.5552e-001
2000 0 +1.126484880e+000 +6.673648488e+001 +6.673648488e+001 -6.4589e-002 +5.1048e-001 -1.6089e-001
2019 0 +9.365266744e-001 +6.654652667e+001 +6.654652667e+001 -2.2973e-002 +4.8188e-001 -1.8525e-001
2129 0 +8.667614485e-001 +6.647676145e+001 +6.647676145e+001 -2.4809e-002 +4.8613e-001 -1.5973e-001
2134 0 +7.520320086e-001 +6.636203201e+001 +6.636203201e+001 -3.9642e-003 +4.6065e-001 -7.0820e-002
2147 0 +6.778974396e-001 +6.628789744e+001 +6.628789744e+001 -1.4691e-002 +4.4735e-001 -9.7451e-002
2333 0 +5.765085351e-001 +6.618650854e+001 +6.618650854e+001 +1.1025e-002 +4.1390e-001 -1.7599e-002
2429 0 +5.185702734e-001 +6.612857027e+001 +6.612857027e+001 +2.0684e-002 +3.9088e-001 +8.8376e-003
2503 0 +4.753446429e-001 +6.608534464e+001 +6.608534464e+001 +4.4852e-002 +3.6036e-001 +7.4240e-002
2529 0 +4.623132850e-001 +6.607231329e+001 +6.607231329e+001 +3.3698e-002 +3.6187e-001 +3.2994e-002
2601 0 +4.554624262e-001 +6.606546243e+001 +6.606546243e+001 +3.6536e-002 +3.6235e-001 +4.8412e-002
2608 0 +3.614866570e-001 +6.597148666e+001 +6.597148666e+001 +7.0988e-002 +2.6958e-001 +1.3137e-001
2771 0 +2.655907752e-001 +6.587559078e+001 +6.587559078e+001 +1.0622e-001 +1.8535e-001 +2.2320e-001
2813 0 +2.079020803e-001 +6.581790208e+001 +6.581790208e+001 +1.3110e-001 +1.6019e-001 +2.7781e-001
2834 0 +1.240819189e-001 +6.573408192e+001 +6.573408192e+001 +1.6421e-001 +6.5958e-002 +3.3942e-001
2952 0 +1.023483719e-001 +6.571234837e+001 +6.571234837e+001 +1.8178e-001 +1.3095e-002 +3.8479e-001
3136 0 +9.941984050e-002 +6.570941984e+001 +6.570941984e+001 +1.8781e-001 +1.2406e-002 +3.8855e-001
3147 0 +8.859341043e-002 +6.569859341e+001 +6.569859341e+001 +2.0749e-001 -5.0690e-002 +4.3714e-001
3208 0 +8.603879038e-002 +6.569603879e+001 +6.569603879e+001 +2.0717e-001 -4.5124e-002 +4.1424e-001
3247 0 +8.443485057e-002 +6.569443485e+001 +6.569443485e+001 +1.9395e-001 -2.3153e-002 +4.0622e-001
3260 0 +7.037932095e-002 +6.568037932e+001 +6.568037932e+001 +2.0687e-001 -4.7184e-002 +4.2820e-001
3265 0 +6.364217217e-002 +6.567364217e+001 +6.567364217e+001 +2.6253e-001 -1.9931e-001 +5.3495e-001
3324 0 +5.493920265e-002 +6.566493920e+001 +6.566493920e+001 +2.1966e-001 -8.5653e-002 +4.5169e-001
3336 0 +5.040456458e-002 +6.566040456e+001 +6.566040456e+001 +2.3795e-001 -1.3138e-001 +4.8715e-001
3347 0 +4.223749136e-002 +6.565223749e+001 +6.565223749e+001 +2.3427e-001 -1.3034e-001 +4.7915e-001
3351 0 +3.716725331e-002 +6.564716725e+001 +6.564716725e+001 +3.1675e-001 -3.7023e-001 +6.0374e-001
3401 0 +2.485767068e-002 +6.563485767e+001 +6.563485767e+001 +2.7482e-001 -2.2948e-001 +5.4013e-001
3418 0 +2.258659983e-002 +6.563258660e+001 +6.563258660e+001 +2.6846e-001 -2.2446e-001 +5.3124e-001
3472 0 +2.153110028e-002 +6.563153110e+001 +6.563153110e+001 +3.1722e-001 -3.4690e-001 +6.0734e-001
3551 0 +1.750564089e-003 +6.561175056e+001 +6.561175056e+001 +3.4282e-001 -4.3779e-001 +6.5285e-001
3636 0 +1.467283524e-003 +6.561146728e+001 +6.561146728e+001 +3.5782e-001 -4.8174e-001 +6.7370e-001
3830 0 +4.214050315e-004 +6.561042141e+001 +6.561042141e+001 +3.5163e-001 -4.6459e-001 +6.6363e-001
4036 0 +3.574033567e-004 +6.561035740e+001 +6.561035740e+001 +3.5171e-001 -4.6540e-001 +6.6370e-001
4285 0 +3.122979700e-004 +6.561031230e+001 +6.561031230e+001 +3.4515e-001 -4.4612e-001 +6.5394e-001
4310 0 +2.222771591e-004 +6.561022228e+001 +6.561022228e+001 +3.4258e-001 -4.3917e-001 +6.5042e-001
4507 0 +1.140823966e-004 +6.561011408e+001 +6.561011408e+001 +3.3944e-001 -4.3032e-001 +6.4664e-001
4613 0 +1.551042759e-005 +6.561001551e+001 +6.561001551e+001 +3.4363e-001 -4.4344e-001 +6.5310e-001
5302 0 +3.899751590e-006 +6.561000390e+001 +6.561000390e+001 +3.4524e-001 -4.4800e-001 +6.5522e-001
5490 0 +3.106347421e-006 +6.561000311e+001 +6.561000311e+001 +3.4570e-001 -4.4937e-001 +6.5592e-001
5661 0 +1.395707514e-006 +6.561000140e+001 +6.561000140e+001 +3.4497e-001 -4.4716e-001 +6.5497e-001
5710 0 +8.214811800e-007 +6.561000082e+001 +6.561000082e+001 +3.4549e-001 -4.4852e-001 +6.5564e-001
5861 0 +2.816654074e-007 +6.561000028e+001 +6.561000028e+001 +3.4516e-001 -4.4766e-001 +6.5519e-001
6124 0 +8.299194576e-008 +6.561000008e+001 +6.561000008e+001 +3.4526e-001 -4.4793e-001 +6.5531e-001
6213 0 +7.949917347e-008 +6.561000008e+001 +6.561000008e+001 +3.4524e-001 -4.4790e-001 +6.5529e-001
6390 0 +3.945878291e-008 +6.561000004e+001 +6.561000004e+001 +3.4537e-001 -4.4832e-001 +6.5549e-001
6490 0 +2.340267713e-008 +6.561000002e+001 +6.561000002e+001 +3.4541e-001 -4.4840e-001 +6.5554e-001
6536 0 +1.740595224e-008 +6.561000002e+001 +6.561000002e+001 +3.4538e-001 -4.4830e-001 +6.5549e-001
6690 0 +1.575752151e-008 +6.561000002e+001 +6.561000002e+001 +3.4539e-001 -4.4834e-001 +6.5551e-001
6790 0 +1.260158911e-008 +6.561000001e+001 +6.561000001e+001 +3.4537e-001 -4.4829e-001 +6.5548e-001
6890 0 +1.188831789e-008 +6.561000001e+001 +6.561000001e+001 +3.4537e-001 -4.4827e-001 +6.5547e-001
6990 0 +1.174794306e-008 +6.561000001e+001 +6.561000001e+001 +3.4536e-001 -4.4825e-001 +6.5547e-001
7012 0 +1.120679372e-008 +6.561000001e+001 +6.561000001e+001 +3.4537e-001 -4.4828e-001 +6.5548e-001
7030 0 +1.087769874e-009 +6.561000000e+001 +6.561000000e+001 +3.4539e-001 -4.4833e-001 +6.5551e-001
% f evaluations | g evaluations | best noise-free fitness - Fopt (9.348200000000e+002) + sum g_i+ | measured fitness | best measured fitness or single-digit g-values | x1 | x2...
1 0 +1.300000000e+001 +9.478200000e+002 +9.478200000e+002 +0.0000e+000 +0.0000e+000 +0.0000e+000
424 0 +9.980451754e+000 +9.448004518e+002 +9.448004518e+002 -2.8426e-002 -5.0393e-003 +5.4635e-002
444 0 +2.853656608e+000 +9.376736566e+002 +9.376736566e+002 +5.1066e-001 -5.6798e-001 +2.9346e-001
615 0 +1.875379927e+000 +9.366953799e+002 +9.366953799e+002 -2.9260e-001 +5.7258e-002 +1.2256e-001
853 0 +1.606377756e+000 +9.364263778e+002 +9.364263778e+002 -4.4871e-001 +1.2348e-001 +3.5805e-002
874 0 +1.093619496e+000 +9.359136195e+002 +9.359136195e+002 -4.0056e-001 +3.0306e-001 -1.9464e-001
992 0 +5.594936893e-001 +9.353794937e+002 +9.353794937e+002 -4.1878e-001 +1.3440e-001 +9.5226e-003
1031 0 +3.203568653e-001 +9.351403569e+002 +9.351403569e+002 -4.3194e-001 +2.0317e-001 -4.2869e-002
1111 0 +1.506177904e-001 +9.349706178e+002 +9.349706178e+002 -3.7661e-001 +1.8145e-001 -4.5009e-002
1630 0 +1.142880369e-001 +9.349342880e+002 +9.349342880e+002 -3.9223e-001 +1.5872e-001 -1.8946e-002
1702 0 +1.096496607e-001 +9.349296497e+002 +9.349296497e+002 -3.8206e-001 +1.6908e-001 -3.5411e-002
1992 0 +1.045140276e-001 +9.349245140e+002 +9.349245140e+002 -3.7966e-001 +1.5412e-001 -2.0156e-002
2173 0 +9.205313279e-002 +9.349120531e+002 +9.349120531e+002 -3.9452e-001 +1.9612e-001 -4.5877e-002
2181 0 +6.593574773e-002 +9.348859357e+002 +9.348859357e+002 -4.1700e-001 +2.3895e-001 -8.7333e-002
2251 0 +5.990391359e-002 +9.348799039e+002 +9.348799039e+002 -4.2821e-001 +2.8877e-001 -1.3361e-001
2329 0 +5.533433893e-002 +9.348753343e+002 +9.348753343e+002 -4.2685e-001 +2.6707e-001 -1.1056e-001
2367 0 +5.199397891e-002 +9.348719940e+002 +9.348719940e+002 -4.5675e-001 +3.3806e-001 -1.6924e-001
2376 0 +3.867709006e-002 +9.348586771e+002 +9.348586771e+002 -4.6113e-001 +3.7254e-001 -1.9118e-001
2413 0 +2.845442056e-002 +9.348484544e+002 +9.348484544e+002 -4.6508e-001 +4.0615e-001 -2.2318e-001
2492 0 +1.384517671e-002 +9.348338452e+002 +9.348338452e+002 -4.7145e-001 +4.1526e-001 -2.3541e-001
2622 0 +9.706478395e-003 +9.348297065e+002 +9.348297065e+002 -4.8022e-001 +4.4239e-001 -2.6103e-001
2727 0 +8.141917943e-003 +9.348281419e+002 +9.348281419e+002 -4.8729e-001 +4.6417e-001 -2.8045e-001
2818 0 +5.833711275e-003 +9.348258337e+002 +9.348258337e+002 -4.9621e-001 +4.9594e-001 -3.1055e-001
2880 0 +5.188033421e-003 +9.348251880e+002 +9.348251880e+002 -5.0132e-001 +5.1437e-001 -3.2777e-001
2918 0 +3.400011371e-003 +9.348234000e+002 +9.348234000e+002 -5.0247e-001 +5.2846e-001 -3.3823e-001
3026 0 +1.281270986e-003 +9.348212813e+002 +9.348212813e+002 -5.0623e-001 +5.4435e-001 -3.5438e-001
3047 0 +1.183037391e-003 +9.348211830e+002 +9.348211830e+002 -5.0780e-001 +5.5101e-001 -3.6059e-001
3126 0 +3.900661328e-004 +9.348203901e+002 +9.348203901e+002 -5.1188e-001 +5.6676e-001 -3.7777e-001
3429 0 +3.131472238e-004 +9.348203131e+002 +9.348203131e+002 -5.1218e-001 +5.6793e-001 -3.7869e-001
3440 0 +1.533804609e-004 +9.348201534e+002 +9.348201534e+002 -5.1715e-001 +5.8996e-001 -3.9919e-001
3510 0 +1.352650235e-004 +9.348201353e+002 +9.348201353e+002 -5.1155e-001 +5.7076e-001 -3.8120e-001
3726 0 +9.805257764e-005 +9.348200981e+002 +9.348200981e+002 -5.1606e-001 +5.8583e-001 -3.9572e-001
3945 0 +3.865507551e-005 +9.348200387e+002 +9.348200387e+002 -5.1468e-001 +5.8198e-001 -3.9208e-001
4197 0 +1.060692239e-005 +9.348200106e+002 +9.348200106e+002 -5.1414e-001 +5.7858e-001 -3.8853e-001
4231 0 +5.111717996e-006 +9.348200051e+002 +9.348200051e+002 -5.1428e-001 +5.8005e-001 -3.9002e-001
4753 0 +3.468853720e-006 +9.348200035e+002 +9.348200035e+002 -5.1428e-001 +5.8010e-001 -3.8989e-001
4840 0 +2.815909170e-006 +9.348200028e+002 +9.348200028e+002 -5.1404e-001 +5.7921e-001 -3.8908e-001
4841 0 +1.516133239e-006 +9.348200015e+002 +9.348200015e+002 -5.1434e-001 +5.8022e-001 -3.9010e-001
4941 0 +1.508568744e-006 +9.348200015e+002 +9.348200015e+002 -5.1441e-001 +5.8036e-001 -3.9021e-001
5138 0 +1.207194146e-006 +9.348200012e+002 +9.348200012e+002 -5.1410e-001 +5.7928e-001 -3.8913e-001
5241 0 +8.518617278e-007 +9.348200009e+002 +9.348200009e+002 -5.1427e-001 +5.7992e-001 -3.8979e-001
5351 0 +7.075368558e-007 +9.348200007e+002 +9.348200007e+002 -5.1426e-001 +5.7976e-001 -3.8961e-001
5390 0 +2.177029046e-007 +9.348200002e+002 +9.348200002e+002 -5.1410e-001 +5.7916e-001 -3.8907e-001
5573 0 +6.877576197e-008 +9.348200001e+002 +9.348200001e+002 -5.1396e-001 +5.7858e-001 -3.8851e-001
5634 0 +5.038475592e-008 +9.348200001e+002 +9.348200001e+002 -5.1397e-001 +5.7863e-001 -3.8855e-001
5810 0 +4.588935099e-008 +9.348200000e+002 +9.348200000e+002 -5.1404e-001 +5.7886e-001 -3.8876e-001
5851 0 +4.343098681e-008 +9.348200000e+002 +9.348200000e+002 -5.1399e-001 +5.7868e-001 -3.8859e-001
5951 0 +3.959917194e-008 +9.348200000e+002 +9.348200000e+002 -5.1400e-001 +5.7870e-001 -3.8860e-001
5973 0 +7.013909453e-009 +9.348200000e+002 +9.348200000e+002 -5.1400e-001 +5.7872e-001 -3.8863e-001
8622 0 +0.000000000e+000 +9.348200000e+002 +9.348200000e+002 -5.1399e-001 +5.7865e-001 -3.8856e-001
% f evaluations | g evaluations | best noise-free fitness - Fopt (-6.371000000000e+001) + sum g_i+ | measured fitness | best measured fitness or single-digit g-values | x1 | x2...
1 0 +1.300000000e+001 -5.071000000e+001 -5.071000000e+001 +0.0000e+000 +0.0000e+000 +0.0000e+000
270 0 +7.845881193e+000 -5.586411881e+001 -5.586411881e+001 -1.0439e+000 +1.5177e-001 -5.3649e-001
294 0 +3.218228884e+000 -6.049177112e+001 -6.049177112e+001 -9.7948e-001 +7.0151e-002 -3.4538e-001
650 0 +2.507975078e+000 -6.120202492e+001 -6.120202492e+001 -9.2330e-001 +8.0291e-002 -3.6380e-001
768 0 +2.449803741e+000 -6.126019626e+001 -6.126019626e+001 -8.8017e-001 +1.6579e-001 -3.8907e-001
800 0 +1.996300669e+000 -6.171369933e+001 -6.171369933e+001 -6.1049e-001 +3.4800e-001 -4.0724e-001
818 0 +1.963898403e+000 -6.174610160e+001 -6.174610160e+001 -6.5361e-001 +3.2325e-001 -3.9731e-001
858 0 +1.182658310e+000 -6.252734169e+001 -6.252734169e+001 -3.3870e-001 +3.1864e-001 -3.5632e-001
1215 0 +9.959930796e-001 -6.271400692e+001 -6.271400692e+001 -1.1892e-001 +2.3939e-001 -3.0704e-001
1284 0 +7.660378455e-001 -6.294396215e+001 -6.294396215e+001 -9.4056e-002 +2.8417e-001 -3.7250e-001
1316 0 +6.929052705e-001 -6.301709473e+001 -6.301709473e+001 -5.4934e-002 +2.3501e-001 -3.4607e-001
1536 0 +2.431069685e-001 -6.346689303e+001 -6.346689303e+001 +5.3907e-001 -5.9778e-002 +8.1520e-002
1630 0 +8.499579161e-002 -6.362500421e+001 -6.362500421e+001 +5.2955e-001 -6.7805e-002 +7.6744e-002
1915 0 +4.847610183e-002 -6.366152390e+001 -6.366152390e+001 +5.3482e-001 -8.9834e-002 +1.0032e-001
2390 0 +3.177521404e-002 -6.367822479e+001 -6.367822479e+001 +5.7775e-001 -1.1534e-001 +1.5450e-001
2587 0 +2.957796115e-002 -6.368042204e+001 -6.368042204e+001 +5.6572e-001 -1.0880e-001 +1.3530e-001
2758 0 +2.138635708e-002 -6.368861364e+001 -6.368861364e+001 +6.3212e-001 -1.6199e-001 +2.2739e-001
2858 0 +1.529439853e-002 -6.369470560e+001 -6.369470560e+001 +6.9624e-001 -2.0441e-001 +2.9271e-001
2874 0 +1.405806812e-002 -6.369594193e+001 -6.369594193e+001 +6.6612e-001 -1.8004e-001 +2.6410e-001
2879 0 +6.790080130e-003 -6.370320992e+001 -6.370320992e+001 +6.7976e-001 -1.9505e-001 +2.8549e-001
2979 0 +5.650928253e-003 -6.370434907e+001 -6.370434907e+001 +7.4206e-001 -2.3945e-001 +3.6632e-001
2986 0 +1.097578192e-004 -6.370989024e+001 -6.370989024e+001 +7.3895e-001 -2.4093e-001 +3.6286e-001
3480 0 +7.776686427e-005 -6.370992223e+001 -6.370992223e+001 +7.4022e-001 -2.4182e-001 +3.6452e-001
3582 0 +3.373373908e-005 -6.370996627e+001 -6.370996627e+001 +7.4012e-001 -2.4166e-001 +3.6451e-001
4015 0 +2.401525951e-005 -6.370997598e+001 -6.370997598e+001 +7.4081e-001 -2.4220e-001 +3.6555e-001
4187 0 +1.114947916e-005 -6.370998885e+001 -6.370998885e+001 +7.4616e-001 -2.4625e-001 +3.7295e-001
4287 0 +9.237213547e-006 -6.370999076e+001 -6.370999076e+001 +7.4633e-001 -2.4635e-001 +3.7322e-001
4299 0 +6.415602257e-006 -6.370999358e+001 -6.370999358e+001 +7.4350e-001 -2.4403e-001 +3.6911e-001
4473 0 +4.740028174e-006 -6.370999526e+001 -6.370999526e+001 +7.4254e-001 -2.4339e-001 +3.6784e-001
4580 0 +2.050729726e-006 -6.370999795e+001 -6.370999795e+001 +7.4347e-001 -2.4408e-001 +3.6916e-001
4880 0 +1.621581973e-006 -6.370999838e+001 -6.370999838e+001 +7.4376e-001 -2.4430e-001 +3.6962e-001
4886 0 +7.435906753e-007 -6.370999926e+001 -6.370999926e+001 +7.4345e-001 -2.4409e-001 +3.6925e-001
4980 0 +6.187065367e-007 -6.370999938e+001 -6.370999938e+001 +7.4325e-001 -2.4395e-001 +3.6899e-001
5072 0 +5.004550729e-007 -6.370999950e+001 -6.370999950e+001 +7.4367e-001 -2.4431e-001 +3.6964e-001
5079 0 +4.121439332e-007 -6.370999959e+001 -6.370999959e+001 +7.4329e-001 -2.4401e-001 +3.6904e-001
5180 0 +3.531444861e-007 -6.370999965e+001 -6.370999965e+001 +7.4328e-001 -2.4399e-001 +3.6902e-001
5358 0 +2.180613450e-007 -6.370999978e+001 -6.370999978e+001 +7.4341e-001 -2.4411e-001 +3.6923e-001
5399 0 +1.760416595e-007 -6.370999982e+001 -6.370999982e+001 +7.4348e-001 -2.4416e-001 +3.6931e-001
5415 0 +1.339824394e-007 -6.370999987e+001 -6.370999987e+001 +7.4358e-001 -2.4422e-001 +3.6946e-001
5458 0 +7.793298096e-008 -6.370999992e+001 -6.370999992e+001 +7.4361e-001 -2.4425e-001 +3.6951e-001
5558 0 +5.505933842e-008 -6.370999994e+001 -6.370999994e+001 +7.4371e-001 -2.4433e-001 +3.6964e-001
5580 0 +4.770338080e-008 -6.370999995e+001 -6.370999995e+001 +7.4368e-001 -2.4431e-001 +3.6961e-001
5658 0 +4.473727699e-008 -6.370999996e+001 -6.370999996e+001 +7.4374e-001 -2.4436e-001 +3.6970e-001
5680 0 +2.662409315e-008 -6.370999997e+001 -6.370999997e+001 +7.4379e-001 -2.4440e-001 +3.6977e-001
5758 0 +2.276403421e-008 -6.370999998e+001 -6.370999998e+001 +7.4382e-001 -2.4442e-001 +3.6981e-001
5858 0 +1.839825359e-008 -6.370999998e+001 -6.370999998e+001 +7.4385e-001 -2.4445e-001 +3.6986e-001
5872 0 +1.302553443e-008 -6.370999999e+001 -6.370999999e+001 +7.4390e-001 -2.4449e-001 +3.6992e-001
5873 0 +9.792813671e-009 -6.370999999e+001 -6.370999999e+001 +7.4388e-001 -2.4447e-001 +3.6988e-001
9280 0 +0.000000000e+000 -6.371000000e+001 -6.371000000e+001 +7.4390e-001 -2.4449e-001 +3.6992e-001
% f evaluations | g evaluations | best noise-free fitness - Fopt (1.000000000000e+003) + sum g_i+ | measured fitness | best measured fitness or single-digit g-values | x1 | x2...
1 0 +1.300000000e+001 +1.013000000e+003 +1.013000000e+003 +0.0000e+000 +0.0000e+000 +0.0000e+000
484 0 +3.835807397e+000 +1.003835807e+003 +1.003835807e+003 +4.8310e-002 +3.3990e-001 +3.9994e-001
664 0 +3.259557937e+000 +1.003259558e+003 +1.003259558e+003 +7.8517e-002 +3.4964e-001 +4.8332e-001
684 0 +2.353303022e+000 +1.002353303e+003 +1.002353303e+003 +2.1279e-001 +1.9193e-001 +4.2662e-001
734 0 +1.837508484e+000 +1.001837508e+003 +1.001837508e+003 +7.6169e-002 +2.5315e-001 +3.3343e-001
864 0 +1.237964353e+000 +1.001237964e+003 +1.001237964e+003 +2.9580e-001 +3.1385e-001 +4.5161e-001
1284 0 +1.125589852e+000 +1.001125590e+003 +1.001125590e+003 +1.9109e-002 +2.4576e-001 +3.9162e-001
1302 0 +9.052765719e-001 +1.000905277e+003 +1.000905277e+003 +1.4163e-001 +2.5011e-001 +4.3115e-001
1454 0 +8.090479580e-001 +1.000809048e+003 +1.000809048e+003 +7.7236e-002 +2.4279e-001 +4.3695e-001
1478 0 +6.793527710e-001 +1.000679353e+003 +1.000679353e+003 +4.0816e-003 +1.7563e-001 +3.8708e-001
1534 0 +4.673779385e-001 +1.000467378e+003 +1.000467378e+003 -1.3673e-001 +8.9310e-002 +2.7097e-001
1611 0 +4.102874452e-001 +1.000410287e+003 +1.000410287e+003 -2.2595e-001 +4.5358e-002 +2.5233e-001
1634 0 +3.026018453e-001 +1.000302602e+003 +1.000302602e+003 -2.7478e-001 -6.2976e-003 +1.6773e-001
1725 0 +1.428047913e-001 +1.000142805e+003 +1.000142805e+003 -3.9386e-001 -7.4005e-002 +3.2504e-002
1825 0 +6.915383631e-002 +1.000069154e+003 +1.000069154e+003 -4.8155e-001 -1.4922e-001 -1.0857e-001
1925 0 +5.855608054e-002 +1.000058556e+003 +1.000058556e+003 -5.2540e-001 -1.8683e-001 -1.7911e-001
2016 0 +5.657928897e-002 +1.000056579e+003 +1.000056579e+003 -5.9286e-001 -2.4670e-001 -3.0125e-001
2021 0 +2.672307537e-002 +1.000026723e+003 +1.000026723e+003 -5.3744e-001 -2.0861e-001 -2.3217e-001
2211 0 +2.263679559e-002 +1.000022637e+003 +1.000022637e+003 -5.6515e-001 -2.2976e-001 -2.6756e-001
2511 0 +1.996345082e-002 +1.000019963e+003 +1.000019963e+003 -5.5344e-001 -2.2118e-001 -2.5277e-001
2536 0 +1.610255904e-002 +1.000016103e+003 +1.000016103e+003 -5.6504e-001 -2.2651e-001 -2.7195e-001
2612 0 +1.366757470e-002 +1.000013668e+003 +1.000013668e+003 -5.9202e-001 -2.4863e-001 -3.1917e-001
2654 0 +9.181417711e-003 +1.000009181e+003 +1.000009181e+003 -5.8670e-001 -2.4920e-001 -3.2233e-001
2836 0 +6.709658463e-003 +1.000006710e+003 +1.000006710e+003 -5.9811e-001 -2.6072e-001 -3.4516e-001
3025 0 +5.324112148e-003 +1.000005324e+003 +1.000005324e+003 -6.1394e-001 -2.7280e-001 -3.6883e-001
3088 0 +3.976623900e-003 +1.000003977e+003 +1.000003977e+003 -6.2893e-001 -2.8899e-001 -4.0602e-001
3137 0 +3.036580577e-003 +1.000003037e+003 +1.000003037e+003 -6.5167e-001 -3.1046e-001 -4.5920e-001
3141 0 +2.530425205e-003 +1.000002530e+003 +1.000002530e+003 -6.3062e-001 -2.8704e-001 -4.0985e-001
3225 0 +3.153356657e-004 +1.000000315e+003 +1.000000315e+003 -6.6344e-001 -3.1818e-001 -4.7844e-001
3325 0 +1.442798264e-004 +1.000000144e+003 +1.000000144e+003 -6.6576e-001 -3.1992e-001 -4.8507e-001
3328 0 +5.201246142e-005 +1.000000052e+003 +1.000000052e+003 -6.5321e-001 -3.0864e-001 -4.5748e-001
3501 0 +1.012242092e-005 +1.000000010e+003 +1.000000010e+003 -6.6017e-001 -3.1492e-001 -4.7211e-001
3925 0 +1.482422135e-006 +1.000000001e+003 +1.000000001e+003 -6.5774e-001 -3.1271e-001 -4.6686e-001
4448 0 +1.415725023e-006 +1.000000001e+003 +1.000000001e+003 -6.5787e-001 -3.1292e-001 -4.6733e-001
4495 0 +1.277038677e-006 +1.000000001e+003 +1.000000001e+003 -6.5753e-001 -3.1255e-001 -4.6646e-001
4511 0 +6.414078371e-007 +1.000000001e+003 +1.000000001e+003 -6.5756e-001 -3.1259e-001 -4.6661e-001
4625 0 +4.489381809e-007 +1.000000000e+003 +1.000000000e+003 -6.5798e-001 -3.1300e-001 -4.6759e-001
4825 0 +3.206325800e-007 +1.000000000e+003 +1.000000000e+003 -6.5796e-001 -3.1297e-001 -4.6750e-001
5148 0 +4.369803719e-008 +1.000000000e+003 +1.000000000e+003 -6.5795e-001 -3.1293e-001 -4.6747e-001
5290 0 +3.712807484e-008 +1.000000000e+003 +1.000000000e+003 -6.5806e-001 -3.1303e-001 -4.6773e-001
5448 0 +3.557408945e-008 +1.000000000e+003 +1.000000000e+003 -6.5798e-001 -3.1296e-001 -4.6754e-001
5511 0 +2.994408987e-008 +1.000000000e+003 +1.000000000e+003 -6.5819e-001 -3.1314e-001 -4.6797e-001
5625 0 +6.146478881e-009 +1.000000000e+003 +1.000000000e+003 -6.5807e-001 -3.1304e-001 -4.6772e-001
8986 0 +0.000000000e+000 +1.000000000e+003 +1.000000000e+003 -6.5812e-001 -3.1308e-001 -4.6783e-001
% f evaluations | g evaluations | best noise-free fitness - Fopt (3.197000000000e+001) + sum g_i+ | measured fitness | best measured fitness or single-digit g-values | x1 | x2...
1 0 +1.300000000e+001 +4.497000000e+001 +4.497000000e+001 +0.0000e+000 +0.0000e+000 +0.0000e+000
292 0 +1.110677481e+001 +4.307677481e+001 +4.307677481e+001 -5.0177e-001 -4.9896e-001 -4.8681e-001
315 0 +5.057132451e+000 +3.702713245e+001 +3.702713245e+001 -2.0713e+000 -3.4840e-001 -1.8814e+000
822 0 +3.399679775e+000 +3.536967978e+001 +3.536967978e+001 +9.5468e-001 +7.1089e-001 -4.2024e-001
951 0 +3.733905203e-001 +3.234339052e+001 +3.234339052e+001 -1.2218e+000 -4.4192e-001 -1.0128e+000
1338 0 +3.357704253e-001 +3.230577043e+001 +3.230577043e+001 -1.0069e+000 -4.6080e-001 -7.9103e-001
1512 0 +1.455536909e-001 +3.211555369e+001 +3.211555369e+001 -1.0008e+000 -4.5936e-001 -8.1741e-001
1712 0 +8.727723827e-002 +3.205727724e+001 +3.205727724e+001 -1.0275e+000 -4.7542e-001 -8.3386e-001
1954 0 +7.055866948e-002 +3.204055867e+001 +3.204055867e+001 -1.0163e+000 -4.7289e-001 -8.1691e-001
2292 0 +6.392198051e-002 +3.203392198e+001 +3.203392198e+001 -9.9730e-001 -4.7393e-001 -8.0057e-001
2554 0 +6.243933228e-002 +3.203243933e+001 +3.203243933e+001 -1.0073e+000 -4.6971e-001 -8.1165e-001
2564 0 +5.913869702e-002 +3.202913870e+001 +3.202913870e+001 -9.9124e-001 -4.7137e-001 -7.9830e-001
2732 0 +3.676945465e-002 +3.200676945e+001 +3.200676945e+001 -6.0128e-001 -4.4695e-001 -4.1522e-001
2848 0 +1.859420470e-002 +3.198859420e+001 +3.198859420e+001 -5.2410e-001 -4.3622e-001 -3.4601e-001
2973 0 +7.413006392e-003 +3.197741301e+001 +3.197741301e+001 -6.1240e-001 -4.4973e-001 -4.3219e-001
3002 0 +4.395134474e-003 +3.197439513e+001 +3.197439513e+001 -5.7323e-001 -4.5276e-001 -3.9595e-001
3036 0 +3.170084160e-003 +3.197317008e+001 +3.197317008e+001 -6.2486e-001 -4.5209e-001 -4.4676e-001
3054 0 +2.058555753e-003 +3.197205856e+001 +3.197205856e+001 -6.1323e-001 -4.5191e-001 -4.3360e-001
3363 0 +1.686576509e-003 +3.197168658e+001 +3.197168658e+001 -5.4709e-001 -4.4590e-001 -3.7143e-001
3448 0 +1.107755358e-003 +3.197110776e+001 +3.197110776e+001 -5.9800e-001 -4.5084e-001 -4.2152e-001
3521 0 +5.283619557e-004 +3.197052836e+001 +3.197052836e+001 -6.2127e-001 -4.5459e-001 -4.4361e-001
3674 0 +2.607248794e-004 +3.197026072e+001 +3.197026072e+001 -6.0608e-001 -4.5256e-001 -4.2866e-001
3718 0 +4.983624868e-005 +3.197004984e+001 +3.197004984e+001 -6.0280e-001 -4.5312e-001 -4.2458e-001
3918 0 +4.036645636e-005 +3.197004037e+001 +3.197004037e+001 -6.0609e-001 -4.5323e-001 -4.2814e-001
4136 0 +3.733851534e-005 +3.197003734e+001 +3.197003734e+001 -6.0158e-001 -4.5278e-001 -4.2373e-001
4201 0 +2.999895121e-005 +3.197003000e+001 +3.197003000e+001 -6.0497e-001 -4.5314e-001 -4.2699e-001
4301 0 +2.708632941e-005 +3.197002709e+001 +3.197002709e+001 -6.0187e-001 -4.5290e-001 -4.2380e-001
4352 0 +1.822263792e-005 +3.197001822e+001 +3.197001822e+001 -6.0301e-001 -4.5255e-001 -4.2479e-001
4555 0 +4.189024114e-006 +3.197000419e+001 +3.197000419e+001 -6.0172e-001 -4.5269e-001 -4.2359e-001
4752 0 +8.169412773e-007 +3.197000082e+001 +3.197000082e+001 -6.0246e-001 -4.5272e-001 -4.2434e-001
5052 0 +6.986633565e-007 +3.197000070e+001 +3.197000070e+001 -6.0246e-001 -4.5271e-001 -4.2434e-001
5086 0 +6.511285164e-007 +3.197000065e+001 +3.197000065e+001 -6.0290e-001 -4.5270e-001 -4.2477e-001
5152 0 +4.641937110e-007 +3.197000046e+001 +3.197000046e+001 -6.0315e-001 -4.5273e-001 -4.2503e-001
5170 0 +3.994659181e-007 +3.197000040e+001 +3.197000040e+001 -6.0282e-001 -4.5270e-001 -4.2469e-001
5286 0 +2.957866485e-007 +3.197000030e+001 +3.197000030e+001 -6.0271e-001 -4.5271e-001 -4.2458e-001
5448 0 +1.843309683e-007 +3.197000018e+001 +3.197000018e+001 -6.0280e-001 -4.5272e-001 -4.2469e-001
5639 0 +1.237258331e-007 +3.197000012e+001 +3.197000012e+001 -6.0297e-001 -4.5274e-001 -4.2485e-001
5752 0 +1.204688189e-007 +3.197000012e+001 +3.197000012e+001 -6.0299e-001 -4.5273e-001 -4.2487e-001
5972 0 +8.723181821e-008 +3.197000009e+001 +3.197000009e+001 -6.0340e-001 -4.5280e-001 -4.2527e-001
6104 0 +5.316641705e-008 +3.197000005e+001 +3.197000005e+001 -6.0326e-001 -4.5278e-001 -4.2514e-001
6174 0 +1.711187991e-008 +3.197000002e+001 +3.197000002e+001 -6.0360e-001 -4.5281e-001 -4.2546e-001
6354 0 +5.237875911e-009 +3.197000001e+001 +3.197000001e+001 -6.0335e-001 -4.5278e-001 -4.2522e-001
% f evaluations | g evaluations | best noise-free fitness - Fopt (5.819000000000e+001) + sum g_i+ | measured fitness | best measured fitness or single-digit g-values | x1 | x2...
1 0 +1.300000000e+001 +7.119000000e+001 +7.119000000e+001 +0.0000e+000 +0.0000e+000 +0.0000e+000
403 0 +3.003037967e+000 +6.119303797e+001 +6.119303797e+001 -3.2744e-001 +7.1137e-001 +7.5851e-001
1165 0 +2.653048519e+000 +6.084304852e+001 +6.084304852e+001 -3.6084e-001 +8.2400e-001 +5.4094e-001
1240 0 +2.547522640e+000 +6.073752264e+001 +6.073752264e+001 -3.4776e-001 +7.8876e-001 +5.6179e-001
1252 0 +1.514859317e+000 +5.970485932e+001 +5.970485932e+001 -3.9726e-001 +6.0379e-001 +5.3126e-002
1452 0 +1.492500093e+000 +5.968250009e+001 +5.968250009e+001 -3.9980e-001 +5.9794e-001 +1.6922e-002
1632 0 +1.252599517e+000 +5.944259952e+001 +5.944259952e+001 -4.0191e-001 +5.0912e-001 -1.9441e-002
1775 0 +1.107045672e+000 +5.929704567e+001 +5.929704567e+001 -3.9407e-001 +3.9707e-001 -1.0339e-001
1837 0 +9.278150633e-001 +5.911781506e+001 +5.911781506e+001 -3.9692e-001 +3.6021e-001 -9.5709e-002
1852 0 +7.642337597e-001 +5.895423376e+001 +5.895423376e+001 -3.8185e-001 +2.6898e-001 -1.1937e-001
1990 0 +7.226257506e-001 +5.891262575e+001 +5.891262575e+001 -3.8776e-001 +1.6593e-001 -1.6451e-001
2132 0 +6.851321141e-001 +5.887513211e+001 +5.887513211e+001 -3.7766e-001 +2.0560e-001 -1.3225e-001
2151 0 +5.554695023e-001 +5.874546950e+001 +5.874546950e+001 -3.1657e-001 +7.9222e-002 -1.8099e-001
2261 0 +4.398703739e-001 +5.862987037e+001 +5.862987037e+001 -2.9287e-001 -4.3571e-002 -1.9527e-001
2288 0 +3.998279643e-001 +5.858982796e+001 +5.858982796e+001 -2.5044e-001 -5.6033e-002 -1.7111e-001
2311 0 +3.962074120e-001 +5.858620741e+001 +5.858620741e+001 -2.2522e-001 -9.9707e-002 -1.7304e-001
2341 0 +3.453759587e-001 +5.853537596e+001 +5.853537596e+001 -2.2397e-001 -9.5517e-002 -1.7824e-001
2430 0 +2.466255905e-001 +5.843662559e+001 +5.843662559e+001 -1.9488e-001 -1.4772e-001 -1.9806e-001
2550 0 +1.821755435e-001 +5.837217554e+001 +5.837217554e+001 -1.4718e-001 -2.3356e-001 -2.0887e-001
2636 0 +1.671575276e-001 +5.835715753e+001 +5.835715753e+001 -1.1151e-001 -2.9033e-001 -2.1030e-001
2850 0 +1.488771173e-001 +5.833887712e+001 +5.833887712e+001 -1.0076e-001 -2.9708e-001 -2.0808e-001
2950 0 +1.431320518e-001 +5.833313205e+001 +5.833313205e+001 -9.6895e-002 -2.9774e-001 -2.0683e-001
2991 0 +1.385136615e-001 +5.832851366e+001 +5.832851366e+001 -8.4023e-002 -3.0876e-001 -2.0503e-001
3060 0 +1.365776802e-001 +5.832657768e+001 +5.832657768e+001 -7.9566e-002 -3.0235e-001 -2.1027e-001
3151 0 +1.153432174e-001 +5.830534322e+001 +5.830534322e+001 -5.4107e-002 -3.3739e-001 -2.1461e-001
3266 0 +1.112770369e-001 +5.830127704e+001 +5.830127704e+001 -5.4657e-002 -3.3602e-001 -2.1124e-001
3306 0 +9.658365218e-002 +5.828658365e+001 +5.828658365e+001 +1.9576e-002 -4.2900e-001 -2.0887e-001
3341 0 +8.099853094e-002 +5.827099853e+001 +5.827099853e+001 -5.5321e-003 -4.0322e-001 -2.1588e-001
3406 0 +6.835423570e-002 +5.825835424e+001 +5.825835424e+001 +2.7223e-002 -4.3971e-001 -2.1640e-001
3505 0 +5.900836489e-002 +5.824900836e+001 +5.824900836e+001 +8.2456e-002 -4.8464e-001 -2.2184e-001
3606 0 +5.822118977e-002 +5.824822119e+001 +5.824822119e+001 +6.3668e-002 -4.7056e-001 -2.2179e-001
3625 0 +5.044585571e-002 +5.824044586e+001 +5.824044586e+001 +7.8863e-002 -4.9206e-001 -2.2177e-001
3648 0 +3.189177110e-002 +5.822189177e+001 +5.822189177e+001 +1.2365e-001 -5.2712e-001 -2.1829e-001
3712 0 +2.134787907e-002 +5.821134788e+001 +5.821134788e+001 +1.6384e-001 -5.7217e-001 -2.2014e-001
3758 0 +1.669884242e-002 +5.820669884e+001 +5.820669884e+001 +1.8222e-001 -5.8560e-001 -2.1905e-001
3806 0 +1.422491488e-002 +5.820422491e+001 +5.820422491e+001 +1.9811e-001 -5.9940e-001 -2.1906e-001
3906 0 +1.399085325e-002 +5.820399085e+001 +5.820399085e+001 +2.5153e-001 -6.5213e-001 -2.1761e-001
3915 0 +1.051504715e-002 +5.820051505e+001 +5.820051505e+001 +2.2384e-001 -6.2595e-001 -2.1952e-001
3934 0 +1.021525764e-002 +5.820021526e+001 +5.820021526e+001 +2.3823e-001 -6.3453e-001 -2.1826e-001
3941 0 +9.312425361e-003 +5.819931243e+001 +5.819931243e+001 +2.2954e-001 -6.2989e-001 -2.1937e-001
3960 0 +6.600984587e-003 +5.819660098e+001 +5.819660098e+001 +2.4951e-001 -6.4674e-001 -2.1977e-001
4054 0 +6.195668080e-003 +5.819619567e+001 +5.819619567e+001 +2.7745e-001 -6.7540e-001 -2.2052e-001
4088 0 +1.851031814e-003 +5.819185103e+001 +5.819185103e+001 +3.4874e-001 -7.2997e-001 -2.1981e-001
4122 0 +1.240020995e-003 +5.819124002e+001 +5.819124002e+001 +3.5545e-001 -7.3607e-001 -2.1997e-001
4134 0 +6.259618340e-004 +5.819062596e+001 +5.819062596e+001 +3.9222e-001 -7.7006e-001 -2.2057e-001
4175 0 +5.911652763e-004 +5.819059117e+001 +5.819059117e+001 +3.7697e-001 -7.5478e-001 -2.1930e-001
4350 0 +1.547007277e-004 +5.819015470e+001 +5.819015470e+001 +3.8686e-001 -7.6382e-001 -2.2003e-001
4448 0 +1.334133009e-004 +5.819013341e+001 +5.819013341e+001 +3.7453e-001 -7.5408e-001 -2.2061e-001
4641 0 +8.833628564e-005 +5.819008834e+001 +5.819008834e+001 +3.6898e-001 -7.4895e-001 -2.2005e-001
4748 0 +7.014083165e-005 +5.819007014e+001 +5.819007014e+001 +3.6535e-001 -7.4607e-001 -2.2012e-001
4858 0 +1.133513870e-005 +5.819001134e+001 +5.819001134e+001 +3.7328e-001 -7.5297e-001 -2.2020e-001
5220 0 +6.473545142e-006 +5.819000647e+001 +5.819000647e+001 +3.7130e-001 -7.5136e-001 -2.2020e-001
5354 0 +5.941048052e-006 +5.819000594e+001 +5.819000594e+001 +3.6736e-001 -7.4818e-001 -2.2022e-001
5376 0 +5.616074283e-006 +5.819000562e+001 +5.819000562e+001 +3.6903e-001 -7.4951e-001 -2.2022e-001
5471 0 +3.976864818e-006 +5.819000398e+001 +5.819000398e+001 +3.6873e-001 -7.4928e-001 -2.2019e-001
5589 0 +1.584115836e-006 +5.819000158e+001 +5.819000158e+001 +3.7077e-001 -7.5111e-001 -2.2025e-001
5654 0 +1.029141544e-006 +5.819000103e+001 +5.819000103e+001 +3.7125e-001 -7.5151e-001 -2.2023e-001
5847 0 +2.512550950e-007 +5.819000025e+001 +5.819000025e+001 +3.7017e-001 -7.5059e-001 -2.2020e-001
5950 0 +1.870741571e-007 +5.819000019e+001 +5.819000019e+001 +3.7006e-001 -7.5048e-001 -2.2019e-001
6041 0 +1.093485338e-007 +5.819000011e+001 +5.819000011e+001 +3.7069e-001 -7.5098e-001 -2.2019e-001
6066 0 +7.176827665e-008 +5.819000007e+001 +5.819000007e+001 +3.7034e-001 -7.5071e-001 -2.2020e-001
6320 0 +3.082332967e-008 +5.819000003e+001 +5.819000003e+001 +3.7076e-001 -7.5105e-001 -2.2019e-001
6341 0 +1.775473635e-008 +5.819000002e+001 +5.819000002e+001 +3.7060e-001 -7.5093e-001 -2.2020e-001
6458 0 +1.287554596e-008 +5.819000001e+001 +5.819000001e+001 +3.7087e-001 -7.5115e-001 -2.2019e-001
6641 0 +5.250306856e-009 +5.819000001e+001 +5.819000001e+001 +3.7066e-001 -7.5097e-001 -2.2019e-001
% f evaluations | g evaluations | best noise-free fitness - Fopt (-4.840000000000e+000) + sum g_i+ | measured fitness | best measured fitness or single-digit g-values | x1 | x2...
1 0 +1.300000000e+001 +8.160000000e+000 +8.160000000e+000 +0.0000e+000 +0.0000e+000 +0.0000e+000
405 0 +5.432948435e+000 +5.929484345e-001 +5.929484345e-001 +1.8509e-001 -4.0398e-001 -1.8184e-001
495 0 +2.686688292e+000 -2.153311708e+000 -2.153311708e+000 -2.5514e-002 -7.4876e-001 -1.7401e-001
713 0 +2.088835287e+000 -2.751164713e+000 -2.751164713e+000 -2.6991e-001 -7.8622e-001 +2.4348e-002
948 0 +2.032687460e+000 -2.807312540e+000 -2.807312540e+000 -2.3951e-001 -7.7757e-001 +1.3635e-002
979 0 +1.738690414e+000 -3.101309586e+000 -3.101309586e+000 +1.4028e-001 -2.7483e-001 -3.7116e-001
1097 0 +1.105930320e+000 -3.734069680e+000 -3.734069680e+000 +2.1343e-002 -4.0087e-001 -2.5592e-001
1197 0 +7.525748620e-001 -4.087425138e+000 -4.087425138e+000 +7.5729e-002 -3.4833e-001 -2.3772e-001
1279 0 +7.174525446e-001 -4.122547455e+000 -4.122547455e+000 +1.5457e-001 -9.5618e-003 -2.1996e-001
1340 0 +2.407029285e-001 -4.599297071e+000 -4.599297071e+000 +2.0664e-001 +1.7891e-001 -2.2589e-001
1661 0 +2.190414632e-001 -4.620958537e+000 -4.620958537e+000 +2.3509e-001 +3.1498e-001 -2.2005e-001
1667 0 +1.944999672e-001 -4.645500033e+000 -4.645500033e+000 +1.9947e-001 +1.7104e-001 -2.2909e-001
1842 0 +1.716683343e-001 -4.668331666e+000 -4.668331666e+000 +1.9584e-001 +1.5355e-001 -2.4139e-001
1879 0 +1.554794268e-001 -4.684520573e+000 -4.684520573e+000 +1.9976e-001 +1.7566e-001 -2.4090e-001
2042 0 +1.495537875e-001 -4.690446212e+000 -4.690446212e+000 +2.0299e-001 +1.9724e-001 -2.4129e-001
2121 0 +1.325402477e-001 -4.707459752e+000 -4.707459752e+000 +2.1305e-001 +2.8361e-001 -2.2301e-001
2232 0 +8.946470505e-002 -4.750535295e+000 -4.750535295e+000 +2.2132e-001 +3.1617e-001 -2.0060e-001
2365 0 +7.127604375e-002 -4.768723956e+000 -4.768723956e+000 +2.2763e-001 +3.6742e-001 -1.8304e-001
2408 0 +7.078706310e-002 -4.769212937e+000 -4.769212937e+000 +2.3435e-001 +3.8630e-001 -1.7803e-001
2715 0 +6.160893469e-002 -4.778391065e+000 -4.778391065e+000 +2.3618e-001 +4.0798e-001 -1.6954e-001
2820 0 +5.914188586e-002 -4.780858114e+000 -4.780858114e+000 +2.3471e-001 +4.3050e-001 -1.5895e-001
2821 0 +4.866920116e-002 -4.791330799e+000 -4.791330799e+000 +2.3874e-001 +4.3937e-001 -1.5937e-001
2861 0 +4.270381508e-002 -4.797296185e+000 -4.797296185e+000 +2.4576e-001 +4.8340e-001 -1.5072e-001
2931 0 +3.699344946e-002 -4.803006551e+000 -4.803006551e+000 +2.5683e-001 +5.2791e-001 -1.3080e-001
3021 0 +3.236767765e-002 -4.807632322e+000 -4.807632322e+000 +2.6088e-001 +5.6069e-001 -1.2129e-001
3065 0 +2.022827448e-002 -4.819771726e+000 -4.819771726e+000 +2.6266e-001 +5.9369e-001 -9.8678e-002
3153 0 +1.367901421e-002 -4.826320986e+000 -4.826320986e+000 +2.7736e-001 +6.7502e-001 -6.9314e-002
3226 0 +8.697556135e-003 -4.831302444e+000 -4.831302444e+000 +2.8639e-001 +7.4659e-001 -3.3102e-002
3321 0 +1.224942220e-003 -4.838775058e+000 -4.838775058e+000 +2.9685e-001 +8.3848e-001 +9.9650e-003
3427 0 +6.287131652e-004 -4.839371287e+000 -4.839371287e+000 +2.9255e-001 +8.0281e-001 -9.3001e-003
3521 0 +1.929877053e-004 -4.839807012e+000 -4.839807012e+000 +2.9631e-001 +8.3588e-001 +7.3493e-003
3631 0 +1.883560313e-004 -4.839811644e+000 -4.839811644e+000 +2.9351e-001 +8.1396e-001 -4.2578e-003
3921 0 +1.643167974e-004 -4.839835683e+000 -4.839835683e+000 +2.9649e-001 +8.3834e-001 +8.3091e-003
3931 0 +1.212112256e-004 -4.839878789e+000 -4.839878789e+000 +2.9437e-001 +8.2342e-001 +4.4082e-004
4021 0 +9.637095375e-005 -4.839903629e+000 -4.839903629e+000 +2.9499e-001 +8.2540e-001 +1.9352e-003
4255 0 +9.358082595e-005 -4.839906419e+000 -4.839906419e+000 +2.9511e-001 +8.2649e-001 +2.2743e-003
4258 0 +4.809644280e-005 -4.839951904e+000 -4.839951904e+000 +2.9289e-001 +8.1469e-001 -2.9716e-003
4355 0 +6.661554149e-006 -4.839993338e+000 -4.839993338e+000 +2.9260e-001 +8.1063e-001 -5.1041e-003
4755 0 +3.637856776e-006 -4.839996362e+000 -4.839996362e+000 +2.9280e-001 +8.1190e-001 -4.5119e-003
4774 0 +2.629624288e-006 -4.839997370e+000 -4.839997370e+000 +2.9295e-001 +8.1284e-001 -4.1644e-003
4926 0 +1.875620919e-006 -4.839998124e+000 -4.839998124e+000 +2.9290e-001 +8.1265e-001 -4.1744e-003
5148 0 +1.191599257e-006 -4.839998808e+000 -4.839998808e+000 +2.9304e-001 +8.1378e-001 -3.6039e-003
5203 0 +1.494432436e-007 -4.839999851e+000 -4.839999851e+000 +2.9317e-001 +8.1476e-001 -3.1600e-003
5503 0 +1.686101747e-008 -4.839999983e+000 -4.839999983e+000 +2.9322e-001 +8.1506e-001 -3.0330e-003
6199 0 +1.646940984e-008 -4.839999984e+000 -4.839999984e+000 +2.9321e-001 +8.1499e-001 -3.0682e-003
6255 0 +1.615354694e-008 -4.839999984e+000 -4.839999984e+000 +2.9323e-001 +8.1510e-001 -3.0184e-003
6299 0 +8.164050769e-009 -4.839999992e+000 -4.839999992e+000 +2.9321e-001 +8.1496e-001 -3.0848e-003
% f evaluations | g evaluations | best noise-free fitness - Fopt (-6.337000000000e+001) + sum g_i+ | measured fitness | best measured fitness or single-digit g-values | x1 | x2...
1 0 +1.300000000e+001 -5.037000000e+001 -5.037000000e+001 +0.0000e+000 +0.0000e+000 +0.0000e+000
211 0 +8.650809967e-001 -6.250491900e+001 -6.250491900e+001 -2.8000e-001 +8.9177e-002 +7.3942e-001
915 0 +1.978326540e-001 -6.317216735e+001 -6.317216735e+001 -2.3180e-001 +2.3217e-001 +1.0352e+000
1004 0 +1.877590595e-001 -6.318224094e+001 -6.318224094e+001 -2.2671e-001 +2.2608e-001 +1.0249e+000
1339 0 +1.051830778e-001 -6.326481692e+001 -6.326481692e+001 -2.2038e-001 +2.3254e-001 +1.0762e+000
1405 0 +5.240518006e-002 -6.331759482e+001 -6.331759482e+001 -2.2514e-001 +2.6462e-001 +1.1218e+000
1604 0 +4.622419880e-002 -6.332377580e+001 -6.332377580e+001 -2.1527e-001 +3.0802e-001 +1.2236e+000
1804 0 +4.090007471e-002 -6.332909993e+001 -6.332909993e+001 -2.1914e-001 +2.9821e-001 +1.1959e+000
1972 0 +3.026482827e-002 -6.333973517e+001 -6.333973517e+001 -2.2478e-001 +2.6064e-001 +1.1337e+000
2315 0 +2.641854353e-002 -6.334358146e+001 -6.334358146e+001 -2.2826e-001 +2.5233e-001 +1.1193e+000
2576 0 +2.413892794e-002 -6.334586107e+001 -6.334586107e+001 -2.2760e-001 +2.5500e-001 +1.1193e+000
2672 0 +2.394637112e-002 -6.334605363e+001 -6.334605363e+001 -2.2772e-001 +2.5420e-001 +1.1180e+000
2784 0 +2.264320732e-002 -6.334735679e+001 -6.334735679e+001 -2.3641e-001 +2.2906e-001 +1.0748e+000
2804 0 +2.203398842e-002 -6.334796601e+001 -6.334796601e+001 -2.3294e-001 +2.3973e-001 +1.0936e+000
2872 0 +2.137873337e-002 -6.334862127e+001 -6.334862127e+001 -2.3648e-001 +2.2645e-001 +1.0708e+000
2911 0 +2.026755199e-002 -6.334973245e+001 -6.334973245e+001 -2.3680e-001 +2.2322e-001 +1.0652e+000
2996 0 +1.991789287e-002 -6.335008211e+001 -6.335008211e+001 -2.3758e-001 +2.2201e-001 +1.0613e+000
3004 0 +1.934561571e-002 -6.335065438e+001 -6.335065438e+001 -2.3877e-001 +2.1759e-001 +1.0493e+000
3042 0 +1.814859733e-002 -6.335185140e+001 -6.335185140e+001 -2.3422e-001 +2.3053e-001 +1.0737e+000
3104 0 +1.659900039e-002 -6.335340100e+001 -6.335340100e+001 -2.3494e-001 +2.2551e-001 +1.0640e+000
3322 0 +1.480600232e-002 -6.335519400e+001 -6.335519400e+001 -2.3924e-001 +2.0350e-001 +1.0176e+000
3355 0 +1.226513107e-002 -6.335773487e+001 -6.335773487e+001 -2.3770e-001 +2.0638e-001 +1.0264e+000
3433 0 +1.059832993e-002 -6.335940167e+001 -6.335940167e+001 -2.4051e-001 +1.9793e-001 +1.0125e+000
3504 0 +9.991885918e-003 -6.336000811e+001 -6.336000811e+001 -2.4172e-001 +1.9305e-001 +1.0030e+000
3508 0 +7.880131808e-003 -6.336211987e+001 -6.336211987e+001 -2.4468e-001 +1.7858e-001 +9.7669e-001
3577 0 +5.710499681e-003 -6.336428950e+001 -6.336428950e+001 -2.4535e-001 +1.6909e-001 +9.5941e-001
3615 0 +5.410043153e-003 -6.336458996e+001 -6.336458996e+001 -2.4724e-001 +1.6279e-001 +9.4709e-001
3623 0 +4.069294414e-003 -6.336593071e+001 -6.336593071e+001 -2.4643e-001 +1.5724e-001 +9.3284e-001
3654 0 +3.683870185e-003 -6.336631613e+001 -6.336631613e+001 -2.4765e-001 +1.4728e-001 +9.1819e-001
3704 0 +3.169065721e-003 -6.336683093e+001 -6.336683093e+001 -2.5001e-001 +1.3139e-001 +8.8883e-001
3715 0 +2.366352249e-003 -6.336763365e+001 -6.336763365e+001 -2.5011e-001 +1.3941e-001 +9.0283e-001
3804 0 +1.966694956e-003 -6.336803331e+001 -6.336803331e+001 -2.5236e-001 +1.1889e-001 +8.6470e-001
3815 0 +1.637517166e-003 -6.336836248e+001 -6.336836248e+001 -2.5154e-001 +1.2772e-001 +8.8070e-001
3838 0 +1.485559517e-003 -6.336851444e+001 -6.336851444e+001 -2.5078e-001 +1.2980e-001 +8.8391e-001
3842 0 +6.530302945e-004 -6.336934697e+001 -6.336934697e+001 -2.5293e-001 +1.0984e-001 +8.4477e-001
3904 0 +1.506897605e-004 -6.336984931e+001 -6.336984931e+001 -2.5465e-001 +9.5038e-002 +8.1386e-001
4048 0 +9.279680014e-005 -6.336990720e+001 -6.336990720e+001 -2.5526e-001 +9.2175e-002 +8.0807e-001
4137 0 +6.809951465e-006 -6.336999319e+001 -6.336999319e+001 -2.5501e-001 +9.6534e-002 +8.1720e-001
4648 0 +3.253588098e-006 -6.336999675e+001 -6.336999675e+001 -2.5462e-001 +9.9737e-002 +8.2353e-001
4753 0 +1.956209431e-006 -6.336999804e+001 -6.336999804e+001 -2.5465e-001 +9.9445e-002 +8.2279e-001
4811 0 +1.250374353e-006 -6.336999875e+001 -6.336999875e+001 -2.5471e-001 +9.9701e-002 +8.2338e-001
4828 0 +2.048835910e-007 -6.336999980e+001 -6.336999980e+001 -2.5473e-001 +9.9095e-002 +8.2215e-001
5038 0 +1.631764377e-007 -6.336999984e+001 -6.336999984e+001 -2.5476e-001 +9.8850e-002 +8.2169e-001
5255 0 +9.882982255e-008 -6.336999990e+001 -6.336999990e+001 -2.5481e-001 +9.8622e-002 +8.2127e-001
5447 0 +7.876107588e-008 -6.336999992e+001 -6.336999992e+001 -2.5477e-001 +9.8964e-002 +8.2193e-001
5553 0 +4.982440061e-008 -6.336999995e+001 -6.336999995e+001 -2.5477e-001 +9.8926e-002 +8.2184e-001
5604 0 +1.825677742e-008 -6.336999998e+001 -6.336999998e+001 -2.5476e-001 +9.8975e-002 +8.2195e-001
5636 0 +1.517194903e-008 -6.336999998e+001 -6.336999998e+001 -2.5477e-001 +9.8925e-002 +8.2185e-001
5847 0 +1.115554227e-008 -6.336999999e+001 -6.336999999e+001 -2.5477e-001 +9.8918e-002 +8.2184e-001
5911 0 +1.737767263e-009 -6.337000000e+001 -6.337000000e+001 -2.5477e-001 +9.8905e-002 +8.2182e-001
9820 0 +0.000000000e+000 -6.337000000e+001 -6.337000000e+001 -2.5477e-001 +9.8884e-002 +8.2177e-001
% f evaluations | g evaluations | best noise-free fitness - Fopt (2.750000000000e+000) + sum g_i+ | measured fitness | best measured fitness or single-digit g-values | x1 | x2...
1 0 +1.300000000e+001 +1.575000000e+001 +1.575000000e+001 +0.0000e+000 +0.0000e+000 +0.0000e+000
159 0 +4.577928535e+000 +7.327928535e+000 +7.327928535e+000 -8.5567e-001 +8.0019e-001 +2.9380e-001
418 0 +1.543127139e+000 +4.293127139e+000 +4.293127139e+000 +2.1864e-001 +4.1255e-001 +4.5244e-001
1003 0 +1.222943170e+000 +3.972943170e+000 +3.972943170e+000 +1.8146e-001 +4.3048e-001 +4.3056e-001
1140 0 +5.437531737e-001 +3.293753174e+000 +3.293753174e+000 +3.1085e-001 +1.1055e-001 -1.1233e-001
1251 0 +4.764694391e-001 +3.226469439e+000 +3.226469439e+000 +1.4484e-001 -3.8951e-001 -5.4151e-001
1380 0 +3.646942863e-001 +3.114694286e+000 +3.114694286e+000 +1.0745e-001 -4.1372e-001 -5.0358e-001
1551 0 +8.836321255e-003 +2.758836321e+000 +2.758836321e+000 +1.1842e-001 -4.6800e-001 -5.5604e-001
2181 0 +5.830325881e-003 +2.755830326e+000 +2.755830326e+000 +1.1588e-001 -4.6931e-001 -5.5999e-001
2440 0 +7.916820791e-004 +2.750791682e+000 +2.750791682e+000 +7.0454e-002 -5.7903e-001 -6.3157e-001
2740 0 +1.728632265e-004 +2.750172863e+000 +2.750172863e+000 +6.0884e-002 -6.0395e-001 -6.4848e-001
3217 0 +1.016926402e-004 +2.750101693e+000 +2.750101693e+000 +6.3696e-002 -5.9699e-001 -6.4439e-001
3717 0 +5.951875636e-005 +2.750059519e+000 +2.750059519e+000 +6.4245e-002 -5.9622e-001 -6.4381e-001
3817 0 +5.666925990e-005 +2.750056669e+000 +2.750056669e+000 +6.4634e-002 -5.9567e-001 -6.4341e-001
3840 0 +5.326093121e-005 +2.750053261e+000 +2.750053261e+000 +6.4954e-002 -5.9427e-001 -6.4256e-001
4117 0 +5.042751475e-005 +2.750050428e+000 +2.750050428e+000 +6.4630e-002 -5.9538e-001 -6.4326e-001
4260 0 +4.876992407e-005 +2.750048770e+000 +2.750048770e+000 +6.4812e-002 -5.9506e-001 -6.4298e-001
4374 0 +4.367183641e-005 +2.750043672e+000 +2.750043672e+000 +6.5312e-002 -5.9389e-001 -6.4217e-001
4440 0 +4.342248850e-005 +2.750043422e+000 +2.750043422e+000 +6.4993e-002 -5.9450e-001 -6.4264e-001
4442 0 +4.260516126e-005 +2.750042605e+000 +2.750042605e+000 +6.5322e-002 -5.9387e-001 -6.4217e-001
4451 0 +3.391593067e-005 +2.750033916e+000 +2.750033916e+000 +6.5687e-002 -5.9269e-001 -6.4148e-001
4481 0 +3.311098954e-005 +2.750033111e+000 +2.750033111e+000 +6.5611e-002 -5.9298e-001 -6.4166e-001
4581 0 +1.697627682e-005 +2.750016976e+000 +2.750016976e+000 +6.7197e-002 -5.8908e-001 -6.3916e-001
4617 0 +1.155740240e-005 +2.750011557e+000 +2.750011557e+000 +6.8680e-002 -5.8550e-001 -6.3685e-001
4744 0 +1.086456421e-005 +2.750010865e+000 +2.750010865e+000 +6.9997e-002 -5.8240e-001 -6.3488e-001
4793 0 +9.127254187e-006 +2.750009127e+000 +2.750009127e+000 +6.8869e-002 -5.8558e-001 -6.3709e-001
4817 0 +4.657090971e-006 +2.750004657e+000 +2.750004657e+000 +6.9622e-002 -5.8371e-001 -6.3585e-001
5042 0 +3.403277502e-006 +2.750003403e+000 +2.750003403e+000 +6.9473e-002 -5.8425e-001 -6.3614e-001
5051 0 +1.227345966e-006 +2.750001227e+000 +2.750001227e+000 +6.9859e-002 -5.8310e-001 -6.3540e-001
5251 0 +1.129185700e-006 +2.750001129e+000 +2.750001129e+000 +6.9629e-002 -5.8359e-001 -6.3570e-001
5327 0 +3.293824768e-007 +2.750000329e+000 +2.750000329e+000 +6.9548e-002 -5.8391e-001 -6.3590e-001
5427 0 +1.144970807e-007 +2.750000114e+000 +2.750000114e+000 +6.9486e-002 -5.8404e-001 -6.3597e-001
5440 0 +1.056835024e-007 +2.750000106e+000 +2.750000106e+000 +6.9622e-002 -5.8365e-001 -6.3570e-001
5855 0 +9.556033431e-008 +2.750000096e+000 +2.750000096e+000 +6.9366e-002 -5.8430e-001 -6.3613e-001
5892 0 +3.467463738e-008 +2.750000035e+000 +2.750000035e+000 +6.9514e-002 -5.8396e-001 -6.3590e-001
5951 0 +1.739884326e-008 +2.750000017e+000 +2.750000017e+000 +6.9639e-002 -5.8364e-001 -6.3570e-001
6037 0 +4.777373608e-009 +2.750000005e+000 +2.750000005e+000 +6.9543e-002 -5.8386e-001 -6.3584e-001
% f evaluations | g evaluations | best noise-free fitness - Fopt (-4.681000000000e+001) + sum g_i+ | measured fitness | best measured fitness or single-digit g-values | x1 | x2...
1 0 +1.300000000e+001 -3.381000000e+001 -3.381000000e+001 +0.0000e+000 +0.0000e+000 +0.0000e+000
179 0 +1.177438088e+001 -3.503561912e+001 -3.503561912e+001 -1.2078e+000 +1.7428e-001 +8.6515e-001
441 0 +4.013335804e+000 -4.279666420e+001 -4.279666420e+001 -1.1156e+000 +2.8346e-001 +8.9486e-001
982 0 +3.783965663e+000 -4.302603434e+001 -4.302603434e+001 -1.1264e+000 +2.6664e-001 +9.0625e-001
1163 0 +2.870337754e+000 -4.393966225e+001 -4.393966225e+001 -6.3909e-001 -2.0308e-002 -5.7988e-001
1243 0 +2.341470503e+000 -4.446852950e+001 -4.446852950e+001 -8.5597e-001 -6.9651e-002 -3.9058e-001
1405 0 +1.699092243e+000 -4.511090776e+001 -4.511090776e+001 -4.5574e-001 -8.1778e-002 -4.8654e-001
1535 0 +1.357689047e+000 -4.545231095e+001 -4.545231095e+001 -4.2088e-001 -6.8525e-003 -5.3310e-001
1635 0 +1.227442088e+000 -4.558255791e+001 -4.558255791e+001 -3.4056e-001 -1.6670e-002 -5.2188e-001
1880 0 +1.011419041e+000 -4.579858096e+001 -4.579858096e+001 -1.3615e-001 +4.8890e-002 -4.7926e-001
1935 0 +9.824976756e-001 -4.582750232e+001 -4.582750232e+001 -2.3070e-001 +2.5805e-002 -4.9785e-001
1936 0 +8.521756275e-001 -4.595782437e+001 -4.595782437e+001 -2.6959e-002 +8.0120e-002 -4.2057e-001
1940 0 +7.671444613e-001 -4.604285554e+001 -4.604285554e+001 -1.3053e-001 +8.5535e-002 -4.5832e-001
2036 0 +5.170916283e-001 -4.629290837e+001 -4.629290837e+001 +8.8597e-002 +1.3866e-001 -3.3381e-001
2106 0 +4.091767325e-001 -4.640082327e+001 -4.640082327e+001 +1.4178e-001 +1.4622e-001 -2.8061e-001
2232 0 +1.329729096e-001 -4.667702709e+001 -4.667702709e+001 +3.7223e-001 +1.3275e-001 -1.2971e-002
2436 0 +7.310384169e-002 -4.673689616e+001 -4.673689616e+001 +4.7966e-001 +1.2400e-001 +1.1359e-001
2481 0 +3.577573832e-002 -4.677422426e+001 -4.677422426e+001 +6.0367e-001 +1.0739e-001 +2.4835e-001
2535 0 +2.339322070e-002 -4.678660678e+001 -4.678660678e+001 +6.3723e-001 +9.5201e-002 +3.0241e-001
2554 0 +1.645412689e-002 -4.679354587e+001 -4.679354587e+001 +6.6325e-001 +9.3530e-002 +3.3275e-001
2935 0 +1.592766055e-002 -4.679407234e+001 -4.679407234e+001 +6.8295e-001 +8.5701e-002 +3.6292e-001
3035 0 +1.481075235e-002 -4.679518925e+001 -4.679518925e+001 +7.0113e-001 +8.1856e-002 +3.8706e-001
3129 0 +9.102592219e-003 -4.680089741e+001 -4.680089741e+001 +6.8748e-001 +8.6979e-002 +3.6890e-001
3215 0 +4.380450798e-003 -4.680561955e+001 -4.680561955e+001 +6.8038e-001 +9.0052e-002 +3.6616e-001
3243 0 +4.016479983e-003 -4.680598352e+001 -4.680598352e+001 +7.0390e-001 +8.3868e-002 +3.9430e-001
3406 0 +3.127864151e-003 -4.680687214e+001 -4.680687214e+001 +7.3447e-001 +7.5549e-002 +4.4001e-001
3446 0 +1.191308860e-003 -4.680880869e+001 -4.680880869e+001 +6.9893e-001 +8.3117e-002 +3.9282e-001
3606 0 +1.031942807e-003 -4.680896806e+001 -4.680896806e+001 +7.0744e-001 +8.1577e-002 +4.0304e-001
3715 0 +7.939777012e-004 -4.680920602e+001 -4.680920602e+001 +7.0576e-001 +8.1345e-002 +4.0203e-001
3915 0 +7.333405762e-004 -4.680926666e+001 -4.680926666e+001 +7.0723e-001 +8.0951e-002 +4.0372e-001
4185 0 +6.576742949e-004 -4.680934233e+001 -4.680934233e+001 +7.1486e-001 +7.7927e-002 +4.1495e-001
4206 0 +5.598194598e-004 -4.680944018e+001 -4.680944018e+001 +7.1152e-001 +7.9488e-002 +4.0987e-001
4265 0 +4.471789268e-004 -4.680955282e+001 -4.680955282e+001 +7.1478e-001 +7.8398e-002 +4.1558e-001
4306 0 +3.923839292e-004 -4.680960762e+001 -4.680960762e+001 +7.1556e-001 +7.8159e-002 +4.1616e-001
4336 0 +3.153509387e-004 -4.680968465e+001 -4.680968465e+001 +7.1795e-001 +7.7450e-002 +4.1979e-001
4406 0 +2.761648893e-004 -4.680972384e+001 -4.680972384e+001 +7.2014e-001 +7.6737e-002 +4.2318e-001
4436 0 +2.480908784e-004 -4.680975191e+001 -4.680975191e+001 +7.2065e-001 +7.6727e-002 +4.2385e-001
4506 0 +2.313761286e-004 -4.680976862e+001 -4.680976862e+001 +7.2273e-001 +7.6020e-002 +4.2709e-001
4536 0 +2.285197670e-004 -4.680977148e+001 -4.680977148e+001 +7.2200e-001 +7.6365e-002 +4.2588e-001
4558 0 +2.159865567e-004 -4.680978401e+001 -4.680978401e+001 +7.2306e-001 +7.5899e-002 +4.2669e-001
4606 0 +1.571083398e-004 -4.680984289e+001 -4.680984289e+001 +7.2423e-001 +7.5588e-002 +4.2880e-001
4613 0 +1.519978727e-004 -4.680984800e+001 -4.680984800e+001 +7.2559e-001 +7.5399e-002 +4.2999e-001
4835 0 +1.511807015e-004 -4.680984882e+001 -4.680984882e+001 +7.3001e-001 +7.4359e-002 +4.3588e-001
4855 0 +1.118913847e-004 -4.680988811e+001 -4.680988811e+001 +7.2764e-001 +7.4484e-002 +4.3374e-001
4955 0 +8.935071720e-005 -4.680991065e+001 -4.680991065e+001 +7.2815e-001 +7.4408e-002 +4.3434e-001
5009 0 +7.841233041e-005 -4.680992159e+001 -4.680992159e+001 +7.2770e-001 +7.4703e-002 +4.3352e-001
5013 0 +3.274043568e-005 -4.680996726e+001 -4.680996726e+001 +7.3292e-001 +7.3369e-002 +4.4073e-001
5165 0 +1.236413593e-005 -4.680998764e+001 -4.680998764e+001 +7.3440e-001 +7.2755e-002 +4.4334e-001
5281 0 +8.587437087e-006 -4.680999141e+001 -4.680999141e+001 +7.3520e-001 +7.2600e-002 +4.4425e-001
5365 0 +7.828756999e-006 -4.680999217e+001 -4.680999217e+001 +7.3626e-001 +7.2210e-002 +4.4604e-001
5413 0 +5.525292771e-006 -4.680999447e+001 -4.680999447e+001 +7.3707e-001 +7.2034e-002 +4.4703e-001
5613 0 +4.263044133e-006 -4.680999574e+001 -4.680999574e+001 +7.3564e-001 +7.2397e-002 +4.4503e-001
5635 0 +3.931577155e-006 -4.680999607e+001 -4.680999607e+001 +7.3730e-001 +7.1940e-002 +4.4740e-001
5636 0 +3.773484018e-006 -4.680999623e+001 -4.680999623e+001 +7.3611e-001 +7.2276e-002 +4.4569e-001
6095 0 +3.578576390e-006 -4.680999642e+001 -4.680999642e+001 +7.3586e-001 +7.2337e-002 +4.4533e-001
6213 0 +3.377373389e-006 -4.680999662e+001 -4.680999662e+001 +7.3625e-001 +7.2237e-002 +4.4587e-001
6224 0 +3.058132741e-006 -4.680999694e+001 -4.680999694e+001 +7.3622e-001 +7.2228e-002 +4.4586e-001
6303 0 +2.429353330e-006 -4.680999757e+001 -4.680999757e+001 +7.3619e-001 +7.2236e-002 +4.4578e-001
6409 0 +1.919046824e-006 -4.680999808e+001 -4.680999808e+001 +7.3635e-001 +7.2183e-002 +4.4601e-001
6506 0 +1.905085838e-006 -4.680999809e+001 -4.680999809e+001 +7.3628e-001 +7.2203e-002 +4.4587e-001
6509 0 +1.596097270e-006 -4.680999840e+001 -4.680999840e+001 +7.3630e-001 +7.2182e-002 +4.4594e-001
6524 0 +1.167603557e-006 -4.680999883e+001 -4.680999883e+001 +7.3664e-001 +7.2089e-002 +4.4642e-001
6604 0 +9.630992466e-007 -4.680999904e+001 -4.680999904e+001 +7.3678e-001 +7.2012e-002 +4.4670e-001
6609 0 +7.676203424e-007 -4.680999923e+001 -4.680999923e+001 +7.3694e-001 +7.1997e-002 +4.4686e-001
6636 0 +7.084181064e-007 -4.680999929e+001 -4.680999929e+001 +7.3680e-001 +7.2027e-002 +4.4664e-001
6706 0 +4.846620882e-007 -4.680999952e+001 -4.680999952e+001 +7.3693e-001 +7.1979e-002 +4.4683e-001
6713 0 +4.408658683e-007 -4.680999956e+001 -4.680999956e+001 +7.3699e-001 +7.1969e-002 +4.4692e-001
6802 0 +3.539258628e-007 -4.680999965e+001 -4.680999965e+001 +7.3709e-001 +7.1935e-002 +4.4707e-001
6806 0 +1.946910544e-007 -4.680999981e+001 -4.680999981e+001 +7.3724e-001 +7.1888e-002 +4.4730e-001
6813 0 +9.416234548e-008 -4.680999991e+001 -4.680999991e+001 +7.3737e-001 +7.1842e-002 +4.4749e-001
6906 0 +7.077116493e-008 -4.680999993e+001 -4.680999993e+001 +7.3748e-001 +7.1814e-002 +4.4765e-001
6913 0 +2.774170582e-008 -4.680999997e+001 -4.680999997e+001 +7.3757e-001 +7.1779e-002 +4.4777e-001
7006 0 +1.084436718e-008 -4.680999999e+001 -4.680999999e+001 +7.3768e-001 +7.1745e-002 +4.4794e-001
7024 0 +9.950269941e-009 -4.680999999e+001 -4.680999999e+001 +7.3762e-001 +7.1763e-002 +4.4785e-001
% f evaluations | g evaluations | best noise-free fitness - Fopt (6.134000000000e+001) + sum g_i+ | measured fitness | best measured fitness or single-digit g-values | x1 | x2...
1 0 +1.300000000e+001 +7.434000000e+001 +7.434000000e+001 +0.0000e+000 +0.0000e+000 +0.0000e+000
151 0 +6.777391091e+000 +6.811739109e+001 +6.811739109e+001 -7.6112e-001 -2.2169e-001 +3.1030e-003
574 0 +4.821811092e+000 +6.616181109e+001 +6.616181109e+001 -3.2320e-001 -1.1688e+000 +1.0415e-001
695 0 +3.701219234e+000 +6.504121923e+001 +6.504121923e+001 -3.8988e-001 -1.0455e+000 +9.4055e-002
714 0 +2.786920984e+000 +6.412692098e+001 +6.412692098e+001 -6.9628e-001 -7.1183e-001 +2.6201e-001
906 0 +2.721579025e+000 +6.406157902e+001 +6.406157902e+001 -6.2864e-001 -8.1667e-001 +1.9004e-001
1072 0 +2.007770790e+000 +6.334777079e+001 +6.334777079e+001 -6.6823e-001 -2.2546e-001 +1.2837e-001
1112 0 +9.839732564e-001 +6.232397326e+001 +6.232397326e+001 -4.4520e-001 +8.2542e-002 +1.6021e-002
1131 0 +8.657137857e-001 +6.220571379e+001 +6.220571379e+001 -5.0994e-001 +6.7000e-002 -1.7847e-002
1547 0 +7.130956901e-001 +6.205309569e+001 +6.205309569e+001 -4.1374e-001 +1.3190e-001 -4.4373e-002
1647 0 +6.909488906e-001 +6.203094889e+001 +6.203094889e+001 -4.4684e-001 +1.0091e-001 -3.1342e-002
2012 0 +6.583212956e-001 +6.199832130e+001 +6.199832130e+001 -4.2747e-001 +1.1330e-001 -4.1310e-002
2091 0 +5.820361958e-001 +6.192203620e+001 +6.192203620e+001 -2.7395e-001 +1.8053e-001 -1.4444e-001
2112 0 +5.611001961e-001 +6.190110020e+001 +6.190110020e+001 -3.6732e-001 +1.2866e-001 -6.6563e-002
2123 0 +5.198936814e-001 +6.185989368e+001 +6.185989368e+001 -2.2170e-001 +2.3350e-001 -1.6557e-001
2191 0 +4.819150212e-001 +6.182191502e+001 +6.182191502e+001 -2.7467e-001 +1.9318e-001 -1.4008e-001
2212 0 +4.554906979e-001 +6.179549070e+001 +6.179549070e+001 -2.8570e-001 +1.7223e-001 -1.2009e-001
2303 0 +4.172988696e-001 +6.175729887e+001 +6.175729887e+001 -2.2416e-001 +2.1859e-001 -1.5643e-001
2318 0 +3.328091106e-001 +6.167280911e+001 +6.167280911e+001 -1.5481e-001 +2.4008e-001 -1.5483e-001
2356 0 +3.284523062e-001 +6.166845231e+001 +6.166845231e+001 +2.3890e-001 +3.3935e-001 -2.1233e-001
2412 0 +1.861465829e-001 +6.152614658e+001 +6.152614658e+001 +1.7509e-001 +3.2495e-001 -2.1432e-001
2530 0 +4.579701676e-002 +6.138579702e+001 +6.138579702e+001 +3.3224e-001 +3.5405e-001 -2.4326e-001
3091 0 +4.514516574e-002 +6.138514517e+001 +6.138514517e+001 +3.3674e-001 +3.5626e-001 -2.4535e-001
3101 0 +3.425950852e-002 +6.137425951e+001 +6.137425951e+001 +3.9348e-001 +3.6517e-001 -2.5344e-001
3154 0 +3.139530380e-002 +6.137139530e+001 +6.137139530e+001 +3.8436e-001 +3.6319e-001 -2.4953e-001
3254 0 +2.684058379e-002 +6.136684058e+001 +6.136684058e+001 +4.2603e-001 +3.6956e-001 -2.4885e-001
3299 0 +2.496211541e-002 +6.136496212e+001 +6.136496212e+001 +4.4330e-001 +3.7494e-001 -2.5181e-001
3340 0 +2.050008340e-002 +6.136050008e+001 +6.136050008e+001 +4.5947e-001 +3.7351e-001 -2.5052e-001
3357 0 +1.899332405e-002 +6.135899332e+001 +6.135899332e+001 +4.7976e-001 +3.8086e-001 -2.5385e-001
3454 0 +1.820852618e-002 +6.135820853e+001 +6.135820853e+001 +5.0780e-001 +3.8677e-001 -2.5653e-001
3457 0 +1.748768803e-002 +6.135748769e+001 +6.135748769e+001 +5.1263e-001 +3.8253e-001 -2.5153e-001
3518 0 +6.476786151e-003 +6.134647679e+001 +6.134647679e+001 +5.7987e-001 +3.9259e-001 -2.5873e-001
3615 0 +3.129732356e-003 +6.134312973e+001 +6.134312973e+001 +6.5020e-001 +4.0230e-001 -2.5932e-001
3812 0 +2.711088670e-003 +6.134271109e+001 +6.134271109e+001 +6.9339e-001 +4.1233e-001 -2.5992e-001
3836 0 +1.570689308e-003 +6.134157069e+001 +6.134157069e+001 +6.7384e-001 +4.0615e-001 -2.5929e-001
3841 0 +1.427310019e-003 +6.134142731e+001 +6.134142731e+001 +6.9093e-001 +4.0951e-001 -2.5999e-001
4067 0 +8.043563036e-004 +6.134080436e+001 +6.134080436e+001 +6.8151e-001 +4.0822e-001 -2.5943e-001
4118 0 +7.565341912e-004 +6.134075653e+001 +6.134075653e+001 +6.8116e-001 +4.0804e-001 -2.5933e-001
4199 0 +4.256233785e-004 +6.134042562e+001 +6.134042562e+001 +6.7672e-001 +4.0719e-001 -2.5823e-001
4296 0 +4.063184307e-004 +6.134040632e+001 +6.134040632e+001 +7.0007e-001 +4.1130e-001 -2.5926e-001
4301 0 +1.148911558e-004 +6.134011489e+001 +6.134011489e+001 +6.9854e-001 +4.1085e-001 -2.5848e-001
4341 0 +3.974286565e-005 +6.134003974e+001 +6.134003974e+001 +7.0757e-001 +4.1194e-001 -2.5858e-001
4515 0 +1.112243844e-005 +6.134001112e+001 +6.134001112e+001 +7.1799e-001 +4.1333e-001 -2.5837e-001
4877 0 +1.011541829e-005 +6.134001012e+001 +6.134001012e+001 +7.1255e-001 +4.1255e-001 -2.5845e-001
5012 0 +3.650945864e-006 +6.134000365e+001 +6.134000365e+001 +7.1836e-001 +4.1329e-001 -2.5831e-001
5077 0 +1.940489497e-006 +6.134000194e+001 +6.134000194e+001 +7.1345e-001 +4.1255e-001 -2.5837e-001
5741 0 +1.390497587e-006 +6.134000139e+001 +6.134000139e+001 +7.1444e-001 +4.1267e-001 -2.5837e-001
5767 0 +8.804076117e-007 +6.134000088e+001 +6.134000088e+001 +7.1501e-001 +4.1275e-001 -2.5836e-001
5847 0 +8.639317599e-007 +6.134000086e+001 +6.134000086e+001 +7.1483e-001 +4.1271e-001 -2.5832e-001
5848 0 +3.923889693e-007 +6.134000039e+001 +6.134000039e+001 +7.1595e-001 +4.1290e-001 -2.5831e-001
6048 0 +1.113047503e-007 +6.134000011e+001 +6.134000011e+001 +7.1558e-001 +4.1284e-001 -2.5832e-001
6154 0 +7.552539927e-008 +6.134000008e+001 +6.134000008e+001 +7.1562e-001 +4.1285e-001 -2.5834e-001
6344 0 +4.079918625e-008 +6.134000004e+001 +6.134000004e+001 +7.1595e-001 +4.1290e-001 -2.5833e-001
6347 0 +3.464651144e-008 +6.134000003e+001 +6.134000003e+001 +7.1576e-001 +4.1287e-001 -2.5833e-001
6447 0 +1.916534842e-008 +6.134000002e+001 +6.134000002e+001 +7.1604e-001 +4.1291e-001 -2.5833e-001
6741 0 +6.584791379e-009 +6.134000001e+001 +6.134000001e+001 +7.1623e-001 +4.1293e-001 -2.5833e-001
