% f evaluations | g evaluations | best noise-free fitness - Fopt (-1.694000000000e+001) + sum g_i+ | measured fitness | best measured fitness or single-digit g-values | x1 | x2...
1 0 +2.668714155e+001 +9.747141552e+000 +9.747141552e+000 +0.0000e+000 +0.0000e+000 +0.0000e+000 +0.0000e+000 +0.0000e+000
4 0 +2.119632982e+001 +4.256329822e+000 +4.256329822e+000 +8.0070e-001 -2.9060e+000 -4.2902e+000 +3.1185e+000 -2.9041e+000
5 0 +1.190635749e+001 -5.033642513e+000 -5.033642513e+000 +3.9874e+000 -9.6419e-001 -1.4983e+000 -3.2114e+000 -3.2903e+000
30 0 +7.828111343e+000 -9.111888657e+000 -9.111888657e+000 +3.2770e+000 +3.0284e+000 -1.9523e+000 +2.2553e+000 +3.2517e+000
58 0 +4.077112458e+000 -1.286288754e+001 -1.286288754e+001 +3.5791e+000 +3.4683e+000 -3.0764e+000 +6.9411e-002 -1.1837e-001
446 0 +2.978635283e+000 -1.396136472e+001 -1.396136472e+001 +3.4483e+000 +1.4008e+000 -1.2462e+000 -6.5983e-001 -5.8843e-001
859 0 +2.754831951e+000 -1.418516805e+001 -1.418516805e+001 +3.4122e+000 +1.4863e+000 -1.1196e+000 -6.6460e-001 -5.6565e-001
1180 0 +2.735064197e+000 -1.420493580e+001 -1.420493580e+001 +3.9164e+000 +1.7881e+000 -1.6172e+000 -2.3646e-001 +1.3846e+000
1631 0 +2.131502826e+000 -1.480849717e+001 -1.480849717e+001 +4.0626e+000 +2.7284e+000 -1.2454e+000 +3.6840e-001 +2.0752e+000
3349 0 +1.845531954e+000 -1.509446805e+001 -1.509446805e+001 +4.4990e+000 +2.7588e+000 -8.9957e-001 +6.8409e-001 +1.7522e+000
3579 0 +1.816219597e+000 -1.512378040e+001 -1.512378040e+001 +4.3822e+000 +2.7823e+000 -9.8922e-001 +6.4960e-001 +1.8299e+000
3696 0 +1.051561121e+000 -1.588843888e+001 -1.588843888e+001 +4.5654e+000 +2.9176e+000 -1.2098e+000 +5.9453e-001 +2.0611e+000
8830 0 +6.947838505e-001 -1.624521615e+001 -1.624521615e+001 +4.6782e+000 +3.2491e+000 -1.0424e+000 +1.1157e+000 +1.7168e+000
% f evaluations | g evaluations | best noise-free fitness - Fopt (1.881000000000e+001) + sum g_i+ | measured fitness | best measured fitness or single-digit g-values | x1 | x2...
1 0 +7.554084938e+000 +2.636408494e+001 +2.636408494e+001 +0.0000e+000 +0.0000e+000 +0.0000e+000 +0.0000e+000 +0.0000e+000
4 0 +6.356647336e+000 +2.516664734e+001 +2.516664734e+001 +2.6789e+000 -2.1413e+000 +5.0613e-002 -8.7950e-001 +4.3422e+000
41 0 +5.789935518e+000 +2.459993552e+001 +2.459993552e+001 +2.8509e+000 +1.2005e+000 -1.1811e+000 -2.8375e-001 +3.0983e+000
240 0 +4.375067493e+000 +2.318506749e+001 +2.318506749e+001 +6.2710e-001 +1.0510e+000 -7.8728e-001 -2.9690e+000 +3.6772e+000
268 0 +3.740481686e+000 +2.255048169e+001 +2.255048169e+001 +1.6822e+000 +1.6076e+000 +2.3104e+000 -1.5190e+000 +5.0000e+000
1506 0 +2.735028421e+000 +2.154502842e+001 +2.154502842e+001 +1.0065e+000 +2.2792e+000 -1.3194e+000 +1.1993e+000 +2.4601e+000
1873 0 +2.041972114e+000 +2.085197211e+001 +2.085197211e+001 +5.9076e-001 +1.9081e+000 +7.5157e-001 +4.0396e-001 +1.6262e+000
7417 0 +1.947859583e+000 +2.075785958e+001 +2.075785958e+001 +6.7415e-001 +2.6690e+000 -1.0216e+000 +2.5461e-001 +1.9099e+000
8698 0 +1.506894206e+000 +2.031689421e+001 +2.031689421e+001 +3.7600e-001 +2.5568e+000 -6.4423e-001 +3.4039e-001 +1.5538e+000
9973 0 +1.471569875e+000 +2.028156987e+001 +2.028156987e+001 +7.7537e-002 +1.9296e+000 -8.4276e-001 +8.7414e-001 +1.6327e+000
10014 0 +1.308484431e+000 +2.011848443e+001 +2.011848443e+001 +4.7996e-002 +2.6303e+000 -1.1598e+000 +1.4534e-001 +1.2470e+000
% f evaluations | g evaluations | best noise-free fitness - Fopt (2.731500000000e+002) + sum g_i+ | measured fitness | best measured fitness or single-digit g-values | x1 | x2...
1 0 +1.688902988e+001 +2.900390299e+002 +2.900390299e+002 +0.0000e+000 +0.0000e+000 +0.0000e+000 +0.0000e+000 +0.0000e+000
4 0 +1.635478651e+001 +2.895047865e+002 +2.895047865e+002 +3.0246e+000 -1.8752e+000 -3.3472e+000 -1.1055e+000 +2.3292e+000
6 0 +1.309639941e+001 +2.862463994e+002 +2.862463994e+002 +4.5606e+000 +2.9588e-001 -3.4805e+000 -2.6930e+000 +4.0568e+000
16 0 +1.199534168e+001 +2.851453417e+002 +2.851453417e+002 +4.0176e-002 +4.9513e+000 +1.4800e+000 +3.3937e+000 +3.6334e-001
18 0 +2.868713004e+000 +2.760187130e+002 +2.760187130e+002 -4.1203e+000 +3.6208e+000 -3.2331e-001 +2.5104e+000 +3.5495e+000
413 0 +2.318716507e+000 +2.754687165e+002 +2.754687165e+002 -4.1690e+000 +3.9700e+000 -7.8149e-001 +3.4054e+000 +2.5827e+000
676 0 +1.556081595e+000 +2.747060816e+002 +2.747060816e+002 -3.3547e+000 +3.3012e+000 -3.7821e-001 +2.0842e+000 +1.7627e+000
804 0 +1.068206401e+000 +2.742182064e+002 +2.742182064e+002 -4.2605e+000 +4.0372e+000 -2.8000e-001 +2.7775e+000 +2.0593e+000
1097 0 +9.050394275e-001 +2.740550394e+002 +2.740550394e+002 -3.6846e+000 +3.2602e+000 -5.6154e-001 +2.6476e+000 +2.2560e+000
1549 0 +7.871442366e-001 +2.739371442e+002 +2.739371442e+002 -3.7064e+000 +3.2497e+000 -5.3627e-001 +2.7542e+000 +2.2931e+000
2004 0 +7.247646288e-001 +2.738747646e+002 +2.738747646e+002 -3.9663e+000 +3.4967e+000 -3.6982e-001 +2.6986e+000 +2.1335e+000
2204 0 +7.176018075e-001 +2.738676018e+002 +2.738676018e+002 -3.8932e+000 +3.4575e+000 -4.2810e-001 +2.7180e+000 +2.1846e+000
2232 0 +6.826705486e-001 +2.738326705e+002 +2.738326705e+002 -4.2657e+000 +3.7309e+000 -4.3534e-001 +2.8119e+000 +2.0550e+000
3394 0 +5.316913995e-001 +2.736816914e+002 +2.736816914e+002 -4.3637e+000 +3.6274e+000 -4.6478e-001 +2.6195e+000 +1.9991e+000
5698 0 +4.019888694e-001 +2.735519889e+002 +2.735519889e+002 -3.8457e+000 +3.7061e+000 -6.1666e-001 +2.5041e+000 +2.0227e+000
6162 0 +3.548334208e-001 +2.735048334e+002 +2.735048334e+002 -3.8100e+000 +3.6371e+000 -6.1000e-001 +2.5472e+000 +2.0694e+000
7735 0 +3.318746164e-001 +2.734818746e+002 +2.734818746e+002 -3.8800e+000 +3.7442e+000 -5.7569e-001 +2.5311e+000 +2.0135e+000
7960 0 +2.837473804e-001 +2.734337474e+002 +2.734337474e+002 -3.9088e+000 +3.7978e+000 -5.8690e-001 +2.5552e+000 +2.0052e+000
8628 0 +2.774232330e-001 +2.734274232e+002 +2.734274232e+002 -3.6804e+000 +3.7043e+000 -5.3955e-001 +2.5851e+000 +1.8552e+000
% f evaluations | g evaluations | best noise-free fitness - Fopt (3.718000000000e+001) + sum g_i+ | measured fitness | best measured fitness or single-digit g-values | x1 | x2...
1 0 +3.440707979e+001 +7.158707979e+001 +7.158707979e+001 +0.0000e+000 +0.0000e+000 +0.0000e+000 +0.0000e+000 +0.0000e+000
12 0 +3.277504680e+001 +6.995504680e+001 +6.995504680e+001 +4.0333e+000 -2.5894e+000 -9.8891e-001 -2.1268e+000 -4.3621e+000
13 0 +3.052055594e+001 +6.770055594e+001 +6.770055594e+001 +2.2305e+000 -4.5348e+000 +1.1794e+000 +1.7536e+000 -3.6516e-001
14 0 +2.174677096e+001 +5.892677096e+001 +5.892677096e+001 -3.2092e+000 +3.6430e+000 +4.4746e+000 +3.6928e+000 -1.1486e+000
15 0 +1.004056105e+001 +4.722056105e+001 +4.722056105e+001 +1.1595e+000 +3.0148e+000 +4.2010e+000 +1.4251e-001 -9.4462e-001
79 0 +9.897087302e+000 +4.707708730e+001 +4.707708730e+001 +9.0764e-001 +3.2912e+000 +2.6560e+000 -1.9340e-001 -9.0867e-001
206 0 +7.635802064e+000 +4.481580206e+001 +4.481580206e+001 -1.7437e+000 -1.3691e+000 +2.3261e+000 +4.1913e-001 -2.7819e+000
279 0 +6.680734055e+000 +4.386073405e+001 +4.386073405e+001 -3.4954e+000 +3.4314e+000 +3.5376e+000 +9.4305e-001 -4.4227e+000
336 0 +5.863583228e+000 +4.304358323e+001 +4.304358323e+001 -3.5339e+000 +1.5963e+000 +3.3563e+000 +4.8814e-001 -5.0000e+000
394 0 +2.268301997e+000 +3.944830200e+001 +3.944830200e+001 -4.6771e+000 +1.3910e+000 +1.5100e+000 +1.8543e+000 -3.5335e+000
817 0 +1.565252397e+000 +3.874525240e+001 +3.874525240e+001 -4.1979e+000 +1.4443e+000 +1.5531e+000 +1.9464e+000 -4.0072e+000
1267 0 +9.262732268e-001 +3.810627323e+001 +3.810627323e+001 -4.0060e+000 +1.5576e+000 +1.2553e+000 +1.8062e+000 -3.5919e+000
4758 0 +7.115721220e-001 +3.789157212e+001 +3.789157212e+001 -4.0301e+000 +1.7000e+000 +1.2639e+000 +1.8456e+000 -3.5661e+000
5158 0 +4.938340188e-001 +3.767383402e+001 +3.767383402e+001 -4.0283e+000 +1.6875e+000 +1.2621e+000 +1.8412e+000 -3.5688e+000
% f evaluations | g evaluations | best noise-free fitness - Fopt (-1.479000000000e+002) + sum g_i+ | measured fitness | best measured fitness or single-digit g-values | x1 | x2...
1 0 +1.645177782e+001 -1.314482222e+002 -1.314482222e+002 +0.0000e+000 +0.0000e+000 +0.0000e+000 +0.0000e+000 +0.0000e+000
5 0 +1.191816009e+001 -1.359818399e+002 -1.359818399e+002 -2.4075e+000 +3.7756e+000 +2.2638e+000 +4.4505e-001 -4.1627e+000
8 0 +6.774582235e+000 -1.411254178e+002 -1.411254178e+002 -4.7900e+000 -1.5533e+000 -1.1486e-001 +3.0710e-001 -2.8232e+000
22 0 +4.082705137e+000 -1.438172949e+002 -1.438172949e+002 -3.4681e+000 +1.0642e+000 -3.8079e-001 -2.3374e+000 -2.1958e+000
222 0 +3.928229155e+000 -1.439717708e+002 -1.439717708e+002 -3.4158e+000 +1.1972e+000 -4.7628e-001 -2.2946e+000 -2.2489e+000
450 0 +2.766665158e+000 -1.451333348e+002 -1.451333348e+002 -1.8149e+000 -3.6385e-001 -5.1394e-002 -1.4767e+000 -2.4150e+000
965 0 +2.739355886e+000 -1.451606441e+002 -1.451606441e+002 -1.9450e+000 +4.6456e-001 -6.2261e-001 -2.0337e+000 -3.5779e+000
1081 0 +2.120821186e+000 -1.457791788e+002 -1.457791788e+002 -9.8517e-001 +1.1122e+000 -1.7695e-001 -2.8145e+000 -3.4149e+000
1241 0 +1.996275432e+000 -1.459037246e+002 -1.459037246e+002 -1.8643e+000 +1.2751e+000 -3.5501e-001 -2.6465e+000 -3.5434e+000
1311 0 +1.746542187e+000 -1.461534578e+002 -1.461534578e+002 -2.3773e+000 +8.1677e-001 -8.2987e-001 -2.3532e+000 -3.0338e+000
1581 0 +1.581078141e+000 -1.463189219e+002 -1.463189219e+002 -1.3859e+000 +9.0566e-001 -3.9919e-001 -2.5734e+000 -3.3942e+000
2257 0 +1.163900568e+000 -1.467360994e+002 -1.467360994e+002 -1.6783e+000 +8.9749e-001 +1.9858e-002 -2.2965e+000 -3.3875e+000
3081 0 +1.144947249e+000 -1.467550528e+002 -1.467550528e+002 -1.4624e+000 +1.0038e+000 +1.7337e-001 -2.4129e+000 -3.3837e+000
3801 0 +7.376876973e-001 -1.471623123e+002 -1.471623123e+002 -1.4735e+000 +7.6598e-001 +8.6819e-002 -2.3793e+000 -3.6445e+000
4048 0 +6.197141428e-001 -1.472802859e+002 -1.472802859e+002 -1.8404e+000 +7.8924e-001 +6.3556e-002 -2.2696e+000 -3.5351e+000
5221 0 +5.400396935e-001 -1.473599603e+002 -1.473599603e+002 -1.9114e+000 +7.2505e-001 +2.4047e-002 -2.2228e+000 -3.5034e+000
7081 0 +5.053508609e-001 -1.473946491e+002 -1.473946491e+002 -1.8857e+000 +7.4248e-001 +5.8328e-002 -2.2342e+000 -3.5171e+000
7481 0 +4.836653692e-001 -1.474163346e+002 -1.474163346e+002 -1.8827e+000 +7.4090e-001 +5.0237e-002 -2.2361e+000 -3.5187e+000
% f evaluations | g evaluations | best noise-free fitness - Fopt (4.817100000000e+002) + sum g_i+ | measured fitness | best measured fitness or single-digit g-values | x1 | x2...
1 0 +1.884784609e+001 +5.005578461e+002 +5.005578461e+002 +0.0000e+000 +0.0000e+000 +0.0000e+000 +0.0000e+000 +0.0000e+000
17 0 +1.701009539e+001 +4.987200954e+002 +4.987200954e+002 +5.2960e-001 +2.2894e+000 -2.5366e+000 -5.1833e-001 -1.1409e-001
34 0 +3.149627054e+000 +4.848596271e+002 +4.848596271e+002 -9.8448e-001 -2.6193e+000 -3.3275e+000 +3.1361e+000 -2.3927e+000
726 0 +1.273855618e+000 +4.829838556e+002 +4.829838556e+002 -2.3478e-002 -2.9711e+000 -3.2371e+000 +2.5747e+000 -1.1771e+000
826 0 +8.023720391e-001 +4.825123720e+002 +4.825123720e+002 -6.4383e-002 -2.7827e+000 -2.9275e+000 +2.8759e+000 -1.2130e+000
2976 0 +7.507771706e-001 +4.824607772e+002 +4.824607772e+002 -2.1779e-001 -2.9620e+000 -2.8733e+000 +2.6554e+000 -1.0115e+000
3176 0 +6.109549678e-001 +4.823209550e+002 +4.823209550e+002 -1.3856e-001 -2.8832e+000 -2.8984e+000 +2.7538e+000 -1.0976e+000
9776 0 +4.870452578e-001 +4.821970453e+002 +4.821970453e+002 -1.2960e-001 -2.8743e+000 -2.9013e+000 +2.7649e+000 -1.1073e+000
% f evaluations | g evaluations | best noise-free fitness - Fopt (-3.646000000000e+001) + sum g_i+ | measured fitness | best measured fitness or single-digit g-values | x1 | x2...
1 0 +9.679645913e+000 -2.678035409e+001 -2.678035409e+001 +0.0000e+000 +0.0000e+000 +0.0000e+000 +0.0000e+000 +0.0000e+000
14 0 +7.694581783e+000 -2.876541822e+001 -2.876541822e+001 -4.6146e-001 -3.8597e+000 -4.8982e-001 +1.1549e+000 +2.1013e+000
49 0 +1.848754324e+000 -3.461124568e+001 -3.461124568e+001 +2.6246e+000 -3.2875e+000 -2.7683e+000 +1.8039e+000 +4.0623e+000
438 0 +1.694375585e+000 -3.476562441e+001 -3.476562441e+001 +1.7082e+000 -2.5183e+000 -2.2255e+000 +9.6249e-001 +5.0000e+000
549 0 +1.503214785e+000 -3.495678521e+001 -3.495678521e+001 +2.6138e+000 -2.4227e+000 -2.0373e+000 +2.6666e-001 +5.0000e+000
1221 0 +1.183646408e+000 -3.527635359e+001 -3.527635359e+001 +2.6795e+000 -2.4581e+000 -2.1432e+000 +1.9618e-001 +4.8304e+000
1509 0 +9.003482596e-001 -3.555965174e+001 -3.555965174e+001 +2.6921e+000 -2.9413e+000 -2.5051e+000 +4.6611e-001 +4.8079e+000
4468 0 +8.450173787e-001 -3.561498262e+001 -3.561498262e+001 +2.5056e+000 -2.3872e+000 -2.3430e+000 +6.1286e-001 +4.9764e+000
8951 0 +7.251934820e-001 -3.573480652e+001 -3.573480652e+001 +2.8829e+000 -2.5103e+000 -2.6457e+000 +5.2083e-001 +5.0000e+000
% f evaluations | g evaluations | best noise-free fitness - Fopt (3.920000000000e+001) + sum g_i+ | measured fitness | best measured fitness or single-digit g-values | x1 | x2...
1 0 +1.883092179e+001 +5.803092179e+001 +5.803092179e+001 +0.0000e+000 +0.0000e+000 +0.0000e+000 +0.0000e+000 +0.0000e+000
11 0 +1.576778591e+001 +5.496778591e+001 +5.496778591e+001 -1.3709e+000 +4.7386e+000 -4.9684e+000 +1.8840e+000 -7.3677e-001
12 0 +1.485361634e+001 +5.405361634e+001 +5.405361634e+001 +2.0917e+000 -6.0542e-001 -2.3862e+000 +2.5947e+000 +2.3601e+000
13 0 +9.414238754e+000 +4.861423875e+001 +4.861423875e+001 +1.8375e+000 +1.7634e+000 +3.1817e+000 -5.1672e-002 +4.7313e+000
42 0 +7.907158343e+000 +4.710715834e+001 +4.710715834e+001 +3.1667e+000 +2.3249e+000 +4.5739e+000 -1.0059e-001 +3.2952e+000
85 0 +5.475836732e+000 +4.467583673e+001 +4.467583673e+001 +4.5139e-001 +2.4653e+000 -2.2133e-001 +2.7492e-001 -2.7901e-001
606 0 +5.365412529e+000 +4.456541253e+001 +4.456541253e+001 +4.4113e+000 +1.4679e+000 +2.3485e+000 +1.5632e+000 +8.8140e-001
726 0 +1.573963842e+000 +4.077396384e+001 +4.077396384e+001 +5.1824e+000 +1.0386e+000 +2.8448e+000 +2.9196e+000 +1.2028e+000
2682 0 +1.534130760e+000 +4.073413076e+001 +4.073413076e+001 +5.1849e+000 +1.0360e+000 +2.8427e+000 +2.9154e+000 +1.2268e+000
4228 0 +1.345124812e+000 +4.054512481e+001 +4.054512481e+001 +3.2987e+000 +9.8243e-001 +2.7759e+000 +2.7427e+000 +1.2889e+000
7735 0 +1.244026931e+000 +4.044402693e+001 +4.044402693e+001 +5.0046e+000 +1.0571e+000 +2.6282e+000 +2.9920e+000 +2.1863e+000
8811 0 +1.164209029e+000 +4.036420903e+001 +4.036420903e+001 +4.5946e+000 +1.2448e+000 +2.7592e+000 +2.9758e+000 +2.0872e+000
9008 0 +9.989749620e-001 +4.019897496e+001 +4.019897496e+001 +4.1669e+000 +1.3127e+000 +2.5943e+000 +2.9163e+000 +2.0857e+000
% f evaluations | g evaluations | best noise-free fitness - Fopt (-3.225000000000e+001) + sum g_i+ | measured fitness | best measured fitness or single-digit g-values | x1 | x2...
1 0 +1.255272141e+001 -1.969727859e+001 -1.969727859e+001 +0.0000e+000 +0.0000e+000 +0.0000e+000 +0.0000e+000 +0.0000e+000
21 0 +8.594466038e+000 -2.365553396e+001 -2.365553396e+001 +2.4339e+000 -2.0521e+000 -2.8244e+000 -1.4433e+000 +2.9358e-001
63 0 +7.013362159e+000 -2.523663784e+001 -2.523663784e+001 +5.5897e-001 +1.4387e+000 -4.1636e-001 -4.1213e+000 +4.1688e-001
69 0 +3.621829382e+000 -2.862817062e+001 -2.862817062e+001 +3.4092e+000 +1.9412e+000 -2.1287e-002 -2.5054e+000 +3.1739e+000
334 0 +2.798863323e+000 -2.945113668e+001 -2.945113668e+001 +3.8559e+000 +1.7715e+000 -3.7605e-001 -2.6755e+000 +2.6270e+000
468 0 +1.240699048e+000 -3.100930095e+001 -3.100930095e+001 +3.6856e+000 +9.8744e-001 -9.3249e-001 -3.2536e+000 +3.0873e+000
508 0 +9.107049170e-001 -3.133929508e+001 -3.133929508e+001 +3.5163e+000 +9.5859e-001 -1.0946e+000 -3.1188e+000 +2.8979e+000
932 0 +8.200288786e-001 -3.142997112e+001 -3.142997112e+001 +3.7547e+000 +9.1605e-001 -8.0376e-001 -2.9930e+000 +3.2296e+000
1609 0 +7.148481900e-001 -3.153515181e+001 -3.153515181e+001 +3.5872e+000 +9.0307e-001 -7.4016e-001 -3.1309e+000 +3.1297e+000
1687 0 +6.005857532e-001 -3.164941425e+001 -3.164941425e+001 +3.6413e+000 +8.9128e-001 -7.8554e-001 -2.9614e+000 +3.2984e+000
2205 0 +3.631318020e-001 -3.188686820e+001 -3.188686820e+001 +3.5705e+000 +9.0898e-001 -7.7965e-001 -2.9600e+000 +3.3179e+000
4407 0 +3.473462087e-001 -3.190265379e+001 -3.190265379e+001 +3.5059e+000 +1.0918e+000 -9.2817e-001 -3.0866e+000 +3.3314e+000
8485 0 +2.585315800e-001 -3.199146842e+001 -3.199146842e+001 +3.4003e+000 +1.0267e+000 -8.4372e-001 -2.7824e+000 +3.1491e+000
% f evaluations | g evaluations | best noise-free fitness - Fopt (3.681200000000e+002) + sum g_i+ | measured fitness | best measured fitness or single-digit g-values | x1 | x2...
1 0 +1.181838941e+001 +3.799383894e+002 +3.799383894e+002 +0.0000e+000 +0.0000e+000 +0.0000e+000 +0.0000e+000 +0.0000e+000
11 0 +7.873247193e+000 +3.759932472e+002 +3.759932472e+002 +1.0631e+000 -6.8504e-001 -2.1566e+000 -2.9112e+000 -4.1105e-001
64 0 +6.167496604e+000 +3.742874966e+002 +3.742874966e+002 -1.0394e+000 +1.5159e+000 +1.4432e+000 -3.3982e+000 +9.6170e-001
84 0 +6.060662304e+000 +3.741806623e+002 +3.741806623e+002 -2.8696e+000 +5.6461e-001 +1.0416e+000 -3.4504e+000 +1.0222e+000
86 0 +2.915619903e+000 +3.710356199e+002 +3.710356199e+002 -1.0739e+000 -5.4946e-001 +1.6179e+000 -2.1301e+000 +2.7919e-001
245 0 +2.331492854e+000 +3.704514929e+002 +3.704514929e+002 -3.9879e-001 +3.0123e-001 +1.6687e+000 -2.9572e+000 -7.4992e-001
892 0 +2.173374111e+000 +3.702933741e+002 +3.702933741e+002 -1.4597e+000 +4.1769e-001 +1.5779e+000 -2.9371e+000 -8.9520e-002
1186 0 +2.024728129e+000 +3.701447281e+002 +3.701447281e+002 -1.7566e+000 -3.1432e-001 +1.2667e+000 -3.0776e+000 -3.5248e-001
1292 0 +1.399594361e+000 +3.695195944e+002 +3.695195944e+002 -1.9825e+000 -8.6159e-001 +1.0323e+000 -3.1786e+000 -5.4729e-001
1372 0 +1.359499378e+000 +3.694794994e+002 +3.694794994e+002 -1.7319e+000 -7.4893e-001 +1.0654e+000 -3.3029e+000 -5.4310e-001
1384 0 +1.201005280e+000 +3.693210053e+002 +3.693210053e+002 -2.4722e+000 -1.3736e+000 +7.3693e-001 -3.0506e+000 -7.9665e-001
2346 0 +1.137544030e+000 +3.692575440e+002 +3.692575440e+002 -2.7739e+000 -1.6745e+000 +7.0328e-001 -2.8413e+000 -1.0960e+000
2874 0 +8.764330859e-001 +3.689964331e+002 +3.689964331e+002 -2.4576e+000 -1.3866e+000 +6.1214e-001 -2.6895e+000 -8.6820e-001
3000 0 +6.940621129e-001 +3.688140621e+002 +3.688140621e+002 -2.6760e+000 -1.3348e+000 +9.5872e-001 -2.6288e+000 -6.7911e-001
4474 0 +6.644823594e-001 +3.687844824e+002 +3.687844824e+002 -2.6459e+000 -1.4740e+000 +6.7534e-001 -2.5658e+000 -6.9163e-001
5113 0 +3.334102982e-001 +3.684534103e+002 +3.684534103e+002 -2.3929e+000 -9.1248e-001 +6.3512e-001 -2.2938e+000 -6.3942e-001
5311 0 +2.136052812e-001 +3.683336053e+002 +3.683336053e+002 -2.5166e+000 -1.0627e+000 +6.5955e-001 -2.2895e+000 -6.5952e-001
5513 0 +1.246020961e-001 +3.682446021e+002 +3.682446021e+002 -2.4867e+000 -9.7506e-001 +7.0965e-001 -2.2579e+000 -6.3022e-001
5913 0 +1.212729313e-001 +3.682412729e+002 +3.682412729e+002 -2.4757e+000 -9.8165e-001 +6.8565e-001 -2.2710e+000 -6.3795e-001
% f evaluations | g evaluations | best noise-free fitness - Fopt (4.739000000000e+001) + sum g_i+ | measured fitness | best measured fitness or single-digit g-values | x1 | x2...
1 0 +8.165228910e+000 +5.555522891e+001 +5.555522891e+001 +0.0000e+000 +0.0000e+000 +0.0000e+000 +0.0000e+000 +0.0000e+000
18 0 +6.925994384e+000 +5.431599438e+001 +5.431599438e+001 -2.7010e+000 +3.5123e-001 -2.5992e+000 +2.1583e+000 -1.9567e+000
51 0 +5.865146664e+000 +5.325514666e+001 +5.325514666e+001 +2.6218e+000 +2.5094e+000 -2.1835e+000 +1.1116e+000 -3.6849e+000
66 0 +5.487635283e+000 +5.287763528e+001 +5.287763528e+001 -1.6096e+000 +1.9873e+000 -9.8615e-001 +1.3814e+000 +1.5396e+000
202 0 +4.307428667e+000 +5.169742867e+001 +5.169742867e+001 -1.4488e+000 +1.4274e+000 -1.0517e+000 -9.9446e-003 +2.3224e+000
229 0 +3.883899102e+000 +5.127389910e+001 +5.127389910e+001 +1.3515e+000 +6.5735e-001 -5.7594e-001 +1.3875e+000 -5.2164e-001
503 0 +3.484399717e+000 +5.087439972e+001 +5.087439972e+001 +8.3674e-001 +4.7142e-001 -2.4482e-001 +2.1709e+000 +2.0606e+000
1410 0 +3.211894281e+000 +5.060189428e+001 +5.060189428e+001 -1.7327e+000 +2.9380e+000 -2.5669e+000 -6.5479e-001 +3.8192e-001
1603 0 +2.630795261e+000 +5.002079526e+001 +5.002079526e+001 -2.9489e-001 +2.0611e+000 +1.0018e-001 +1.3505e-001 +2.1796e-001
1693 0 +2.212678569e+000 +4.960267857e+001 +4.960267857e+001 -1.6847e+000 +1.9260e+000 -2.3031e+000 +6.7187e-001 +2.9218e-001
1703 0 +1.611825867e+000 +4.900182587e+001 +4.900182587e+001 -1.0181e+000 +1.9007e+000 -1.3482e+000 +5.5197e-001 +4.1708e-001
2288 0 +8.566679110e-001 +4.824666791e+001 +4.824666791e+001 -1.1724e+000 +2.7989e+000 -1.2507e+000 -7.7154e-002 +5.6546e-001
2703 0 +4.997579180e-001 +4.788975792e+001 +4.788975792e+001 -1.0283e+000 +2.3650e+000 -1.1652e+000 +1.9855e-001 +4.7288e-001
5855 0 +3.704620863e-001 +4.776046209e+001 +4.776046209e+001 -7.4041e-001 +2.4430e+000 -1.1663e+000 +1.1977e-001 +3.9947e-001
6077 0 +3.584735401e-001 +4.774847354e+001 +4.774847354e+001 -7.5655e-001 +2.0671e+000 -1.1888e+000 +2.6029e-001 +4.9198e-001
10014 0 +3.412672643e-001 +4.773126726e+001 +4.773126726e+001 -7.7315e-001 +2.0982e+000 -1.2425e+000 +2.5523e-001 +5.5496e-001
% f evaluations | g evaluations | best noise-free fitness - Fopt (-3.428900000000e+002) + sum g_i+ | measured fitness | best measured fitness or single-digit g-values | x1 | x2...
1 0 +3.139104561e+001 -3.114989544e+002 -3.114989544e+002 +0.0000e+000 +0.0000e+000 +0.0000e+000 +0.0000e+000 +0.0000e+000
8 0 +1.663104302e+001 -3.262589570e+002 -3.262589570e+002 +3.3326e+000 -1.8115e+000 -4.5980e+000 -2.9771e-001 +7.6540e-001
11 0 +1.612816761e+001 -3.267618324e+002 -3.267618324e+002 -2.6115e+000 -1.4296e+000 +2.4974e+000 -1.6192e+000 +6.2299e-001
19 0 +1.368518232e+001 -3.292048177e+002 -3.292048177e+002 -8.2417e-001 -2.2891e+000 +5.1547e-001 -9.2926e-001 +1.1516e+000
21 0 +1.347825670e+001 -3.294117433e+002 -3.294117433e+002 +2.2446e-001 -3.3294e+000 +3.6913e+000 +3.3972e+000 -2.1743e+000
23 0 +1.203907963e+001 -3.308509204e+002 -3.308509204e+002 +2.1632e-003 -4.0942e+000 +1.2990e+000 -4.1120e+000 +7.5984e-002
25 0 +1.020641302e+001 -3.326835870e+002 -3.326835870e+002 +9.8504e-001 -3.6322e+000 +1.3095e+000 -3.8624e+000 -4.7589e+000
28 0 +6.683106530e+000 -3.362068935e+002 -3.362068935e+002 +1.5989e+000 -3.2953e+000 +3.7978e+000 -4.4526e+000 +1.3668e+000
256 0 +5.182703626e+000 -3.377072964e+002 -3.377072964e+002 +1.3117e-001 -3.7822e+000 +1.5335e-001 -2.2929e+000 -1.6266e-001
267 0 +3.974572738e+000 -3.389154273e+002 -3.389154273e+002 +1.6701e+000 -2.9569e+000 +4.2253e+000 -4.1837e+000 +1.6265e+000
586 0 +1.572814531e+000 -3.413171855e+002 -3.413171855e+002 +2.2701e+000 -3.1146e+000 +2.9395e+000 -3.8363e+000 +1.1100e+000
1120 0 +1.153247030e+000 -3.417367530e+002 -3.417367530e+002 +1.9749e+000 -2.7259e+000 +3.7967e+000 -3.7413e+000 -1.9504e-001
1226 0 +9.325617555e-001 -3.419574382e+002 -3.419574382e+002 +1.9140e+000 -2.5666e+000 +3.2255e+000 -2.9340e+000 -2.6619e-001
1926 0 +7.237456610e-001 -3.421662543e+002 -3.421662543e+002 +1.9450e+000 -2.6499e+000 +3.5315e+000 -3.3612e+000 -2.3092e-001
3383 0 +5.877751278e-001 -3.423022249e+002 -3.423022249e+002 +1.8978e+000 -2.6999e+000 +3.5154e+000 -3.4484e+000 -1.5707e-001
% f evaluations | g evaluations | best noise-free fitness - Fopt (9.102000000000e+001) + sum g_i+ | measured fitness | best measured fitness or single-digit g-values | x1 | x2...
1 0 +1.631214308e+001 +1.073321431e+002 +1.073321431e+002 +0.0000e+000 +0.0000e+000 +0.0000e+000 +0.0000e+000 +0.0000e+000
5 0 +1.624875558e+001 +1.072687556e+002 +1.072687556e+002 +4.4371e+000 -2.0508e+000 +2.3135e+000 -2.3885e+000 -2.9538e+000
8 0 +3.119018542e+000 +9.413901854e+001 +9.413901854e+001 +9.2093e-001 -6.5708e-001 +1.4437e+000 -2.8870e+000 -7.3634e-001
221 0 +2.635247063e+000 +9.365524706e+001 +9.365524706e+001 +1.4693e+000 -1.4560e-001 +1.3561e+000 -2.9021e+000 -9.7961e-001
362 0 +9.102521831e-001 +9.193025218e+001 +9.193025218e+001 -1.3574e-001 -9.5573e-001 +3.0347e+000 -2.3548e+000 -1.5249e+000
2217 0 +8.553730202e-001 +9.187537302e+001 +9.187537302e+001 +2.9749e-002 -1.0410e+000 +2.9500e+000 -2.9163e+000 -1.5181e+000
4449 0 +7.601489311e-001 +9.178014893e+001 +9.178014893e+001 +2.3736e-001 -9.3239e-001 +2.9568e+000 -2.6706e+000 -1.5203e+000
4517 0 +7.112078847e-001 +9.173120788e+001 +9.173120788e+001 +3.7087e-001 -7.3050e-001 +3.0280e+000 -2.9212e+000 -1.7474e+000
4759 0 +4.678592007e-001 +9.148785920e+001 +9.148785920e+001 +4.8207e-001 -6.8568e-001 +3.0296e+000 -3.0580e+000 -1.7958e+000
4917 0 +4.557730516e-001 +9.147577305e+001 +9.147577305e+001 +6.7136e-001 -6.3546e-001 +3.0129e+000 -2.7986e+000 -1.7404e+000
6469 0 +4.198786117e-001 +9.143987861e+001 +9.143987861e+001 +6.5515e-001 -7.4393e-001 +3.1586e+000 -3.0773e+000 -1.7220e+000
7115 0 +3.470839032e-001 +9.136708390e+001 +9.136708390e+001 +5.7451e-001 -7.5436e-001 +3.0559e+000 -2.9109e+000 -1.6456e+000
7517 0 +2.777076655e-001 +9.129770767e+001 +9.129770767e+001 +7.2032e-001 -7.8609e-001 +3.1385e+000 -2.9092e+000 -1.7905e+000
8304 0 +2.066461220e-001 +9.122664612e+001 +9.122664612e+001 +8.2275e-001 -8.3333e-001 +3.1130e+000 -2.9694e+000 -1.8021e+000
% f evaluations | g evaluations | best noise-free fitness - Fopt (7.324200000000e+002) + sum g_i+ | measured fitness | best measured fitness or single-digit g-values | x1 | x2...
1 0 +2.499022759e+001 +7.574102276e+002 +7.574102276e+002 +0.0000e+000 +0.0000e+000 +0.0000e+000 +0.0000e+000 +0.0000e+000
3 0 +1.729356705e+001 +7.497135671e+002 +7.497135671e+002 -3.8211e+000 +4.8350e+000 -3.1177e+000 -2.0386e+000 -3.6062e+000
7 0 +1.153792862e+001 +7.439579286e+002 +7.439579286e+002 -2.3247e+000 +4.6670e+000 -8.0858e-001 -8.2218e-001 -3.7218e+000
29 0 +1.133676378e+001 +7.437567638e+002 +7.437567638e+002 -3.2444e+000 -4.1679e+000 +1.8194e+000 -7.0698e-001 -2.3150e+000
45 0 +6.679115029e+000 +7.390991150e+002 +7.390991150e+002 -2.1638e+000 -3.9618e-001 -9.2746e-001 +4.2513e+000 -3.4382e+000
51 0 +2.827397820e+000 +7.352473978e+002 +7.352473978e+002 -3.7865e+000 -2.3634e+000 +2.3567e+000 +2.1614e+000 -2.5458e+000
505 0 +2.501000817e+000 +7.349210008e+002 +7.349210008e+002 -2.4431e+000 -2.8066e+000 +1.8930e+000 +2.6360e+000 -3.9521e+000
688 0 +1.623050094e+000 +7.340430501e+002 +7.340430501e+002 -2.1974e+000 -2.6086e+000 +1.7934e+000 +2.6157e+000 -4.0036e+000
2512 0 +1.312875486e+000 +7.337328755e+002 +7.337328755e+002 -2.2058e+000 -2.6642e+000 +1.8043e+000 +2.6215e+000 -3.9907e+000
5194 0 +1.244754412e+000 +7.336647544e+002 +7.336647544e+002 -2.2521e+000 -2.6745e+000 +1.7352e+000 +2.6375e+000 -3.9549e+000
8500 0 +1.152478821e+000 +7.335724788e+002 +7.335724788e+002 -2.6974e+000 -2.5539e+000 +1.6568e+000 +3.0552e+000 -2.6185e+000
8811 0 +1.051356523e+000 +7.334713565e+002 +7.334713565e+002 -2.6824e+000 -2.5587e+000 +1.6836e+000 +3.0137e+000 -2.6454e+000
% f evaluations | g evaluations | best noise-free fitness - Fopt (3.542000000000e+001) + sum g_i+ | measured fitness | best measured fitness or single-digit g-values | x1 | x2...
1 0 +3.624426383e+001 +7.166426383e+001 +7.166426383e+001 +0.0000e+000 +0.0000e+000 +0.0000e+000 +0.0000e+000 +0.0000e+000
2 0 +6.893380266e+000 +4.231338027e+001 +4.231338027e+001 +1.9157e+000 -2.3658e+000 -3.1222e+000 -1.6886e-001 -1.2535e-001
6 0 +4.786326323e+000 +4.020632632e+001 +4.020632632e+001 +3.9545e+000 +2.0018e-001 -2.3881e+000 +4.3082e-001 +2.5596e+000
374 0 +3.424544527e+000 +3.884454453e+001 +3.884454453e+001 +2.7687e+000 -2.3050e+000 +5.2721e-002 +7.8630e-001 +1.0733e+000
663 0 +2.839960690e+000 +3.825996069e+001 +3.825996069e+001 +3.9622e+000 -2.2863e+000 -1.1316e+000 +1.0585e+000 +2.8658e+000
814 0 +1.910581815e+000 +3.733058182e+001 +3.733058182e+001 +3.8639e+000 -2.1485e+000 -1.2356e+000 +1.0504e+000 +2.8256e+000
1138 0 +1.811548344e+000 +3.723154834e+001 +3.723154834e+001 +2.9715e+000 -1.8158e+000 -4.8485e-001 -3.5381e-001 +3.1074e+000
1292 0 +1.423638215e+000 +3.684363822e+001 +3.684363822e+001 +3.3361e+000 -1.6579e+000 -1.3714e+000 -3.9819e-001 +3.2287e+000
1597 0 +1.172814740e+000 +3.659281474e+001 +3.659281474e+001 +3.3865e+000 -1.7300e+000 -9.1868e-001 -4.6506e-001 +2.6691e+000
1997 0 +1.050184681e+000 +3.647018468e+001 +3.647018468e+001 +3.6633e+000 -1.7443e+000 -9.2246e-001 -1.0768e-001 +2.6456e+000
3379 0 +8.395945563e-001 +3.625959456e+001 +3.625959456e+001 +3.6614e+000 -2.0643e+000 -8.9571e-001 -4.5929e-001 +3.0581e+000
4070 0 +7.278480545e-001 +3.614784805e+001 +3.614784805e+001 +3.8521e+000 -2.0624e+000 -6.6195e-001 -1.6205e-001 +3.2269e+000
4888 0 +3.419181190e-001 +3.576191812e+001 +3.576191812e+001 +3.6066e+000 -2.2743e+000 -5.8337e-001 -2.0018e-001 +3.0788e+000
