% f evaluations | g evaluations | best noise-free fitness - Fopt (1.238300000000e+002) + sum g_i+ | measured fitness | best measured fitness or single-digit g-values | x1 | x2...
1 0 +6.500000000e+000 +1.303300000e+002 +1.303300000e+002 +0.0000e+000 +0.0000e+000
107 0 +1.116852484e+000 +1.249468525e+002 +1.249468525e+002 +1.3779e+000 +3.8009e+000
559 0 +6.679147610e-001 +1.244979148e+002 +1.244979148e+002 +6.9883e-001 +2.5302e+000
582 0 +2.766981275e-001 +1.241066981e+002 +1.241066981e+002 +4.5984e-001 +2.0016e+000
956 0 +5.516971344e-002 +1.238851697e+002 +1.238851697e+002 +7.9127e-002 +1.0262e+000
1262 0 +1.430928397e-002 +1.238443093e+002 +1.238443093e+002 +5.1239e-002 +9.7004e-001
1582 0 +1.334854708e-002 +1.238433485e+002 +1.238433485e+002 +3.6759e-002 +9.1449e-001
1662 0 +7.436448299e-003 +1.238374364e+002 +1.238374364e+002 +2.5976e-002 +8.8636e-001
1756 0 +2.392664134e-003 +1.238323927e+002 +1.238323927e+002 -5.1679e-004 +8.0812e-001
1835 0 +6.875081010e-004 +1.238306875e+002 +1.238306875e+002 -1.9137e-002 +7.4072e-001
1856 0 +1.824156796e-004 +1.238301824e+002 +1.238301824e+002 -2.2639e-002 +7.3295e-001
1956 0 +1.241797105e-004 +1.238301242e+002 +1.238301242e+002 -3.3701e-002 +6.9536e-001
2356 0 +8.342433782e-005 +1.238300834e+002 +1.238300834e+002 -3.1955e-002 +7.0130e-001
2456 0 +7.000589922e-005 +1.238300700e+002 +1.238300700e+002 -3.1036e-002 +7.0442e-001
2556 0 +6.531699877e-005 +1.238300653e+002 +1.238300653e+002 -3.0576e-002 +7.0598e-001
2656 0 +6.347053035e-005 +1.238300635e+002 +1.238300635e+002 -3.0347e-002 +7.0676e-001
2756 0 +6.267093700e-005 +1.238300627e+002 +1.238300627e+002 -3.0232e-002 +7.0715e-001
2844 0 +3.981319300e-005 +1.238300398e+002 +1.238300398e+002 -2.8185e-002 +7.1205e-001
2919 0 +1.618178989e-005 +1.238300162e+002 +1.238300162e+002 -2.9920e-002 +7.0760e-001
2956 0 +5.498224766e-006 +1.238300055e+002 +1.238300055e+002 -2.9271e-002 +7.0951e-001
3044 0 +3.484866781e-006 +1.238300035e+002 +1.238300035e+002 -2.9159e-002 +7.0977e-001
3262 0 +3.102674384e-008 +1.238300000e+002 +1.238300000e+002 -2.9953e-002 +7.0685e-001
3662 0 +1.954521167e-008 +1.238300000e+002 +1.238300000e+002 -2.9992e-002 +7.0672e-001
5075 0 +1.909687342e-008 +1.238300000e+002 +1.238300000e+002 -3.0088e-002 +7.0640e-001
5175 0 +1.740524169e-008 +1.238300000e+002 +1.238300000e+002 -3.0081e-002 +7.0642e-001
5275 0 +1.666315086e-008 +1.238300000e+002 +1.238300000e+002 -3.0077e-002 +7.0643e-001
5375 0 +1.631804025e-008 +1.238300000e+002 +1.238300000e+002 -3.0075e-002 +7.0644e-001
5419 0 +9.449010463e-009 +1.238300000e+002 +1.238300000e+002 -3.0094e-002 +7.0637e-001
8068 0 +0.000000000e+000 +1.238300000e+002 +1.238300000e+002 -3.0061e-002 +7.0647e-001
% f evaluations | g evaluations | best noise-free fitness - Fopt (4.751000000000e+001) + sum g_i+ | measured fitness | best measured fitness or single-digit g-values | x1 | x2...
1 0 +6.500000000e+000 +5.401000000e+001 +5.401000000e+001 +0.0000e+000 +0.0000e+000
48 0 +4.248704827e+000 +5.175870483e+001 +5.175870483e+001 -8.4713e-001 -1.3586e+000
152 0 +2.161848837e+000 +4.967184884e+001 +4.967184884e+001 -7.0525e-001 -7.6055e-002
159 0 +1.044015792e+000 +4.855401579e+001 +4.855401579e+001 +9.4225e-001 -2.2095e-001
327 0 +9.863278404e-001 +4.849632784e+001 +4.849632784e+001 +1.0675e+000 -1.9390e-001
392 0 +2.617108292e-001 +4.777171083e+001 +4.777171083e+001 +1.8328e+000 -6.7658e-001
892 0 +2.556470658e-001 +4.776564707e+001 +4.776564707e+001 +1.8323e+000 -6.7558e-001
894 0 +1.798786822e-001 +4.768987868e+001 +4.768987868e+001 +1.5705e+000 -5.2042e-001
909 0 +1.714769743e-001 +4.768147697e+001 +4.768147697e+001 +1.4625e+000 -4.6037e-001
1014 0 +3.394834002e-002 +4.754394834e+001 +4.754394834e+001 +4.1565e-001 +5.7857e-002
1420 0 +2.195898965e-002 +4.753195899e+001 +4.753195899e+001 +4.1905e-001 +4.9274e-002
1501 0 +8.838628478e-003 +4.751883863e+001 +4.751883863e+001 +5.6826e-001 -3.2333e-003
1549 0 +6.591544585e-003 +4.751659154e+001 +4.751659154e+001 +7.4500e-001 -8.5712e-002
1585 0 +4.843531683e-003 +4.751484353e+001 +4.751484353e+001 +7.3531e-001 -7.4313e-002
1649 0 +2.864764484e-003 +4.751286476e+001 +4.751286476e+001 +7.2146e-001 -6.8885e-002
1802 0 +1.199879524e-004 +4.751011999e+001 +4.751011999e+001 +6.9303e-001 -5.9445e-002
2001 0 +3.499578403e-005 +4.751003500e+001 +4.751003500e+001 +7.1612e-001 -6.9153e-002
2022 0 +2.915384474e-005 +4.751002915e+001 +4.751002915e+001 +7.0260e-001 -6.3416e-002
2402 0 +5.672349758e-006 +4.751000567e+001 +4.751000567e+001 +7.0274e-001 -6.3328e-002
2549 0 +4.099966276e-006 +4.751000410e+001 +4.751000410e+001 +7.0037e-001 -6.2219e-002
3101 0 +1.734788071e-006 +4.751000173e+001 +4.751000173e+001 +7.0683e-001 -6.5027e-002
3620 0 +2.193574815e-007 +4.751000022e+001 +4.751000022e+001 +7.0369e-001 -6.3615e-002
3801 0 +6.586054013e-008 +4.751000007e+001 +4.751000007e+001 +7.0380e-001 -6.3673e-002
3820 0 +3.656083436e-008 +4.751000004e+001 +4.751000004e+001 +7.0409e-001 -6.3799e-002
4109 0 +1.022449680e-008 +4.751000001e+001 +4.751000001e+001 +7.0429e-001 -6.3892e-002
4304 0 +2.632631890e-010 +4.751000000e+001 +4.751000000e+001 +7.0425e-001 -6.3878e-002
7922 0 +0.000000000e+000 +4.751000000e+001 +4.751000000e+001 +7.0422e-001 -6.3864e-002
% f evaluations | g evaluations | best noise-free fitness - Fopt (5.534000000000e+001) + sum g_i+ | measured fitness | best measured fitness or single-digit g-values | x1 | x2...
1 0 +6.500000000e+000 +6.184000000e+001 +6.184000000e+001 +0.0000e+000 +0.0000e+000
43 0 +2.289371822e+000 +5.762937182e+001 +5.762937182e+001 -6.8494e-001 -1.3031e-001
234 0 +8.872023154e-001 +5.622720232e+001 +5.622720232e+001 -1.4067e+000 -1.0241e-001
364 0 +5.144747731e-002 +5.539144748e+001 +5.539144748e+001 -7.2998e-001 -1.8765e-001
867 0 +1.103539914e-002 +5.535103540e+001 +5.535103540e+001 -7.6292e-001 -2.0028e-001
1001 0 +7.021577088e-004 +5.534070216e+001 +5.534070216e+001 -6.9760e-001 -2.0008e-001
1725 0 +3.404361528e-004 +5.534034044e+001 +5.534034044e+001 -6.7183e-001 -2.0075e-001
1775 0 +2.000258651e-004 +5.534020003e+001 +5.534020003e+001 -7.0126e-001 -1.9926e-001
1860 0 +1.605195601e-004 +5.534016052e+001 +5.534016052e+001 -7.0620e-001 -1.9851e-001
2090 0 +8.267667647e-005 +5.534008268e+001 +5.534008268e+001 -6.6109e-001 -2.0008e-001
2288 0 +4.061066483e-005 +5.534004061e+001 +5.534004061e+001 -6.6593e-001 -2.0028e-001
2422 0 +2.507223686e-005 +5.534002507e+001 +5.534002507e+001 -6.7183e-001 -2.0011e-001
2522 0 +5.913491769e-006 +5.534000591e+001 +5.534000591e+001 -6.7393e-001 -1.9979e-001
2822 0 +4.809109925e-006 +5.534000481e+001 +5.534000481e+001 -6.7343e-001 -1.9987e-001
3236 0 +7.575882606e-007 +5.534000076e+001 +5.534000076e+001 -6.7702e-001 -1.9978e-001
3722 0 +4.344336517e-007 +5.534000043e+001 +5.534000043e+001 -6.7873e-001 -1.9971e-001
3870 0 +2.821352965e-007 +5.534000028e+001 +5.534000028e+001 -6.7802e-001 -1.9973e-001
3996 0 +2.088019073e-007 +5.534000021e+001 +5.534000021e+001 -6.7780e-001 -1.9974e-001
4176 0 +1.618514460e-007 +5.534000016e+001 +5.534000016e+001 -6.7747e-001 -1.9974e-001
4431 0 +1.006254564e-007 +5.534000010e+001 +5.534000010e+001 -6.7853e-001 -1.9968e-001
4496 0 +7.256700485e-008 +5.534000007e+001 +5.534000007e+001 -6.7780e-001 -1.9971e-001
4611 0 +5.297454919e-008 +5.534000005e+001 +5.534000005e+001 -6.7782e-001 -1.9972e-001
4911 0 +2.610858019e-008 +5.534000003e+001 +5.534000003e+001 -6.7796e-001 -1.9971e-001
5111 0 +4.118433594e-009 +5.534000000e+001 +5.534000000e+001 -6.7818e-001 -1.9971e-001
7676 0 +0.000000000e+000 +5.534000000e+001 +5.534000000e+001 -6.7832e-001 -1.9970e-001
% f evaluations | g evaluations | best noise-free fitness - Fopt (-9.033000000000e+001) + sum g_i+ | measured fitness | best measured fitness or single-digit g-values | x1 | x2...
1 0 +6.500000000e+000 -8.383000000e+001 -8.383000000e+001 +0.0000e+000 +0.0000e+000
85 0 +6.757457940e-002 -9.026242542e+001 -9.026242542e+001 -2.6237e-001 +4.4786e-001
702 0 +3.550904092e-002 -9.029449096e+001 -9.029449096e+001 -2.3285e-001 +4.2131e-001
901 0 +3.151025220e-002 -9.029848975e+001 -9.029848975e+001 -1.7012e-001 +3.6046e-001
1004 0 +8.617820688e-003 -9.032138218e+001 -9.032138218e+001 -5.4520e-001 +6.1796e-001
1396 0 +7.890745932e-003 -9.032210925e+001 -9.032210925e+001 -4.5381e-001 +5.6837e-001
1598 0 +4.363066233e-003 -9.032563693e+001 -9.032563693e+001 -5.3777e-001 +6.1499e-001
1808 0 +2.990961911e-003 -9.032700904e+001 -9.032700904e+001 -5.1401e-001 +6.0023e-001
2165 0 +2.208993983e-003 -9.032779101e+001 -9.032779101e+001 -5.1179e-001 +5.9937e-001
2185 0 +1.780435687e-003 -9.032821956e+001 -9.032821956e+001 -5.0587e-001 +5.9582e-001
2296 0 +8.643757043e-004 -9.032913562e+001 -9.032913562e+001 -4.7038e-001 +5.7567e-001
2315 0 +2.675832649e-004 -9.032973242e+001 -9.032973242e+001 -4.5469e-001 +5.6353e-001
2779 0 +1.658789844e-004 -9.032983412e+001 -9.032983412e+001 -4.5054e-001 +5.6219e-001
2782 0 +8.650023733e-005 -9.032991350e+001 -9.032991350e+001 -4.4412e-001 +5.5694e-001
2865 0 +4.841923408e-005 -9.032995158e+001 -9.032995158e+001 -4.3229e-001 +5.5001e-001
2896 0 +2.276223005e-005 -9.032997724e+001 -9.032997724e+001 -4.4540e-001 +5.5806e-001
2996 0 +4.501397115e-006 -9.032999550e+001 -9.032999550e+001 -4.3919e-001 +5.5409e-001
3196 0 +3.782626408e-006 -9.032999622e+001 -9.032999622e+001 -4.3752e-001 +5.5302e-001
3482 0 +1.675596380e-006 -9.032999832e+001 -9.032999832e+001 -4.4157e-001 +5.5574e-001
3596 0 +1.480786437e-006 -9.032999852e+001 -9.032999852e+001 -4.4142e-001 +5.5565e-001
3636 0 +5.827900793e-007 -9.032999942e+001 -9.032999942e+001 -4.4055e-001 +5.5508e-001
3882 0 +2.424084187e-007 -9.032999976e+001 -9.032999976e+001 -4.3921e-001 +5.5419e-001
3945 0 +2.258813936e-008 -9.032999998e+001 -9.032999998e+001 -4.3890e-001 +5.5401e-001
4282 0 +2.191600856e-008 -9.032999998e+001 -9.032999998e+001 -4.3899e-001 +5.5408e-001
4309 0 +2.950869771e-009 -9.033000000e+001 -9.033000000e+001 -4.3922e-001 +5.5423e-001
7396 0 +0.000000000e+000 -9.033000000e+001 -9.033000000e+001 -4.3917e-001 +5.5419e-001
% f evaluations | g evaluations | best noise-free fitness - Fopt (6.561000000000e+001) + sum g_i+ | measured fitness | best measured fitness or single-digit g-values | x1 | x2...
1 0 +6.500000000e+000 +7.211000000e+001 +7.211000000e+001 +0.0000e+000 +0.0000e+000
51 0 +4.291435365e+000 +6.990143536e+001 +6.990143536e+001 -7.4401e-001 -2.0385e+000
63 0 +3.630258829e+000 +6.924025883e+001 +6.924025883e+001 +1.0780e+000 +2.3385e-001
103 0 +5.796568401e-001 +6.618965684e+001 +6.618965684e+001 -6.7491e-002 +1.3579e-001
446 0 +3.305894817e-001 +6.594058948e+001 +6.594058948e+001 -2.7378e-001 -1.2564e-001
553 0 +1.760454154e-001 +6.578604542e+001 +6.578604542e+001 -1.4134e-001 +1.1071e-001
727 0 +1.260568573e-001 +6.573605686e+001 +6.573605686e+001 -5.5720e-001 -1.2019e+000
836 0 +1.621360270e-002 +6.562621360e+001 +6.562621360e+001 -4.4040e-001 -7.4504e-001
1031 0 +1.218625247e-002 +6.562218625e+001 +6.562218625e+001 -4.2282e-001 -6.4391e-001
1204 0 +3.839310981e-003 +6.561383931e+001 +6.561383931e+001 -3.9382e-001 -5.6862e-001
1555 0 +1.709086347e-003 +6.561170909e+001 +6.561170909e+001 -3.7960e-001 -5.1508e-001
1867 0 +9.633657096e-004 +6.561096337e+001 +6.561096337e+001 -3.8993e-001 -5.4981e-001
1869 0 +1.597653696e-004 +6.561015977e+001 +6.561015977e+001 -4.0628e-001 -6.0046e-001
2280 0 +7.548324264e-005 +6.561007548e+001 +6.561007548e+001 -3.9961e-001 -5.8006e-001
2304 0 +5.036439575e-006 +6.561000504e+001 +6.561000504e+001 -3.9949e-001 -5.7846e-001
3068 0 +1.205468465e-006 +6.561000121e+001 +6.561000121e+001 -4.0135e-001 -5.8465e-001
3168 0 +1.629694140e-007 +6.561000016e+001 +6.561000016e+001 -4.0069e-001 -5.8238e-001
3668 0 +1.605293107e-007 +6.561000016e+001 +6.561000016e+001 -4.0072e-001 -5.8248e-001
4190 0 +7.690708514e-008 +6.561000008e+001 +6.561000008e+001 -4.0059e-001 -5.8211e-001
4470 0 +4.577833579e-008 +6.561000005e+001 +6.561000005e+001 -4.0081e-001 -5.8282e-001
4542 0 +2.431676194e-009 +6.561000000e+001 +6.561000000e+001 -4.0076e-001 -5.8269e-001
7461 0 +0.000000000e+000 +6.561000000e+001 +6.561000000e+001 -4.0073e-001 -5.8259e-001
% f evaluations | g evaluations | best noise-free fitness - Fopt (9.348200000000e+002) + sum g_i+ | measured fitness | best measured fitness or single-digit g-values | x1 | x2...
1 0 +6.500000000e+000 +9.413200000e+002 +9.413200000e+002 +0.0000e+000 +0.0000e+000
4 0 +2.475104479e+000 +9.372951045e+002 +9.372951045e+002 -9.1189e-002 +1.4752e-001
92 0 +5.617749556e-001 +9.353817750e+002 +9.353817750e+002 -2.7255e-001 +3.4332e-001
188 0 +1.585777072e-001 +9.349785777e+002 +9.349785777e+002 +8.5788e-002 +1.3841e-001
615 0 +8.730010437e-002 +9.349073001e+002 +9.349073001e+002 +3.2896e-001 -7.4063e-002
716 0 +3.055006517e-002 +9.348505501e+002 +9.348505501e+002 +3.5290e-001 -1.1784e-001
816 0 +1.011965770e-002 +9.348301197e+002 +9.348301197e+002 +4.6482e-001 -2.4558e-001
1391 0 +9.388878852e-003 +9.348293889e+002 +9.348293889e+002 +4.8341e-001 -2.7670e-001
1435 0 +2.694985560e-003 +9.348226950e+002 +9.348226950e+002 +5.1738e-001 -3.1583e-001
1535 0 +1.551743507e-003 +9.348215517e+002 +9.348215517e+002 +5.5175e-001 -3.6097e-001
1635 0 +1.285286086e-003 +9.348212853e+002 +9.348212853e+002 +5.6894e-001 -3.8354e-001
1735 0 +1.194611684e-003 +9.348211946e+002 +9.348211946e+002 +5.7754e-001 -3.9483e-001
1792 0 +1.531048497e-005 +9.348200153e+002 +9.348200153e+002 +5.8415e-001 -4.0072e-001
2083 0 +1.677688374e-006 +9.348200017e+002 +9.348200017e+002 +5.8272e-001 -3.9922e-001
3135 0 +7.202434062e-007 +9.348200007e+002 +9.348200007e+002 +5.8331e-001 -3.9996e-001
3170 0 +1.126356892e-007 +9.348200001e+002 +9.348200001e+002 +5.8325e-001 -3.9985e-001
3935 0 +2.219951512e-008 +9.348200000e+002 +9.348200000e+002 +5.8303e-001 -3.9953e-001
4397 0 +9.473865248e-009 +9.348200000e+002 +9.348200000e+002 +5.8310e-001 -3.9963e-001
7635 0 +0.000000000e+000 +9.348200000e+002 +9.348200000e+002 +5.8323e-001 -3.9980e-001
% f evaluations | g evaluations | best noise-free fitness - Fopt (-6.371000000000e+001) + sum g_i+ | measured fitness | best measured fitness or single-digit g-values | x1 | x2...
1 0 +6.500000000e+000 -5.721000000e+001 -5.721000000e+001 +0.0000e+000 +0.0000e+000
76 0 +1.266414498e+000 -6.244358550e+001 -6.244358550e+001 +1.3922e+000 -9.0947e-001
349 0 +4.562436808e-002 -6.366437563e+001 -6.366437563e+001 +9.9669e-001 -4.9039e-001
625 0 +4.363823614e-002 -6.366636176e+001 -6.366636176e+001 +5.7158e-001 -1.6799e-001
723 0 +3.217163215e-002 -6.367782837e+001 -6.367782837e+001 +5.8817e-001 -1.7843e-001
777 0 +2.581894027e-003 -6.370741811e+001 -6.370741811e+001 +7.0765e-001 -2.6129e-001
1223 0 +1.339917513e-003 -6.370866008e+001 -6.370866008e+001 +7.3120e-001 -2.7777e-001
1652 0 +4.608825996e-004 -6.370953912e+001 -6.370953912e+001 +6.8848e-001 -2.4287e-001
1750 0 +3.955361330e-004 -6.370960446e+001 -6.370960446e+001 +6.7962e-001 -2.3815e-001
1777 0 +1.353204640e-005 -6.370998647e+001 -6.370998647e+001 +6.7347e-001 -2.3253e-001
2749 0 +1.231412066e-005 -6.370998769e+001 -6.370998769e+001 +6.6941e-001 -2.2908e-001
2823 0 +6.357527667e-006 -6.370999364e+001 -6.370999364e+001 +6.6744e-001 -2.2764e-001
2923 0 +2.467049150e-006 -6.370999753e+001 -6.370999753e+001 +6.7180e-001 -2.3110e-001
3123 0 +1.556790785e-006 -6.370999844e+001 -6.370999844e+001 +6.7108e-001 -2.3053e-001
3149 0 +9.471539215e-007 -6.370999905e+001 -6.370999905e+001 +6.6897e-001 -2.2889e-001
3291 0 +3.630418419e-007 -6.370999964e+001 -6.370999964e+001 +6.6860e-001 -2.2863e-001
3423 0 +1.982684239e-009 -6.371000000e+001 -6.371000000e+001 +6.6896e-001 -2.2893e-001
7165 0 +0.000000000e+000 -6.371000000e+001 -6.371000000e+001 +6.6901e-001 -2.2897e-001
% f evaluations | g evaluations | best noise-free fitness - Fopt (1.000000000000e+003) + sum g_i+ | measured fitness | best measured fitness or single-digit g-values | x1 | x2...
1 0 +6.500000000e+000 +1.006500000e+003 +1.006500000e+003 +0.0000e+000 +0.0000e+000
141 0 +2.526201122e+000 +1.002526201e+003 +1.002526201e+003 +8.1246e-001 +5.9156e-004
172 0 +2.958547908e-001 +1.000295855e+003 +1.000295855e+003 -4.7824e-001 -1.3249e-001
228 0 +2.929212848e-001 +1.000292921e+003 +1.000292921e+003 -9.7166e-001 -4.7393e-001
355 0 +2.622774031e-001 +1.000262277e+003 +1.000262277e+003 -1.5849e+000 -1.0885e+000
885 0 +1.904293119e-001 +1.000190429e+003 +1.000190429e+003 -1.5025e+000 -1.0152e+000
979 0 +4.534175305e-002 +1.000045342e+003 +1.000045342e+003 -1.0441e+000 -5.6929e-001
1263 0 +3.932314305e-002 +1.000039323e+003 +1.000039323e+003 -9.0874e-001 -4.5311e-001
1275 0 +3.495135454e-002 +1.000034951e+003 +1.000034951e+003 -1.0027e+000 -5.3044e-001
1333 0 +1.680564604e-002 +1.000016806e+003 +1.000016806e+003 -8.1315e-001 -3.5762e-001
1444 0 +8.311962643e-003 +1.000008312e+003 +1.000008312e+003 -5.7727e-001 -1.6906e-001
1563 0 +5.802917921e-003 +1.000005803e+003 +1.000005803e+003 -5.3497e-001 -1.4107e-001
1667 0 +5.013897508e-003 +1.000005014e+003 +1.000005014e+003 -7.9032e-001 -3.4424e-001
1763 0 +1.860094740e-003 +1.000001860e+003 +1.000001860e+003 -7.3794e-001 -3.0114e-001
2083 0 +1.874383771e-004 +1.000000187e+003 +1.000000187e+003 -6.8174e-001 -2.5552e-001
2848 0 +1.503211953e-004 +1.000000150e+003 +1.000000150e+003 -6.6791e-001 -2.4464e-001
2858 0 +2.202558562e-007 +1.000000000e+003 +1.000000000e+003 -6.6481e-001 -2.4146e-001
3863 0 +5.449498985e-008 +1.000000000e+003 +1.000000000e+003 -6.6491e-001 -2.4158e-001
4255 0 +3.111665592e-008 +1.000000000e+003 +1.000000000e+003 -6.6487e-001 -2.4154e-001
4651 0 +1.337343747e-008 +1.000000000e+003 +1.000000000e+003 -6.6473e-001 -2.4143e-001
4667 0 +1.015507678e-008 +1.000000000e+003 +1.000000000e+003 -6.6482e-001 -2.4149e-001
4727 0 +8.159645404e-009 +1.000000000e+003 +1.000000000e+003 -6.6480e-001 -2.4148e-001
8391 0 +0.000000000e+000 +1.000000000e+003 +1.000000000e+003 -6.6464e-001 -2.4135e-001
% f evaluations | g evaluations | best noise-free fitness - Fopt (3.197000000000e+001) + sum g_i+ | measured fitness | best measured fitness or single-digit g-values | x1 | x2...
1 0 +6.500000000e+000 +3.847000000e+001 +3.847000000e+001 +0.0000e+000 +0.0000e+000
70 0 +3.604736061e+000 +3.557473606e+001 +3.557473606e+001 +4.4598e+000 -3.3960e+000
126 0 +1.205252510e+000 +3.317525251e+001 +3.317525251e+001 +3.1236e+000 -2.6081e+000
176 0 +8.199036674e-001 +3.278990367e+001 +3.278990367e+001 +8.0171e-001 -9.9439e-001
312 0 +6.425732185e-001 +3.261257322e+001 +3.261257322e+001 +5.7444e-001 -8.8805e-001
341 0 +4.127201302e-001 +3.238272013e+001 +3.238272013e+001 +1.0225e+000 -1.2331e+000
607 0 +1.434918302e-001 +3.211349183e+001 +3.211349183e+001 +4.7810e-001 -7.4135e-001
841 0 +1.878586078e-002 +3.198878586e+001 +3.198878586e+001 +4.5378e-001 -7.4693e-001
975 0 +4.655525020e-003 +3.197465553e+001 +3.197465553e+001 +2.9074e-001 -5.8352e-001
1371 0 +1.233893374e-003 +3.197123389e+001 +3.197123389e+001 +2.7808e-001 -5.7603e-001
1522 0 +1.065036597e-003 +3.197106504e+001 +3.197106504e+001 +2.7933e-001 -5.7688e-001
2340 0 +1.156933154e-004 +3.197011569e+001 +3.197011569e+001 +3.1269e-001 -6.0888e-001
2476 0 +7.593140556e-005 +3.197007593e+001 +3.197007593e+001 +3.3462e-001 -6.3036e-001
2737 0 +2.185077962e-005 +3.197002185e+001 +3.197002185e+001 +3.3099e-001 -6.2611e-001
2987 0 +7.128815206e-006 +3.197000713e+001 +3.197000713e+001 +3.2603e-001 -6.2171e-001
3032 0 +5.485465611e-006 +3.197000549e+001 +3.197000549e+001 +3.2758e-001 -6.2324e-001
3141 0 +2.989792844e-006 +3.197000299e+001 +3.197000299e+001 +3.2884e-001 -6.2424e-001
3437 0 +1.102661262e-006 +3.197000110e+001 +3.197000110e+001 +3.2835e-001 -6.2389e-001
3487 0 +7.803097439e-007 +3.197000078e+001 +3.197000078e+001 +3.2853e-001 -6.2404e-001
4076 0 +7.189187912e-007 +3.197000072e+001 +3.197000072e+001 +3.2859e-001 -6.2410e-001
4205 0 +3.431634710e-008 +3.197000003e+001 +3.197000003e+001 +3.3021e-001 -6.2565e-001
4476 0 +1.713112852e-008 +3.197000002e+001 +3.197000002e+001 +3.3005e-001 -6.2550e-001
4605 0 +1.372638536e-008 +3.197000001e+001 +3.197000001e+001 +3.2992e-001 -6.2537e-001
5134 0 +3.329919451e-009 +3.197000000e+001 +3.197000000e+001 +3.3004e-001 -6.2548e-001
9076 0 +0.000000000e+000 +3.197000000e+001 +3.197000000e+001 +3.2996e-001 -6.2540e-001
% f evaluations | g evaluations | best noise-free fitness - Fopt (5.819000000000e+001) + sum g_i+ | measured fitness | best measured fitness or single-digit g-values | x1 | x2...
1 0 +6.500000000e+000 +6.469000000e+001 +6.469000000e+001 +0.0000e+000 +0.0000e+000
9 0 +9.870551469e-001 +5.917705515e+001 +5.917705515e+001 +1.5354e+000 -8.7655e-001
439 0 +1.594526195e-001 +5.834945262e+001 +5.834945262e+001 +1.3596e-001 -2.6340e-001
529 0 +3.465838900e-002 +5.822465839e+001 +5.822465839e+001 +1.7596e-001 -3.0635e-001
1128 0 +2.141820651e-002 +5.821141821e+001 +5.821141821e+001 +2.8659e-001 -3.6116e-001
1270 0 +6.344375822e-003 +5.819634438e+001 +5.819634438e+001 +5.9877e-001 -5.0769e-001
1470 0 +4.225889930e-003 +5.819422589e+001 +5.819422589e+001 +3.9336e-001 -4.1861e-001
1745 0 +4.140730712e-003 +5.819414073e+001 +5.819414073e+001 +6.5681e-001 -5.3577e-001
1773 0 +1.160145210e-003 +5.819116015e+001 +5.819116015e+001 +4.5792e-001 -4.4794e-001
1945 0 +1.570763672e-004 +5.819015708e+001 +5.819015708e+001 +5.4339e-001 -4.8669e-001
2245 0 +3.848328215e-005 +5.819003848e+001 +5.819003848e+001 +5.3399e-001 -4.8280e-001
2670 0 +7.088304265e-006 +5.819000709e+001 +5.819000709e+001 +5.1620e-001 -4.7498e-001
2770 0 +1.160246370e-007 +5.819000012e+001 +5.819000012e+001 +5.2183e-001 -4.7750e-001
3170 0 +1.046716562e-007 +5.819000010e+001 +5.819000010e+001 +5.2172e-001 -4.7745e-001
3545 0 +9.884747243e-008 +5.819000010e+001 +5.819000010e+001 +5.2193e-001 -4.7754e-001
3670 0 +8.613466917e-008 +5.819000009e+001 +5.819000009e+001 +5.2156e-001 -4.7738e-001
3752 0 +2.526863341e-008 +5.819000003e+001 +5.819000003e+001 +5.2145e-001 -4.7730e-001
4545 0 +2.163226043e-009 +5.819000000e+001 +5.819000000e+001 +5.2154e-001 -4.7735e-001
8229 0 +0.000000000e+000 +5.819000000e+001 +5.819000000e+001 +5.2163e-001 -4.7739e-001
% f evaluations | g evaluations | best noise-free fitness - Fopt (-4.840000000000e+000) + sum g_i+ | measured fitness | best measured fitness or single-digit g-values | x1 | x2...
1 0 +6.500000000e+000 +1.660000000e+000 +1.660000000e+000 +0.0000e+000 +0.0000e+000
22 0 +2.530786118e+000 -2.309213882e+000 -2.309213882e+000 +1.7018e+000 +3.4130e+000
92 0 +1.262036841e+000 -3.577963159e+000 -3.577963159e+000 +1.4585e+000 +2.9921e+000
236 0 +9.259424245e-001 -3.914057575e+000 -3.914057575e+000 +1.1216e+000 +2.5043e+000
419 0 +3.590380499e-001 -4.480961950e+000 -4.480961950e+000 +4.6820e-001 +1.5291e+000
842 0 +3.371343480e-001 -4.502865652e+000 -4.502865652e+000 +6.0727e-001 +1.7561e+000
880 0 +3.229054591e-001 -4.517094541e+000 -4.517094541e+000 +4.7188e-001 +1.4702e+000
884 0 +1.757029243e-001 -4.664297076e+000 -4.664297076e+000 +5.2111e-001 +1.5981e+000
1214 0 +8.599907582e-002 -4.754000924e+000 -4.754000924e+000 -8.8889e-002 +2.7534e-001
1388 0 +4.436546373e-002 -4.795634536e+000 -4.795634536e+000 -5.0538e-003 +5.6582e-001
1421 0 +1.144521074e-002 -4.828554789e+000 -4.828554789e+000 +7.0875e-002 +7.3323e-001
1587 0 +8.514628105e-003 -4.831485372e+000 -4.831485372e+000 +8.1145e-002 +7.5436e-001
1590 0 +5.383979081e-004 -4.839461602e+000 -4.839461602e+000 +4.4639e-002 +6.6022e-001
2277 0 +8.785364820e-005 -4.839912146e+000 -4.839912146e+000 +6.3180e-002 +7.0307e-001
2921 0 +3.327359044e-005 -4.839966726e+000 -4.839966726e+000 +6.4161e-002 +7.0573e-001
2983 0 +7.126244531e-006 -4.839992874e+000 -4.839992874e+000 +6.1385e-002 +6.9983e-001
3566 0 +1.710180017e-006 -4.839998290e+000 -4.839998290e+000 +6.2636e-002 +7.0276e-001
3651 0 +2.287327128e-008 -4.839999977e+000 -4.839999977e+000 +6.3130e-002 +7.0401e-001
4766 0 +1.447676468e-008 -4.839999986e+000 -4.839999986e+000 +6.3226e-002 +7.0424e-001
5056 0 +4.952752874e-009 -4.839999995e+000 -4.839999995e+000 +6.3185e-002 +7.0413e-001
8266 0 +0.000000000e+000 -4.840000000e+000 -4.840000000e+000 +6.3246e-002 +7.0427e-001
% f evaluations | g evaluations | best noise-free fitness - Fopt (-6.337000000000e+001) + sum g_i+ | measured fitness | best measured fitness or single-digit g-values | x1 | x2...
1 0 +6.500000000e+000 -5.687000000e+001 -5.687000000e+001 +0.0000e+000 +0.0000e+000
31 0 +3.938897945e-001 -6.297611021e+001 -6.297611021e+001 -1.2191e+000 -1.4557e+000
499 0 +2.112477172e-001 -6.315875228e+001 -6.315875228e+001 -6.1574e-001 -9.0978e-001
624 0 +1.140476728e-001 -6.325595233e+001 -6.325595233e+001 -4.3944e-001 -7.8660e-001
830 0 +5.603805311e-002 -6.331396195e+001 -6.331396195e+001 +7.7847e-003 -2.7621e-001
1114 0 +5.392828881e-002 -6.331607171e+001 -6.331607171e+001 -1.3957e-001 -4.4085e-001
1128 0 +1.673996998e-002 -6.335326003e+001 -6.335326003e+001 -2.7971e-001 -5.9940e-001
1314 0 +2.987514184e-003 -6.336701249e+001 -6.336701249e+001 -3.7750e-001 -7.0906e-001
1677 0 +2.703158648e-003 -6.336729684e+001 -6.336729684e+001 -3.7092e-001 -7.0258e-001
1835 0 +1.174977360e-003 -6.336882502e+001 -6.336882502e+001 -3.3748e-001 -6.6522e-001
1949 0 +6.388716892e-004 -6.336936113e+001 -6.336936113e+001 -3.3936e-001 -6.6987e-001
2016 0 +4.356576444e-004 -6.336956434e+001 -6.336956434e+001 -3.4066e-001 -6.7027e-001
2324 0 +3.869406801e-004 -6.336961306e+001 -6.336961306e+001 -3.3522e-001 -6.6530e-001
2418 0 +2.911423098e-004 -6.336970886e+001 -6.336970886e+001 -3.0321e-001 -6.3103e-001
2463 0 +1.070234336e-004 -6.336989298e+001 -6.336989298e+001 -3.2206e-001 -6.5108e-001
2518 0 +4.230773452e-005 -6.336995769e+001 -6.336995769e+001 -3.0578e-001 -6.3516e-001
2718 0 +3.419613947e-006 -6.336999658e+001 -6.336999658e+001 -3.0500e-001 -6.3390e-001
3360 0 +3.257018115e-006 -6.336999674e+001 -6.336999674e+001 -3.0484e-001 -6.3378e-001
3515 0 +1.790062498e-006 -6.336999821e+001 -6.336999821e+001 -3.0931e-001 -6.3842e-001
3618 0 +1.153271519e-006 -6.336999885e+001 -6.336999885e+001 -3.0918e-001 -6.3826e-001
3818 0 +1.463411152e-007 -6.336999985e+001 -6.336999985e+001 -3.0760e-001 -6.3659e-001
4118 0 +7.435513538e-008 -6.336999993e+001 -6.336999993e+001 -3.0795e-001 -6.3696e-001
4179 0 +2.460822657e-009 -6.337000000e+001 -6.337000000e+001 -3.0758e-001 -6.3660e-001
8263 0 +0.000000000e+000 -6.337000000e+001 -6.337000000e+001 -3.0765e-001 -6.3667e-001
% f evaluations | g evaluations | best noise-free fitness - Fopt (2.750000000000e+000) + sum g_i+ | measured fitness | best measured fitness or single-digit g-values | x1 | x2...
1 0 +6.500000000e+000 +9.250000000e+000 +9.250000000e+000 +0.0000e+000 +0.0000e+000
60 0 +8.291600554e-001 +3.579160055e+000 +3.579160055e+000 -3.2526e-001 +5.5617e-001
106 0 +7.950769696e-001 +3.545076970e+000 +3.545076970e+000 +1.0246e-001 +5.3982e-002
158 0 +8.623136183e-002 +2.836231362e+000 +2.836231362e+000 +5.7154e-001 -1.1613e+000
507 0 +8.117540346e-002 +2.831175403e+000 +2.831175403e+000 +4.7167e-001 -7.0696e-001
770 0 +4.921429487e-002 +2.799214295e+000 +2.799214295e+000 +4.8418e-001 -8.2287e-001
1076 0 +3.345454750e-002 +2.783454548e+000 +2.783454548e+000 +5.0802e-001 -8.6050e-001
1110 0 +3.387573656e-003 +2.753387574e+000 +2.753387574e+000 +4.4702e-001 -6.5910e-001
1364 0 +2.054255461e-003 +2.752054255e+000 +2.752054255e+000 +4.3864e-001 -6.4232e-001
1412 0 +1.009226118e-003 +2.751009226e+000 +2.751009226e+000 +4.3010e-001 -6.0606e-001
1671 0 +8.179521878e-004 +2.750817952e+000 +2.750817952e+000 +4.3656e-001 -6.2975e-001
1831 0 +4.612967552e-004 +2.750461297e+000 +2.750461297e+000 +4.0612e-001 -5.3703e-001
1912 0 +2.287485484e-004 +2.750228749e+000 +2.750228749e+000 +4.2284e-001 -5.8494e-001
1971 0 +1.658493718e-004 +2.750165849e+000 +2.750165849e+000 +4.2641e-001 -5.9816e-001
2012 0 +9.265775599e-005 +2.750092658e+000 +2.750092658e+000 +4.1956e-001 -5.7792e-001
2075 0 +4.163811954e-005 +2.750041638e+000 +2.750041638e+000 +4.1803e-001 -5.7084e-001
2119 0 +3.296482236e-005 +2.750032965e+000 +2.750032965e+000 +4.2155e-001 -5.8286e-001
2171 0 +1.320727859e-005 +2.750013207e+000 +2.750013207e+000 +4.1753e-001 -5.7077e-001
2212 0 +4.790728910e-006 +2.750004791e+000 +2.750004791e+000 +4.1670e-001 -5.6792e-001
2412 0 +2.981849095e-006 +2.750002982e+000 +2.750002982e+000 +4.1650e-001 -5.6710e-001
2913 0 +1.570132083e-006 +2.750001570e+000 +2.750001570e+000 +4.1685e-001 -5.6820e-001
3213 0 +1.527693182e-006 +2.750001528e+000 +2.750001528e+000 +4.1685e-001 -5.6819e-001
3271 0 +1.010847898e-006 +2.750001011e+000 +2.750001011e+000 +4.1697e-001 -5.6852e-001
3571 0 +9.005904014e-007 +2.750000901e+000 +2.750000901e+000 +4.1701e-001 -5.6864e-001
3811 0 +7.003480800e-007 +2.750000700e+000 +2.750000700e+000 +4.1707e-001 -5.6881e-001
3838 0 +3.117815264e-007 +2.750000312e+000 +2.750000312e+000 +4.1735e-001 -5.6973e-001
3971 0 +9.410811730e-008 +2.750000094e+000 +2.750000094e+000 +4.1759e-001 -5.7047e-001
4060 0 +8.407555896e-008 +2.750000084e+000 +2.750000084e+000 +4.1754e-001 -5.7023e-001
4331 0 +1.691399643e-008 +2.750000017e+000 +2.750000017e+000 +4.1756e-001 -5.7032e-001
4461 0 +2.136353316e-010 +2.750000000e+000 +2.750000000e+000 +4.1764e-001 -5.7058e-001
8161 0 +0.000000000e+000 +2.750000000e+000 +2.750000000e+000 +4.1764e-001 -5.7059e-001
% f evaluations | g evaluations | best noise-free fitness - Fopt (-4.681000000000e+001) + sum g_i+ | measured fitness | best measured fitness or single-digit g-values | x1 | x2...
1 0 +6.500000000e+000 -4.031000000e+001 -4.031000000e+001 +0.0000e+000 +0.0000e+000
34 0 +6.200746421e+000 -4.060925358e+001 -4.060925358e+001 -1.1741e+000 -4.5702e-001
52 0 +1.370764057e+000 -4.543923594e+001 -4.543923594e+001 -1.6092e+000 -6.7358e-001
244 0 +8.600298631e-001 -4.594997014e+001 -4.594997014e+001 +2.6474e-001 +3.8091e-002
514 0 +4.581073835e-001 -4.635189262e+001 -4.635189262e+001 -3.1720e-001 -3.5509e-001
757 0 +9.365813000e-002 -4.671634187e+001 -4.671634187e+001 -3.2661e-001 -3.3854e-001
893 0 +5.064881272e-003 -4.680493512e+001 -4.680493512e+001 -5.2927e-001 -3.9439e-001
1338 0 +1.298644712e-003 -4.680870136e+001 -4.680870136e+001 -5.0694e-001 -3.8369e-001
1957 0 +1.077631434e-003 -4.680892237e+001 -4.680892237e+001 -5.0954e-001 -3.8500e-001
2039 0 +1.115901941e-004 -4.680988841e+001 -4.680988841e+001 -6.0123e-001 -4.1272e-001
2857 0 +7.585098507e-005 -4.680992415e+001 -4.680992415e+001 -5.6844e-001 -4.0275e-001
2966 0 +5.077951192e-005 -4.680994922e+001 -4.680994922e+001 -5.6377e-001 -4.0174e-001
3197 0 +4.817749553e-005 -4.680995182e+001 -4.680995182e+001 -5.8872e-001 -4.0888e-001
3255 0 +1.735859349e-005 -4.680998264e+001 -4.680998264e+001 -5.8359e-001 -4.0744e-001
3360 0 +1.352393111e-005 -4.680998648e+001 -4.680998648e+001 -5.7666e-001 -4.0571e-001
3497 0 +7.431534854e-007 -4.680999926e+001 -4.680999926e+001 -5.8008e-001 -4.0659e-001
4060 0 +6.557227152e-007 -4.680999934e+001 -4.680999934e+001 -5.7708e-001 -4.0566e-001
4118 0 +4.945278675e-007 -4.680999951e+001 -4.680999951e+001 -5.8026e-001 -4.0662e-001
4141 0 +2.735981042e-008 -4.680999997e+001 -4.680999997e+001 -5.7888e-001 -4.0620e-001
4666 0 +1.411114425e-008 -4.680999999e+001 -4.680999999e+001 -5.7856e-001 -4.0611e-001
4690 0 +9.333646744e-009 -4.680999999e+001 -4.680999999e+001 -5.7899e-001 -4.0624e-001
8362 0 +0.000000000e+000 -4.681000000e+001 -4.681000000e+001 -5.7881e-001 -4.0618e-001
% f evaluations | g evaluations | best noise-free fitness - Fopt (6.134000000000e+001) + sum g_i+ | measured fitness | best measured fitness or single-digit g-values | x1 | x2...
1 0 +6.500000000e+000 +6.784000000e+001 +6.784000000e+001 +0.0000e+000 +0.0000e+000
14 0 +1.695375448e+000 +6.303537545e+001 +6.303537545e+001 -2.2877e+000 -1.1749e+000
71 0 +2.374174084e-001 +6.157741741e+001 +6.157741741e+001 -1.3089e+000 -5.1294e-001
309 0 +1.416396158e-001 +6.148163962e+001 +6.148163962e+001 -1.3787e+000 -5.5143e-001
523 0 +1.384896509e-001 +6.147848965e+001 +6.147848965e+001 -1.1619e+000 -3.8593e-001
632 0 +5.511513780e-002 +6.139511514e+001 +6.139511514e+001 -1.1709e+000 -4.0794e-001
932 0 +5.110247436e-002 +6.139110247e+001 +6.139110247e+001 -1.1706e+000 -4.0482e-001
1021 0 +4.463022560e-002 +6.138463023e+001 +6.138463023e+001 -1.0926e+000 -3.5940e-001
1112 0 +3.708900698e-002 +6.137708901e+001 +6.137708901e+001 -1.0057e+000 -2.9566e-001
1254 0 +3.409187533e-002 +6.137409188e+001 +6.137409188e+001 -1.0776e+000 -3.4662e-001
1260 0 +2.552278875e-002 +6.136552279e+001 +6.136552279e+001 -9.4043e-001 -2.6673e-001
1310 0 +2.042226908e-002 +6.136042227e+001 +6.136042227e+001 -9.0200e-001 -2.4368e-001
1413 0 +1.450902924e-002 +6.135450903e+001 +6.135450903e+001 -8.4306e-001 -2.0909e-001
1461 0 +6.394596120e-003 +6.134639460e+001 +6.134639460e+001 -8.5690e-001 -2.1275e-001
1663 0 +2.981314125e-003 +6.134298131e+001 +6.134298131e+001 -7.9131e-001 -1.7352e-001
1813 0 +2.537544043e-003 +6.134253754e+001 +6.134253754e+001 -7.9637e-001 -1.7799e-001
2054 0 +2.473044911e-003 +6.134247304e+001 +6.134247304e+001 -7.8818e-001 -1.7214e-001
2081 0 +1.578485783e-003 +6.134157849e+001 +6.134157849e+001 -7.5167e-001 -1.5122e-001
2154 0 +1.529590555e-003 +6.134152959e+001 +6.134152959e+001 -7.6216e-001 -1.5951e-001
2162 0 +3.566432541e-004 +6.134035664e+001 +6.134035664e+001 -7.2878e-001 -1.4045e-001
2254 0 +3.531462969e-004 +6.134035315e+001 +6.134035315e+001 -7.0239e-001 -1.2651e-001
2354 0 +2.625733757e-004 +6.134026257e+001 +6.134026257e+001 -6.7251e-001 -1.1000e-001
2383 0 +4.003772965e-005 +6.134004004e+001 +6.134004004e+001 -7.0688e-001 -1.2783e-001
2528 0 +3.445660214e-005 +6.134003446e+001 +6.134003446e+001 -7.0733e-001 -1.2814e-001
2556 0 +2.532702454e-005 +6.134002533e+001 +6.134002533e+001 -6.9970e-001 -1.2386e-001
2756 0 +1.548702637e-005 +6.134001549e+001 +6.134001549e+001 -7.0376e-001 -1.2637e-001
2890 0 +1.106834994e-005 +6.134001107e+001 +6.134001107e+001 -6.9604e-001 -1.2195e-001
2963 0 +3.693114692e-006 +6.134000369e+001 +6.134000369e+001 -6.9483e-001 -1.2138e-001
3123 0 +1.532259716e-006 +6.134000153e+001 +6.134000153e+001 -6.9713e-001 -1.2277e-001
3423 0 +8.300711798e-007 +6.134000083e+001 +6.134000083e+001 -6.9820e-001 -1.2328e-001
3824 0 +8.100917768e-007 +6.134000081e+001 +6.134000081e+001 -6.9805e-001 -1.2319e-001
3906 0 +7.805843438e-007 +6.134000078e+001 +6.134000078e+001 -6.9739e-001 -1.2289e-001
3988 0 +1.458434866e-007 +6.134000015e+001 +6.134000015e+001 -6.9699e-001 -1.2262e-001
4024 0 +6.459789859e-008 +6.134000006e+001 +6.134000006e+001 -6.9683e-001 -1.2254e-001
4124 0 +5.704207240e-008 +6.134000006e+001 +6.134000006e+001 -6.9615e-001 -1.2217e-001
4294 0 +1.367496338e-009 +6.134000000e+001 +6.134000000e+001 -6.9650e-001 -1.2237e-001
7497 0 +0.000000000e+000 +6.134000000e+001 +6.134000000e+001 -6.9644e-001 -1.2234e-001
