% f evaluations | g evaluations | best noise-free fitness - Fopt (1.000000000000e+003) + sum g_i+ | measured fitness | best measured fitness or single-digit g-values | x1 | x2...
1 0 +3.833297738e+002 +1.383329774e+003 +1.383329774e+003 +0.0000e+000 +0.0000e+000 +0.0000e+000 +0.0000e+000 +0.0000e+000
2 0 +2.019619805e+002 +1.201961981e+003 +1.201961981e+003 -5.3635e-001 -2.5243e+000 +3.6633e+000 +3.6935e+000 +3.1120e+000
16 0 +1.763355910e+002 +1.176335591e+003 +1.176335591e+003 -4.8145e+000 +3.6694e+000 +3.3732e+000 +3.0871e-001 -1.0200e+000
17 0 +1.713173915e+002 +1.171317392e+003 +1.171317392e+003 -3.0527e+000 -6.2325e-001 +2.9240e+000 +3.8799e+000 -2.0406e-001
40 0 +1.617081527e+002 +1.161708153e+003 +1.161708153e+003 -3.2340e+000 +3.2232e+000 +1.3615e+000 +1.0173e+000 +1.2344e+000
43 0 +1.582327895e+002 +1.158232790e+003 +1.158232790e+003 -3.2038e+000 -1.9457e+000 +3.1828e+000 +4.1276e+000 +1.6366e+000
59 0 +1.327881332e+002 +1.132788133e+003 +1.132788133e+003 -1.1807e+000 +1.8233e+000 +2.4894e+000 +1.5751e+000 +1.8878e+000
97 0 +1.241240687e+002 +1.124124069e+003 +1.124124069e+003 -1.7938e+000 +9.0745e-001 +4.9689e+000 +2.2803e+000 +4.4616e+000
100 0 +4.538555620e+001 +1.045385556e+003 +1.045385556e+003 -3.4915e+000 +2.0065e+000 +3.8699e+000 +2.0132e+000 +3.6417e+000
333 0 +3.731412937e+001 +1.037314129e+003 +1.037314129e+003 -3.5223e+000 +3.0984e+000 +4.8690e+000 +3.6917e+000 +3.0170e+000
747 0 +3.336569492e+001 +1.033365695e+003 +1.033365695e+003 -3.7710e+000 +3.9374e+000 +4.7661e+000 +3.7669e+000 +2.4856e+000
826 0 +2.978876894e+001 +1.029788769e+003 +1.029788769e+003 -3.2736e+000 +3.2511e+000 +4.6503e+000 +2.8317e+000 +2.4956e+000
2199 0 +1.799103691e+001 +1.017991037e+003 +1.017991037e+003 -3.5162e+000 +2.6241e+000 +3.4795e+000 +2.7575e+000 +3.3033e+000
2399 0 +1.694671317e+001 +1.016946713e+003 +1.016946713e+003 -3.4906e+000 +3.3823e+000 +3.2273e+000 +3.7713e+000 +2.7136e+000
5516 0 +1.550240840e+001 +1.015502408e+003 +1.015502408e+003 -3.6821e+000 +3.4556e+000 +2.8373e+000 +3.6452e+000 +2.4350e+000
5716 0 +9.852157737e+000 +1.009852158e+003 +1.009852158e+003 -3.4160e+000 +3.3759e+000 +3.3817e+000 +3.8373e+000 +2.7981e+000
8388 0 +8.787811107e+000 +1.008787811e+003 +1.008787811e+003 -3.4026e+000 +3.4185e+000 +3.3517e+000 +3.8662e+000 +2.8000e+000
9806 0 +4.916402357e+000 +1.004916402e+003 +1.004916402e+003 -3.3973e+000 +3.4065e+000 +3.3015e+000 +3.8449e+000 +2.7889e+000
% f evaluations | g evaluations | best noise-free fitness - Fopt (7.003000000000e+001) + sum g_i+ | measured fitness | best measured fitness or single-digit g-values | x1 | x2...
1 0 +1.421420674e+002 +2.121720674e+002 +2.121720674e+002 +0.0000e+000 +0.0000e+000 +0.0000e+000 +0.0000e+000 +0.0000e+000
4 0 +1.202789999e+002 +1.903089999e+002 +1.903089999e+002 +4.4638e-001 -3.0916e+000 -4.3155e+000 +4.5332e-001 +1.6530e+000
5 0 +1.130075446e+002 +1.830375446e+002 +1.830375446e+002 +1.5717e+000 -2.3412e+000 +1.7248e-001 -4.0200e+000 -3.1056e+000
40 0 +9.915069424e+001 +1.691806942e+002 +1.691806942e+002 -1.7927e+000 -3.5120e+000 -3.8839e+000 -2.1511e+000 +4.9503e+000
48 0 +8.934261862e+001 +1.593726186e+002 +1.593726186e+002 -1.5458e+000 -1.8379e+000 -3.3354e+000 +3.7201e-001 +2.0419e+000
73 0 +6.874701820e+001 +1.387770182e+002 +1.387770182e+002 -8.9462e-002 -4.8713e+000 -4.5835e+000 -3.0164e+000 -1.9765e+000
84 0 +6.076549512e+001 +1.307954951e+002 +1.307954951e+002 -2.3350e+000 -2.5308e+000 -9.3834e-001 -7.8313e-001 -1.6720e+000
525 0 +4.837296750e+001 +1.184029675e+002 +1.184029675e+002 -3.3560e+000 -3.2984e+000 -2.9603e+000 -2.8056e-001 -3.2327e+000
1177 0 +4.449170406e+001 +1.145217041e+002 +1.145217041e+002 -2.7649e+000 -2.4002e+000 -2.0626e+000 -1.3093e+000 -2.9549e+000
1546 0 +4.252652399e+001 +1.125565240e+002 +1.125565240e+002 -2.9755e+000 -3.3698e+000 -3.1467e+000 -6.7019e-001 +1.1161e+000
2019 0 +3.413839946e+001 +1.041683995e+002 +1.041683995e+002 -2.9943e+000 -3.3406e+000 -3.1428e+000 -6.3462e-001 +1.0011e+000
4971 0 +2.923662094e+001 +9.926662094e+001 +9.926662094e+001 -2.1771e+000 -3.4257e+000 -4.2715e+000 -1.2227e+000 -7.4473e-001
5263 0 +1.821972388e+001 +8.824972388e+001 +8.824972388e+001 -2.4110e+000 -3.4428e+000 -4.2567e+000 -1.1072e+000 -1.9814e-001
% f evaluations | g evaluations | best noise-free fitness - Fopt (-4.822000000000e+001) + sum g_i+ | measured fitness | best measured fitness or single-digit g-values | x1 | x2...
1 0 +1.511162314e+002 +1.028962314e+002 +1.028962314e+002 +0.0000e+000 +0.0000e+000 +0.0000e+000 +0.0000e+000 +0.0000e+000
7 0 +9.672070319e+001 +4.850070319e+001 +4.850070319e+001 -1.1419e+000 +1.4736e+000 -1.1206e+000 +7.0835e-001 -3.6885e+000
70 0 +6.263446593e+001 +1.441446593e+001 +1.441446593e+001 +2.5476e+000 -1.9889e+000 -3.6995e+000 -9.6082e-001 -1.7884e+000
655 0 +5.632231569e+001 +8.102315689e+000 +8.102315689e+000 +3.8584e-001 -1.3663e+000 -4.7271e+000 -1.2654e+000 -1.7627e+000
739 0 +5.488292698e+001 +6.662926983e+000 +6.662926983e+000 +5.1172e-001 -9.0263e-001 -4.2246e+000 -1.1891e+000 -1.4237e+000
756 0 +5.148290299e+001 +3.262902992e+000 +3.262902992e+000 +2.2821e-001 -2.1791e+000 -4.3981e+000 -9.9451e-001 -1.8916e+000
812 0 +4.042891835e+001 -7.791081653e+000 -7.791081653e+000 +2.7230e-001 -2.2126e+000 -4.2127e+000 -9.0659e-001 -1.7651e+000
1021 0 +3.501614999e+001 -1.320385001e+001 -1.320385001e+001 -9.1760e-001 -1.9864e+000 -3.0184e+000 -1.2173e+000 -2.5741e+000
1442 0 +3.383933012e+001 -1.438066988e+001 -1.438066988e+001 -1.0357e+000 -1.8074e+000 -2.6909e+000 -3.0635e-001 -8.5525e-001
2981 0 +2.794856382e+001 -2.027143618e+001 -2.027143618e+001 -1.5439e+000 -3.0167e-001 -2.5409e+000 -9.1816e-001 -3.5601e+000
3624 0 +2.630619059e+001 -2.191380941e+001 -2.191380941e+001 -1.8140e+000 -6.3491e-001 -1.4054e+000 -7.5478e-001 -3.6111e+000
6611 0 +1.994492797e+001 -2.827507203e+001 -2.827507203e+001 -1.7134e+000 -6.4778e-001 -1.5754e+000 -7.3423e-001 -3.6247e+000
% f evaluations | g evaluations | best noise-free fitness - Fopt (2.547000000000e+001) + sum g_i+ | measured fitness | best measured fitness or single-digit g-values | x1 | x2...
1 0 +1.434467868e+002 +1.689167868e+002 +1.689167868e+002 +0.0000e+000 +0.0000e+000 +0.0000e+000 +0.0000e+000 +0.0000e+000
12 0 +8.895895015e+001 +1.144289501e+002 +1.144289501e+002 -4.5188e+000 +3.6873e-001 -3.4109e+000 -2.3955e+000 -3.0445e+000
19 0 +7.932327668e+001 +1.047932767e+002 +1.047932767e+002 -8.7294e-001 -1.7175e+000 -9.2631e-001 -6.0772e-001 -8.9669e-001
83 0 +4.507394866e+001 +7.054394866e+001 +7.054394866e+001 -3.0622e+000 -1.7641e+000 -3.1704e+000 -2.0899e+000 -2.2337e+000
592 0 +1.822717510e+001 +4.369717510e+001 +4.369717510e+001 -3.2775e+000 -1.8932e+000 -2.4955e+000 -2.1974e+000 -2.3884e+000
3100 0 +1.340266279e+001 +3.887266279e+001 +3.887266279e+001 -3.7576e+000 -1.8174e+000 -2.2091e+000 -2.0893e+000 -2.8879e+000
% f evaluations | g evaluations | best noise-free fitness - Fopt (-1.008100000000e+002) + sum g_i+ | measured fitness | best measured fitness or single-digit g-values | x1 | x2...
1 0 +7.698999316e+001 -2.382000684e+001 -2.382000684e+001 +0.0000e+000 +0.0000e+000 +0.0000e+000 +0.0000e+000 +0.0000e+000
64 0 +6.495327274e+001 -3.585672726e+001 -3.585672726e+001 +2.1819e+000 +2.2921e+000 +1.5215e+000 +2.1951e-002 +3.6902e+000
96 0 +5.387094961e+001 -4.693905039e+001 -4.693905039e+001 +2.0548e+000 +2.0526e+000 +1.2842e+000 +1.6154e+000 +5.2865e-002
299 0 +4.180931372e+001 -5.900068628e+001 -5.900068628e+001 +3.0166e+000 +5.6423e-001 +6.7432e-001 +1.0121e+000 +5.2836e-001
765 0 +3.619695095e+001 -6.461304905e+001 -6.461304905e+001 +2.6602e+000 +1.6482e+000 +7.1356e-001 +1.1079e+000 +6.9984e-001
1313 0 +3.427338122e+001 -6.653661878e+001 -6.653661878e+001 +2.9389e+000 +1.7927e+000 +7.4119e-001 +1.4807e+000 -1.2129e-001
2008 0 +2.891589294e+001 -7.189410706e+001 -7.189410706e+001 +2.0638e+000 +1.4031e+000 +8.1391e-001 +1.6001e+000 +1.9092e+000
3462 0 +2.331540699e+001 -7.749459301e+001 -7.749459301e+001 +1.3710e+000 +1.0814e+000 +1.8355e-001 +5.4814e-001 +1.3099e+000
4259 0 +1.633686584e+001 -8.447313416e+001 -8.447313416e+001 +1.4414e+000 +2.3310e-001 +2.9849e-001 +9.4264e-001 +2.2500e+000
7162 0 +1.416526459e+001 -8.664473541e+001 -8.664473541e+001 +1.4663e+000 +3.6335e-001 +2.9835e-001 +9.1284e-001 +2.1178e+000
7562 0 +1.068880893e+001 -9.012119107e+001 -9.012119107e+001 +1.4605e+000 +3.1778e-001 +2.9984e-001 +9.2579e-001 +2.1650e+000
% f evaluations | g evaluations | best noise-free fitness - Fopt (-3.531300000000e+002) + sum g_i+ | measured fitness | best measured fitness or single-digit g-values | x1 | x2...
1 0 +1.711670615e+002 -1.819629385e+002 -1.819629385e+002 +0.0000e+000 +0.0000e+000 +0.0000e+000 +0.0000e+000 +0.0000e+000
6 0 +1.221924567e+002 -2.309375433e+002 -2.309375433e+002 +1.7792e+000 +1.0140e+000 -4.4102e-001 -3.1123e+000 +2.5773e+000
7 0 +9.598412998e+001 -2.571458700e+002 -2.571458700e+002 -2.6700e+000 +1.5573e+000 +1.7456e+000 -3.6608e+000 -2.3674e+000
34 0 +7.591501121e+001 -2.772149888e+002 -2.772149888e+002 -4.0640e+000 -4.2523e-001 -1.8808e-001 -3.1288e+000 -2.6807e+000
62 0 +5.972716958e+001 -2.934028304e+002 -2.934028304e+002 -4.7231e+000 +1.2148e-001 -3.3723e+000 -2.5459e+000 +7.7269e-001
469 0 +5.426760664e+001 -2.988623934e+002 -2.988623934e+002 -3.0043e+000 +8.2965e-002 -2.4556e+000 -2.5731e+000 -1.2979e+000
471 0 +5.107250386e+001 -3.020574961e+002 -3.020574961e+002 -4.1287e+000 -5.3212e-001 -3.5640e+000 -2.0664e+000 +6.1187e-001
1133 0 +4.673344579e+001 -3.063965542e+002 -3.063965542e+002 -2.6850e+000 +5.5143e-001 -1.9477e+000 -3.0949e+000 -1.5005e+000
1401 0 +4.569142770e+001 -3.074385723e+002 -3.074385723e+002 -3.1759e+000 +1.6617e-002 -2.3733e+000 -2.6772e+000 -5.8785e-001
1487 0 +3.606795170e+001 -3.170620483e+002 -3.170620483e+002 -2.9898e+000 +4.2872e-002 -2.1996e+000 -3.6104e+000 -6.9441e-001
1653 0 +2.294108970e+001 -3.301889103e+002 -3.301889103e+002 -2.0368e+000 +1.1996e+000 -1.3503e+000 -3.9688e+000 -2.6108e+000
1736 0 +1.555527201e+001 -3.375747280e+002 -3.375747280e+002 -2.0801e+000 +7.0867e-001 -1.6121e+000 -3.6117e+000 -2.3739e+000
7861 0 +8.432055005e+000 -3.446979450e+002 -3.446979450e+002 -2.0893e+000 +7.5546e-001 -1.6059e+000 -3.5992e+000 -2.3803e+000
% f evaluations | g evaluations | best noise-free fitness - Fopt (8.716000000000e+001) + sum g_i+ | measured fitness | best measured fitness or single-digit g-values | x1 | x2...
1 0 +1.685246855e+002 +2.556846855e+002 +2.556846855e+002 +0.0000e+000 +0.0000e+000 +0.0000e+000 +0.0000e+000 +0.0000e+000
5 0 +1.613960045e+002 +2.485560045e+002 +2.485560045e+002 +2.5428e+000 -2.6230e+000 -3.9742e-001 +3.9528e+000 +4.6374e+000
51 0 +6.806127761e+001 +1.552212776e+002 +1.552212776e+002 +5.7735e-002 +6.2542e-001 -2.5067e+000 +4.1461e+000 +3.8415e+000
215 0 +5.307092360e+001 +1.402309236e+002 +1.402309236e+002 +7.6075e-001 +2.2848e-001 -2.4087e+000 +3.2877e+000 +3.5684e+000
705 0 +4.050877942e+001 +1.276687794e+002 +1.276687794e+002 +1.5874e+000 -6.6334e-001 -2.7763e+000 +5.5986e+000 +4.2001e+000
2390 0 +3.966011258e+001 +1.268201126e+002 +1.268201126e+002 +1.6128e+000 -1.7738e-001 -2.7501e+000 +6.4075e+000 +3.2273e+000
2452 0 +2.980817884e+001 +1.169681788e+002 +1.169681788e+002 +1.4184e+000 -3.8805e-001 -2.6118e+000 +5.9625e+000 +3.0969e+000
2564 0 +2.506243780e+001 +1.122224378e+002 +1.122224378e+002 +1.1780e+000 -7.8100e-001 -2.5555e+000 +5.4242e+000 +3.3320e+000
% f evaluations | g evaluations | best noise-free fitness - Fopt (-3.475000000000e+001) + sum g_i+ | measured fitness | best measured fitness or single-digit g-values | x1 | x2...
1 0 +1.520519935e+002 +1.173019935e+002 +1.173019935e+002 +0.0000e+000 +0.0000e+000 +0.0000e+000 +0.0000e+000 +0.0000e+000
13 0 +1.316896889e+002 +9.693968889e+001 +9.693968889e+001 -5.6362e-001 +4.4645e+000 -2.7084e+000 -5.5043e-001 -3.1069e+000
27 0 +1.109527261e+002 +7.620272606e+001 +7.620272606e+001 +3.6702e+000 -2.7938e-002 -4.9075e+000 +4.1920e+000 -2.1749e+000
42 0 +9.984577380e+001 +6.509577380e+001 +6.509577380e+001 +1.0981e+000 +1.0624e+000 +4.7007e+000 +4.6278e+000 -1.9371e+000
205 0 +9.221141281e+001 +5.746141281e+001 +5.746141281e+001 +2.1575e+000 +4.9334e+000 +4.9400e+000 +3.1774e+000 -3.5276e+000
215 0 +4.327757254e+001 +8.527572540e+000 +8.527572540e+000 +2.2300e+000 +1.1487e+000 +7.9315e-001 +2.4084e+000 -2.2045e+000
1202 0 +2.169578695e+001 -1.305421305e+001 -1.305421305e+001 +1.1200e+000 +2.4796e+000 -3.0363e-001 +2.5982e+000 -9.4372e-001
1835 0 +2.126727436e+001 -1.348272564e+001 -1.348272564e+001 +2.4740e+000 +3.1041e+000 -2.7752e-001 +2.9134e+000 -1.0803e+000
4185 0 +1.609630800e+001 -1.865369200e+001 -1.865369200e+001 +2.4723e+000 +3.1337e+000 -2.9973e-001 +2.9195e+000 -1.0837e+000
4340 0 +1.349339122e+001 -2.125660878e+001 -2.125660878e+001 +2.4757e+000 +3.1643e+000 -2.7961e-001 +2.9460e+000 -1.0967e+000
% f evaluations | g evaluations | best noise-free fitness - Fopt (-1.000000000000e+003) + sum g_i+ | measured fitness | best measured fitness or single-digit g-values | x1 | x2...
1 0 +1.320795830e+002 -8.679204170e+002 -8.679204170e+002 +0.0000e+000 +0.0000e+000 +0.0000e+000 +0.0000e+000 +0.0000e+000
7 0 +1.057178834e+002 -8.942821166e+002 -8.942821166e+002 -1.7605e+000 -9.7070e-001 +5.9654e-001 -2.5957e+000 -2.1017e+000
42 0 +8.901832544e+001 -9.109816746e+002 -9.109816746e+002 -2.6302e+000 -2.6331e+000 -6.9488e-001 -3.7889e+000 -2.2988e+000
46 0 +7.324564578e+001 -9.267543542e+002 -9.267543542e+002 -3.9695e+000 -2.6982e+000 +2.8322e-001 -4.4121e+000 +8.9279e-001
74 0 +6.613929068e+001 -9.338607093e+002 -9.338607093e+002 -3.7947e+000 -2.2463e+000 -8.5358e-001 -1.3968e+000 +2.6094e+000
275 0 +4.485680540e+001 -9.551431946e+002 -9.551431946e+002 -2.9140e+000 -2.8693e+000 -1.6981e+000 -1.9238e+000 +3.7812e+000
1457 0 +4.446269884e+001 -9.555373012e+002 -9.555373012e+002 -2.9116e+000 -2.8734e+000 -1.7091e+000 -1.9227e+000 +3.7822e+000
2798 0 +4.143246796e+001 -9.585675320e+002 -9.585675320e+002 -3.1142e+000 -3.6517e+000 -2.1255e+000 -2.0510e+000 +2.2838e+000
4158 0 +3.457105062e+001 -9.654289494e+002 -9.654289494e+002 -4.0725e+000 -2.4104e+000 -1.3855e+000 -4.2400e+000 +1.7440e+000
5352 0 +2.891387097e+001 -9.710861290e+002 -9.710861290e+002 -3.5368e+000 -3.2282e+000 -1.9268e+000 -3.0053e+000 +2.0081e+000
5752 0 +2.574389707e+001 -9.742561029e+002 -9.742561029e+002 -3.4875e+000 -3.3046e+000 -1.9776e+000 -2.8915e+000 +2.0310e+000
% f evaluations | g evaluations | best noise-free fitness - Fopt (-9.247000000000e+001) + sum g_i+ | measured fitness | best measured fitness or single-digit g-values | x1 | x2...
1 0 +1.574781498e+002 +6.500814985e+001 +6.500814985e+001 +0.0000e+000 +0.0000e+000 +0.0000e+000 +0.0000e+000 +0.0000e+000
10 0 +1.013505706e+002 +8.880570595e+000 +8.880570595e+000 +1.6334e+000 +8.3235e-001 +4.3221e+000 +2.4243e+000 +7.3982e-001
34 0 +7.555052554e+001 -1.691947446e+001 -1.691947446e+001 +4.5737e+000 -7.9966e-001 +2.8144e+000 +2.9819e+000 -8.8009e-001
96 0 +6.177151439e+001 -3.069848561e+001 -3.069848561e+001 +3.4829e+000 -1.5618e-001 +1.9947e+000 +3.2040e-002 +7.6414e-001
280 0 +5.122599503e+001 -4.124400497e+001 -4.124400497e+001 +2.5319e+000 +3.9407e-001 +2.5628e+000 -2.7096e-001 +1.0002e+000
283 0 +4.775794960e+001 -4.471205040e+001 -4.471205040e+001 +2.6719e+000 -8.8856e-001 +2.1038e+000 +5.3209e-001 +7.4224e-001
296 0 +9.585403574e+000 -8.288459643e+001 -8.288459643e+001 +3.2242e+000 -7.5419e-001 +2.6304e+000 +6.7645e-001 +5.5116e-001
2104 0 +7.710749016e+000 -8.475925098e+001 -8.475925098e+001 +3.0954e+000 -7.9738e-001 +2.6645e+000 +6.1232e-001 +5.5116e-001
3209 0 +5.565807594e+000 -8.690419241e+001 -8.690419241e+001 +3.1175e+000 -8.0723e-001 +2.6340e+000 +5.8283e-001 +5.3372e-001
4804 0 +5.388295820e+000 -8.708170418e+001 -8.708170418e+001 +3.1097e+000 -8.6224e-001 +2.6344e+000 +5.5089e-001 +4.8727e-001
5504 0 +5.087180523e+000 -8.738281948e+001 -8.738281948e+001 +3.1125e+000 -8.5375e-001 +2.6322e+000 +5.5417e-001 +4.9381e-001
6869 0 +4.595151004e+000 -8.787484900e+001 -8.787484900e+001 +3.1432e+000 -8.4413e-001 +2.6719e+000 +5.6709e-001 +5.1524e-001
8704 0 +4.424681215e+000 -8.804531878e+001 -8.804531878e+001 +3.1338e+000 -8.4047e-001 +2.6547e+000 +5.6497e-001 +5.1267e-001
% f evaluations | g evaluations | best noise-free fitness - Fopt (-2.153000000000e+002) + sum g_i+ | measured fitness | best measured fitness or single-digit g-values | x1 | x2...
1 0 +4.223016308e+002 +2.070016308e+002 +2.070016308e+002 +0.0000e+000 +0.0000e+000 +0.0000e+000 +0.0000e+000 +0.0000e+000
3 0 +3.719672756e+002 +1.566672756e+002 +1.566672756e+002 -2.3628e+000 +4.8514e+000 +3.4182e+000 +2.8021e+000 +2.3121e+000
5 0 +3.616672969e+002 +1.463672969e+002 +1.463672969e+002 -4.0527e-002 -2.6430e-001 -2.9079e+000 +9.5853e-001 -3.2134e+000
8 0 +2.016112880e+002 -1.368871198e+001 -1.368871198e+001 -2.3462e+000 +1.5083e+000 -2.9919e+000 +1.5088e+000 +3.6123e+000
14 0 +1.683355415e+002 -4.696445848e+001 -4.696445848e+001 -1.1341e+000 -1.6126e+000 -1.2994e+000 -2.5798e+000 +3.0311e+000
32 0 +1.553867142e+002 -5.991328577e+001 -5.991328577e+001 -4.6721e+000 -2.4152e+000 +1.5952e+000 -2.5390e+000 -5.8903e-001
40 0 +9.550157496e+001 -1.197984250e+002 -1.197984250e+002 -2.8931e+000 +4.7626e+000 -1.5848e+000 -2.3453e+000 +1.6627e+000
84 0 +7.567617279e+001 -1.396238272e+002 -1.396238272e+002 -1.8628e+000 +1.7701e+000 -2.7099e+000 -1.8307e+000 +2.8847e+000
297 0 +6.166143084e+001 -1.536385692e+002 -1.536385692e+002 -2.3616e+000 +3.8571e+000 -2.0737e+000 -1.4407e+000 +2.4974e+000
387 0 +6.165936395e+001 -1.536406360e+002 -1.536406360e+002 -2.6963e+000 +2.8010e+000 -2.8959e+000 -2.1031e+000 +4.9336e+000
705 0 +5.974432645e+001 -1.555556735e+002 -1.555556735e+002 -2.1879e+000 +1.7650e+000 -2.4876e+000 -2.3049e+000 +5.0000e+000
714 0 +5.667318896e+001 -1.586268110e+002 -1.586268110e+002 -2.6559e+000 +2.4377e+000 -2.7710e+000 -2.2326e+000 +5.0000e+000
829 0 +5.414407750e+001 -1.611559225e+002 -1.611559225e+002 -2.8683e+000 +2.5374e+000 -3.5478e+000 -2.3902e+000 +5.0000e+000
1328 0 +5.094285839e+001 -1.643571416e+002 -1.643571416e+002 -4.1365e+000 +2.3460e+000 -2.0356e+000 -2.7487e+000 +5.0000e+000
1497 0 +4.908662937e+001 -1.662133706e+002 -1.662133706e+002 -4.9115e+000 +2.1516e+000 -1.2317e+000 -2.5364e+000 +4.0519e+000
2129 0 +4.272817990e+001 -1.725718201e+002 -1.725718201e+002 -4.0651e+000 +2.3313e+000 -1.5517e+000 -2.1495e+000 +3.5680e+000
2230 0 +3.481997892e+001 -1.804800211e+002 -1.804800211e+002 -3.4148e+000 +2.6351e+000 -1.8735e+000 -2.0847e+000 +4.5014e+000
2475 0 +3.190026299e+001 -1.833997370e+002 -1.833997370e+002 -3.3412e+000 +2.2396e+000 -2.5100e+000 -2.0076e+000 +4.6184e+000
% f evaluations | g evaluations | best noise-free fitness - Fopt (-5.449000000000e+001) + sum g_i+ | measured fitness | best measured fitness or single-digit g-values | x1 | x2...
1 0 +1.752913982e+002 +1.208013982e+002 +1.208013982e+002 +0.0000e+000 +0.0000e+000 +0.0000e+000 +0.0000e+000 +0.0000e+000
6 0 +1.139386694e+002 +5.944866939e+001 +5.944866939e+001 +4.5072e+000 +2.5422e-001 +5.6552e-001 -1.7170e+000 -4.3825e+000
43 0 +1.081531118e+002 +5.366311177e+001 +5.366311177e+001 +2.3936e+000 -8.0325e-001 -2.3340e-001 +5.9794e-001 -1.3116e+000
51 0 +8.452035293e+001 +3.003035293e+001 +3.003035293e+001 +3.2308e+000 -1.8731e+000 +3.9960e+000 -3.4770e+000 -3.6492e+000
231 0 +6.662180701e+001 +1.213180701e+001 +1.213180701e+001 +2.4151e+000 +5.9298e-001 +8.6599e-001 -4.2691e+000 -1.3911e+000
304 0 +3.632367681e+001 -1.816632319e+001 -1.816632319e+001 +2.8769e+000 +1.1441e-001 +1.3906e+000 -4.3427e+000 -7.6502e-001
698 0 +3.317097452e+001 -2.131902548e+001 -2.131902548e+001 +4.9060e+000 -1.5643e+000 +1.4775e+000 -2.6717e+000 -1.4937e+000
994 0 +1.803199530e+001 -3.645800470e+001 -3.645800470e+001 +4.3093e+000 -1.5936e+000 +1.0514e+000 -3.7465e+000 -1.0166e+000
3671 0 +1.736626220e+001 -3.712373780e+001 -3.712373780e+001 +4.2961e+000 -1.6077e+000 +1.0261e+000 -3.7185e+000 -1.0377e+000
6100 0 +1.393144630e+001 -4.055855370e+001 -4.055855370e+001 +4.2534e+000 -1.2470e+000 +1.1148e+000 -3.7450e+000 -1.2098e+000
% f evaluations | g evaluations | best noise-free fitness - Fopt (5.049000000000e+001) + sum g_i+ | measured fitness | best measured fitness or single-digit g-values | x1 | x2...
1 0 +1.906447449e+002 +2.411347449e+002 +2.411347449e+002 +0.0000e+000 +0.0000e+000 +0.0000e+000 +0.0000e+000 +0.0000e+000
2 0 +7.434847613e+001 +1.248384761e+002 +1.248384761e+002 +1.0954e+000 -5.5609e-001 +3.7186e+000 -3.6253e-001 +2.8137e+000
23 0 +6.318181013e+001 +1.136718101e+002 +1.136718101e+002 +1.9139e+000 -1.1239e+000 +4.0852e+000 +3.4490e-001 +3.8094e+000
100 0 +3.920190228e+001 +8.969190228e+001 +8.969190228e+001 +1.7547e+000 -5.1642e-001 +4.2796e+000 -7.8844e-001 +3.2253e+000
701 0 +3.764904794e+001 +8.813904794e+001 +8.813904794e+001 +1.5548e+000 -8.6748e-001 +3.9913e+000 -7.6842e-001 +3.4014e+000
1145 0 +3.556530167e+001 +8.605530167e+001 +8.605530167e+001 +1.5523e+000 -8.7329e-001 +3.9729e+000 -7.7880e-001 +3.4185e+000
1432 0 +3.282154504e+001 +8.331154504e+001 +8.331154504e+001 +1.6127e+000 -8.4551e-001 +3.8061e+000 -8.1554e-001 +3.4375e+000
1803 0 +2.894962067e+001 +7.943962067e+001 +7.943962067e+001 +1.6387e+000 -8.3857e-001 +3.9008e+000 -7.3403e-001 +3.5736e+000
1886 0 +2.717726787e+001 +7.766726787e+001 +7.766726787e+001 +1.7487e+000 +6.3615e-001 +2.0886e+000 -1.3850e+000 +5.0000e+000
3423 0 +2.198422672e+001 +7.247422672e+001 +7.247422672e+001 +1.6620e+000 +7.5440e-002 +2.9621e+000 -1.4686e+000 +4.6785e+000
7928 0 +1.826568482e+001 +6.875568482e+001 +6.875568482e+001 +3.0971e+000 +4.8855e-001 +3.2795e+000 -1.0720e+000 +4.2962e+000
8328 0 +1.383890181e+001 +6.432890181e+001 +6.432890181e+001 +3.2463e+000 +5.7505e-001 +3.2177e+000 -1.0110e+000 +4.2896e+000
9328 0 +1.201566805e+001 +6.250566805e+001 +6.250566805e+001 +3.1654e+000 +5.2812e-001 +3.2513e+000 -1.0441e+000 +4.2932e+000
% f evaluations | g evaluations | best noise-free fitness - Fopt (-3.641300000000e+002) + sum g_i+ | measured fitness | best measured fitness or single-digit g-values | x1 | x2...
1 0 +1.178045519e+002 -2.463254481e+002 -2.463254481e+002 +0.0000e+000 +0.0000e+000 +0.0000e+000 +0.0000e+000 +0.0000e+000
7 0 +9.950042312e+001 -2.646295769e+002 -2.646295769e+002 -2.5382e+000 -2.4251e+000 +8.9220e-001 -2.4988e+000 +1.8229e-001
8 0 +9.273949649e+001 -2.713905035e+002 -2.713905035e+002 -1.7506e+000 -1.7566e+000 -1.9305e+000 -2.7402e+000 +1.9247e+000
95 0 +9.039034037e+001 -2.737396596e+002 -2.737396596e+002 -4.0135e+000 +1.0979e+000 +2.6401e+000 -1.9214e+000 +3.3637e-001
203 0 +6.184898982e+001 -3.022810102e+002 -3.022810102e+002 -3.1371e+000 +8.6642e-002 +3.6914e+000 -4.9575e-001 +6.1977e-001
336 0 +5.147328060e+001 -3.126567194e+002 -3.126567194e+002 -3.2174e+000 -9.5217e-002 +3.3236e+000 -1.9610e-002 +6.7287e-001
410 0 +4.670796237e+001 -3.174220376e+002 -3.174220376e+002 -2.6871e+000 +1.3762e+000 +1.8593e+000 -2.3661e+000 +3.9726e+000
1418 0 +3.626242228e+001 -3.278675777e+002 -3.278675777e+002 -2.9394e+000 +7.2834e-001 +2.9837e+000 -1.4708e+000 +2.8938e+000
1925 0 +2.927019267e+001 -3.348598073e+002 -3.348598073e+002 -2.9316e+000 +5.6508e-001 +3.2854e+000 -1.3748e+000 +2.8981e+000
4238 0 +2.878730796e+001 -3.353426920e+002 -3.353426920e+002 -2.3770e+000 +2.3628e-001 +2.3576e+000 -1.7312e+000 +3.1033e+000
4458 0 +2.073850964e+001 -3.433914904e+002 -3.433914904e+002 -2.5627e+000 +5.2369e-001 +1.3414e+000 -1.2997e+000 +2.6803e+000
6858 0 +1.990912402e+001 -3.442208760e+002 -3.442208760e+002 -2.5456e+000 +4.7666e-001 +1.4092e+000 -1.3068e+000 +2.7047e+000
% f evaluations | g evaluations | best noise-free fitness - Fopt (1.592700000000e+002) + sum g_i+ | measured fitness | best measured fitness or single-digit g-values | x1 | x2...
1 0 +1.501655760e+002 +3.094355760e+002 +3.094355760e+002 +0.0000e+000 +0.0000e+000 +0.0000e+000 +0.0000e+000 +0.0000e+000
20 0 +1.140206435e+002 +2.732906435e+002 +2.732906435e+002 +5.0692e-001 -3.7750e+000 +1.2342e+000 -1.6701e+000 -4.7611e+000
31 0 +1.071429588e+002 +2.664129588e+002 +2.664129588e+002 -4.9023e-001 +8.0003e-001 +1.5271e+000 -1.1226e+000 -3.3621e+000
46 0 +7.572806533e+001 +2.349980653e+002 +2.349980653e+002 -2.5242e+000 +2.6656e-001 +2.0514e+000 -3.1571e+000 -4.0007e+000
210 0 +6.938519406e+001 +2.286551941e+002 +2.286551941e+002 -2.0962e+000 +3.2208e-001 +2.9675e+000 -4.0694e+000 -3.9271e+000
358 0 +6.076125422e+001 +2.200312542e+002 +2.200312542e+002 -2.7534e-001 -1.7669e+000 +4.1590e+000 -2.2198e+000 -5.0000e+000
585 0 +3.676624224e+001 +1.960362422e+002 +1.960362422e+002 -2.7979e+000 -1.3828e+000 +3.9114e+000 -3.0009e+000 -4.0594e+000
862 0 +3.425217071e+001 +1.935221707e+002 +1.935221707e+002 -7.4959e-001 -2.3510e+000 +5.8016e+000 -7.2173e-001 -3.5672e+000
2170 0 +2.594488431e+001 +1.852148843e+002 +1.852148843e+002 -9.8765e-002 -2.7475e+000 +5.2497e+000 -1.3699e+000 -4.2734e+000
9370 0 +2.002756282e+001 +1.792975628e+002 +1.792975628e+002 -1.3352e-001 -2.7160e+000 +5.2530e+000 -1.3573e+000 -4.3665e+000
