% f evaluations | g evaluations | best noise-free fitness - Fopt (-6.211100000000e+002) + sum g_i+ | measured fitness | best measured fitness or single-digit g-values | x1 | x2...
1 0 +3.275825074e+007 +3.275762963e+007 +3.275762963e+007 +0.0000e+000 +0.0000e+000 +0.0000e+000 +0.0000e+000 +0.0000e+000
4 0 +2.665772928e+007 +2.665710817e+007 +2.665710817e+007 -2.9267e+000 +2.2559e+000 -4.0293e+000 -2.0461e+000 +2.7099e-001
5 0 +1.616764176e+007 +1.616702065e+007 +1.616702065e+007 -2.6920e+000 +2.1720e+000 -1.4057e-001 -2.8098e+000 +1.9014e+000
15 0 +1.397528152e+007 +1.397466041e+007 +1.397466041e+007 -5.1673e-001 +2.5995e+000 -3.0613e+000 -2.1893e+000 -4.6702e+000
72 0 +5.034282161e+006 +5.033661051e+006 +5.033661051e+006 -1.1613e+000 +4.6548e+000 -3.8386e+000 -3.9608e+000 -4.6545e+000
127 0 +2.611286495e+006 +2.610665385e+006 +2.610665385e+006 -8.4174e-001 +4.8092e+000 -2.2573e+000 -4.6688e+000 -1.9624e+000
215 0 +1.641521900e+006 +1.640900790e+006 +1.640900790e+006 -8.1000e-001 +4.2671e+000 -2.3371e+000 -3.9799e+000 -2.7446e+000
275 0 +6.944981101e+005 +6.938770001e+005 +6.938770001e+005 -1.5103e+000 +4.7177e+000 -2.3337e+000 -3.3823e+000 -2.6261e+000
316 0 +2.670176114e+005 +2.663965014e+005 +2.663965014e+005 -1.4902e+000 +4.8477e+000 -2.6442e+000 -2.9836e+000 -2.3257e+000
364 0 +1.322082220e+005 +1.315871120e+005 +1.315871120e+005 -1.0874e+000 +4.9244e+000 -3.5797e+000 -2.8401e+000 -2.3528e+000
652 0 +1.194169215e+005 +1.187958115e+005 +1.187958115e+005 -9.5654e-001 +4.7724e+000 -3.7142e+000 -2.6072e+000 -2.4568e+000
710 0 +1.056015530e+005 +1.049804430e+005 +1.049804430e+005 -1.1494e+000 +4.4574e+000 -3.3172e+000 -2.6979e+000 -2.7180e+000
733 0 +8.420556911e+004 +8.358445911e+004 +8.358445911e+004 -1.0508e+000 +4.7725e+000 -3.7714e+000 -2.6641e+000 -2.8631e+000
735 0 +5.997689615e+004 +5.935578615e+004 +5.935578615e+004 -1.1788e+000 +4.7331e+000 -3.5376e+000 -2.4850e+000 -2.5840e+000
859 0 +5.599170819e+004 +5.537059819e+004 +5.537059819e+004 -1.1129e+000 +4.9028e+000 -3.9188e+000 -2.6672e+000 -2.6865e+000
860 0 +4.577806385e+004 +4.515695385e+004 +4.515695385e+004 -1.2281e+000 +4.7693e+000 -3.4770e+000 -2.5523e+000 -2.6462e+000
935 0 +3.003579487e+004 +2.941468487e+004 +2.941468487e+004 -1.1458e+000 +4.7810e+000 -3.5420e+000 -2.6470e+000 -2.6062e+000
1026 0 +1.151828216e+004 +1.089717216e+004 +1.089717216e+004 -1.2195e+000 +4.6515e+000 -3.4376e+000 -2.6511e+000 -2.4881e+000
1104 0 +8.358021403e+003 +7.736911403e+003 +7.736911403e+003 -1.1508e+000 +4.6750e+000 -3.4914e+000 -2.7161e+000 -2.4734e+000
1155 0 +3.993915259e+003 +3.372805259e+003 +3.372805259e+003 -1.2022e+000 +4.5804e+000 -3.4444e+000 -2.7451e+000 -2.4795e+000
1272 0 +3.679876215e+003 +3.058766215e+003 +3.058766215e+003 -1.2235e+000 +4.5939e+000 -3.4084e+000 -2.7834e+000 -2.3903e+000
1307 0 +2.369819171e+003 +1.748709171e+003 +1.748709171e+003 -1.2370e+000 +4.6084e+000 -3.4067e+000 -2.7412e+000 -2.4465e+000
1462 0 +2.147501494e+003 +1.526391494e+003 +1.526391494e+003 -1.2121e+000 +4.5956e+000 -3.4123e+000 -2.8088e+000 -2.4545e+000
1549 0 +1.047713344e+003 +4.266033440e+002 +4.266033440e+002 -1.2424e+000 +4.6225e+000 -3.4348e+000 -2.7439e+000 -2.5024e+000
1615 0 +5.805751800e+002 -4.053481999e+001 -4.053481999e+001 -1.2182e+000 +4.6202e+000 -3.4546e+000 -2.7436e+000 -2.5018e+000
1677 0 +5.374404391e+002 -8.366956094e+001 -8.366956094e+001 -1.2235e+000 +4.6438e+000 -3.4675e+000 -2.7391e+000 -2.5271e+000
1702 0 +3.739680327e+002 -2.471419673e+002 -2.471419673e+002 -1.2314e+000 +4.6209e+000 -3.3870e+000 -2.7681e+000 -2.4642e+000
1751 0 +2.323789765e+002 -3.887310235e+002 -3.887310235e+002 -1.2078e+000 +4.6231e+000 -3.4218e+000 -2.7676e+000 -2.4590e+000
1772 0 +1.468135675e+002 -4.742964325e+002 -4.742964325e+002 -1.2174e+000 +4.6344e+000 -3.4567e+000 -2.7518e+000 -2.5014e+000
2004 0 +1.327676262e+002 -4.883423738e+002 -4.883423738e+002 -1.2197e+000 +4.6305e+000 -3.4544e+000 -2.7548e+000 -2.4992e+000
2079 0 +8.524482198e+001 -5.358651780e+002 -5.358651780e+002 -1.2162e+000 +4.6311e+000 -3.4540e+000 -2.7568e+000 -2.4912e+000
2102 0 +6.760630151e+001 -5.535036985e+002 -5.535036985e+002 -1.2228e+000 +4.6310e+000 -3.4458e+000 -2.7594e+000 -2.4883e+000
2173 0 +2.387647986e+001 -5.972335201e+002 -5.972335201e+002 -1.2196e+000 +4.6335e+000 -3.4501e+000 -2.7648e+000 -2.4864e+000
2533 0 +2.107739863e+001 -6.000326014e+002 -6.000326014e+002 -1.2186e+000 +4.6333e+000 -3.4497e+000 -2.7632e+000 -2.4854e+000
2643 0 +2.083685508e+001 -6.002731449e+002 -6.002731449e+002 -1.2193e+000 +4.6337e+000 -3.4494e+000 -2.7645e+000 -2.4852e+000
2743 0 +1.963145764e+001 -6.014785424e+002 -6.014785424e+002 -1.2184e+000 +4.6338e+000 -3.4498e+000 -2.7643e+000 -2.4848e+000
2815 0 +1.949806950e+001 -6.016119305e+002 -6.016119305e+002 -1.2183e+000 +4.6338e+000 -3.4501e+000 -2.7642e+000 -2.4846e+000
2961 0 +1.888533740e+001 -6.022246626e+002 -6.022246626e+002 -1.2182e+000 +4.6344e+000 -3.4506e+000 -2.7642e+000 -2.4847e+000
% f evaluations | g evaluations | best noise-free fitness - Fopt (-2.548200000000e+002) + sum g_i+ | measured fitness | best measured fitness or single-digit g-values | x1 | x2...
1 0 +1.522761725e+008 +1.522759177e+008 +1.522759177e+008 +0.0000e+000 +0.0000e+000 +0.0000e+000 +0.0000e+000 +0.0000e+000
5 0 +4.951717686e+007 +4.951692204e+007 +4.951692204e+007 +2.1787e+000 +4.6306e+000 +2.5331e+000 -2.1402e-002 +6.2178e-001
7 0 +2.054949706e+007 +2.054924224e+007 +2.054924224e+007 +3.0515e-001 -2.9094e-001 +1.1264e+000 -1.4041e+000 -3.8056e+000
45 0 +1.601416332e+007 +1.601390850e+007 +1.601390850e+007 +6.3555e-001 +4.5067e+000 -1.8432e+000 -1.0318e+000 -1.0189e+000
61 0 +8.265819785e+006 +8.265564965e+006 +8.265564965e+006 +4.4242e+000 +3.1966e+000 -2.1154e+000 -7.1796e-002 -3.2430e+000
81 0 +6.350790465e+006 +6.350535645e+006 +6.350535645e+006 +2.5361e-001 +2.6538e+000 +2.2054e+000 +1.5640e+000 -4.5900e+000
144 0 +6.292956166e+006 +6.292701346e+006 +6.292701346e+006 +2.5280e+000 +3.9274e+000 +1.2774e+000 +2.6760e+000 -5.0000e+000
181 0 +1.545640630e+006 +1.545385810e+006 +1.545385810e+006 +2.9464e+000 +3.6300e+000 +5.7683e-001 +1.0709e+000 -5.0000e+000
204 0 +9.911760181e+005 +9.909211981e+005 +9.909211981e+005 +3.1934e+000 +3.2754e+000 +1.0009e+000 +5.6161e-001 -3.8093e+000
237 0 +2.477169890e+005 +2.474621690e+005 +2.474621690e+005 +2.8201e+000 +3.0013e+000 +3.3593e-001 +3.6710e-001 -4.6879e+000
381 0 +1.963729851e+005 +1.961181651e+005 +1.961181651e+005 +2.0783e+000 +2.9597e+000 +9.0834e-001 +7.8648e-001 -5.0000e+000
461 0 +1.645148969e+005 +1.642600769e+005 +1.642600769e+005 +2.0876e+000 +3.0426e+000 +8.4969e-001 +7.2052e-001 -4.9767e+000
477 0 +1.182468057e+005 +1.179919857e+005 +1.179919857e+005 +2.1435e+000 +2.8249e+000 +3.4447e-001 +7.5928e-001 -5.0000e+000
559 0 +9.776389492e+004 +9.750907492e+004 +9.750907492e+004 +2.0218e+000 +2.7070e+000 +3.2023e-001 +6.4491e-001 -5.0000e+000
615 0 +8.747064448e+004 +8.721582448e+004 +8.721582448e+004 +1.8562e+000 +2.6318e+000 +7.1245e-001 +6.4843e-001 -5.0000e+000
631 0 +7.938743441e+004 +7.913261441e+004 +7.913261441e+004 +1.8178e+000 +2.6859e+000 +4.7935e-001 +6.5792e-001 -5.0000e+000
682 0 +5.630235037e+004 +5.604753037e+004 +5.604753037e+004 +1.9769e+000 +2.8629e+000 +3.8303e-001 +6.6217e-001 -5.0000e+000
891 0 +3.077258536e+004 +3.051776536e+004 +3.051776536e+004 +1.9950e+000 +2.7849e+000 +7.0752e-001 +4.9191e-001 -5.0000e+000
913 0 +1.541793195e+004 +1.516311195e+004 +1.516311195e+004 +2.1052e+000 +2.7681e+000 +5.7420e-001 +4.5261e-001 -5.0000e+000
993 0 +8.722255003e+003 +8.467435003e+003 +8.467435003e+003 +2.0402e+000 +2.7865e+000 +5.8653e-001 +5.5154e-001 -5.0000e+000
999 0 +3.381210314e+003 +3.126390314e+003 +3.126390314e+003 +2.0533e+000 +2.8205e+000 +5.5485e-001 +5.3719e-001 -5.0000e+000
1187 0 +2.373067658e+003 +2.118247658e+003 +2.118247658e+003 +2.0528e+000 +2.8321e+000 +5.5318e-001 +5.3517e-001 -5.0000e+000
1279 0 +2.098254576e+003 +1.843434576e+003 +1.843434576e+003 +2.1107e+000 +2.9046e+000 +5.3773e-001 +4.8349e-001 -5.0000e+000
1336 0 +1.999998463e+003 +1.745178463e+003 +1.745178463e+003 +2.0881e+000 +2.8971e+000 +5.3163e-001 +5.2097e-001 -5.0000e+000
1393 0 +5.274766924e+002 +2.726566924e+002 +2.726566924e+002 +2.0580e+000 +2.8801e+000 +5.5727e-001 +5.1860e-001 -5.0000e+000
1451 0 +4.040090696e+002 +1.491890696e+002 +1.491890696e+002 +2.0667e+000 +2.8764e+000 +5.5628e-001 +5.1493e-001 -5.0000e+000
1514 0 +3.814844280e+002 +1.266644280e+002 +1.266644280e+002 +2.0600e+000 +2.8877e+000 +5.3642e-001 +4.8782e-001 -5.0000e+000
1597 0 +3.628196134e+002 +1.079996134e+002 +1.079996134e+002 +2.0625e+000 +2.8717e+000 +5.6007e-001 +5.1405e-001 -5.0000e+000
1656 0 +2.213042641e+002 -3.351573591e+001 -3.351573591e+001 +2.0564e+000 +2.8766e+000 +5.5758e-001 +5.0896e-001 -5.0000e+000
1799 0 +1.278620156e+002 -1.269579844e+002 -1.269579844e+002 +2.0610e+000 +2.8740e+000 +5.4290e-001 +5.0518e-001 -5.0000e+000
1825 0 +6.887694036e+001 -1.859430596e+002 -1.859430596e+002 +2.0596e+000 +2.8756e+000 +5.5579e-001 +4.9542e-001 -5.0000e+000
1915 0 +5.267048898e+001 -2.021495110e+002 -2.021495110e+002 +2.0638e+000 +2.8795e+000 +5.4882e-001 +4.9845e-001 -5.0000e+000
1943 0 +4.804113645e+001 -2.067788635e+002 -2.067788635e+002 +2.0577e+000 +2.8735e+000 +5.5325e-001 +4.9950e-001 -5.0000e+000
1965 0 +3.213842152e+001 -2.226815785e+002 -2.226815785e+002 +2.0593e+000 +2.8755e+000 +5.5008e-001 +4.9902e-001 -5.0000e+000
2258 0 +3.152168478e+001 -2.232983152e+002 -2.232983152e+002 +2.0595e+000 +2.8750e+000 +5.4886e-001 +4.9950e-001 -5.0000e+000
2325 0 +2.902680674e+001 -2.257931933e+002 -2.257931933e+002 +2.0601e+000 +2.8754e+000 +5.5145e-001 +4.9515e-001 -5.0000e+000
2384 0 +2.062174963e+001 -2.341982504e+002 -2.341982504e+002 +2.0624e+000 +2.8749e+000 +5.5047e-001 +4.9835e-001 -5.0000e+000
2525 0 +1.774448092e+001 -2.370755191e+002 -2.370755191e+002 +2.0617e+000 +2.8749e+000 +5.4904e-001 +4.9442e-001 -5.0000e+000
2594 0 +1.605774144e+001 -2.387622586e+002 -2.387622586e+002 +2.0616e+000 +2.8747e+000 +5.4997e-001 +4.9660e-001 -5.0000e+000
2625 0 +1.475970946e+001 -2.400602905e+002 -2.400602905e+002 +2.0619e+000 +2.8747e+000 +5.4949e-001 +4.9642e-001 -5.0000e+000
2658 0 +1.423467288e+001 -2.405853271e+002 -2.405853271e+002 +2.0620e+000 +2.8742e+000 +5.4976e-001 +4.9664e-001 -5.0000e+000
2745 0 +1.346878666e+001 -2.413512133e+002 -2.413512133e+002 +2.0621e+000 +2.8738e+000 +5.4854e-001 +4.9629e-001 -5.0000e+000
2845 0 +1.316291818e+001 -2.416570818e+002 -2.416570818e+002 +2.0622e+000 +2.8740e+000 +5.4874e-001 +4.9577e-001 -5.0000e+000
2868 0 +1.250758425e+001 -2.423124158e+002 -2.423124158e+002 +2.0629e+000 +2.8739e+000 +5.4895e-001 +4.9612e-001 -5.0000e+000
% f evaluations | g evaluations | best noise-free fitness - Fopt (5.661000000000e+001) + sum g_i+ | measured fitness | best measured fitness or single-digit g-values | x1 | x2...
1 0 +1.641714053e+008 +1.641714619e+008 +1.641714619e+008 +0.0000e+000 +0.0000e+000 +0.0000e+000 +0.0000e+000 +0.0000e+000
4 0 +4.516068645e+007 +4.516074306e+007 +4.516074306e+007 -7.5787e-001 -7.8295e-001 +1.2885e+000 +2.7297e+000 -4.5648e+000
11 0 +1.182229445e+007 +1.182235106e+007 +1.182235106e+007 -3.7188e+000 -3.2122e+000 -3.0041e+000 +1.2673e+000 +1.3671e+000
21 0 +3.690121464e+006 +3.690178074e+006 +3.690178074e+006 -3.4107e+000 -4.7819e+000 -4.8273e+000 +8.3652e-001 -1.4787e+000
211 0 +3.017283723e+006 +3.017340333e+006 +3.017340333e+006 -3.6159e+000 -4.4646e+000 -2.5542e+000 +1.1274e+000 -8.5491e-001
281 0 +2.530349216e+006 +2.530405826e+006 +2.530405826e+006 -3.2891e+000 -3.3705e+000 -4.1346e+000 +2.3228e+000 -1.0416e+000
293 0 +9.563725524e+005 +9.564291624e+005 +9.564291624e+005 -2.4397e+000 -4.6711e+000 -4.4709e+000 +1.4991e+000 -9.4773e-001
349 0 +6.971593399e+005 +6.972159499e+005 +6.972159499e+005 -2.5045e+000 -4.4908e+000 -4.3627e+000 +8.8674e-001 -1.5693e+000
404 0 +3.135043996e+005 +3.135610096e+005 +3.135610096e+005 -3.0179e+000 -3.7004e+000 -3.2413e+000 +1.0092e+000 -2.0541e+000
549 0 +2.872591497e+005 +2.873157597e+005 +2.873157597e+005 -3.5475e+000 -3.6122e+000 -3.6817e+000 +1.2041e+000 -1.8782e+000
604 0 +1.773754776e+005 +1.774320876e+005 +1.774320876e+005 -3.1954e+000 -3.6671e+000 -3.4407e+000 +1.1195e+000 -1.9683e+000
623 0 +1.278766681e+005 +1.279332781e+005 +1.279332781e+005 -3.0025e+000 -3.9939e+000 -4.0700e+000 +1.0947e+000 -1.7685e+000
710 0 +5.105729909e+003 +5.162339909e+003 +5.162339909e+003 -2.9113e+000 -3.8851e+000 -3.8808e+000 +1.2565e+000 -1.9099e+000
902 0 +4.473208154e+003 +4.529818154e+003 +4.529818154e+003 -2.8903e+000 -3.7787e+000 -3.8478e+000 +1.2064e+000 -1.8963e+000
1137 0 +1.589154847e+003 +1.645764847e+003 +1.645764847e+003 -2.8843e+000 -3.7742e+000 -3.8488e+000 +1.2395e+000 -1.9067e+000
1404 0 +1.120836583e+003 +1.177446583e+003 +1.177446583e+003 -2.8602e+000 -3.8201e+000 -3.8534e+000 +1.2572e+000 -1.9091e+000
1445 0 +6.953117913e+002 +7.519217913e+002 +7.519217913e+002 -2.8802e+000 -3.7822e+000 -3.8619e+000 +1.2551e+000 -1.9046e+000
1484 0 +6.569879029e+002 +7.135979029e+002 +7.135979029e+002 -2.8750e+000 -3.8230e+000 -3.8630e+000 +1.2632e+000 -1.9185e+000
1634 0 +3.628115933e+002 +4.194215933e+002 +4.194215933e+002 -2.8890e+000 -3.8168e+000 -3.8730e+000 +1.2602e+000 -1.9152e+000
1686 0 +3.543938926e+002 +4.110038926e+002 +4.110038926e+002 -2.8795e+000 -3.8271e+000 -3.8749e+000 +1.2630e+000 -1.9038e+000
1702 0 +9.666356642e+001 +1.532735664e+002 +1.532735664e+002 -2.8808e+000 -3.8144e+000 -3.8658e+000 +1.2670e+000 -1.9048e+000
1802 0 +5.002660076e+001 +1.066366008e+002 +1.066366008e+002 -2.8836e+000 -3.8090e+000 -3.8668e+000 +1.2749e+000 -1.8981e+000
2002 0 +3.452119098e+001 +9.113119098e+001 +9.113119098e+001 -2.8824e+000 -3.8114e+000 -3.8664e+000 +1.2714e+000 -1.9010e+000
2131 0 +3.350291763e+001 +9.011291763e+001 +9.011291763e+001 -2.8830e+000 -3.8109e+000 -3.8664e+000 +1.2736e+000 -1.8982e+000
2189 0 +1.849602907e+001 +7.510602907e+001 +7.510602907e+001 -2.8851e+000 -3.8173e+000 -3.8650e+000 +1.2774e+000 -1.8990e+000
2202 0 +1.210241752e+001 +6.871241752e+001 +6.871241752e+001 -2.8842e+000 -3.8156e+000 -3.8654e+000 +1.2754e+000 -1.8998e+000
2341 0 +1.003295596e+001 +6.664295596e+001 +6.664295596e+001 -2.8844e+000 -3.8150e+000 -3.8650e+000 +1.2749e+000 -1.8993e+000
2434 0 +9.524191156e+000 +6.613419116e+001 +6.613419116e+001 -2.8866e+000 -3.8117e+000 -3.8658e+000 +1.2723e+000 -1.8989e+000
2514 0 +6.912898014e+000 +6.352289801e+001 +6.352289801e+001 -2.8867e+000 -3.8128e+000 -3.8651e+000 +1.2737e+000 -1.9001e+000
2642 0 +6.592987816e+000 +6.320298782e+001 +6.320298782e+001 -2.8867e+000 -3.8124e+000 -3.8659e+000 +1.2715e+000 -1.9001e+000
2718 0 +6.093193192e+000 +6.270319319e+001 +6.270319319e+001 -2.8871e+000 -3.8128e+000 -3.8654e+000 +1.2720e+000 -1.8994e+000
2818 0 +5.877787237e+000 +6.248778724e+001 +6.248778724e+001 -2.8867e+000 -3.8128e+000 -3.8658e+000 +1.2719e+000 -1.8997e+000
2834 0 +5.177887879e+000 +6.178788788e+001 +6.178788788e+001 -2.8867e+000 -3.8132e+000 -3.8653e+000 +1.2728e+000 -1.9002e+000
2930 0 +5.047709622e+000 +6.165770962e+001 +6.165770962e+001 -2.8877e+000 -3.8125e+000 -3.8664e+000 +1.2727e+000 -1.9005e+000
2975 0 +4.743235626e+000 +6.135323563e+001 +6.135323563e+001 -2.8868e+000 -3.8150e+000 -3.8660e+000 +1.2730e+000 -1.8995e+000
3134 0 +4.540120074e+000 +6.115012007e+001 +6.115012007e+001 -2.8867e+000 -3.8144e+000 -3.8658e+000 +1.2729e+000 -1.8997e+000
% f evaluations | g evaluations | best noise-free fitness - Fopt (-1.810000000000e+001) + sum g_i+ | measured fitness | best measured fitness or single-digit g-values | x1 | x2...
1 0 +5.982210084e+007 +5.982208274e+007 +5.982208274e+007 +0.0000e+000 +0.0000e+000 +0.0000e+000 +0.0000e+000 +0.0000e+000
8 0 +4.183546382e+007 +4.183544572e+007 +4.183544572e+007 +3.4626e+000 -1.6088e+000 +2.0210e-001 +3.8628e+000 +1.0812e+000
12 0 +1.218301745e+007 +1.218299935e+007 +1.218299935e+007 -3.2343e-001 +2.8767e+000 +4.7542e+000 -7.7070e-001 +1.9926e+000
35 0 +7.096721258e+006 +7.096703158e+006 +7.096703158e+006 +8.5818e-001 +1.4494e-001 +7.3787e-002 +4.8934e+000 +3.8640e+000
117 0 +3.080252612e+006 +3.080234512e+006 +3.080234512e+006 -5.2136e-001 +1.3022e+000 +2.0461e+000 +2.2444e+000 +1.2460e+000
313 0 +2.732482386e+006 +2.732464286e+006 +2.732464286e+006 +6.9962e-003 +1.5248e+000 +1.7213e+000 +5.5300e+000 +2.7827e+000
331 0 +2.049173418e+006 +2.049155318e+006 +2.049155318e+006 -1.1325e+000 +1.2993e+000 +3.6332e+000 +4.1434e+000 +1.0282e+000
373 0 +8.667794059e+005 +8.667613059e+005 +8.667613059e+005 -6.5711e-001 +1.1284e+000 +2.2152e+000 +3.1325e+000 +2.7139e+000
427 0 +4.876795991e+005 +4.876614991e+005 +4.876614991e+005 -6.1913e-001 +6.9655e-001 +2.4868e+000 +2.8215e+000 +2.0078e+000
558 0 +2.287080768e+005 +2.286899768e+005 +2.286899768e+005 -4.3529e-001 +5.0372e-001 +2.9949e+000 +3.0957e+000 +2.3491e+000
602 0 +2.227858288e+005 +2.227677288e+005 +2.227677288e+005 -3.2876e-001 +9.2630e-001 +2.5790e+000 +3.3307e+000 +2.4298e+000
608 0 +1.776120792e+005 +1.775939792e+005 +1.775939792e+005 -3.9928e-001 +9.2638e-001 +2.7462e+000 +3.8059e+000 +1.8676e+000
634 0 +1.516088860e+005 +1.515907860e+005 +1.515907860e+005 -6.6126e-001 +6.3053e-001 +3.1136e+000 +3.0220e+000 +2.2763e+000
636 0 +1.069990717e+005 +1.069809717e+005 +1.069809717e+005 -9.2394e-001 +1.0044e+000 +4.1077e+000 +2.5599e+000 +1.8497e+000
692 0 +9.875106175e+004 +9.873296175e+004 +9.873296175e+004 -1.1022e-001 +7.4089e-001 +2.2711e+000 +3.8589e+000 +2.4014e+000
705 0 +7.093424954e+004 +7.091614954e+004 +7.091614954e+004 -3.0863e-001 +7.2174e-001 +2.4341e+000 +3.4599e+000 +2.2500e+000
743 0 +5.004086547e+004 +5.002276547e+004 +5.002276547e+004 -8.7322e-001 +8.9345e-001 +3.3098e+000 +3.1175e+000 +1.7445e+000
881 0 +2.239153754e+004 +2.237343754e+004 +2.237343754e+004 -7.5130e-001 +8.2357e-001 +3.3081e+000 +3.1190e+000 +1.8473e+000
932 0 +2.151491502e+004 +2.149681502e+004 +2.149681502e+004 -7.3970e-001 +8.3168e-001 +2.9978e+000 +3.2361e+000 +2.0196e+000
1023 0 +1.388614245e+004 +1.386804245e+004 +1.386804245e+004 -4.9693e-001 +7.1014e-001 +2.8423e+000 +3.4295e+000 +2.1858e+000
1029 0 +1.398005948e+003 +1.379905948e+003 +1.379905948e+003 -5.4015e-001 +6.7723e-001 +2.7525e+000 +3.5245e+000 +2.0868e+000
1327 0 +6.693091542e+002 +6.512091542e+002 +6.512091542e+002 -5.4875e-001 +6.5217e-001 +2.7656e+000 +3.5400e+000 +2.1210e+000
1429 0 +6.601022190e+002 +6.420022190e+002 +6.420022190e+002 -5.4394e-001 +6.7468e-001 +2.7556e+000 +3.5268e+000 +2.0992e+000
1522 0 +4.817608592e+002 +4.636608592e+002 +4.636608592e+002 -5.3134e-001 +6.4339e-001 +2.7112e+000 +3.5495e+000 +2.1437e+000
1582 0 +3.174590609e+002 +2.993590609e+002 +2.993590609e+002 -5.6646e-001 +6.8201e-001 +2.7669e+000 +3.5315e+000 +2.1011e+000
1607 0 +6.230830097e+001 +4.420830097e+001 +4.420830097e+001 -5.7190e-001 +6.8303e-001 +2.7757e+000 +3.5225e+000 +2.1161e+000
1731 0 +5.667147568e+001 +3.857147568e+001 +3.857147568e+001 -5.6022e-001 +6.7476e-001 +2.7544e+000 +3.5301e+000 +2.1187e+000
1922 0 +2.759880143e+001 +9.498801426e+000 +9.498801426e+000 -5.4983e-001 +6.6798e-001 +2.7413e+000 +3.5397e+000 +2.1274e+000
2057 0 +1.821888003e+001 +1.188800315e-001 +1.188800315e-001 -5.5327e-001 +6.7085e-001 +2.7414e+000 +3.5378e+000 +2.1282e+000
2331 0 +1.759247559e+001 -5.075244056e-001 -5.075244056e-001 -5.5386e-001 +6.7130e-001 +2.7426e+000 +3.5375e+000 +2.1282e+000
2338 0 +1.046828014e+001 -7.631719862e+000 -7.631719862e+000 -5.4675e-001 +6.7098e-001 +2.7369e+000 +3.5419e+000 +2.1260e+000
2438 0 +5.088711409e+000 -1.301128859e+001 -1.301128859e+001 -5.4446e-001 +6.6967e-001 +2.7324e+000 +3.5457e+000 +2.1287e+000
2451 0 +3.187900665e+000 -1.491209934e+001 -1.491209934e+001 -5.4802e-001 +6.6978e-001 +2.7346e+000 +3.5451e+000 +2.1288e+000
2592 0 +2.239765964e+000 -1.586023404e+001 -1.586023404e+001 -5.4728e-001 +6.6979e-001 +2.7341e+000 +3.5448e+000 +2.1291e+000
2607 0 +2.082990029e+000 -1.601700997e+001 -1.601700997e+001 -5.5153e-001 +6.7277e-001 +2.7426e+000 +3.5406e+000 +2.1271e+000
2651 0 +8.824306834e-001 -1.721756932e+001 -1.721756932e+001 -5.4608e-001 +6.7005e-001 +2.7322e+000 +3.5462e+000 +2.1289e+000
2802 0 +2.986425247e-001 -1.780135748e+001 -1.780135748e+001 -5.4567e-001 +6.7013e-001 +2.7312e+000 +3.5467e+000 +2.1296e+000
2925 0 +2.646860345e-001 -1.783531397e+001 -1.783531397e+001 -5.4599e-001 +6.7020e-001 +2.7315e+000 +3.5464e+000 +2.1294e+000
3033 0 +9.841950488e-002 -1.800158050e+001 -1.800158050e+001 -5.4647e-001 +6.7071e-001 +2.7323e+000 +3.5461e+000 +2.1294e+000
3125 0 +9.513343860e-002 -1.800486656e+001 -1.800486656e+001 -5.4677e-001 +6.7078e-001 +2.7325e+000 +3.5459e+000 +2.1293e+000
3130 0 +7.422400401e-002 -1.802577600e+001 -1.802577600e+001 -5.4650e-001 +6.7066e-001 +2.7321e+000 +3.5462e+000 +2.1295e+000
3238 0 +5.864753671e-002 -1.804135246e+001 -1.804135246e+001 -5.4646e-001 +6.7072e-001 +2.7320e+000 +3.5462e+000 +2.1294e+000
3357 0 +4.580407159e-002 -1.805419593e+001 -1.805419593e+001 -5.4660e-001 +6.7085e-001 +2.7322e+000 +3.5460e+000 +2.1295e+000
3431 0 +3.697264948e-002 -1.806302735e+001 -1.806302735e+001 -5.4632e-001 +6.7060e-001 +2.7317e+000 +3.5461e+000 +2.1296e+000
3557 0 +3.562308851e-002 -1.806437691e+001 -1.806437691e+001 -5.4643e-001 +6.7076e-001 +2.7320e+000 +3.5460e+000 +2.1295e+000
3733 0 +3.429158506e-002 -1.806570841e+001 -1.806570841e+001 -5.4647e-001 +6.7075e-001 +2.7320e+000 +3.5460e+000 +2.1295e+000
3738 0 +3.307884896e-002 -1.806692115e+001 -1.806692115e+001 -5.4642e-001 +6.7073e-001 +2.7319e+000 +3.5461e+000 +2.1295e+000
3919 0 +2.999400803e-002 -1.807000599e+001 -1.807000599e+001 -5.4643e-001 +6.7074e-001 +2.7320e+000 +3.5460e+000 +2.1296e+000
4502 0 +2.945390381e-002 -1.807054610e+001 -1.807054610e+001 -5.4643e-001 +6.7075e-001 +2.7320e+000 +3.5460e+000 +2.1296e+000
% f evaluations | g evaluations | best noise-free fitness - Fopt (3.777000000000e+001) + sum g_i+ | measured fitness | best measured fitness or single-digit g-values | x1 | x2...
1 0 +5.916572692e+006 +5.916610462e+006 +5.916610462e+006 +0.0000e+000 +0.0000e+000 +0.0000e+000 +0.0000e+000 +0.0000e+000
10 0 +3.105893590e+006 +3.105931360e+006 +3.105931360e+006 -1.5409e+000 +2.8394e+000 -4.4214e-001 +3.0738e+000 +3.1443e+000
40 0 +1.136548981e+006 +1.136586751e+006 +1.136586751e+006 -2.0824e+000 +2.6925e+000 -1.5885e+000 +2.6406e+000 +1.8212e+000
410 0 +7.823671486e+005 +7.824049186e+005 +7.824049186e+005 -2.5105e+000 +2.0061e+000 -6.2524e-001 +1.6345e+000 +2.3038e+000
468 0 +2.576114499e+005 +2.576492199e+005 +2.576492199e+005 -2.4549e+000 +2.9217e+000 -1.5856e+000 +2.3126e+000 +2.6362e+000
512 0 +1.821822954e+005 +1.822200654e+005 +1.822200654e+005 -2.3115e+000 +2.7059e+000 -1.3559e+000 +2.3107e+000 +2.7681e+000
637 0 +1.807131132e+005 +1.807508832e+005 +1.807508832e+005 -2.1946e+000 +2.5002e+000 -1.2987e+000 +2.4850e+000 +2.2859e+000
671 0 +1.124089327e+005 +1.124467027e+005 +1.124467027e+005 -2.2340e+000 +2.4632e+000 -1.1271e+000 +2.2754e+000 +2.5490e+000
701 0 +1.044563898e+005 +1.044941598e+005 +1.044941598e+005 -2.6874e+000 +3.0074e+000 -1.7694e+000 +2.6280e+000 +2.6706e+000
807 0 +3.753436286e+004 +3.757213286e+004 +3.757213286e+004 -2.7578e+000 +3.0124e+000 -1.7466e+000 +2.7939e+000 +2.6712e+000
937 0 +1.511842041e+004 +1.515619041e+004 +1.515619041e+004 -2.8994e+000 +2.9484e+000 -1.8119e+000 +2.6665e+000 +2.7170e+000
975 0 +1.141821987e+004 +1.145598987e+004 +1.145598987e+004 -2.8350e+000 +2.9619e+000 -1.7748e+000 +2.8385e+000 +2.7346e+000
1137 0 +8.894579273e+003 +8.932349273e+003 +8.932349273e+003 -2.7531e+000 +2.9317e+000 -1.7332e+000 +2.7436e+000 +2.6745e+000
1189 0 +3.848783792e+003 +3.886553792e+003 +3.886553792e+003 -2.9595e+000 +3.0296e+000 -1.8508e+000 +2.8505e+000 +2.7727e+000
1281 0 +2.257504507e+003 +2.295274507e+003 +2.295274507e+003 -2.9034e+000 +2.9700e+000 -1.8381e+000 +2.8137e+000 +2.8076e+000
1357 0 +1.060939368e+003 +1.098709368e+003 +1.098709368e+003 -2.9201e+000 +2.9907e+000 -1.8233e+000 +2.8159e+000 +2.7995e+000
1464 0 +8.980059742e+002 +9.357759742e+002 +9.357759742e+002 -2.9317e+000 +3.0080e+000 -1.8726e+000 +2.8479e+000 +2.8212e+000
1610 0 +3.677493971e+002 +4.055193971e+002 +4.055193971e+002 -2.9712e+000 +3.0246e+000 -1.9086e+000 +2.8611e+000 +2.8328e+000
1746 0 +3.509386582e+002 +3.887086582e+002 +3.887086582e+002 -2.9906e+000 +3.0300e+000 -1.9125e+000 +2.8743e+000 +2.8397e+000
1807 0 +2.678244284e+002 +3.055944284e+002 +3.055944284e+002 -2.9865e+000 +3.0298e+000 -1.9154e+000 +2.8730e+000 +2.8395e+000
1911 0 +2.457912413e+002 +2.835612413e+002 +2.835612413e+002 -2.9861e+000 +3.0299e+000 -1.9144e+000 +2.8719e+000 +2.8388e+000
1950 0 +2.003333955e+002 +2.381033955e+002 +2.381033955e+002 -2.9787e+000 +3.0288e+000 -1.9065e+000 +2.8694e+000 +2.8366e+000
2026 0 +1.116540262e+002 +1.494240262e+002 +1.494240262e+002 -2.9878e+000 +3.0325e+000 -1.9115e+000 +2.8723e+000 +2.8347e+000
2107 0 +8.746595729e+001 +1.252359573e+002 +1.252359573e+002 -2.9744e+000 +3.0304e+000 -1.9036e+000 +2.8722e+000 +2.8293e+000
2137 0 +7.062852756e+001 +1.083985276e+002 +1.083985276e+002 -2.9024e+000 +2.9783e+000 -1.8340e+000 +2.7998e+000 +2.7705e+000
2266 0 +4.335498743e+001 +8.112498743e+001 +8.112498743e+001 -2.9532e+000 +3.0149e+000 -1.8829e+000 +2.8486e+000 +2.8071e+000
2320 0 +3.811426257e+001 +7.588426257e+001 +7.588426257e+001 -2.9500e+000 +3.0122e+000 -1.8792e+000 +2.8447e+000 +2.8046e+000
2466 0 +2.817568591e+001 +6.594568591e+001 +6.594568591e+001 -2.9594e+000 +3.0185e+000 -1.8873e+000 +2.8525e+000 +2.8133e+000
2511 0 +2.685250363e+001 +6.462250363e+001 +6.462250363e+001 -2.9554e+000 +3.0162e+000 -1.8822e+000 +2.8469e+000 +2.8098e+000
2607 0 +2.464037922e+001 +6.241037922e+001 +6.241037922e+001 -2.9534e+000 +3.0133e+000 -1.8803e+000 +2.8432e+000 +2.8067e+000
2616 0 +2.373660318e+001 +6.150660318e+001 +6.150660318e+001 -2.9576e+000 +3.0167e+000 -1.8844e+000 +2.8481e+000 +2.8107e+000
2902 0 +2.309739357e+001 +6.086739357e+001 +6.086739357e+001 -2.9615e+000 +3.0194e+000 -1.8881e+000 +2.8519e+000 +2.8132e+000
3107 0 +2.288572627e+001 +6.065572627e+001 +6.065572627e+001 -2.9606e+000 +3.0187e+000 -1.8873e+000 +2.8510e+000 +2.8124e+000
4906 0 +2.237843170e+001 +6.014843170e+001 +6.014843170e+001 -2.9440e+000 +3.0068e+000 -1.8700e+000 +2.8350e+000 +2.7996e+000
5710 0 +2.186117465e+001 +5.963117465e+001 +5.963117465e+001 -2.9231e+000 +2.9922e+000 -1.8484e+000 +2.8150e+000 +2.7842e+000
6532 0 +2.137896691e+001 +5.914896691e+001 +5.914896691e+001 -2.8965e+000 +2.9735e+000 -1.8207e+000 +2.7896e+000 +2.7645e+000
% f evaluations | g evaluations | best noise-free fitness - Fopt (-6.325500000000e+002) + sum g_i+ | measured fitness | best measured fitness or single-digit g-values | x1 | x2...
1 0 +9.146247928e+006 +9.145615378e+006 +9.145615378e+006 +0.0000e+000 +0.0000e+000 +0.0000e+000 +0.0000e+000 +0.0000e+000
4 0 +5.843641378e+006 +5.843008828e+006 +5.843008828e+006 -2.3181e+000 -8.4992e-001 -2.8606e-001 +1.9460e+000 -1.9421e+000
170 0 +2.719976344e+006 +2.719343794e+006 +2.719343794e+006 +2.6435e+000 +2.0936e+000 +1.5768e+000 -6.9373e-001 -1.0766e+000
208 0 +2.416912382e+006 +2.416279832e+006 +2.416279832e+006 +2.9617e+000 +2.4462e+000 +2.1983e+000 -1.2919e+000 -1.0464e+000
316 0 +1.845428650e+006 +1.844796100e+006 +1.844796100e+006 +3.5600e+000 +2.0823e+000 +2.2309e+000 -1.1871e+000 -1.1918e+000
338 0 +1.702736474e+006 +1.702103924e+006 +1.702103924e+006 +2.7523e+000 +2.1726e+000 +2.7437e+000 -1.2409e+000 -1.0009e+000
404 0 +1.695754595e+006 +1.695122045e+006 +1.695122045e+006 +2.5580e+000 +2.0011e+000 +2.7468e+000 -1.2281e+000 -9.1460e-001
440 0 +1.472428788e+006 +1.471796238e+006 +1.471796238e+006 +3.5916e+000 +1.9357e+000 +2.5238e+000 -1.5691e+000 +1.4007e-001
449 0 +1.232679317e+006 +1.232046767e+006 +1.232046767e+006 +2.2732e-001 +3.7685e-001 +2.9000e+000 +1.6675e+000 -2.0034e+000
460 0 +1.229528069e+006 +1.228895519e+006 +1.228895519e+006 +2.8067e+000 +1.3966e+000 +3.5473e+000 +1.9915e-002 +1.8718e-001
503 0 +1.106864225e+006 +1.106231675e+006 +1.106231675e+006 +1.3002e+000 +8.6418e-001 +3.2125e+000 +1.1866e-001 -5.9541e-001
507 0 +2.607649031e+005 +2.601323531e+005 +2.601323531e+005 +3.1070e+000 +1.9836e+000 +2.7246e+000 -6.0139e-001 -5.1749e-001
527 0 +1.093039356e+005 +1.086713856e+005 +1.086713856e+005 +3.0273e+000 +1.4780e+000 +3.0554e+000 -1.7993e-001 -3.7217e-001
724 0 +8.757091864e+004 +8.693836864e+004 +8.693836864e+004 +3.3228e+000 +1.8216e+000 +2.9536e+000 -4.3441e-001 -6.8853e-001
752 0 +7.090950251e+004 +7.027695251e+004 +7.027695251e+004 +2.8261e+000 +1.5884e+000 +2.9661e+000 -1.6046e-001 -4.6589e-001
776 0 +6.447788646e+004 +6.384533646e+004 +6.384533646e+004 +2.9758e+000 +1.5541e+000 +2.9032e+000 -2.4040e-001 -4.5428e-001
861 0 +3.521509034e+004 +3.458254034e+004 +3.458254034e+004 +3.1290e+000 +1.6807e+000 +2.9370e+000 -8.4015e-002 -3.5908e-001
874 0 +2.962567156e+004 +2.899312156e+004 +2.899312156e+004 +3.1143e+000 +1.7324e+000 +2.9208e+000 -2.3615e-001 -6.1276e-001
999 0 +2.773610127e+004 +2.710355127e+004 +2.710355127e+004 +3.1335e+000 +1.5548e+000 +2.9596e+000 -1.6132e-001 -4.8210e-001
1045 0 +1.048221735e+004 +9.849667351e+003 +9.849667351e+003 +3.1463e+000 +1.6081e+000 +2.8845e+000 -1.2484e-001 -5.2229e-001
1162 0 +5.904161137e+003 +5.271611137e+003 +5.271611137e+003 +3.2664e+000 +1.7039e+000 +2.9160e+000 -1.9773e-001 -4.6243e-001
1191 0 +5.834866252e+003 +5.202316252e+003 +5.202316252e+003 +3.1677e+000 +1.6605e+000 +2.9553e+000 -1.5661e-001 -5.6219e-001
1238 0 +2.169043682e+003 +1.536493682e+003 +1.536493682e+003 +3.1953e+000 +1.6817e+000 +2.9396e+000 -1.3559e-001 -5.6888e-001
1413 0 +1.799340107e+003 +1.166790107e+003 +1.166790107e+003 +3.2229e+000 +1.7014e+000 +2.9310e+000 -9.7204e-002 -5.0097e-001
1462 0 +1.314445572e+003 +6.818955717e+002 +6.818955717e+002 +3.2530e+000 +1.6998e+000 +2.9428e+000 -1.8295e-001 -5.2457e-001
1613 0 +8.848489168e+002 +2.522989168e+002 +2.522989168e+002 +3.2272e+000 +1.6936e+000 +2.9253e+000 -1.5808e-001 -5.2910e-001
1715 0 +5.339897794e+002 -9.856022056e+001 -9.856022056e+001 +3.2085e+000 +1.7044e+000 +2.9283e+000 -1.4389e-001 -5.1723e-001
1816 0 +3.079135020e+002 -3.246364980e+002 -3.246364980e+002 +3.2105e+000 +1.7115e+000 +2.9176e+000 -1.3143e-001 -5.2657e-001
1875 0 +2.503716009e+002 -3.821783991e+002 -3.821783991e+002 +3.2891e+000 +1.7339e+000 +2.9492e+000 -1.6906e-001 -5.2264e-001
1876 0 +1.707933263e+002 -4.617566737e+002 -4.617566737e+002 +3.2284e+000 +1.7112e+000 +2.9265e+000 -1.4494e-001 -5.3219e-001
1975 0 +9.950814244e+001 -5.330418576e+002 -5.330418576e+002 +3.2532e+000 +1.7179e+000 +2.9424e+000 -1.5067e-001 -5.1510e-001
2004 0 +4.316604008e+001 -5.893839599e+002 -5.893839599e+002 +3.2374e+000 +1.7121e+000 +2.9327e+000 -1.4595e-001 -5.2705e-001
2209 0 +3.316699553e+001 -5.993830045e+002 -5.993830045e+002 +3.2490e+000 +1.7175e+000 +2.9378e+000 -1.4578e-001 -5.2106e-001
2309 0 +2.000468800e+001 -6.125453120e+002 -6.125453120e+002 +3.2448e+000 +1.7161e+000 +2.9343e+000 -1.4750e-001 -5.2181e-001
2339 0 +1.943175432e+001 -6.131182457e+002 -6.131182457e+002 +3.2463e+000 +1.7158e+000 +2.9366e+000 -1.4610e-001 -5.2220e-001
2340 0 +1.788430544e+001 -6.146656946e+002 -6.146656946e+002 +3.2431e+000 +1.7146e+000 +2.9354e+000 -1.4531e-001 -5.2438e-001
2536 0 +1.717669701e+001 -6.153733030e+002 -6.153733030e+002 +3.2448e+000 +1.7143e+000 +2.9356e+000 -1.4512e-001 -5.2109e-001
2572 0 +1.630711790e+001 -6.162428821e+002 -6.162428821e+002 +3.2364e+000 +1.7098e+000 +2.9324e+000 -1.4127e-001 -5.2536e-001
2609 0 +1.614533993e+001 -6.164046601e+002 -6.164046601e+002 +3.2391e+000 +1.7116e+000 +2.9344e+000 -1.4245e-001 -5.2595e-001
2619 0 +1.374734287e+001 -6.188026571e+002 -6.188026571e+002 +3.2411e+000 +1.7118e+000 +2.9341e+000 -1.4285e-001 -5.2525e-001
2661 0 +1.329269144e+001 -6.192573086e+002 -6.192573086e+002 +3.2389e+000 +1.7118e+000 +2.9334e+000 -1.4251e-001 -5.2515e-001
2874 0 +1.248906354e+001 -6.200609365e+002 -6.200609365e+002 +3.2388e+000 +1.7119e+000 +2.9335e+000 -1.4180e-001 -5.2523e-001
2879 0 +1.204665610e+001 -6.205033439e+002 -6.205033439e+002 +3.2413e+000 +1.7126e+000 +2.9343e+000 -1.4299e-001 -5.2361e-001
2909 0 +1.187610447e+001 -6.206738955e+002 -6.206738955e+002 +3.2402e+000 +1.7121e+000 +2.9337e+000 -1.4247e-001 -5.2403e-001
3319 0 +1.174723410e+001 -6.208027659e+002 -6.208027659e+002 +3.2411e+000 +1.7126e+000 +2.9338e+000 -1.4283e-001 -5.2398e-001
% f evaluations | g evaluations | best noise-free fitness - Fopt (-8.530000000000e+001) + sum g_i+ | measured fitness | best measured fitness or single-digit g-values | x1 | x2...
1 0 +1.015752237e+007 +1.015743707e+007 +1.015743707e+007 +0.0000e+000 +0.0000e+000 +0.0000e+000 +0.0000e+000 +0.0000e+000
36 0 +5.219597009e+006 +5.219511709e+006 +5.219511709e+006 -3.7088e+000 +2.0916e+000 +2.8858e-001 -4.9621e+000 +1.9019e-001
69 0 +4.848810439e+006 +4.848725139e+006 +4.848725139e+006 +1.8896e+000 -5.5391e-001 +3.1050e+000 -3.5898e-001 +4.2642e-001
75 0 +1.004565078e+006 +1.004479778e+006 +1.004479778e+006 -2.5941e+000 +1.2876e+000 +8.6927e-001 -2.8056e+000 +4.2854e-001
258 0 +5.176814774e+005 +5.175961774e+005 +5.175961774e+005 -2.8589e+000 +1.0141e+000 +8.7417e-001 -2.7717e+000 +7.4903e-001
352 0 +4.800630473e+005 +4.799777473e+005 +4.799777473e+005 -2.9416e+000 +1.2398e+000 +9.5314e-001 -2.8402e+000 +6.9423e-001
605 0 +1.971460008e+005 +1.970607008e+005 +1.970607008e+005 -2.6583e+000 +1.1437e+000 +1.4802e+000 -2.1061e+000 +1.0547e+000
720 0 +1.749640818e+005 +1.748787818e+005 +1.748787818e+005 -1.6990e+000 +5.1379e-001 +1.5950e+000 -1.8816e+000 +1.2168e+000
741 0 +1.004048240e+005 +1.003195240e+005 +1.003195240e+005 -2.5355e+000 +1.0888e+000 +1.5165e+000 -2.2345e+000 +1.1054e+000
904 0 +9.116964963e+004 +9.108434963e+004 +9.108434963e+004 -2.5623e+000 +1.0904e+000 +1.4608e+000 -2.2060e+000 +1.1003e+000
937 0 +2.660814887e+004 +2.652284887e+004 +2.652284887e+004 -2.4540e+000 +1.0515e+000 +1.1829e+000 -2.4818e+000 +1.1131e+000
1029 0 +2.024298959e+004 +2.015768959e+004 +2.015768959e+004 -2.4911e+000 +1.0261e+000 +1.3508e+000 -2.2994e+000 +1.1412e+000
1109 0 +1.458536093e+004 +1.450006093e+004 +1.450006093e+004 -2.5837e+000 +1.1433e+000 +1.2106e+000 -2.4332e+000 +1.2050e+000
1148 0 +6.314559594e+003 +6.229259594e+003 +6.229259594e+003 -2.4392e+000 +1.0436e+000 +1.2717e+000 -2.4037e+000 +1.1380e+000
1175 0 +2.859705711e+003 +2.774405711e+003 +2.774405711e+003 -2.4355e+000 +1.0161e+000 +1.3253e+000 -2.3981e+000 +1.1546e+000
1487 0 +8.744725484e+002 +7.891725484e+002 +7.891725484e+002 -2.4501e+000 +1.0728e+000 +1.2947e+000 -2.4666e+000 +1.1890e+000
1609 0 +4.597797318e+002 +3.744797318e+002 +3.744797318e+002 -2.4426e+000 +1.0522e+000 +1.2944e+000 -2.4456e+000 +1.1742e+000
1809 0 +2.795162158e+002 +1.942162158e+002 +1.942162158e+002 -2.4487e+000 +1.0599e+000 +1.2919e+000 -2.4503e+000 +1.1787e+000
1866 0 +2.750512813e+002 +1.897512813e+002 +1.897512813e+002 -2.4397e+000 +1.0552e+000 +1.3031e+000 -2.4244e+000 +1.1823e+000
1901 0 +2.525368615e+002 +1.672368615e+002 +1.672368615e+002 -2.4485e+000 +1.0580e+000 +1.3015e+000 -2.4457e+000 +1.1720e+000
1971 0 +1.725825744e+002 +8.728257438e+001 +8.728257438e+001 -2.4429e+000 +1.0573e+000 +1.3152e+000 -2.4267e+000 +1.1727e+000
2026 0 +1.120629101e+002 +2.676291013e+001 +2.676291013e+001 -2.4327e+000 +1.0550e+000 +1.3233e+000 -2.4106e+000 +1.1739e+000
2035 0 +6.393149013e+001 -2.136850987e+001 -2.136850987e+001 -2.4425e+000 +1.0579e+000 +1.3100e+000 -2.4253e+000 +1.1767e+000
2299 0 +5.503769885e+001 -3.026230115e+001 -3.026230115e+001 -2.4423e+000 +1.0574e+000 +1.3087e+000 -2.4259e+000 +1.1762e+000
2313 0 +4.851856430e+001 -3.678143570e+001 -3.678143570e+001 -2.4420e+000 +1.0578e+000 +1.3085e+000 -2.4255e+000 +1.1764e+000
2466 0 +4.512475121e+001 -4.017524879e+001 -4.017524879e+001 -2.4426e+000 +1.0584e+000 +1.3093e+000 -2.4262e+000 +1.1756e+000
2478 0 +2.623975298e+001 -5.906024702e+001 -5.906024702e+001 -2.4381e+000 +1.0581e+000 +1.3093e+000 -2.4223e+000 +1.1754e+000
2518 0 +2.332502867e+001 -6.197497133e+001 -6.197497133e+001 -2.4371e+000 +1.0588e+000 +1.3088e+000 -2.4249e+000 +1.1746e+000
2559 0 +2.111809908e+001 -6.418190092e+001 -6.418190092e+001 -2.4388e+000 +1.0577e+000 +1.3094e+000 -2.4235e+000 +1.1746e+000
2730 0 +2.051849761e+001 -6.478150239e+001 -6.478150239e+001 -2.4375e+000 +1.0581e+000 +1.3116e+000 -2.4202e+000 +1.1746e+000
2766 0 +1.934863569e+001 -6.595136431e+001 -6.595136431e+001 -2.4358e+000 +1.0581e+000 +1.3114e+000 -2.4198e+000 +1.1742e+000
2768 0 +1.659455466e+001 -6.870544534e+001 -6.870544534e+001 -2.4365e+000 +1.0578e+000 +1.3099e+000 -2.4217e+000 +1.1735e+000
2835 0 +1.611020204e+001 -6.918979796e+001 -6.918979796e+001 -2.4368e+000 +1.0574e+000 +1.3095e+000 -2.4231e+000 +1.1724e+000
2841 0 +1.386615671e+001 -7.143384329e+001 -7.143384329e+001 -2.4356e+000 +1.0570e+000 +1.3121e+000 -2.4188e+000 +1.1727e+000
2868 0 +1.325263207e+001 -7.204736793e+001 -7.204736793e+001 -2.4367e+000 +1.0580e+000 +1.3107e+000 -2.4209e+000 +1.1730e+000
2968 0 +1.284541002e+001 -7.245458998e+001 -7.245458998e+001 -2.4368e+000 +1.0581e+000 +1.3111e+000 -2.4205e+000 +1.1727e+000
2994 0 +1.228029123e+001 -7.301970877e+001 -7.301970877e+001 -2.4374e+000 +1.0581e+000 +1.3108e+000 -2.4216e+000 +1.1731e+000
3140 0 +1.187439457e+001 -7.342560543e+001 -7.342560543e+001 -2.4373e+000 +1.0582e+000 +1.3110e+000 -2.4215e+000 +1.1726e+000
3587 0 +1.174687435e+001 -7.355312565e+001 -7.355312565e+001 -2.4374e+000 +1.0582e+000 +1.3107e+000 -2.4221e+000 +1.1727e+000
% f evaluations | g evaluations | best noise-free fitness - Fopt (1.719500000000e+002) + sum g_i+ | measured fitness | best measured fitness or single-digit g-values | x1 | x2...
1 0 +2.487786894e+007 +2.487804089e+007 +2.487804089e+007 +0.0000e+000 +0.0000e+000 +0.0000e+000 +0.0000e+000 +0.0000e+000
5 0 +1.706736375e+007 +1.706753570e+007 +1.706753570e+007 +1.1444e+000 +2.6377e+000 -3.6409e+000 -4.0366e+000 -5.7502e-001
17 0 +2.337080510e+006 +2.337252460e+006 +2.337252460e+006 +1.3232e+000 +3.7610e+000 -1.9542e+000 -3.6180e+000 +4.0675e-001
228 0 +1.571569894e+006 +1.571741844e+006 +1.571741844e+006 +2.4629e+000 +3.0990e+000 -1.2079e+000 -2.0350e+000 +7.4228e-001
342 0 +1.487488130e+006 +1.487660080e+006 +1.487660080e+006 +4.6995e+000 +2.8446e+000 -3.5726e+000 -2.7719e+000 -9.9707e-001
373 0 +6.700845491e+005 +6.702564991e+005 +6.702564991e+005 +2.2600e+000 +3.7109e+000 -1.7813e+000 -2.1009e+000 +8.8447e-001
445 0 +6.356573268e+005 +6.358292768e+005 +6.358292768e+005 +1.3617e+000 +3.7632e+000 -1.8200e+000 -2.0033e+000 +1.0355e+000
520 0 +2.067989502e+005 +2.069709002e+005 +2.069709002e+005 +1.4805e+000 +3.9235e+000 -2.2971e+000 -2.6294e+000 +6.2621e-001
535 0 +1.839902498e+005 +1.841621998e+005 +1.841621998e+005 +2.1064e+000 +3.5466e+000 -2.0283e+000 -2.3459e+000 +6.8540e-001
609 0 +1.354779059e+005 +1.356498559e+005 +1.356498559e+005 +2.2493e+000 +3.4276e+000 -2.1937e+000 -2.3857e+000 +5.8567e-001
742 0 +6.960406884e+004 +6.977601884e+004 +6.977601884e+004 +2.8585e+000 +3.5989e+000 -2.2915e+000 -2.5253e+000 +3.9045e-001
831 0 +6.296213444e+004 +6.313408444e+004 +6.313408444e+004 +2.5539e+000 +3.3898e+000 -2.1602e+000 -2.8658e+000 +3.6020e-001
857 0 +4.363114249e+004 +4.380309249e+004 +4.380309249e+004 +2.9381e+000 +3.6483e+000 -2.2174e+000 -2.6960e+000 +1.8016e-001
911 0 +2.306925477e+004 +2.324120477e+004 +2.324120477e+004 +2.7537e+000 +3.5803e+000 -2.2217e+000 -2.6618e+000 +3.4557e-001
954 0 +2.195859140e+004 +2.213054140e+004 +2.213054140e+004 +3.2329e+000 +3.2801e+000 -2.3238e+000 -2.6612e+000 +1.9924e-001
979 0 +1.874819236e+004 +1.892014236e+004 +1.892014236e+004 +2.0995e+000 +3.6353e+000 -2.0504e+000 -2.7264e+000 +4.2833e-001
1054 0 +8.180266176e+003 +8.352216176e+003 +8.352216176e+003 +3.0438e+000 +3.4132e+000 -2.2694e+000 -2.6201e+000 +1.2984e-001
1111 0 +7.448861797e+002 +9.168361797e+002 +9.168361797e+002 +3.1569e+000 +3.4381e+000 -2.3827e+000 -2.6672e+000 +1.2676e-001
1271 0 +5.680933716e+002 +7.400433716e+002 +7.400433716e+002 +3.0110e+000 +3.4547e+000 -2.3386e+000 -2.7016e+000 +1.6216e-001
1360 0 +2.731439850e+002 +4.450939850e+002 +4.450939850e+002 +3.0085e+000 +3.4542e+000 -2.3342e+000 -2.6926e+000 +1.6395e-001
1410 0 +1.191793657e+002 +2.911293657e+002 +2.911293657e+002 +3.1440e+000 +3.4196e+000 -2.3500e+000 -2.6658e+000 +1.2670e-001
1576 0 +3.149906831e+001 +2.034490683e+002 +2.034490683e+002 +3.0804e+000 +3.4342e+000 -2.3402e+000 -2.6763e+000 +1.4160e-001
1855 0 +2.267138516e+001 +1.946213852e+002 +1.946213852e+002 +3.0632e+000 +3.4393e+000 -2.3436e+000 -2.6735e+000 +1.5206e-001
1876 0 +1.004705455e+001 +1.819970545e+002 +1.819970545e+002 +3.0921e+000 +3.4327e+000 -2.3476e+000 -2.6748e+000 +1.4233e-001
2076 0 +7.193568100e+000 +1.791435681e+002 +1.791435681e+002 +3.0872e+000 +3.4333e+000 -2.3445e+000 -2.6754e+000 +1.4203e-001
2103 0 +1.964371732e+000 +1.739143717e+002 +1.739143717e+002 +3.0831e+000 +3.4353e+000 -2.3439e+000 -2.6730e+000 +1.4563e-001
2155 0 +7.485557143e-001 +1.726985557e+002 +1.726985557e+002 +3.0854e+000 +3.4349e+000 -2.3446e+000 -2.6745e+000 +1.4400e-001
2287 0 +7.042251352e-001 +1.726542251e+002 +1.726542251e+002 +3.0845e+000 +3.4352e+000 -2.3434e+000 -2.6741e+000 +1.4433e-001
2355 0 +5.757702446e-001 +1.725257702e+002 +1.725257702e+002 +3.0850e+000 +3.4352e+000 -2.3437e+000 -2.6742e+000 +1.4415e-001
2455 0 +3.566794474e-001 +1.723066794e+002 +1.723066794e+002 +3.0841e+000 +3.4350e+000 -2.3440e+000 -2.6742e+000 +1.4447e-001
3403 0 +3.399479357e-001 +1.722899479e+002 +1.722899479e+002 +3.0840e+000 +3.4351e+000 -2.3440e+000 -2.6741e+000 +1.4454e-001
3411 0 +3.340007493e-001 +1.722840007e+002 +1.722840007e+002 +3.0840e+000 +3.4351e+000 -2.3439e+000 -2.6741e+000 +1.4457e-001
3885 0 +3.308886376e-001 +1.722808886e+002 +1.722808886e+002 +3.0839e+000 +3.4351e+000 -2.3439e+000 -2.6741e+000 +1.4461e-001
% f evaluations | g evaluations | best noise-free fitness - Fopt (6.816000000000e+001) + sum g_i+ | measured fitness | best measured fitness or single-digit g-values | x1 | x2...
1 0 +2.894445503e+008 +2.894446185e+008 +2.894446185e+008 +0.0000e+000 +0.0000e+000 +0.0000e+000 +0.0000e+000 +0.0000e+000
3 0 +2.089875426e+008 +2.089876107e+008 +2.089876107e+008 -3.0085e+000 +1.9979e-001 +1.7023e-001 -2.1766e-001 +3.3195e+000
4 0 +1.243705757e+008 +1.243706438e+008 +1.243706438e+008 +1.3446e+000 +1.3983e+000 -2.6428e+000 +1.1350e+000 +2.5259e+000
14 0 +1.185801415e+008 +1.185802097e+008 +1.185802097e+008 +3.6287e+000 +2.2439e+000 +9.7698e-002 -3.4977e+000 +4.8537e+000
16 0 +6.570709026e+007 +6.570715842e+007 +6.570715842e+007 +4.6574e+000 -4.6413e+000 +6.8202e-001 +3.6690e+000 +3.7077e+000
19 0 +1.355131684e+007 +1.355138500e+007 +1.355138500e+007 +2.5118e+000 +4.3088e+000 +4.5559e+000 +1.2562e+000 +4.9507e+000
53 0 +9.053459935e+006 +9.053528095e+006 +9.053528095e+006 +3.3819e+000 +4.7103e+000 +2.1646e+000 +1.8965e+000 +2.0218e+000
190 0 +3.190554762e+006 +3.190622922e+006 +3.190622922e+006 +3.3403e+000 +2.2425e+000 +1.3248e+000 +3.0646e+000 +4.6717e+000
216 0 +9.885966260e+005 +9.886647860e+005 +9.886647860e+005 +2.9388e+000 +2.4465e+000 +2.1867e+000 +3.5900e+000 +3.8331e+000
223 0 +7.246656748e+005 +7.247338348e+005 +7.247338348e+005 +2.9110e+000 +2.5295e+000 +1.6032e+000 +3.4128e+000 +3.7458e+000
414 0 +6.640503903e+005 +6.641185503e+005 +6.641185503e+005 +2.7929e+000 +2.5748e+000 +1.7471e+000 +3.2835e+000 +3.7733e+000
510 0 +2.679256354e+005 +2.679937954e+005 +2.679937954e+005 +2.6032e+000 +3.3074e+000 +1.6896e+000 +3.4069e+000 +3.9696e+000
622 0 +1.860958599e+005 +1.861640199e+005 +1.861640199e+005 +2.6437e+000 +2.9127e+000 +1.6349e+000 +3.5870e+000 +3.8296e+000
734 0 +1.637815342e+005 +1.638496942e+005 +1.638496942e+005 +2.4372e+000 +3.0884e+000 +1.9355e+000 +3.3435e+000 +3.9635e+000
775 0 +1.411002440e+005 +1.411684040e+005 +1.411684040e+005 +2.2939e+000 +3.4021e+000 +1.8744e+000 +3.4112e+000 +3.6616e+000
790 0 +5.975901805e+004 +5.982717805e+004 +5.982717805e+004 +2.5933e+000 +3.1208e+000 +1.6388e+000 +3.6163e+000 +3.6007e+000
842 0 +4.182613430e+004 +4.189429430e+004 +4.189429430e+004 +2.3725e+000 +3.0442e+000 +1.7918e+000 +3.6360e+000 +3.8871e+000
901 0 +1.121311918e+004 +1.128127918e+004 +1.128127918e+004 +2.5062e+000 +3.1635e+000 +1.7195e+000 +3.8177e+000 +3.2723e+000
1097 0 +6.853366362e+003 +6.921526362e+003 +6.921526362e+003 +2.4136e+000 +3.1500e+000 +1.7069e+000 +3.7165e+000 +3.4796e+000
1114 0 +4.925091819e+003 +4.993251819e+003 +4.993251819e+003 +2.4494e+000 +3.1007e+000 +1.7053e+000 +3.7158e+000 +3.5043e+000
1123 0 +3.176219634e+003 +3.244379634e+003 +3.244379634e+003 +2.4181e+000 +3.0680e+000 +1.7813e+000 +3.7594e+000 +3.4416e+000
1178 0 +1.500072243e+003 +1.568232243e+003 +1.568232243e+003 +2.4046e+000 +3.0906e+000 +1.7425e+000 +3.7177e+000 +3.5198e+000
1302 0 +1.436830684e+003 +1.504990684e+003 +1.504990684e+003 +2.4059e+000 +3.0959e+000 +1.7414e+000 +3.7176e+000 +3.5067e+000
1415 0 +9.920353829e+002 +1.060195383e+003 +1.060195383e+003 +2.4180e+000 +3.0955e+000 +1.7524e+000 +3.7296e+000 +3.5169e+000
1508 0 +9.070358278e+002 +9.751958278e+002 +9.751958278e+002 +2.4131e+000 +3.0980e+000 +1.7533e+000 +3.7332e+000 +3.5028e+000
1528 0 +7.354615660e+002 +8.036215660e+002 +8.036215660e+002 +2.4071e+000 +3.0875e+000 +1.7615e+000 +3.7284e+000 +3.5117e+000
1529 0 +1.514722266e+002 +2.196322266e+002 +2.196322266e+002 +2.4048e+000 +3.1042e+000 +1.7703e+000 +3.7010e+000 +3.5198e+000
1687 0 +9.477371916e+001 +1.629337192e+002 +1.629337192e+002 +2.4099e+000 +3.1015e+000 +1.7698e+000 +3.7145e+000 +3.5091e+000
1811 0 +1.014867698e+001 +7.830867698e+001 +7.830867698e+001 +2.4140e+000 +3.0998e+000 +1.7795e+000 +3.7142e+000 +3.5145e+000
2003 0 +5.828353773e+000 +7.398835377e+001 +7.398835377e+001 +2.4124e+000 +3.1027e+000 +1.7788e+000 +3.7121e+000 +3.5152e+000
2208 0 +5.298505253e+000 +7.345850525e+001 +7.345850525e+001 +2.4125e+000 +3.1028e+000 +1.7787e+000 +3.7123e+000 +3.5148e+000
2215 0 +4.089369522e+000 +7.224936952e+001 +7.224936952e+001 +2.4141e+000 +3.1024e+000 +1.7783e+000 +3.7152e+000 +3.5139e+000
2263 0 +4.026047358e+000 +7.218604736e+001 +7.218604736e+001 +2.4116e+000 +3.1020e+000 +1.7795e+000 +3.7120e+000 +3.5152e+000
2334 0 +3.228111823e+000 +7.138811182e+001 +7.138811182e+001 +2.4119e+000 +3.1023e+000 +1.7789e+000 +3.7125e+000 +3.5143e+000
2522 0 +2.689270019e+000 +7.084927002e+001 +7.084927002e+001 +2.4136e+000 +3.1009e+000 +1.7796e+000 +3.7146e+000 +3.5130e+000
2588 0 +2.161687095e+000 +7.032168709e+001 +7.032168709e+001 +2.4130e+000 +3.1034e+000 +1.7792e+000 +3.7157e+000 +3.5126e+000
2603 0 +6.177478537e-001 +6.877774785e+001 +6.877774785e+001 +2.4129e+000 +3.1023e+000 +1.7789e+000 +3.7156e+000 +3.5126e+000
2802 0 +4.312999933e-001 +6.859129999e+001 +6.859129999e+001 +2.4128e+000 +3.1025e+000 +1.7794e+000 +3.7150e+000 +3.5132e+000
2811 0 +4.112758089e-001 +6.857127581e+001 +6.857127581e+001 +2.4127e+000 +3.1022e+000 +1.7792e+000 +3.7145e+000 +3.5135e+000
2869 0 +3.896196856e-001 +6.854961969e+001 +6.854961969e+001 +2.4128e+000 +3.1024e+000 +1.7789e+000 +3.7152e+000 +3.5125e+000
2908 0 +2.903549303e-001 +6.845035493e+001 +6.845035493e+001 +2.4128e+000 +3.1023e+000 +1.7790e+000 +3.7151e+000 +3.5127e+000
2930 0 +2.482847753e-001 +6.840828478e+001 +6.840828478e+001 +2.4127e+000 +3.1020e+000 +1.7793e+000 +3.7148e+000 +3.5128e+000
3008 0 +2.067455998e-001 +6.836674560e+001 +6.836674560e+001 +2.4128e+000 +3.1021e+000 +1.7792e+000 +3.7149e+000 +3.5126e+000
3034 0 +2.035747557e-001 +6.836357476e+001 +6.836357476e+001 +2.4127e+000 +3.1022e+000 +1.7792e+000 +3.7148e+000 +3.5129e+000
3358 0 +1.952617305e-001 +6.835526173e+001 +6.835526173e+001 +2.4127e+000 +3.1022e+000 +1.7792e+000 +3.7149e+000 +3.5128e+000
3629 0 +1.945786823e-001 +6.835457868e+001 +6.835457868e+001 +2.4127e+000 +3.1022e+000 +1.7792e+000 +3.7149e+000 +3.5128e+000
% f evaluations | g evaluations | best noise-free fitness - Fopt (1.000000000000e+003) + sum g_i+ | measured fitness | best measured fitness or single-digit g-values | x1 | x2...
1 0 +5.742710637e+007 +5.742810637e+007 +5.742810637e+007 +0.0000e+000 +0.0000e+000 +0.0000e+000 +0.0000e+000 +0.0000e+000
2 0 +3.444353329e+007 +3.444453329e+007 +3.444453329e+007 +2.2176e+000 +2.1297e+000 +1.3332e-001 -2.1125e+000 -6.6572e-001
5 0 +2.509335855e+007 +2.509435855e+007 +2.509435855e+007 +7.8037e-001 +4.9600e+000 +1.7858e+000 +1.6249e+000 +2.4527e-001
12 0 +1.882665436e+007 +1.882765436e+007 +1.882765436e+007 -3.2777e+000 +4.2519e+000 +1.5198e+000 -2.9924e+000 +9.8115e-001
22 0 +1.778272771e+007 +1.778372771e+007 +1.778372771e+007 -2.1191e+000 +1.7328e+000 +1.6160e+000 -3.4943e+000 -3.4260e+000
84 0 +1.627162830e+007 +1.627262830e+007 +1.627262830e+007 -1.5669e+000 +8.5840e-001 +4.4781e+000 -4.7710e-002 +1.0318e+000
85 0 +1.335266025e+007 +1.335366025e+007 +1.335366025e+007 -1.9358e+000 +9.7600e-001 +4.2149e+000 -1.7049e+000 +6.2134e-001
102 0 +9.299424151e+006 +9.300424151e+006 +9.300424151e+006 -4.6585e+000 +3.1078e-001 +4.4036e+000 -1.2104e+000 +3.3709e-001
151 0 +4.638490633e+006 +4.639490633e+006 +4.639490633e+006 -5.6383e+000 +1.9852e+000 +3.8741e+000 -1.0199e+000 -1.5391e+000
213 0 +2.648152506e+006 +2.649152506e+006 +2.649152506e+006 -3.4973e+000 +3.8450e+000 +2.5058e+000 -7.8500e-001 -3.4434e+000
312 0 +2.362123339e+006 +2.363123339e+006 +2.363123339e+006 -3.3870e+000 +3.9907e+000 +2.4576e+000 -7.7696e-001 -3.2075e+000
320 0 +1.513946880e+006 +1.514946880e+006 +1.514946880e+006 -4.1613e+000 +2.5744e+000 +3.2811e+000 -7.8675e-001 -2.1057e+000
402 0 +1.039358276e+006 +1.040358276e+006 +1.040358276e+006 -2.8115e+000 +3.3767e+000 +2.3741e+000 -9.0599e-001 -2.8342e+000
466 0 +4.877755705e+005 +4.887755705e+005 +4.887755705e+005 -2.6078e+000 +3.1407e+000 +2.4848e+000 -3.1146e-001 -3.4995e+000
522 0 +2.196079765e+005 +2.206079765e+005 +2.206079765e+005 -2.4309e+000 +3.4878e+000 +2.3682e+000 +1.3539e-001 -3.5094e+000
532 0 +1.036957018e+005 +1.046957018e+005 +1.046957018e+005 -1.9554e+000 +3.5892e+000 +2.3952e+000 -9.6798e-002 -3.0877e+000
626 0 +5.861736291e+004 +5.961736291e+004 +5.961736291e+004 -1.9240e+000 +3.4340e+000 +2.3125e+000 -1.8031e-001 -3.1659e+000
853 0 +5.537470678e+004 +5.637470678e+004 +5.637470678e+004 -1.9315e+000 +3.4285e+000 +2.3200e+000 -1.7783e-001 -3.1698e+000
885 0 +5.299379185e+004 +5.399379185e+004 +5.399379185e+004 -1.9202e+000 +3.4149e+000 +2.3685e+000 -1.5142e-001 -3.1344e+000
920 0 +4.909807026e+004 +5.009807026e+004 +5.009807026e+004 -2.0116e+000 +3.4138e+000 +2.2989e+000 -1.7499e-001 -3.1840e+000
966 0 +4.525758952e+004 +4.625758952e+004 +4.625758952e+004 -1.8141e+000 +3.5115e+000 +2.1296e+000 -2.1842e-002 -3.3296e+000
979 0 +3.700052944e+004 +3.800052944e+004 +3.800052944e+004 -1.9795e+000 +3.1559e+000 +2.3513e+000 -1.1164e-001 -3.2148e+000
1015 0 +3.345599460e+004 +3.445599460e+004 +3.445599460e+004 -1.8612e+000 +3.2940e+000 +2.1627e+000 -5.7680e-002 -3.2620e+000
1052 0 +5.271555824e+003 +6.271555824e+003 +6.271555824e+003 -2.1703e+000 +3.2881e+000 +2.3531e+000 +1.0200e-002 -3.0541e+000
1108 0 +3.407787599e+003 +4.407787599e+003 +4.407787599e+003 -1.9814e+000 +3.2777e+000 +2.3034e+000 -1.6616e-003 -3.1696e+000
1308 0 +1.720867417e+003 +2.720867417e+003 +2.720867417e+003 -2.0080e+000 +3.2736e+000 +2.3011e+000 +1.3024e-003 -3.1712e+000
1436 0 +8.112329903e+002 +1.811232990e+003 +1.811232990e+003 -2.0245e+000 +3.2767e+000 +2.2949e+000 +1.7313e-002 -3.2017e+000
1536 0 +7.261203470e+002 +1.726120347e+003 +1.726120347e+003 -2.0259e+000 +3.2954e+000 +2.3027e+000 +6.6877e-003 -3.2262e+000
1544 0 +5.670366621e+002 +1.567036662e+003 +1.567036662e+003 -2.0030e+000 +3.2917e+000 +2.3205e+000 +3.6231e-003 -3.1926e+000
1623 0 +5.360404009e+002 +1.536040401e+003 +1.536040401e+003 -2.0329e+000 +3.2841e+000 +2.3250e+000 -5.3896e-003 -3.2005e+000
1629 0 +5.109001606e+002 +1.510900161e+003 +1.510900161e+003 -2.0503e+000 +3.2935e+000 +2.3302e+000 +5.4854e-003 -3.1911e+000
1636 0 +3.702570944e+002 +1.370257094e+003 +1.370257094e+003 -2.0077e+000 +3.3017e+000 +2.3212e+000 -1.1499e-003 -3.2108e+000
1637 0 +3.441215830e+002 +1.344121583e+003 +1.344121583e+003 -2.0504e+000 +3.2677e+000 +2.3231e+000 +3.0712e-002 -3.1839e+000
1718 0 +3.121565991e+002 +1.312156599e+003 +1.312156599e+003 -2.0516e+000 +3.2662e+000 +2.3128e+000 +2.1957e-002 -3.1791e+000
1723 0 +2.199383914e+002 +1.219938391e+003 +1.219938391e+003 -2.0109e+000 +3.2796e+000 +2.3201e+000 +1.3149e-002 -3.2016e+000
1802 0 +2.148285053e+002 +1.214828505e+003 +1.214828505e+003 -2.0381e+000 +3.2781e+000 +2.3251e+000 +4.4436e-003 -3.1943e+000
1877 0 +1.478513479e+002 +1.147851348e+003 +1.147851348e+003 -2.0317e+000 +3.2731e+000 +2.3168e+000 +1.9749e-002 -3.1890e+000
1926 0 +6.784554002e+001 +1.067845540e+003 +1.067845540e+003 -2.0326e+000 +3.2852e+000 +2.3181e+000 +9.4453e-003 -3.1890e+000
2002 0 +4.439796531e+001 +1.044397965e+003 +1.044397965e+003 -2.0255e+000 +3.2800e+000 +2.3211e+000 +1.7218e-002 -3.1961e+000
2122 0 +2.787187917e+001 +1.027871879e+003 +1.027871879e+003 -2.0292e+000 +3.2826e+000 +2.3200e+000 +1.2672e-002 -3.1926e+000
2133 0 +1.935719284e+001 +1.019357193e+003 +1.019357193e+003 -2.0147e+000 +3.2913e+000 +2.3207e+000 +2.0224e-002 -3.2046e+000
2236 0 +1.508016402e+001 +1.015080164e+003 +1.015080164e+003 -2.0124e+000 +3.2906e+000 +2.3187e+000 +1.6493e-002 -3.2094e+000
2323 0 +1.058579545e+001 +1.010585795e+003 +1.010585795e+003 -2.0135e+000 +3.2909e+000 +2.3189e+000 +1.6217e-002 -3.2091e+000
2439 0 +8.482954277e+000 +1.008482954e+003 +1.008482954e+003 -2.0131e+000 +3.2941e+000 +2.3219e+000 +1.5802e-002 -3.2117e+000
2476 0 +7.802611900e+000 +1.007802612e+003 +1.007802612e+003 -2.0158e+000 +3.2907e+000 +2.3200e+000 +1.6542e-002 -3.2095e+000
2503 0 +4.903539242e+000 +1.004903539e+003 +1.004903539e+003 -2.0127e+000 +3.2930e+000 +2.3189e+000 +1.7317e-002 -3.2087e+000
2618 0 +2.851306572e+000 +1.002851307e+003 +1.002851307e+003 -2.0141e+000 +3.2930e+000 +2.3186e+000 +1.7384e-002 -3.2101e+000
2639 0 +1.612039028e+000 +1.001612039e+003 +1.001612039e+003 -2.0150e+000 +3.2941e+000 +2.3197e+000 +1.6769e-002 -3.2087e+000
2712 0 +1.287747724e+000 +1.001287748e+003 +1.001287748e+003 -2.0144e+000 +3.2936e+000 +2.3197e+000 +1.6893e-002 -3.2085e+000
2761 0 +1.193600666e+000 +1.001193601e+003 +1.001193601e+003 -2.0127e+000 +3.2941e+000 +2.3196e+000 +1.6810e-002 -3.2114e+000
2818 0 +1.166368525e+000 +1.001166369e+003 +1.001166369e+003 -2.0141e+000 +3.2941e+000 +2.3193e+000 +1.6934e-002 -3.2095e+000
2844 0 +1.148023658e+000 +1.001148024e+003 +1.001148024e+003 -2.0148e+000 +3.2941e+000 +2.3201e+000 +1.7279e-002 -3.2093e+000
2918 0 +8.413608928e-001 +1.000841361e+003 +1.000841361e+003 -2.0134e+000 +3.2942e+000 +2.3198e+000 +1.6898e-002 -3.2106e+000
2937 0 +7.098697538e-001 +1.000709870e+003 +1.000709870e+003 -2.0148e+000 +3.2935e+000 +2.3200e+000 +1.7446e-002 -3.2093e+000
3058 0 +6.710545732e-001 +1.000671055e+003 +1.000671055e+003 -2.0148e+000 +3.2933e+000 +2.3199e+000 +1.7295e-002 -3.2092e+000
3387 0 +6.591098741e-001 +1.000659110e+003 +1.000659110e+003 -2.0125e+000 +3.2945e+000 +2.3197e+000 +1.7455e-002 -3.2115e+000
3480 0 +6.437934859e-001 +1.000643793e+003 +1.000643793e+003 -2.0123e+000 +3.2947e+000 +2.3196e+000 +1.7409e-002 -3.2117e+000
4349 0 +6.305600536e-001 +1.000630560e+003 +1.000630560e+003 -2.0109e+000 +3.2955e+000 +2.3194e+000 +1.7427e-002 -3.2130e+000
6109 0 +6.162888583e-001 +1.000616289e+003 +1.000616289e+003 -2.0048e+000 +3.2989e+000 +2.3184e+000 +1.7631e-002 -3.2194e+000
6703 0 +6.023452941e-001 +1.000602345e+003 +1.000602345e+003 -1.9974e+000 +3.3030e+000 +2.3173e+000 +1.7887e-002 -3.2270e+000
7403 0 +5.885481236e-001 +1.000588548e+003 +1.000588548e+003 -1.9897e+000 +3.3072e+000 +2.3161e+000 +1.8142e-002 -3.2349e+000
7519 0 +5.749074444e-001 +1.000574907e+003 +1.000574907e+003 -1.9876e+000 +3.3084e+000 +2.3158e+000 +1.8203e-002 -3.2372e+000
7718 0 +5.619478507e-001 +1.000561948e+003 +1.000561948e+003 -1.9817e+000 +3.3117e+000 +2.3149e+000 +1.8390e-002 -3.2433e+000
8004 0 +5.492297929e-001 +1.000549230e+003 +1.000549230e+003 -1.9738e+000 +3.3162e+000 +2.3137e+000 +1.8647e-002 -3.2516e+000
% f evaluations | g evaluations | best noise-free fitness - Fopt (-6.837000000000e+001) + sum g_i+ | measured fitness | best measured fitness or single-digit g-values | x1 | x2...
1 0 +6.475518586e+007 +6.475511749e+007 +6.475511749e+007 +0.0000e+000 +0.0000e+000 +0.0000e+000 +0.0000e+000 +0.0000e+000
3 0 +4.874853220e+006 +4.874784850e+006 +4.874784850e+006 +3.6544e+000 +3.7659e+000 -1.6415e+000 +1.0821e+000 +4.3843e+000
42 0 +3.552295974e+006 +3.552227604e+006 +3.552227604e+006 +4.7728e+000 -2.4950e+000 +4.1100e+000 -2.0667e+000 +4.7702e-001
241 0 +3.069102346e+006 +3.069033976e+006 +3.069033976e+006 +3.7183e+000 +1.4498e+000 +1.1470e+000 -7.7533e-001 +1.7425e+000
299 0 +4.445121848e+005 +4.444438148e+005 +4.444438148e+005 +4.0104e+000 +2.1812e+000 +7.3769e-001 +1.7519e+000 +2.7601e+000
407 0 +3.855458670e+005 +3.854774970e+005 +3.854774970e+005 +3.5078e+000 +1.8741e+000 +4.8989e-001 +1.9331e+000 +2.3367e+000
519 0 +2.036067520e+005 +2.035383820e+005 +2.035383820e+005 +3.7978e+000 +1.3058e+000 +1.8000e+000 +7.2440e-001 +2.2911e+000
579 0 +1.921224581e+005 +1.920540881e+005 +1.920540881e+005 +3.8108e+000 +1.2049e+000 +1.6049e+000 +9.5974e-001 +1.9859e+000
605 0 +1.570113920e+005 +1.569430220e+005 +1.569430220e+005 +3.7113e+000 +1.4350e+000 +1.2114e+000 +1.2929e+000 +2.1526e+000
695 0 +2.421672393e+004 +2.414835393e+004 +2.414835393e+004 +3.6426e+000 +1.1166e+000 +1.4074e+000 +9.8088e-001 +2.1789e+000
979 0 +2.375949208e+004 +2.369112208e+004 +2.369112208e+004 +3.6335e+000 +1.1019e+000 +1.4419e+000 +9.5497e-001 +2.1711e+000
1033 0 +2.126443435e+004 +2.119606435e+004 +2.119606435e+004 +3.7128e+000 +1.1116e+000 +1.5012e+000 +9.0488e-001 +2.1348e+000
1060 0 +1.308437422e+004 +1.301600422e+004 +1.301600422e+004 +3.6425e+000 +8.5986e-001 +1.6569e+000 +4.9073e-001 +1.9706e+000
1121 0 +2.736082390e+003 +2.667712390e+003 +2.667712390e+003 +3.6262e+000 +1.0167e+000 +1.5216e+000 +7.3488e-001 +2.0961e+000
1159 0 +9.562238037e+002 +8.878538037e+002 +8.878538037e+002 +3.6817e+000 +9.9010e-001 +1.6203e+000 +6.6751e-001 +2.0563e+000
1248 0 +3.232985994e+002 +2.549285994e+002 +2.549285994e+002 +3.6650e+000 +9.5812e-001 +1.6149e+000 +6.3010e-001 +2.0452e+000
1490 0 +1.309437409e+002 +6.257374087e+001 +6.257374087e+001 +3.6726e+000 +9.6624e-001 +1.6340e+000 +6.3559e-001 +2.0478e+000
1760 0 +8.292147144e+001 +1.455147144e+001 +1.455147144e+001 +3.6712e+000 +9.6347e-001 +1.6362e+000 +6.3213e-001 +2.0480e+000
2038 0 +4.244706060e+001 -2.592293940e+001 -2.592293940e+001 +3.6720e+000 +9.4526e-001 +1.6553e+000 +6.0381e-001 +2.0403e+000
2119 0 +3.738622616e+001 -3.098377384e+001 -3.098377384e+001 +3.6735e+000 +9.4892e-001 +1.6522e+000 +6.0997e-001 +2.0429e+000
2133 0 +3.489411807e+001 -3.347588193e+001 -3.347588193e+001 +3.6739e+000 +9.4899e-001 +1.6499e+000 +6.1130e-001 +2.0417e+000
2257 0 +2.973833840e+001 -3.863166160e+001 -3.863166160e+001 +3.6718e+000 +9.5411e-001 +1.6472e+000 +6.1532e-001 +2.0439e+000
2319 0 +2.845927719e+001 -3.991072281e+001 -3.991072281e+001 +3.6725e+000 +9.5317e-001 +1.6480e+000 +6.1575e-001 +2.0442e+000
2440 0 +2.704566288e+001 -4.132433712e+001 -4.132433712e+001 +3.6715e+000 +9.5322e-001 +1.6475e+000 +6.1539e-001 +2.0439e+000
2657 0 +2.633997496e+001 -4.203002504e+001 -4.203002504e+001 +3.6718e+000 +9.5230e-001 +1.6480e+000 +6.1441e-001 +2.0433e+000
2714 0 +2.594429867e+001 -4.242570133e+001 -4.242570133e+001 +3.6718e+000 +9.5200e-001 +1.6475e+000 +6.1473e-001 +2.0434e+000
5953 0 +2.570171964e+001 -4.266828036e+001 -4.266828036e+001 +3.6711e+000 +9.5823e-001 +1.6393e+000 +6.2144e-001 +2.0469e+000
% f evaluations | g evaluations | best noise-free fitness - Fopt (-5.548000000000e+001) + sum g_i+ | measured fitness | best measured fitness or single-digit g-values | x1 | x2...
1 0 +3.995516711e+007 +3.995511163e+007 +3.995511163e+007 +0.0000e+000 +0.0000e+000 +0.0000e+000 +0.0000e+000 +0.0000e+000
6 0 +1.244626113e+007 +1.244620565e+007 +1.244620565e+007 -2.3763e+000 -2.7157e+000 +3.2848e+000 +2.9042e+000 +4.2059e+000
90 0 +1.186148006e+006 +1.186092526e+006 +1.186092526e+006 -2.9401e+000 -4.4497e+000 +1.7992e+000 +1.2897e-001 +4.1343e+000
249 0 +1.170804605e+006 +1.170749125e+006 +1.170749125e+006 -2.9742e+000 -4.5234e+000 +1.6439e+000 +2.7538e-002 +4.0434e+000
301 0 +5.276895332e+005 +5.276340532e+005 +5.276340532e+005 -2.7055e+000 -3.7756e+000 +1.5852e+000 +1.9171e-001 +4.2044e+000
418 0 +2.371548691e+005 +2.370993891e+005 +2.370993891e+005 -2.2030e+000 -4.0382e+000 +1.0297e+000 +1.7399e-001 +5.0000e+000
601 0 +6.364580117e+004 +6.359032117e+004 +6.359032117e+004 -2.9555e+000 -3.7309e+000 +7.5762e-001 +3.2331e-001 +4.4333e+000
762 0 +5.799673008e+004 +5.794125008e+004 +5.794125008e+004 -2.9539e+000 -3.7296e+000 +8.9459e-001 +2.8823e-001 +4.3924e+000
801 0 +5.118539266e+004 +5.112991266e+004 +5.112991266e+004 -2.9306e+000 -3.7367e+000 +8.2243e-001 +3.1216e-001 +4.4205e+000
806 0 +4.829092087e+004 +4.823544087e+004 +4.823544087e+004 -2.7760e+000 -3.6671e+000 +7.7228e-001 +4.5157e-001 +4.4530e+000
917 0 +1.426943755e+004 +1.421395755e+004 +1.421395755e+004 -2.7636e+000 -3.9829e+000 +8.9287e-001 +4.0707e-001 +4.4714e+000
966 0 +1.327714399e+004 +1.322166399e+004 +1.322166399e+004 -2.6609e+000 -3.8227e+000 +7.6257e-001 +5.3486e-001 +4.4787e+000
972 0 +1.289771693e+004 +1.284223693e+004 +1.284223693e+004 -2.4857e+000 -4.1248e+000 +8.6781e-001 +5.5047e-001 +4.7046e+000
1008 0 +4.318201266e+003 +4.262721266e+003 +4.262721266e+003 -2.4895e+000 -4.0116e+000 +8.3378e-001 +5.0100e-001 +4.6550e+000
1144 0 +2.018396186e+003 +1.962916186e+003 +1.962916186e+003 -2.5336e+000 -4.0447e+000 +7.7461e-001 +5.5176e-001 +4.6851e+000
1208 0 +8.473787227e+002 +7.918987227e+002 +7.918987227e+002 -2.5410e+000 -4.0486e+000 +8.0581e-001 +5.2843e-001 +4.6679e+000
1401 0 +8.308645047e+002 +7.753845047e+002 +7.753845047e+002 -2.5606e+000 -4.0263e+000 +8.1771e-001 +5.2052e-001 +4.6518e+000
1535 0 +6.453214410e+002 +5.898414410e+002 +5.898414410e+002 -2.4951e+000 -4.0415e+000 +7.8763e-001 +5.2517e-001 +4.6768e+000
1586 0 +6.126832194e+002 +5.572032194e+002 +5.572032194e+002 -2.5637e+000 -4.0427e+000 +8.0688e-001 +5.0703e-001 +4.6508e+000
1611 0 +5.831091532e+002 +5.276291532e+002 +5.276291532e+002 -2.5603e+000 -4.0420e+000 +8.0824e-001 +5.0921e-001 +4.6530e+000
1633 0 +4.994958542e+002 +4.440158542e+002 +4.440158542e+002 -2.5603e+000 -4.0374e+000 +8.0946e-001 +5.0957e-001 +4.6499e+000
1722 0 +3.958835086e+002 +3.404035086e+002 +3.404035086e+002 -2.5325e+000 -4.0354e+000 +7.9792e-001 +5.1670e-001 +4.6502e+000
1821 0 +3.829872763e+002 +3.275072763e+002 +3.275072763e+002 -2.5576e+000 -4.0232e+000 +8.1229e-001 +5.0589e-001 +4.6517e+000
1858 0 +2.647709294e+002 +2.092909294e+002 +2.092909294e+002 -2.5425e+000 -4.0347e+000 +8.0092e-001 +5.1463e-001 +4.6512e+000
1864 0 +8.821596949e+001 +3.273596949e+001 +3.273596949e+001 -2.5514e+000 -4.0266e+000 +7.9589e-001 +5.1272e-001 +4.6467e+000
1904 0 +7.310942959e+001 +1.762942959e+001 +1.762942959e+001 -2.5471e+000 -4.0253e+000 +7.9117e-001 +5.1179e-001 +4.6493e+000
1943 0 +4.703005732e+001 -8.449942684e+000 -8.449942684e+000 -2.5736e+000 -4.0096e+000 +7.9406e-001 +5.1272e-001 +4.6324e+000
2037 0 +3.109725607e+001 -2.438274393e+001 -2.438274393e+001 -2.5669e+000 -4.0091e+000 +7.9368e-001 +5.0902e-001 +4.6414e+000
2122 0 +2.625425186e+001 -2.922574814e+001 -2.922574814e+001 -2.5663e+000 -4.0160e+000 +7.9670e-001 +5.1070e-001 +4.6409e+000
2258 0 +1.800609672e+001 -3.747390328e+001 -3.747390328e+001 -2.5601e+000 -4.0183e+000 +7.9695e-001 +5.0995e-001 +4.6457e+000
2306 0 +9.150886901e+000 -4.632911310e+001 -4.632911310e+001 -2.5644e+000 -4.0114e+000 +7.9561e-001 +5.0970e-001 +4.6411e+000
2432 0 +3.599889356e+000 -5.188011064e+001 -5.188011064e+001 -2.5621e+000 -4.0134e+000 +7.9642e-001 +5.0884e-001 +4.6415e+000
2721 0 +2.996229966e+000 -5.248377003e+001 -5.248377003e+001 -2.5626e+000 -4.0123e+000 +7.9567e-001 +5.0877e-001 +4.6403e+000
2821 0 +2.787742591e+000 -5.269225741e+001 -5.269225741e+001 -2.5619e+000 -4.0128e+000 +7.9575e-001 +5.0856e-001 +4.6404e+000
2944 0 +2.708918319e+000 -5.277108168e+001 -5.277108168e+001 -2.5626e+000 -4.0119e+000 +7.9586e-001 +5.0850e-001 +4.6400e+000
2952 0 +2.603598493e+000 -5.287640151e+001 -5.287640151e+001 -2.5621e+000 -4.0128e+000 +7.9596e-001 +5.0846e-001 +4.6406e+000
3244 0 +2.532761036e+000 -5.294723896e+001 -5.294723896e+001 -2.5622e+000 -4.0124e+000 +7.9608e-001 +5.0833e-001 +4.6403e+000
3482 0 +2.508820253e+000 -5.297117975e+001 -5.297117975e+001 -2.5626e+000 -4.0124e+000 +7.9612e-001 +5.0831e-001 +4.6402e+000
% f evaluations | g evaluations | best noise-free fitness - Fopt (-5.349000000000e+001) + sum g_i+ | measured fitness | best measured fitness or single-digit g-values | x1 | x2...
1 0 +1.620367076e+007 +1.620361727e+007 +1.620361727e+007 +0.0000e+000 +0.0000e+000 +0.0000e+000 +0.0000e+000 +0.0000e+000
2 0 +6.814530129e+006 +6.814476639e+006 +6.814476639e+006 +7.5069e-001 +3.3660e+000 -8.0197e-001 -3.1911e+000 +1.4372e+000
123 0 +4.066447475e+006 +4.066393985e+006 +4.066393985e+006 -2.2887e+000 -1.2564e+000 -4.9536e+000 -4.2490e-001 -8.4781e-001
189 0 +3.952485780e+006 +3.952432290e+006 +3.952432290e+006 +4.6278e-002 +3.2415e+000 +3.2820e+000 -3.9617e+000 +4.5016e+000
296 0 +3.711725154e+006 +3.711671664e+006 +3.711671664e+006 -9.7411e-001 +1.7291e+000 +1.4282e+000 -3.8291e+000 +3.7753e+000
329 0 +3.464999197e+006 +3.464945707e+006 +3.464945707e+006 -2.8837e-001 +2.1657e+000 +8.9409e-001 -2.0984e+000 +3.4045e+000
341 0 +3.249724456e+004 +3.244375456e+004 +3.244375456e+004 -6.3957e-003 +1.8187e+000 +2.0476e+000 -3.5842e+000 +4.3723e+000
740 0 +5.385366144e+003 +5.331876144e+003 +5.331876144e+003 -3.4323e-002 +1.7131e+000 +1.9097e+000 -3.6795e+000 +4.3821e+000
1279 0 +3.880834159e+003 +3.827344159e+003 +3.827344159e+003 +2.2482e-002 +1.7027e+000 +1.6721e+000 -3.5651e+000 +4.1415e+000
1312 0 +2.491552968e+003 +2.438062968e+003 +2.438062968e+003 -8.0298e-003 +1.7156e+000 +1.8129e+000 -3.6254e+000 +4.2764e+000
1354 0 +2.270142153e+003 +2.216652153e+003 +2.216652153e+003 +2.8548e-002 +1.6997e+000 +1.6492e+000 -3.5543e+000 +4.1619e+000
1388 0 +7.805290914e+002 +7.270390914e+002 +7.270390914e+002 +4.7811e-003 +1.7306e+000 +1.7952e+000 -3.6122e+000 +4.2449e+000
1517 0 +7.311150127e+002 +6.776250127e+002 +6.776250127e+002 +9.8513e-003 +1.7317e+000 +1.7710e+000 -3.6172e+000 +4.2213e+000
1588 0 +7.025074655e+002 +6.490174655e+002 +6.490174655e+002 +9.3111e-003 +1.7339e+000 +1.7843e+000 -3.6050e+000 +4.2302e+000
1593 0 +4.984156043e+002 +4.449256043e+002 +4.449256043e+002 +8.8339e-003 +1.7325e+000 +1.8041e+000 -3.6144e+000 +4.2646e+000
1717 0 +2.978241457e+002 +2.443341457e+002 +2.443341457e+002 +9.6192e-003 +1.7327e+000 +1.7887e+000 -3.6170e+000 +4.2467e+000
1881 0 +2.918830908e+002 +2.383930908e+002 +2.383930908e+002 +1.6897e-002 +1.7342e+000 +1.7634e+000 -3.6109e+000 +4.2256e+000
1908 0 +2.161511507e+002 +1.626611507e+002 +1.626611507e+002 +1.4137e-002 +1.7402e+000 +1.7886e+000 -3.6138e+000 +4.2503e+000
2008 0 +1.897119718e+002 +1.362219718e+002 +1.362219718e+002 +1.6779e-002 +1.7396e+000 +1.7774e+000 -3.6084e+000 +4.2387e+000
2012 0 +1.786251265e+002 +1.251351265e+002 +1.251351265e+002 +1.3688e-002 +1.7376e+000 +1.7785e+000 -3.6109e+000 +4.2390e+000
2059 0 +1.689169200e+002 +1.154269200e+002 +1.154269200e+002 +1.6006e-002 +1.7374e+000 +1.7650e+000 -3.6058e+000 +4.2317e+000
2254 0 +1.619338468e+002 +1.084438468e+002 +1.084438468e+002 +1.7398e-002 +1.7397e+000 +1.7569e+000 -3.6039e+000 +4.2246e+000
2610 0 +1.584892268e+002 +1.049992268e+002 +1.049992268e+002 +1.6558e-002 +1.7403e+000 +1.7611e+000 -3.6046e+000 +4.2283e+000
% f evaluations | g evaluations | best noise-free fitness - Fopt (1.172700000000e+002) + sum g_i+ | measured fitness | best measured fitness or single-digit g-values | x1 | x2...
1 0 +6.310209862e+007 +6.310221589e+007 +6.310221589e+007 +0.0000e+000 +0.0000e+000 +0.0000e+000 +0.0000e+000 +0.0000e+000
3 0 +5.319746757e+007 +5.319758484e+007 +5.319758484e+007 -2.5688e+000 -4.5166e+000 +4.1573e+000 +2.5061e+000 -3.2412e+000
5 0 +8.452994077e+006 +8.453111347e+006 +8.453111347e+006 +1.6877e+000 -7.8381e-001 +4.9588e+000 +1.1997e+000 -4.0985e+000
8 0 +6.664804600e+006 +6.664921870e+006 +6.664921870e+006 +5.5761e-001 -1.5473e+000 +3.2869e+000 +2.8145e+000 -3.5307e+000
22 0 +4.330982306e+006 +4.331099576e+006 +4.331099576e+006 +1.2752e+000 -2.1169e-001 +3.7643e+000 +1.4944e+000 -3.3127e+000
214 0 +4.094325098e+006 +4.094442368e+006 +4.094442368e+006 +1.5388e+000 +1.7797e+000 -1.2709e+000 +2.0110e+000 -1.1413e+000
236 0 +2.206648315e+006 +2.206765585e+006 +2.206765585e+006 +4.4973e+000 +1.1082e+000 -5.1693e+000 -1.4088e-001 +1.5436e+000
313 0 +6.776607177e+005 +6.777779877e+005 +6.777779877e+005 +3.6633e+000 -1.3156e-001 -2.9996e+000 +1.3821e+000 -5.0612e-001
322 0 +5.745616570e+005 +5.746789270e+005 +5.746789270e+005 +3.8782e+000 +8.7530e-001 -3.1801e+000 +3.2380e-001 +5.1209e-001
473 0 +1.732117565e+005 +1.733290265e+005 +1.733290265e+005 +3.8953e+000 +4.5609e-001 -3.9445e+000 +2.7289e-001 +7.0739e-001
622 0 +1.183947055e+005 +1.185119755e+005 +1.185119755e+005 +3.6742e+000 +3.3775e-001 -3.3778e+000 +1.5229e-001 +4.7201e-001
629 0 +1.031566701e+005 +1.032739401e+005 +1.032739401e+005 +3.9284e+000 +2.1110e-001 -3.8006e+000 +3.6228e-001 +3.3304e-001
635 0 +8.003191267e+004 +8.014918267e+004 +8.014918267e+004 +3.4779e+000 +1.5068e-001 -3.3548e+000 +5.2625e-001 +2.5950e-001
726 0 +5.640084060e+004 +5.651811060e+004 +5.651811060e+004 +3.4876e+000 +1.7429e-001 -3.2595e+000 +5.0102e-001 +2.5969e-001
790 0 +4.383118011e+004 +4.394845011e+004 +4.394845011e+004 +3.7403e+000 +9.3548e-002 -3.1602e+000 +6.3043e-001 +2.6052e-001
841 0 +1.912214028e+004 +1.923941028e+004 +1.923941028e+004 +3.3878e+000 +1.7142e-001 -2.7236e+000 +7.1613e-001 -2.0253e-001
917 0 +1.654234117e+004 +1.665961117e+004 +1.665961117e+004 +3.5603e+000 +1.6417e-001 -2.9821e+000 +6.4607e-001 +1.3108e-001
919 0 +1.102612244e+004 +1.114339244e+004 +1.114339244e+004 +3.5421e+000 +2.0429e-001 -3.0153e+000 +6.3824e-001 +2.1232e-002
1114 0 +9.350152891e+003 +9.467422891e+003 +9.467422891e+003 +3.6957e+000 +1.5610e-001 -3.2022e+000 +5.3889e-001 +1.8301e-001
1115 0 +5.609526725e+003 +5.726796725e+003 +5.726796725e+003 +3.6016e+000 +2.9545e-001 -3.0328e+000 +5.5179e-001 +1.0310e-001
1261 0 +4.474698746e+003 +4.591968746e+003 +4.591968746e+003 +3.5350e+000 +2.7565e-001 -2.9368e+000 +6.0475e-001 +3.8901e-003
1298 0 +3.303890381e+003 +3.421160381e+003 +3.421160381e+003 +3.6224e+000 +2.2890e-001 -3.0370e+000 +5.5662e-001 +1.6438e-001
1304 0 +3.118931873e+003 +3.236201873e+003 +3.236201873e+003 +3.6185e+000 +1.9916e-001 -3.0139e+000 +5.7324e-001 +1.3634e-001
1328 0 +3.060391440e+003 +3.177661440e+003 +3.177661440e+003 +3.5982e+000 +2.6526e-001 -3.0272e+000 +5.5117e-001 +1.1773e-001
1380 0 +1.844495715e+003 +1.961765715e+003 +1.961765715e+003 +3.5836e+000 +2.3104e-001 -2.9933e+000 +5.9577e-001 +5.7232e-002
1538 0 +1.137067853e+003 +1.254337853e+003 +1.254337853e+003 +3.5912e+000 +2.3451e-001 -2.9977e+000 +5.7337e-001 +8.4356e-002
1635 0 +6.015383648e+002 +7.188083648e+002 +7.188083648e+002 +3.5969e+000 +2.5997e-001 -2.9195e+000 +5.9818e-001 +6.0722e-003
1705 0 +4.606756810e+002 +5.779456810e+002 +5.779456810e+002 +3.5680e+000 +2.2666e-001 -2.8742e+000 +6.1142e-001 -1.3136e-002
1725 0 +4.084674219e+002 +5.257374219e+002 +5.257374219e+002 +3.5953e+000 +2.2856e-001 -2.9275e+000 +5.8305e-001 +1.6834e-002
1731 0 +2.862231993e+002 +4.034931993e+002 +4.034931993e+002 +3.6265e+000 +2.4775e-001 -2.9727e+000 +5.6873e-001 +6.8664e-002
1835 0 +2.457948607e+002 +3.630648607e+002 +3.630648607e+002 +3.6130e+000 +2.4617e-001 -2.9460e+000 +5.9290e-001 +3.5226e-002
1934 0 +1.487019836e+002 +2.659719836e+002 +2.659719836e+002 +3.6110e+000 +2.4213e-001 -2.9696e+000 +5.8311e-001 +5.7289e-002
1950 0 +7.858474838e+001 +1.958547484e+002 +1.958547484e+002 +3.6027e+000 +2.4512e-001 -2.9358e+000 +5.9454e-001 +3.5559e-002
2025 0 +6.677532078e+001 +1.840453208e+002 +1.840453208e+002 +3.5914e+000 +2.3773e-001 -2.9304e+000 +5.9638e-001 +2.4467e-002
2032 0 +6.146751451e+001 +1.787375145e+002 +1.787375145e+002 +3.6081e+000 +2.3865e-001 -2.9493e+000 +5.9022e-001 +4.1975e-002
2119 0 +1.751479024e+001 +1.347847902e+002 +1.347847902e+002 +3.5944e+000 +2.3690e-001 -2.9249e+000 +5.9251e-001 +3.0820e-002
2267 0 +1.734728934e+001 +1.346172893e+002 +1.346172893e+002 +3.6012e+000 +2.3562e-001 -2.9304e+000 +5.9235e-001 +3.6056e-002
2291 0 +1.247130724e+001 +1.297413072e+002 +1.297413072e+002 +3.6022e+000 +2.4024e-001 -2.9327e+000 +5.9048e-001 +3.3602e-002
2294 0 +3.987303835e+000 +1.212573038e+002 +1.212573038e+002 +3.5987e+000 +2.3733e-001 -2.9323e+000 +5.9165e-001 +3.5042e-002
2305 0 +3.979229810e+000 +1.212492298e+002 +1.212492298e+002 +3.5988e+000 +2.3759e-001 -2.9330e+000 +5.9226e-001 +3.4170e-002
2519 0 +3.721789841e+000 +1.209917898e+002 +1.209917898e+002 +3.5987e+000 +2.3764e-001 -2.9327e+000 +5.9228e-001 +3.3986e-002
2635 0 +3.151522526e+000 +1.204215225e+002 +1.204215225e+002 +3.5998e+000 +2.3883e-001 -2.9315e+000 +5.9237e-001 +3.2945e-002
2638 0 +2.775207404e+000 +1.200452074e+002 +1.200452074e+002 +3.6003e+000 +2.3880e-001 -2.9325e+000 +5.9142e-001 +3.4420e-002
2672 0 +2.339153087e+000 +1.196091531e+002 +1.196091531e+002 +3.5997e+000 +2.3847e-001 -2.9325e+000 +5.9178e-001 +3.4233e-002
2719 0 +2.267697071e+000 +1.195376971e+002 +1.195376971e+002 +3.5979e+000 +2.3822e-001 -2.9301e+000 +5.9248e-001 +3.2212e-002
2794 0 +2.180136222e+000 +1.194501362e+002 +1.194501362e+002 +3.5995e+000 +2.3818e-001 -2.9324e+000 +5.9133e-001 +3.4820e-002
2835 0 +2.096074005e+000 +1.193660740e+002 +1.193660740e+002 +3.5996e+000 +2.3839e-001 -2.9321e+000 +5.9167e-001 +3.4212e-002
2994 0 +2.026247798e+000 +1.192962478e+002 +1.192962478e+002 +3.5994e+000 +2.3835e-001 -2.9326e+000 +5.9125e-001 +3.4531e-002
3005 0 +1.941247219e+000 +1.192112472e+002 +1.192112472e+002 +3.5992e+000 +2.3810e-001 -2.9317e+000 +5.9180e-001 +3.3815e-002
3125 0 +1.875714149e+000 +1.191457141e+002 +1.191457141e+002 +3.5993e+000 +2.3829e-001 -2.9317e+000 +5.9152e-001 +3.3681e-002
3998 0 +1.861834883e+000 +1.191318349e+002 +1.191318349e+002 +3.5992e+000 +2.3821e-001 -2.9315e+000 +5.9168e-001 +3.3526e-002
% f evaluations | g evaluations | best noise-free fitness - Fopt (7.789000000000e+001) + sum g_i+ | measured fitness | best measured fitness or single-digit g-values | x1 | x2...
1 0 +2.123259065e+007 +2.123266854e+007 +2.123266854e+007 +0.0000e+000 +0.0000e+000 +0.0000e+000 +0.0000e+000 +0.0000e+000
9 0 +1.787421239e+007 +1.787429028e+007 +1.787429028e+007 +8.5765e-001 +3.0723e+000 -2.7397e+000 +3.6698e+000 +1.0737e-003
20 0 +2.210638960e+006 +2.210716850e+006 +2.210716850e+006 +8.7570e-001 +2.1716e+000 +7.0766e-001 +2.4306e+000 -3.5566e+000
291 0 +1.194616635e+006 +1.194694525e+006 +1.194694525e+006 +1.3464e+000 +1.9289e+000 +6.2675e-001 +2.1172e+000 -1.8346e+000
307 0 +2.919217348e+005 +2.919996248e+005 +2.919996248e+005 +1.3996e+000 +2.4346e+000 +7.0994e-001 +2.7464e+000 -2.8245e+000
414 0 +2.681256865e+005 +2.682035765e+005 +2.682035765e+005 +1.9609e+000 +2.6093e+000 +9.5185e-001 +3.0530e+000 -2.8350e+000
604 0 +2.468646226e+005 +2.469425126e+005 +2.469425126e+005 +1.7195e+000 +2.4777e+000 +8.7645e-001 +3.0361e+000 -2.8945e+000
624 0 +1.927831912e+005 +1.928610812e+005 +1.928610812e+005 +1.6106e+000 +2.3058e+000 +9.5466e-001 +2.9577e+000 -2.7946e+000
636 0 +1.532362684e+005 +1.533141584e+005 +1.533141584e+005 +2.0031e+000 +2.3702e+000 +8.2225e-001 +3.0351e+000 -2.6026e+000
711 0 +1.004325026e+005 +1.005103926e+005 +1.005103926e+005 +2.0599e+000 +2.7294e+000 +5.6413e-001 +2.9415e+000 -2.3495e+000
735 0 +6.524768370e+004 +6.532557370e+004 +6.532557370e+004 +1.8150e+000 +2.4806e+000 +7.3251e-001 +2.7388e+000 -2.6273e+000
847 0 +5.852076419e+004 +5.859865419e+004 +5.859865419e+004 +1.8241e+000 +2.6487e+000 +3.5162e-001 +2.6979e+000 -2.5537e+000
862 0 +2.509206723e+004 +2.516995723e+004 +2.516995723e+004 +1.8311e+000 +2.5346e+000 +8.0548e-001 +2.9990e+000 -2.4353e+000
911 0 +1.199066700e+004 +1.206855700e+004 +1.206855700e+004 +1.7279e+000 +2.5500e+000 +6.0565e-001 +2.7993e+000 -2.4485e+000
974 0 +6.514516542e+003 +6.592406542e+003 +6.592406542e+003 +1.7377e+000 +2.5113e+000 +7.0036e-001 +2.8179e+000 -2.4459e+000
1133 0 +1.650194726e+003 +1.728084726e+003 +1.728084726e+003 +1.7611e+000 +2.5329e+000 +7.3734e-001 +2.8731e+000 -2.4323e+000
1223 0 +1.508559505e+003 +1.586449505e+003 +1.586449505e+003 +1.7192e+000 +2.5769e+000 +8.0119e-001 +2.8569e+000 -2.4477e+000
1234 0 +1.415344627e+003 +1.493234627e+003 +1.493234627e+003 +1.7449e+000 +2.5673e+000 +7.5181e-001 +2.8813e+000 -2.4082e+000
1268 0 +1.072856503e+003 +1.150746503e+003 +1.150746503e+003 +1.7483e+000 +2.5379e+000 +7.4060e-001 +2.8617e+000 -2.4557e+000
1319 0 +2.617048811e+002 +3.395948811e+002 +3.395948811e+002 +1.7350e+000 +2.5549e+000 +7.4326e-001 +2.8690e+000 -2.4270e+000
1561 0 +1.453053345e+002 +2.231953345e+002 +2.231953345e+002 +1.7279e+000 +2.5562e+000 +7.5287e-001 +2.8534e+000 -2.4435e+000
1667 0 +8.952116797e+001 +1.674111680e+002 +1.674111680e+002 +1.7312e+000 +2.5715e+000 +7.3922e-001 +2.8662e+000 -2.4365e+000
1715 0 +7.384802978e+001 +1.517380298e+002 +1.517380298e+002 +1.7287e+000 +2.5647e+000 +7.4999e-001 +2.8585e+000 -2.4419e+000
1761 0 +4.381916519e+001 +1.217091652e+002 +1.217091652e+002 +1.7311e+000 +2.5639e+000 +7.4182e-001 +2.8615e+000 -2.4382e+000
1912 0 +2.727748659e+001 +1.051674866e+002 +1.051674866e+002 +1.7348e+000 +2.5672e+000 +7.4132e-001 +2.8614e+000 -2.4370e+000
1927 0 +4.656450653e+000 +8.254645065e+001 +8.254645065e+001 +1.7397e+000 +2.5672e+000 +7.4007e-001 +2.8661e+000 -2.4402e+000
2315 0 +4.024047903e+000 +8.191404790e+001 +8.191404790e+001 +1.7384e+000 +2.5675e+000 +7.3979e-001 +2.8657e+000 -2.4394e+000
2327 0 +3.705260615e+000 +8.159526061e+001 +8.159526061e+001 +1.7390e+000 +2.5657e+000 +7.4173e-001 +2.8662e+000 -2.4412e+000
2381 0 +2.222557067e+000 +8.011255707e+001 +8.011255707e+001 +1.7378e+000 +2.5658e+000 +7.4250e-001 +2.8642e+000 -2.4400e+000
2519 0 +1.442987188e+000 +7.933298719e+001 +7.933298719e+001 +1.7372e+000 +2.5643e+000 +7.4352e-001 +2.8654e+000 -2.4397e+000
2621 0 +1.193702874e+000 +7.908370287e+001 +7.908370287e+001 +1.7375e+000 +2.5652e+000 +7.4281e-001 +2.8651e+000 -2.4400e+000
2906 0 +1.140548856e+000 +7.903054886e+001 +7.903054886e+001 +1.7374e+000 +2.5652e+000 +7.4281e-001 +2.8651e+000 -2.4400e+000
2937 0 +1.120704228e+000 +7.901070423e+001 +7.901070423e+001 +1.7375e+000 +2.5650e+000 +7.4253e-001 +2.8651e+000 -2.4399e+000
3054 0 +1.066562846e+000 +7.895656285e+001 +7.895656285e+001 +1.7373e+000 +2.5650e+000 +7.4256e-001 +2.8651e+000 -2.4400e+000
