% f evaluations | g evaluations | best noise-free fitness - Fopt (6.870000000000e+000) + sum g_i+ | measured fitness | best measured fitness or single-digit g-values | x1 | x2...
1 0 +1.054960818e+001 +1.741960818e+001 +1.741960818e+001
8 0 +1.047589282e+001 +1.734589282e+001 +1.734589282e+001
14 0 +9.238207212e+000 +1.610820721e+001 +1.610820721e+001
21 0 +7.138008489e+000 +1.400800849e+001 +1.400800849e+001
467 0 +6.628744705e+000 +1.349874470e+001 +1.349874470e+001
895 0 +6.316141117e+000 +1.318614112e+001 +1.318614112e+001
1250 0 +4.586806544e+000 +1.145680654e+001 +1.145680654e+001
3317 0 +3.942290380e+000 +1.081229038e+001 +1.081229038e+001
3717 0 +3.877476587e+000 +1.074747659e+001 +1.074747659e+001
4517 0 +3.728068911e+000 +1.059806891e+001 +1.059806891e+001
4717 0 +3.694063175e+000 +1.056406318e+001 +1.056406318e+001
5020 0 +3.594432047e+000 +1.046443205e+001 +1.046443205e+001
5428 0 +3.533397340e+000 +1.040339734e+001 +1.040339734e+001
5717 0 +3.443032494e+000 +1.031303249e+001 +1.031303249e+001
5777 0 +3.367820046e+000 +1.023782005e+001 +1.023782005e+001
6176 0 +3.264815919e+000 +1.013481592e+001 +1.013481592e+001
6976 0 +3.234172257e+000 +1.010417226e+001 +1.010417226e+001
7268 0 +3.161141541e+000 +1.003114154e+001 +1.003114154e+001
% f evaluations | g evaluations | best noise-free fitness - Fopt (1.000000000000e-002) + sum g_i+ | measured fitness | best measured fitness or single-digit g-values | x1 | x2...
1 0 +1.185308916e+001 +1.186308916e+001 +1.186308916e+001
3 0 +1.134226423e+001 +1.135226423e+001 +1.135226423e+001
4 0 +1.000853790e+001 +1.001853790e+001 +1.001853790e+001
5 0 +9.976819240e+000 +9.986819240e+000 +9.986819240e+000
10 0 +9.205009677e+000 +9.215009677e+000 +9.215009677e+000
74 0 +8.743363919e+000 +8.753363919e+000 +8.753363919e+000
91 0 +8.224425110e+000 +8.234425110e+000 +8.234425110e+000
257 0 +6.027153962e+000 +6.037153962e+000 +6.037153962e+000
559 0 +5.761702843e+000 +5.771702843e+000 +5.771702843e+000
1092 0 +5.513817553e+000 +5.523817553e+000 +5.523817553e+000
1911 0 +4.558032731e+000 +4.568032731e+000 +4.568032731e+000
2206 0 +3.777649947e+000 +3.787649947e+000 +3.787649947e+000
4855 0 +3.700095934e+000 +3.710095934e+000 +3.710095934e+000
5131 0 +3.591562026e+000 +3.601562026e+000 +3.601562026e+000
5455 0 +3.535049828e+000 +3.545049828e+000 +3.545049828e+000
5631 0 +3.428091278e+000 +3.438091278e+000 +3.438091278e+000
5931 0 +3.374077229e+000 +3.384077229e+000 +3.384077229e+000
6590 0 +3.292843848e+000 +3.302843848e+000 +3.302843848e+000
6948 0 +3.204727324e+000 +3.214727324e+000 +3.214727324e+000
8248 0 +3.162181425e+000 +3.172181425e+000 +3.172181425e+000
% f evaluations | g evaluations | best noise-free fitness - Fopt (-1.306100000000e+002) + sum g_i+ | measured fitness | best measured fitness or single-digit g-values | x1 | x2...
1 0 +1.451380668e+001 -1.160961933e+002 -1.160961933e+002
2 0 +1.299308545e+001 -1.176169145e+002 -1.176169145e+002
3 0 +1.268467823e+001 -1.179253218e+002 -1.179253218e+002
4 0 +1.213382576e+001 -1.184761742e+002 -1.184761742e+002
6 0 +9.420178880e+000 -1.211898211e+002 -1.211898211e+002
16 0 +7.542547212e+000 -1.230674528e+002 -1.230674528e+002
293 0 +6.927776923e+000 -1.236822231e+002 -1.236822231e+002
441 0 +6.578956897e+000 -1.240310431e+002 -1.240310431e+002
513 0 +6.326209921e+000 -1.242837901e+002 -1.242837901e+002
996 0 +5.020433388e+000 -1.255895666e+002 -1.255895666e+002
2441 0 +4.514422264e+000 -1.260955777e+002 -1.260955777e+002
4641 0 +4.383611603e+000 -1.262263884e+002 -1.262263884e+002
4941 0 +4.191393486e+000 -1.264186065e+002 -1.264186065e+002
5341 0 +3.993103781e+000 -1.266168962e+002 -1.266168962e+002
5614 0 +3.582462203e+000 -1.270275378e+002 -1.270275378e+002
6914 0 +3.503221625e+000 -1.271067784e+002 -1.271067784e+002
7014 0 +3.325595693e+000 -1.272844043e+002 -1.272844043e+002
7104 0 +3.281477151e+000 -1.273285228e+002 -1.273285228e+002
7933 0 +3.223365240e+000 -1.273866348e+002 -1.273866348e+002
8178 0 +3.108664800e+000 -1.275013352e+002 -1.275013352e+002
8423 0 +3.088168392e+000 -1.275218316e+002 -1.275218316e+002
8441 0 +2.975490065e+000 -1.276345099e+002 -1.276345099e+002
8467 0 +2.868010904e+000 -1.277419891e+002 -1.277419891e+002
8678 0 +2.800838701e+000 -1.278091613e+002 -1.278091613e+002
8823 0 +2.753188960e+000 -1.278568110e+002 -1.278568110e+002
9967 0 +2.687146143e+000 -1.279228539e+002 -1.279228539e+002
% f evaluations | g evaluations | best noise-free fitness - Fopt (-2.231200000000e+002) + sum g_i+ | measured fitness | best measured fitness or single-digit g-values | x1 | x2...
1 0 +1.305576870e+001 -2.100642313e+002 -2.100642313e+002
3 0 +6.773306828e+000 -2.163466932e+002 -2.163466932e+002
322 0 +6.728711820e+000 -2.163912882e+002 -2.163912882e+002
355 0 +5.438795065e+000 -2.176812049e+002 -2.176812049e+002
1792 0 +5.233703276e+000 -2.178862967e+002 -2.178862967e+002
2972 0 +3.550330385e+000 -2.195696696e+002 -2.195696696e+002
4272 0 +3.363267572e+000 -2.197567324e+002 -2.197567324e+002
5372 0 +3.070564980e+000 -2.200494350e+002 -2.200494350e+002
5888 0 +2.422374594e+000 -2.206976254e+002 -2.206976254e+002
6272 0 +2.318769984e+000 -2.208012300e+002 -2.208012300e+002
6572 0 +2.259475159e+000 -2.208605248e+002 -2.208605248e+002
7424 0 +2.236572422e+000 -2.208834276e+002 -2.208834276e+002
8443 0 +2.181591028e+000 -2.209384090e+002 -2.209384090e+002
% f evaluations | g evaluations | best noise-free fitness - Fopt (-4.443000000000e+001) + sum g_i+ | measured fitness | best measured fitness or single-digit g-values | x1 | x2...
1 0 +1.214614794e+001 -3.228385206e+001 -3.228385206e+001
2 0 +9.864089178e+000 -3.456591082e+001 -3.456591082e+001
6 0 +8.384413218e+000 -3.604558678e+001 -3.604558678e+001
20 0 +7.406627167e+000 -3.702337283e+001 -3.702337283e+001
27 0 +5.511927982e+000 -3.891807202e+001 -3.891807202e+001
1722 0 +5.456241204e+000 -3.897375880e+001 -3.897375880e+001
2058 0 +4.633235610e+000 -3.979676439e+001 -3.979676439e+001
3758 0 +4.497043323e+000 -3.993295668e+001 -3.993295668e+001
4058 0 +4.431359974e+000 -3.999864003e+001 -3.999864003e+001
4758 0 +4.361680112e+000 -4.006831989e+001 -4.006831989e+001
5356 0 +4.262528133e+000 -4.016747187e+001 -4.016747187e+001
7685 0 +4.163452861e+000 -4.026654714e+001 -4.026654714e+001
9385 0 +4.073086156e+000 -4.035691384e+001 -4.035691384e+001
% f evaluations | g evaluations | best noise-free fitness - Fopt (2.557800000000e+002) + sum g_i+ | measured fitness | best measured fitness or single-digit g-values | x1 | x2...
1 0 +1.248569870e+001 +2.682656987e+002 +2.682656987e+002
2 0 +1.183376068e+001 +2.676137607e+002 +2.676137607e+002
3 0 +6.662277179e+000 +2.624422772e+002 +2.624422772e+002
40 0 +6.186681909e+000 +2.619666819e+002 +2.619666819e+002
437 0 +5.348881057e+000 +2.611288811e+002 +2.611288811e+002
1712 0 +5.215641317e+000 +2.609956413e+002 +2.609956413e+002
3075 0 +4.964219007e+000 +2.607442190e+002 +2.607442190e+002
3188 0 +4.379101413e+000 +2.601591014e+002 +2.601591014e+002
3310 0 +3.652857449e+000 +2.594328574e+002 +2.594328574e+002
3605 0 +3.473422279e+000 +2.592534223e+002 +2.592534223e+002
3799 0 +3.368733230e+000 +2.591487332e+002 +2.591487332e+002
3814 0 +3.271709355e+000 +2.590517094e+002 +2.590517094e+002
3910 0 +3.045581406e+000 +2.588255814e+002 +2.588255814e+002
3957 0 +3.010944597e+000 +2.587909446e+002 +2.587909446e+002
4110 0 +2.885115201e+000 +2.586651152e+002 +2.586651152e+002
4118 0 +2.572785721e+000 +2.583527857e+002 +2.583527857e+002
4210 0 +2.116639752e+000 +2.578966398e+002 +2.578966398e+002
4358 0 +2.085606602e+000 +2.578656066e+002 +2.578656066e+002
4499 0 +1.903836188e+000 +2.576838362e+002 +2.576838362e+002
4721 0 +1.826078326e+000 +2.576060783e+002 +2.576060783e+002
4753 0 +1.802354121e+000 +2.575823541e+002 +2.575823541e+002
4837 0 +1.758138805e+000 +2.575381388e+002 +2.575381388e+002
5121 0 +1.696094869e+000 +2.574760949e+002 +2.574760949e+002
5224 0 +1.649230418e+000 +2.574292304e+002 +2.574292304e+002
5421 0 +1.609540233e+000 +2.573895402e+002 +2.573895402e+002
5424 0 +1.527539112e+000 +2.573075391e+002 +2.573075391e+002
5523 0 +1.502438908e+000 +2.572824389e+002 +2.572824389e+002
5623 0 +1.445782840e+000 +2.572257828e+002 +2.572257828e+002
5710 0 +1.433767533e+000 +2.572137675e+002 +2.572137675e+002
5777 0 +1.395895297e+000 +2.571758953e+002 +2.571758953e+002
6115 0 +1.371054567e+000 +2.571510546e+002 +2.571510546e+002
6975 0 +1.317011223e+000 +2.570970112e+002 +2.570970112e+002
7406 0 +1.285079635e+000 +2.570650796e+002 +2.570650796e+002
8179 0 +1.257748732e+000 +2.570377487e+002 +2.570377487e+002
9123 0 +1.222990217e+000 +2.570029902e+002 +2.570029902e+002
9423 0 +1.201539663e+000 +2.569815397e+002 +2.569815397e+002
% f evaluations | g evaluations | best noise-free fitness - Fopt (1.000000000000e+003) + sum g_i+ | measured fitness | best measured fitness or single-digit g-values | x1 | x2...
1 0 +1.129279584e+001 +1.011292796e+003 +1.011292796e+003
2 0 +9.832150795e+000 +1.009832151e+003 +1.009832151e+003
5 0 +8.033517270e+000 +1.008033517e+003 +1.008033517e+003
40 0 +7.880776931e+000 +1.007880777e+003 +1.007880777e+003
99 0 +6.956619961e+000 +1.006956620e+003 +1.006956620e+003
814 0 +5.617270435e+000 +1.005617270e+003 +1.005617270e+003
1247 0 +5.398867930e+000 +1.005398868e+003 +1.005398868e+003
3343 0 +5.337671282e+000 +1.005337671e+003 +1.005337671e+003
6033 0 +5.158151005e+000 +1.005158151e+003 +1.005158151e+003
7268 0 +4.832374787e+000 +1.004832375e+003 +1.004832375e+003
% f evaluations | g evaluations | best noise-free fitness - Fopt (-1.869500000000e+002) + sum g_i+ | measured fitness | best measured fitness or single-digit g-values | x1 | x2...
1 0 +1.323193173e+001 -1.737180683e+002 -1.737180683e+002
2 0 +1.090873515e+001 -1.760412648e+002 -1.760412648e+002
5 0 +9.684289909e+000 -1.772657101e+002 -1.772657101e+002
9 0 +9.365987992e+000 -1.775840120e+002 -1.775840120e+002
29 0 +7.191391118e+000 -1.797586089e+002 -1.797586089e+002
226 0 +7.012601129e+000 -1.799373989e+002 -1.799373989e+002
608 0 +6.838961466e+000 -1.801110385e+002 -1.801110385e+002
939 0 +6.467031558e+000 -1.804829684e+002 -1.804829684e+002
1079 0 +6.313443047e+000 -1.806365570e+002 -1.806365570e+002
1080 0 +5.509796589e+000 -1.814402034e+002 -1.814402034e+002
1116 0 +4.067043621e+000 -1.828829564e+002 -1.828829564e+002
3503 0 +3.973256224e+000 -1.829767438e+002 -1.829767438e+002
3816 0 +3.739578803e+000 -1.832104212e+002 -1.832104212e+002
4269 0 +3.678958021e+000 -1.832710420e+002 -1.832710420e+002
4315 0 +3.575145209e+000 -1.833748548e+002 -1.833748548e+002
4598 0 +3.511776257e+000 -1.834382237e+002 -1.834382237e+002
4999 0 +3.442765787e+000 -1.835072342e+002 -1.835072342e+002
8103 0 +3.371387610e+000 -1.835786124e+002 -1.835786124e+002
8716 0 +3.311097336e+000 -1.836389027e+002 -1.836389027e+002
% f evaluations | g evaluations | best noise-free fitness - Fopt (5.859500000000e+002) + sum g_i+ | measured fitness | best measured fitness or single-digit g-values | x1 | x2...
1 0 +2.543510543e+001 +6.113851054e+002 +6.113851054e+002
2 0 +1.998792680e+001 +6.059379268e+002 +6.059379268e+002
3 0 +1.359274525e+001 +5.995427452e+002 +5.995427452e+002
6 0 +1.220261348e+001 +5.981526135e+002 +5.981526135e+002
14 0 +9.125218183e+000 +5.950752182e+002 +5.950752182e+002
43 0 +7.127871012e+000 +5.930778710e+002 +5.930778710e+002
499 0 +6.838668152e+000 +5.927886682e+002 +5.927886682e+002
614 0 +6.232930370e+000 +5.921829304e+002 +5.921829304e+002
1606 0 +5.411415315e+000 +5.913614153e+002 +5.913614153e+002
3143 0 +5.196291894e+000 +5.911462919e+002 +5.911462919e+002
3535 0 +5.083873615e+000 +5.910338736e+002 +5.910338736e+002
5075 0 +4.787889042e+000 +5.907378890e+002 +5.907378890e+002
5235 0 +4.650481573e+000 +5.906004816e+002 +5.906004816e+002
5255 0 +3.805390921e+000 +5.897553909e+002 +5.897553909e+002
7455 0 +3.776999677e+000 +5.897269997e+002 +5.897269997e+002
7695 0 +3.432916807e+000 +5.893829168e+002 +5.893829168e+002
7755 0 +3.308070354e+000 +5.892580704e+002 +5.892580704e+002
7955 0 +3.161403338e+000 +5.891114033e+002 +5.891114033e+002
9120 0 +3.056190309e+000 +5.890061903e+002 +5.890061903e+002
9320 0 +3.017770030e+000 +5.889677700e+002 +5.889677700e+002
9513 0 +2.880196678e+000 +5.888301967e+002 +5.888301967e+002
9593 0 +2.643914092e+000 +5.885939141e+002 +5.885939141e+002
9595 0 +2.375838140e+000 +5.883258381e+002 +5.883258381e+002
9895 0 +2.242749977e+000 +5.881927500e+002 +5.881927500e+002
9993 0 +2.213714805e+000 +5.881637148e+002 +5.881637148e+002
% f evaluations | g evaluations | best noise-free fitness - Fopt (2.871600000000e+002) + sum g_i+ | measured fitness | best measured fitness or single-digit g-values | x1 | x2...
1 0 +2.044301541e+001 +3.076030154e+002 +3.076030154e+002
2 0 +1.494899013e+001 +3.021089901e+002 +3.021089901e+002
8 0 +1.460602253e+001 +3.017660225e+002 +3.017660225e+002
10 0 +5.081608231e+000 +2.922416082e+002 +2.922416082e+002
2501 0 +4.569654896e+000 +2.917296549e+002 +2.917296549e+002
3234 0 +3.857551904e+000 +2.910175519e+002 +2.910175519e+002
4234 0 +3.795104912e+000 +2.909551049e+002 +2.909551049e+002
4333 0 +3.553114628e+000 +2.907131146e+002 +2.907131146e+002
4533 0 +3.465440171e+000 +2.906254402e+002 +2.906254402e+002
4733 0 +3.364071056e+000 +2.905240711e+002 +2.905240711e+002
5634 0 +3.305156188e+000 +2.904651562e+002 +2.904651562e+002
6273 0 +3.233417062e+000 +2.903934171e+002 +2.903934171e+002
6490 0 +3.151745962e+000 +2.903117460e+002 +2.903117460e+002
6607 0 +3.078477164e+000 +2.902384772e+002 +2.902384772e+002
9802 0 +2.974100783e+000 +2.901341008e+002 +2.901341008e+002
9933 0 +2.933506097e+000 +2.900935061e+002 +2.900935061e+002
9942 0 +2.857553987e+000 +2.900175540e+002 +2.900175540e+002
% f evaluations | g evaluations | best noise-free fitness - Fopt (-3.943800000000e+002) + sum g_i+ | measured fitness | best measured fitness or single-digit g-values | x1 | x2...
1 0 +9.890550780e+000 -3.844894492e+002 -3.844894492e+002
5 0 +6.342471890e+000 -3.880375281e+002 -3.880375281e+002
953 0 +6.239519824e+000 -3.881404802e+002 -3.881404802e+002
995 0 +5.519715635e+000 -3.888602844e+002 -3.888602844e+002
1463 0 +5.409059557e+000 -3.889709404e+002 -3.889709404e+002
2669 0 +5.218164835e+000 -3.891618352e+002 -3.891618352e+002
3295 0 +5.127980162e+000 -3.892520198e+002 -3.892520198e+002
3995 0 +4.936542123e+000 -3.894434579e+002 -3.894434579e+002
4095 0 +4.713007752e+000 -3.896669922e+002 -3.896669922e+002
4296 0 +4.239389522e+000 -3.901406105e+002 -3.901406105e+002
4760 0 +4.018695543e+000 -3.903613045e+002 -3.903613045e+002
5160 0 +3.922800437e+000 -3.904571996e+002 -3.904571996e+002
5200 0 +3.393488210e+000 -3.909865118e+002 -3.909865118e+002
7649 0 +3.174309584e+000 -3.912056904e+002 -3.912056904e+002
7800 0 +2.953659418e+000 -3.914263406e+002 -3.914263406e+002
8900 0 +2.942287943e+000 -3.914377121e+002 -3.914377121e+002
9900 0 +2.882774863e+000 -3.914972251e+002 -3.914972251e+002
% f evaluations | g evaluations | best noise-free fitness - Fopt (5.443000000000e+001) + sum g_i+ | measured fitness | best measured fitness or single-digit g-values | x1 | x2...
1 0 +1.716634376e+001 +7.159634376e+001 +7.159634376e+001
2 0 +1.650389470e+001 +7.093389470e+001 +7.093389470e+001
3 0 +1.523884971e+001 +6.966884971e+001 +6.966884971e+001
5 0 +1.207425946e+001 +6.650425946e+001 +6.650425946e+001
8 0 +1.120076025e+001 +6.563076025e+001 +6.563076025e+001
12 0 +8.702547826e+000 +6.313254783e+001 +6.313254783e+001
27 0 +7.652378675e+000 +6.208237867e+001 +6.208237867e+001
44 0 +7.506309445e+000 +6.193630944e+001 +6.193630944e+001
657 0 +6.090749389e+000 +6.052074939e+001 +6.052074939e+001
1465 0 +4.541901818e+000 +5.897190182e+001 +5.897190182e+001
2965 0 +3.836742011e+000 +5.826674201e+001 +5.826674201e+001
3165 0 +3.699955755e+000 +5.812995576e+001 +5.812995576e+001
4129 0 +3.598058888e+000 +5.802805889e+001 +5.802805889e+001
6021 0 +3.527286545e+000 +5.795728655e+001 +5.795728655e+001
6621 0 +3.460163489e+000 +5.789016349e+001 +5.789016349e+001
% f evaluations | g evaluations | best noise-free fitness - Fopt (1.396900000000e+002) + sum g_i+ | measured fitness | best measured fitness or single-digit g-values | x1 | x2...
1 0 +1.563142434e+001 +1.553214243e+002 +1.553214243e+002
5 0 +1.361191963e+001 +1.533019196e+002 +1.533019196e+002
11 0 +1.180134707e+001 +1.514913471e+002 +1.514913471e+002
22 0 +1.174600262e+001 +1.514360026e+002 +1.514360026e+002
26 0 +1.083993582e+001 +1.505299358e+002 +1.505299358e+002
27 0 +7.052360213e+000 +1.467423602e+002 +1.467423602e+002
315 0 +6.682926848e+000 +1.463729268e+002 +1.463729268e+002
364 0 +6.568571452e+000 +1.462585715e+002 +1.462585715e+002
441 0 +6.069966865e+000 +1.457599669e+002 +1.457599669e+002
939 0 +4.690233866e+000 +1.443802339e+002 +1.443802339e+002
2803 0 +4.640834475e+000 +1.443308345e+002 +1.443308345e+002
2987 0 +4.507229180e+000 +1.441972292e+002 +1.441972292e+002
3887 0 +4.252781522e+000 +1.439427815e+002 +1.439427815e+002
4971 0 +4.008062613e+000 +1.436980626e+002 +1.436980626e+002
5279 0 +3.959813111e+000 +1.436498131e+002 +1.436498131e+002
5448 0 +3.387821595e+000 +1.430778216e+002 +1.430778216e+002
5531 0 +2.748626372e+000 +1.424386264e+002 +1.424386264e+002
5630 0 +2.413158078e+000 +1.421031581e+002 +1.421031581e+002
5730 0 +2.302382979e+000 +1.419923830e+002 +1.419923830e+002
5787 0 +2.216978828e+000 +1.419069788e+002 +1.419069788e+002
6030 0 +2.168398030e+000 +1.418583980e+002 +1.418583980e+002
6130 0 +1.999149750e+000 +1.416891497e+002 +1.416891497e+002
6330 0 +1.981592418e+000 +1.416715924e+002 +1.416715924e+002
6860 0 +1.929360382e+000 +1.416193604e+002 +1.416193604e+002
8109 0 +1.899661538e+000 +1.415896615e+002 +1.415896615e+002
% f evaluations | g evaluations | best noise-free fitness - Fopt (-5.794000000000e+001) + sum g_i+ | measured fitness | best measured fitness or single-digit g-values | x1 | x2...
1 0 +9.893547397e+000 -4.804645260e+001 -4.804645260e+001
2 0 +8.368582481e+000 -4.957141752e+001 -4.957141752e+001
62 0 +7.000616239e+000 -5.093938376e+001 -5.093938376e+001
100 0 +6.901708620e+000 -5.103829138e+001 -5.103829138e+001
313 0 +4.850066393e+000 -5.308993361e+001 -5.308993361e+001
1704 0 +4.567023830e+000 -5.337297617e+001 -5.337297617e+001
1804 0 +4.273131308e+000 -5.366686869e+001 -5.366686869e+001
1904 0 +3.934629830e+000 -5.400537017e+001 -5.400537017e+001
2004 0 +3.651969434e+000 -5.428803057e+001 -5.428803057e+001
2104 0 +3.596252851e+000 -5.434374715e+001 -5.434374715e+001
3411 0 +3.516813602e+000 -5.442318640e+001 -5.442318640e+001
3504 0 +3.461117745e+000 -5.447888226e+001 -5.447888226e+001
3511 0 +3.354769837e+000 -5.458523016e+001 -5.458523016e+001
3611 0 +3.288829155e+000 -5.465117085e+001 -5.465117085e+001
3804 0 +3.175848542e+000 -5.476415146e+001 -5.476415146e+001
3826 0 +3.135871158e+000 -5.480412884e+001 -5.480412884e+001
4166 0 +3.052387032e+000 -5.488761297e+001 -5.488761297e+001
4326 0 +2.998731915e+000 -5.494126809e+001 -5.494126809e+001
5504 0 +2.951036963e+000 -5.498896304e+001 -5.498896304e+001
9306 0 +2.883850500e+000 -5.505614950e+001 -5.505614950e+001
% f evaluations | g evaluations | best noise-free fitness - Fopt (1.253900000000e+002) + sum g_i+ | measured fitness | best measured fitness or single-digit g-values | x1 | x2...
1 0 +1.014755781e+001 +1.355375578e+002 +1.355375578e+002
5 0 +9.496472867e+000 +1.348864729e+002 +1.348864729e+002
6 0 +8.204174845e+000 +1.335941748e+002 +1.335941748e+002
34 0 +6.635868912e+000 +1.320258689e+002 +1.320258689e+002
705 0 +6.344123433e+000 +1.317341234e+002 +1.317341234e+002
867 0 +5.993665553e+000 +1.313836656e+002 +1.313836656e+002
1385 0 +5.692769889e+000 +1.310827699e+002 +1.310827699e+002
2595 0 +4.934228863e+000 +1.303242289e+002 +1.303242289e+002
3010 0 +4.768117899e+000 +1.301581179e+002 +1.301581179e+002
3816 0 +3.939076060e+000 +1.293290761e+002 +1.293290761e+002
4817 0 +3.863309638e+000 +1.292533096e+002 +1.292533096e+002
4885 0 +3.791472039e+000 +1.291814720e+002 +1.291814720e+002
5085 0 +3.712464262e+000 +1.291024643e+002 +1.291024643e+002
6910 0 +3.623326783e+000 +1.290133268e+002 +1.290133268e+002
