% f evaluations | g evaluations | best noise-free fitness - Fopt (-5.465000000000e+002) + sum g_i+ | measured fitness | best measured fitness or single-digit g-values | x1 | x2...
1 0 +6.592654473e+003 +6.046154473e+003 +6.046154473e+003 +0.0000e+000 +0.0000e+000 +0.0000e+000 +0.0000e+000 +0.0000e+000
17 0 +1.516643098e+003 +9.701430984e+002 +9.701430984e+002 -2.9945e+000 -5.0974e-001 +2.1152e+000 -2.3369e+000 +2.7636e+000
91 0 +2.326878673e+002 -3.138121327e+002 -3.138121327e+002 +1.5540e+000 +2.7942e+000 +2.5810e+000 -1.2224e+000 +2.2246e+000
213 0 +4.155523851e+000 -5.423444761e+002 -5.423444761e+002 +5.5592e-001 +3.0197e+000 +1.5811e+000 -6.7170e-001 +1.8304e+000
436 0 +3.469731288e+000 -5.430302687e+002 -5.430302687e+002 +7.1946e-001 +2.5751e+000 +1.1914e+000 -7.9726e-001 +1.8611e+000
513 0 +3.461106410e+000 -5.430388936e+002 -5.430388936e+002 +1.6925e+000 +2.6734e+000 +1.2829e+000 -1.6238e+000 +2.2521e+000
645 0 +3.144500702e+000 -5.433554993e+002 -5.433554993e+002 +1.5818e+000 +2.2718e+000 +1.7947e-001 -1.8502e+000 +1.4870e+000
698 0 +2.850244072e+000 -5.436497559e+002 -5.436497559e+002 +1.4681e+000 +2.2465e+000 +1.0930e+000 -8.3174e-001 +2.1765e+000
789 0 +2.726880033e+000 -5.437731200e+002 -5.437731200e+002 +1.4574e+000 +1.4707e+000 +2.5120e-001 -1.3979e+000 +1.9957e+000
941 0 +2.488512120e+000 -5.440114879e+002 -5.440114879e+002 +1.6469e+000 +1.7019e+000 +6.6155e-001 -1.2946e+000 +2.2677e+000
1108 0 +1.901031085e+000 -5.445989689e+002 -5.445989689e+002 +6.7731e-001 +2.8730e+000 +3.6911e-001 -1.0542e+000 +1.2076e+000
1787 0 +1.826297169e+000 -5.446737028e+002 -5.446737028e+002 +6.5105e-001 +2.8657e+000 +4.1611e-001 -9.8779e-001 +1.2270e+000
2063 0 +1.731076032e+000 -5.447689240e+002 -5.447689240e+002 +6.7908e-001 +2.7857e+000 +3.6637e-001 -1.0093e+000 +1.2337e+000
2626 0 +1.692921977e+000 -5.448070780e+002 -5.448070780e+002 +6.5859e-001 +2.8014e+000 +4.0647e-001 -9.9016e-001 +1.2309e+000
3882 0 +1.659331487e+000 -5.448406685e+002 -5.448406685e+002 +6.3033e-001 +2.7881e+000 +4.0082e-001 -1.0046e+000 +1.2385e+000
% f evaluations | g evaluations | best noise-free fitness - Fopt (1.000000000000e+003) + sum g_i+ | measured fitness | best measured fitness or single-digit g-values | x1 | x2...
1 0 +6.592654473e+003 +7.592654473e+003 +7.592654473e+003 +0.0000e+000 +0.0000e+000 +0.0000e+000 +0.0000e+000 +0.0000e+000
14 0 +4.311938386e+003 +5.311938386e+003 +5.311938386e+003 -4.4984e+000 -5.2776e-001 -1.9081e+000 -2.3525e-001 -3.5203e+000
25 0 +9.511505155e+002 +1.951150516e+003 +1.951150516e+003 -2.6276e+000 +3.4202e+000 -1.7233e+000 -1.9768e+000 -2.1769e+000
46 0 +1.176829677e+002 +1.117682968e+003 +1.117682968e+003 +2.6185e+000 -3.3805e-001 -1.3107e+000 -2.0576e+000 -5.1113e-001
214 0 +4.544668204e+000 +1.004544668e+003 +1.004544668e+003 -3.1465e-001 -6.7347e-001 -8.0300e-001 -1.1915e+000 -2.4445e+000
275 0 +3.872426116e+000 +1.003872426e+003 +1.003872426e+003 +1.3565e+000 +2.6883e-001 -1.0157e-001 -2.4637e+000 -5.8942e-001
435 0 +3.781783439e+000 +1.003781783e+003 +1.003781783e+003 -9.5812e-002 +1.4087e+000 -9.9361e-001 -9.2210e-001 -1.3283e+000
553 0 +3.475663094e+000 +1.003475663e+003 +1.003475663e+003 +4.3388e-001 +6.9168e-001 -3.4695e-001 -1.7572e+000 -9.6552e-001
564 0 +2.535475136e+000 +1.002535475e+003 +1.002535475e+003 -3.2372e-001 +1.7378e+000 -3.2006e-001 -1.0616e+000 -1.2262e+000
735 0 +2.273797571e+000 +1.002273798e+003 +1.002273798e+003 -3.3854e-001 +1.7628e+000 -2.6314e-001 -1.0772e+000 -1.2173e+000
950 0 +2.228613980e+000 +1.002228614e+003 +1.002228614e+003 -3.0013e-001 +1.7065e+000 -2.6607e-001 -1.0755e+000 -1.2119e+000
1409 0 +2.102288013e+000 +1.002102288e+003 +1.002102288e+003 -3.4546e-001 +1.6501e+000 -2.2295e-001 -1.0692e+000 -1.1942e+000
1609 0 +2.072713445e+000 +1.002072713e+003 +1.002072713e+003 -3.5639e-001 +1.7013e+000 -2.2500e-001 -1.0080e+000 -1.2244e+000
1698 0 +1.999161081e+000 +1.001999161e+003 +1.001999161e+003 -3.8557e-001 +1.6596e+000 -2.0435e-001 -1.0461e+000 -1.2100e+000
1767 0 +1.985546944e+000 +1.001985547e+003 +1.001985547e+003 -3.9074e-001 +1.6644e+000 -2.0475e-001 -1.0575e+000 -1.2096e+000
2133 0 +1.944009303e+000 +1.001944009e+003 +1.001944009e+003 -3.7832e-001 +1.6968e+000 -2.0987e-001 -1.0606e+000 -1.2276e+000
2373 0 +1.902343224e+000 +1.001902343e+003 +1.001902343e+003 -3.6299e-001 +1.7183e+000 -1.9755e-001 -1.0638e+000 -1.2224e+000
2959 0 +1.860472017e+000 +1.001860472e+003 +1.001860472e+003 -3.2630e-001 +1.7280e+000 -1.7371e-001 -1.0626e+000 -1.2178e+000
% f evaluations | g evaluations | best noise-free fitness - Fopt (2.083800000000e+002) + sum g_i+ | measured fitness | best measured fitness or single-digit g-values | x1 | x2...
1 0 +6.592654473e+003 +6.801034473e+003 +6.801034473e+003 +0.0000e+000 +0.0000e+000 +0.0000e+000 +0.0000e+000 +0.0000e+000
12 0 +7.304401790e+002 +9.388201790e+002 +9.388201790e+002 -2.3914e-001 -8.1400e-001 +1.1140e+000 +1.9139e+000 +2.7051e-001
61 0 +5.048912869e+000 +2.134289129e+002 +2.134289129e+002 +2.1886e+000 +1.9559e+000 -7.9482e-002 +1.7377e+000 +7.5044e-001
334 0 +4.324245997e+000 +2.127042460e+002 +2.127042460e+002 +2.5061e+000 +3.0979e+000 +2.0890e+000 +1.5564e+000 +1.2701e+000
363 0 +3.480048483e+000 +2.118600485e+002 +2.118600485e+002 +2.5117e+000 +2.3647e+000 +1.8023e+000 +7.1856e-001 +1.8035e+000
503 0 +3.145768228e+000 +2.115257682e+002 +2.115257682e+002 +1.5731e+000 +1.5624e+000 +2.3180e+000 +8.1124e-001 +1.5116e+000
568 0 +3.078282392e+000 +2.114582824e+002 +2.114582824e+002 +1.7732e+000 +2.0323e+000 +1.0387e+000 +8.8648e-001 +2.3841e+000
618 0 +2.758574898e+000 +2.111385749e+002 +2.111385749e+002 +1.6992e+000 +4.8896e-001 -8.1855e-002 +1.8096e+000 +2.2317e+000
870 0 +2.286597263e+000 +2.106665973e+002 +2.106665973e+002 +1.6250e+000 +9.6177e-001 +2.6548e-001 +1.5970e+000 +2.2294e+000
1339 0 +2.039240880e+000 +2.104192409e+002 +2.104192409e+002 +1.6134e+000 +9.6345e-001 +3.8190e-001 +1.4337e+000 +2.3082e+000
1552 0 +1.976954058e+000 +2.103569541e+002 +2.103569541e+002 +1.4599e+000 +1.0647e+000 +3.7388e-001 +1.0989e+000 +2.3408e+000
1672 0 +1.843477616e+000 +2.102234776e+002 +2.102234776e+002 +1.6105e+000 +9.9880e-001 +3.8264e-001 +1.3709e+000 +2.3074e+000
2072 0 +1.792166761e+000 +2.101721668e+002 +2.101721668e+002 +1.6271e+000 +9.8940e-001 +3.4652e-001 +1.4017e+000 +2.2794e+000
2624 0 +1.757387328e+000 +2.101373873e+002 +2.101373873e+002 +1.5903e+000 +9.8810e-001 +3.6990e-001 +1.3742e+000 +2.2995e+000
2777 0 +1.726412150e+000 +2.101064122e+002 +2.101064122e+002 +1.5817e+000 +9.7962e-001 +3.7250e-001 +1.3775e+000 +2.2902e+000
2819 0 +1.677970327e+000 +2.100579703e+002 +2.100579703e+002 +1.5492e+000 +9.6632e-001 +3.4911e-001 +1.4001e+000 +2.2771e+000
3670 0 +1.658995631e+000 +2.100389956e+002 +2.100389956e+002 +1.5148e+000 +9.5964e-001 +3.5560e-001 +1.3929e+000 +2.2810e+000
% f evaluations | g evaluations | best noise-free fitness - Fopt (-1.449600000000e+002) + sum g_i+ | measured fitness | best measured fitness or single-digit g-values | x1 | x2...
1 0 +6.592654473e+003 +6.447694473e+003 +6.447694473e+003 +0.0000e+000 +0.0000e+000 +0.0000e+000 +0.0000e+000 +0.0000e+000
12 0 +4.893713467e+003 +4.748753467e+003 +4.748753467e+003 -2.6659e+000 +2.2345e-002 +1.0607e+000 +2.6133e-001 -1.7264e+000
34 0 +3.808568856e+003 +3.663608856e+003 +3.663608856e+003 -4.9223e+000 +2.7147e+000 -3.9760e+000 +9.3585e-001 -2.0424e+000
69 0 +2.928289446e+003 +2.783329446e+003 +2.783329446e+003 -1.3780e+000 -4.6108e+000 -1.3234e+000 -1.2226e+000 -1.5517e+000
72 0 +1.074493390e+003 +9.295333901e+002 +9.295333901e+002 +4.1363e+000 -3.0356e+000 -3.7815e-001 -1.9722e+000 -1.3744e+000
77 0 +4.351939645e+002 +2.902339645e+002 +2.902339645e+002 -3.2373e+000 +1.1671e+000 +7.7608e-002 -1.2346e+000 -2.0037e+000
82 0 +3.989720294e+002 +2.540120294e+002 +2.540120294e+002 -2.7422e+000 +8.6815e-001 +2.7642e-001 -1.5908e+000 -2.3990e+000
132 0 +2.069422068e+002 +6.198220680e+001 +6.198220680e+001 -6.7923e-001 -2.4611e+000 +9.7432e-001 -3.0169e+000 -9.6317e-001
229 0 +3.925474788e+000 -1.410345252e+002 -1.410345252e+002 -7.7973e-001 -1.7812e+000 -1.6841e+000 -1.6215e+000 -1.8938e+000
287 0 +3.293131332e+000 -1.416668687e+002 -1.416668687e+002 -6.1481e-001 -1.3385e+000 -1.9499e-001 -2.6258e+000 -1.1377e+000
472 0 +3.156475315e+000 -1.418035247e+002 -1.418035247e+002 -1.5178e-002 -1.7273e+000 -2.7666e-001 -2.4776e+000 -1.5983e+000
650 0 +2.475369790e+000 -1.424846302e+002 -1.424846302e+002 -1.0466e+000 -2.2316e+000 -1.0571e+000 -8.2032e-001 -2.3304e+000
842 0 +1.800018193e+000 -1.431599818e+002 -1.431599818e+002 -1.0485e+000 -2.3430e+000 -1.2106e+000 -7.8964e-001 -2.4217e+000
1459 0 +1.697885805e+000 -1.432621142e+002 -1.432621142e+002 -1.0891e+000 -2.4056e+000 -1.2944e+000 -7.4688e-001 -2.4667e+000
1805 0 +1.653680680e+000 -1.433063193e+002 -1.433063193e+002 -1.0592e+000 -2.3745e+000 -1.0865e+000 -7.9544e-001 -2.4633e+000
1812 0 +1.436325227e+000 -1.435236748e+002 -1.435236748e+002 -1.0999e+000 -2.4414e+000 -1.3912e+000 -7.3122e-001 -2.4774e+000
2029 0 +1.371567487e+000 -1.435884325e+002 -1.435884325e+002 -1.0936e+000 -2.4390e+000 -1.3900e+000 -7.4284e-001 -2.4710e+000
2061 0 +1.289758725e+000 -1.436702413e+002 -1.436702413e+002 -1.0735e+000 -2.3717e+000 -1.3687e+000 -7.3782e-001 -2.4571e+000
2151 0 +1.185169650e+000 -1.437748304e+002 -1.437748304e+002 -1.0359e+000 -2.4156e+000 -1.4224e+000 -7.7566e-001 -2.4441e+000
2361 0 +1.152358999e+000 -1.438076410e+002 -1.438076410e+002 -1.0419e+000 -2.4041e+000 -1.4105e+000 -7.6877e-001 -2.4457e+000
2417 0 +1.147688326e+000 -1.438123117e+002 -1.438123117e+002 -9.8852e-001 -2.3851e+000 -1.4194e+000 -7.7095e-001 -2.4478e+000
2698 0 +1.116860418e+000 -1.438431396e+002 -1.438431396e+002 -1.0147e+000 -2.3883e+000 -1.4282e+000 -7.5235e-001 -2.4516e+000
% f evaluations | g evaluations | best noise-free fitness - Fopt (-6.300000000000e+000) + sum g_i+ | measured fitness | best measured fitness or single-digit g-values | x1 | x2...
1 0 +6.592654473e+003 +6.586354473e+003 +6.586354473e+003 +0.0000e+000 +0.0000e+000 +0.0000e+000 +0.0000e+000 +0.0000e+000
27 0 +4.826501770e+003 +4.820201770e+003 +4.820201770e+003 -2.4174e+000 -3.3446e+000 +2.5367e+000 +6.6259e-001 -1.8575e+000
40 0 +1.110818975e+003 +1.104518975e+003 +1.104518975e+003 +2.5983e+000 +1.9023e-001 -2.8265e+000 -2.6159e-001 -7.4813e-001
93 0 +8.296645201e+002 +8.233645201e+002 +8.233645201e+002 -1.1627e+000 -2.4573e+000 +8.0554e-001 +3.8122e-001 -2.8682e+000
206 0 +2.068817482e+002 +2.005817482e+002 +2.005817482e+002 +1.9236e+000 -6.1137e-001 -7.3033e-001 +2.0593e-001 -2.5729e+000
239 0 +5.871386860e+000 -4.286131403e-001 -4.286131403e-001 -1.0630e+000 -2.6785e+000 +6.7367e-001 +9.2533e-001 -2.4059e+000
293 0 +4.971399064e+000 -1.328600936e+000 -1.328600936e+000 -5.0622e-001 -1.2412e+000 -4.4515e-001 +1.8415e+000 -8.1224e-001
311 0 +4.767048231e+000 -1.532951769e+000 -1.532951769e+000 -3.0116e-001 -1.4448e+000 -7.3142e-001 +2.1181e+000 -1.8764e+000
323 0 +3.358989671e+000 -2.941010329e+000 -2.941010329e+000 +4.1819e-001 -2.5661e+000 -5.9695e-001 +1.5440e+000 -1.7138e+000
349 0 +3.162751861e+000 -3.137248139e+000 -3.137248139e+000 -4.4059e-001 -7.7048e-001 -1.3456e+000 +2.1956e+000 -9.5639e-001
373 0 +2.602964189e+000 -3.697035811e+000 -3.697035811e+000 -1.4704e+000 -2.8347e+000 -1.1957e+000 +1.1061e+000 -2.4073e+000
661 0 +2.531194268e+000 -3.768805732e+000 -3.768805732e+000 -1.2919e+000 -3.0221e+000 -1.9711e+000 +1.4957e+000 -2.3267e+000
969 0 +2.216865542e+000 -4.083134458e+000 -4.083134458e+000 -1.5713e+000 -3.2416e+000 -1.2544e+000 +2.4114e+000 -2.0787e+000
1051 0 +2.001017526e+000 -4.298982474e+000 -4.298982474e+000 -1.4453e+000 -3.0944e+000 +6.3524e-002 +2.6801e+000 -1.8535e+000
1267 0 +1.345100439e+000 -4.954899561e+000 -4.954899561e+000 -1.6695e+000 -3.2232e+000 +1.8672e-001 +2.6885e+000 -1.9253e+000
1540 0 +8.978210513e-001 -5.402178949e+000 -5.402178949e+000 -1.4520e+000 -2.9787e+000 +8.4122e-002 +2.6069e+000 -1.9404e+000
1790 0 +6.331822604e-001 -5.666817740e+000 -5.666817740e+000 -1.4401e+000 -3.0382e+000 +1.4040e-001 +2.6624e+000 -1.9879e+000
2021 0 +5.956738664e-001 -5.704326134e+000 -5.704326134e+000 -1.4427e+000 -2.9886e+000 +1.0916e-001 +2.6400e+000 -1.9746e+000
2131 0 +5.481866887e-001 -5.751813311e+000 -5.751813311e+000 -1.4560e+000 -3.0040e+000 +1.2826e-001 +2.6817e+000 -1.9594e+000
2399 0 +5.235020710e-001 -5.776497929e+000 -5.776497929e+000 -1.4932e+000 -2.9631e+000 +1.2601e-001 +2.6705e+000 -1.9678e+000
2446 0 +4.951712592e-001 -5.804828741e+000 -5.804828741e+000 -1.4922e+000 -2.9995e+000 +1.5933e-001 +2.6834e+000 -1.9521e+000
2721 0 +4.860666228e-001 -5.813933377e+000 -5.813933377e+000 -1.4846e+000 -2.9916e+000 +1.4331e-001 +2.6687e+000 -1.9623e+000
3043 0 +4.767591295e-001 -5.823240871e+000 -5.823240871e+000 -1.5249e+000 -3.0167e+000 +1.5899e-001 +2.6702e+000 -1.9603e+000
% f evaluations | g evaluations | best noise-free fitness - Fopt (-1.367600000000e+002) + sum g_i+ | measured fitness | best measured fitness or single-digit g-values | x1 | x2...
1 0 +6.592654473e+003 +6.455894473e+003 +6.455894473e+003 +0.0000e+000 +0.0000e+000 +0.0000e+000 +0.0000e+000 +0.0000e+000
5 0 +3.697985462e+003 +3.561225462e+003 +3.561225462e+003 -4.5801e+000 -1.2408e+000 -3.7892e+000 +1.8350e+000 -1.0197e+000
19 0 +3.509357979e+003 +3.372597979e+003 +3.372597979e+003 +1.9529e+000 +2.4576e+000 +6.0808e-002 +2.3399e+000 +1.0285e-001
38 0 +2.301377090e+003 +2.164617090e+003 +2.164617090e+003 -2.9173e+000 -7.2297e-001 -3.9996e+000 -3.2737e-001 -1.4284e+000
52 0 +1.582219208e+003 +1.445459208e+003 +1.445459208e+003 -2.8513e+000 +1.5054e+000 -1.4602e-001 +1.4951e+000 -6.8566e-001
194 0 +1.448876159e+003 +1.312116159e+003 +1.312116159e+003 -2.4547e+000 -7.0201e-001 -3.7459e+000 +9.7474e-002 -2.3810e+000
237 0 +9.013773077e+001 -4.662226923e+001 -4.662226923e+001 +1.4051e+000 +1.5216e+000 -9.8139e-001 +2.5406e+000 -9.9387e-001
268 0 +3.393022328e+001 -1.028297767e+002 -1.028297767e+002 -4.3167e-001 +4.0241e-001 -3.1023e+000 +4.4490e-001 -1.9330e+000
296 0 +6.224420489e+000 -1.305355795e+002 -1.305355795e+002 +1.5452e+000 -1.9875e+000 -6.5157e-001 +6.7930e-001 -1.0966e+000
437 0 +4.379896436e+000 -1.323801036e+002 -1.323801036e+002 +1.3996e+000 -1.4445e+000 -6.2631e-001 +9.1063e-001 -1.0178e+000
471 0 +4.081252284e+000 -1.326787477e+002 -1.326787477e+002 +9.0836e-001 -9.2579e-001 -1.1330e+000 +3.8174e-001 -2.4797e+000
511 0 +3.180087438e+000 -1.335799126e+002 -1.335799126e+002 +3.8216e-001 +3.4722e-002 -2.0738e+000 +8.2191e-001 -2.3823e+000
608 0 +2.916640685e+000 -1.338433593e+002 -1.338433593e+002 +9.3031e-001 -1.3937e+000 -1.6318e+000 +2.2802e+000 -1.3914e+000
785 0 +2.646598453e+000 -1.341134015e+002 -1.341134015e+002 +1.8389e-001 +6.3277e-002 -2.0953e+000 +1.2518e+000 -2.3465e+000
1071 0 +2.428277517e+000 -1.343317225e+002 -1.343317225e+002 -4.3187e-001 +1.1171e-001 -2.7034e+000 +1.3895e+000 -2.2618e+000
1141 0 +2.041914011e+000 -1.347180860e+002 -1.347180860e+002 -8.0476e-002 -1.2379e-001 -2.5809e+000 +1.8924e+000 -2.1780e+000
1358 0 +1.403488470e+000 -1.353565115e+002 -1.353565115e+002 -1.5529e-001 -4.2378e-002 -2.6454e+000 +1.9684e+000 -2.1869e+000
1574 0 +1.371210371e+000 -1.353887896e+002 -1.353887896e+002 -1.5723e-001 -6.1722e-002 -2.6479e+000 +2.0123e+000 -2.1406e+000
1757 0 +1.254013506e+000 -1.355059865e+002 -1.355059865e+002 -3.7296e-001 +5.0946e-002 -2.6361e+000 +1.9747e+000 -2.1337e+000
2029 0 +1.225562703e+000 -1.355344373e+002 -1.355344373e+002 -3.6102e-001 +2.5232e-002 -2.6508e+000 +1.9701e+000 -2.1293e+000
2545 0 +1.183429397e+000 -1.355765706e+002 -1.355765706e+002 -2.3015e-001 -2.1993e-002 -2.6190e+000 +1.9560e+000 -2.1467e+000
2652 0 +1.156398592e+000 -1.356036014e+002 -1.356036014e+002 -1.9396e-001 -2.7819e-002 -2.6474e+000 +1.9716e+000 -2.1436e+000
2758 0 +1.140314639e+000 -1.356196854e+002 -1.356196854e+002 -2.1945e-001 -1.3888e-002 -2.6177e+000 +1.9687e+000 -2.1394e+000
2857 0 +1.115842932e+000 -1.356441571e+002 -1.356441571e+002 -1.9777e-001 -1.4798e-002 -2.6217e+000 +1.9753e+000 -2.1391e+000
2961 0 +1.092626777e+000 -1.356673732e+002 -1.356673732e+002 -1.6744e-001 +9.6725e-003 -2.6075e+000 +1.9794e+000 -2.1472e+000
3144 0 +1.059295327e+000 -1.357007047e+002 -1.357007047e+002 -1.3733e-001 +6.7002e-002 -2.6337e+000 +1.9806e+000 -2.1481e+000
3180 0 +1.036979275e+000 -1.357230207e+002 -1.357230207e+002 -1.3379e-001 +3.9836e-002 -2.6311e+000 +1.9652e+000 -2.1442e+000
% f evaluations | g evaluations | best noise-free fitness - Fopt (3.667500000000e+002) + sum g_i+ | measured fitness | best measured fitness or single-digit g-values | x1 | x2...
1 0 +6.592654473e+003 +6.959404473e+003 +6.959404473e+003 +0.0000e+000 +0.0000e+000 +0.0000e+000 +0.0000e+000 +0.0000e+000
26 0 +5.421312323e+003 +5.788062323e+003 +5.788062323e+003 +1.9224e+000 +4.9516e-001 -1.0177e+000 +4.1125e+000 +2.2528e+000
36 0 +4.714884398e+003 +5.081634398e+003 +5.081634398e+003 +3.7551e-001 +7.4663e-001 -1.1153e+000 +2.3023e+000 -1.7970e-001
38 0 +1.766256265e+003 +2.133006265e+003 +2.133006265e+003 +3.2993e+000 -4.6719e+000 -1.9726e+000 +2.7975e+000 +8.2257e-001
84 0 +7.822622017e+001 +4.449762202e+002 +4.449762202e+002 +1.4529e-001 -3.2838e+000 +1.4483e+000 +1.8403e+000 +1.5316e+000
240 0 +3.001492191e+001 +3.967649219e+002 +3.967649219e+002 +2.7555e+000 -9.8406e-001 +1.2652e+000 +4.9870e-001 +2.1495e+000
272 0 +3.470227185e+000 +3.702202272e+002 +3.702202272e+002 +4.7792e-001 -2.8390e+000 +1.3467e+000 +1.4320e+000 +1.2903e+000
478 0 +3.335907905e+000 +3.700859079e+002 +3.700859079e+002 +1.5593e+000 -1.8339e+000 +6.3017e-001 +1.2870e+000 +1.6556e+000
480 0 +3.280857787e+000 +3.700308578e+002 +3.700308578e+002 -2.2577e+000 -2.4628e-001 +3.2186e-002 +2.5857e+000 +7.3326e-001
575 0 +1.228918978e+000 +3.679789190e+002 +3.679789190e+002 -1.8763e+000 -2.2655e+000 +2.0045e+000 +2.1444e+000 +1.7655e+000
1236 0 +1.094479149e+000 +3.678444791e+002 +3.678444791e+002 -9.5771e-001 -2.3957e+000 +2.0901e+000 +2.0705e+000 +1.7749e+000
1588 0 +9.786329828e-001 +3.677286330e+002 +3.677286330e+002 -1.0343e+000 -2.3611e+000 +2.0494e+000 +2.0852e+000 +1.7864e+000
2035 0 +9.527112313e-001 +3.677027112e+002 +3.677027112e+002 -1.0133e+000 -2.3578e+000 +2.0511e+000 +2.0906e+000 +1.7825e+000
2236 0 +9.312971612e-001 +3.676812972e+002 +3.676812972e+002 -1.0104e+000 -2.3450e+000 +2.0443e+000 +2.1021e+000 +1.7776e+000
2357 0 +9.024288782e-001 +3.676524289e+002 +3.676524289e+002 -1.0305e+000 -2.3506e+000 +2.0518e+000 +2.1162e+000 +1.7729e+000
2611 0 +8.864169986e-001 +3.676364170e+002 +3.676364170e+002 -1.0246e+000 -2.3516e+000 +2.0329e+000 +2.1278e+000 +1.7612e+000
3426 0 +8.705878080e-001 +3.676205878e+002 +3.676205878e+002 -1.0174e+000 -2.3731e+000 +2.0437e+000 +2.1229e+000 +1.7555e+000
4250 0 +8.405095744e-001 +3.675905096e+002 +3.675905096e+002 -2.0506e+000 -2.1946e+000 +2.0364e+000 +2.1362e+000 +1.7989e+000
4329 0 +8.243956672e-001 +3.675743957e+002 +3.675743957e+002 -2.1023e+000 -2.1848e+000 +2.1022e+000 +2.1167e+000 +1.8115e+000
4410 0 +7.126001932e-001 +3.674626002e+002 +3.674626002e+002 -2.0262e+000 -2.1558e+000 +2.0465e+000 +2.1020e+000 +1.7967e+000
4545 0 +6.963857399e-001 +3.674463857e+002 +3.674463857e+002 -2.0763e+000 -2.1558e+000 +2.0423e+000 +2.0947e+000 +1.7965e+000
4578 0 +6.893002401e-001 +3.674393002e+002 +3.674393002e+002 -2.0480e+000 -2.1134e+000 +2.0558e+000 +2.0865e+000 +1.7980e+000
4729 0 +6.680610538e-001 +3.674180611e+002 +3.674180611e+002 -2.1282e+000 -2.1356e+000 +2.0799e+000 +2.0994e+000 +1.8069e+000
4839 0 +6.417070233e-001 +3.673917070e+002 +3.673917070e+002 -2.0999e+000 -2.1316e+000 +2.0869e+000 +2.0971e+000 +1.8070e+000
5003 0 +4.982269623e-001 +3.672482270e+002 +3.672482270e+002 -2.1430e+000 -2.1203e+000 +2.0877e+000 +2.0989e+000 +1.7791e+000
5118 0 +4.775501938e-001 +3.672275502e+002 +3.672275502e+002 -2.1040e+000 -2.1269e+000 +2.0769e+000 +2.0963e+000 +1.7565e+000
5196 0 +4.643778373e-001 +3.672143778e+002 +3.672143778e+002 -2.1356e+000 -2.1271e+000 +2.0965e+000 +2.1049e+000 +1.7552e+000
5237 0 +4.537201781e-001 +3.672037202e+002 +3.672037202e+002 -2.0922e+000 -2.1347e+000 +2.0956e+000 +2.1045e+000 +1.7549e+000
5436 0 +4.441629122e-001 +3.671941629e+002 +3.671941629e+002 -2.1020e+000 -2.1271e+000 +2.0966e+000 +2.1029e+000 +1.7603e+000
6666 0 +4.358905808e-001 +3.671858906e+002 +3.671858906e+002 -2.1020e+000 -2.1118e+000 +2.1050e+000 +2.1013e+000 +1.7619e+000
% f evaluations | g evaluations | best noise-free fitness - Fopt (-2.486900000000e+002) + sum g_i+ | measured fitness | best measured fitness or single-digit g-values | x1 | x2...
1 0 +6.592654473e+003 +6.343964473e+003 +6.343964473e+003 +0.0000e+000 +0.0000e+000 +0.0000e+000 +0.0000e+000 +0.0000e+000
5 0 +9.369401119e+002 +6.882501119e+002 +6.882501119e+002 +3.3623e+000 -3.0325e+000 -3.8590e-001 +9.8406e-001 -1.7490e+000
45 0 +9.212085462e+002 +6.725185462e+002 +6.725185462e+002 +3.4020e+000 +1.4922e+000 +6.2592e-001 +4.5337e-002 -1.0446e+000
193 0 +5.380494307e+002 +2.893594307e+002 +2.893594307e+002 +1.5170e+000 +1.8416e+000 +4.8420e-001 +4.1619e-001 -2.8700e+000
226 0 +5.462118228e+000 -2.432278818e+002 -2.432278818e+002 +1.8777e+000 +3.8287e-001 +3.5016e-001 +8.5157e-001 -2.2612e+000
398 0 +3.299624639e+000 -2.453903754e+002 -2.453903754e+002 +1.1154e+000 +1.4846e-001 +7.7666e-001 +1.6754e+000 -1.8584e+000
551 0 +2.764280999e+000 -2.459257190e+002 -2.459257190e+002 +9.5200e-001 +9.3495e-001 +8.6330e-001 +1.6193e+000 -2.2366e+000
717 0 +2.254125495e+000 -2.464358745e+002 -2.464358745e+002 +9.7206e-001 +1.0499e+000 +8.8472e-001 +1.6270e+000 -2.1778e+000
999 0 +1.949009066e+000 -2.467409909e+002 -2.467409909e+002 +2.1781e+000 +5.2755e-001 +1.2047e+000 +7.7551e-001 -2.0515e+000
1555 0 +1.666666029e+000 -2.470233340e+002 -2.470233340e+002 +2.1062e+000 +5.8135e-001 +1.1815e+000 +8.3079e-001 -2.0929e+000
1696 0 +1.615294294e+000 -2.470747057e+002 -2.470747057e+002 +2.0918e+000 +6.0918e-001 +1.2234e+000 +8.3599e-001 -2.0925e+000
1815 0 +1.575601757e+000 -2.471143982e+002 -2.471143982e+002 +2.0945e+000 +6.2138e-001 +1.2239e+000 +8.2206e-001 -2.0696e+000
1951 0 +1.542057463e+000 -2.471479425e+002 -2.471479425e+002 +2.1050e+000 +6.3599e-001 +1.2426e+000 +8.0176e-001 -2.0733e+000
2454 0 +1.510067469e+000 -2.471799325e+002 -2.471799325e+002 +2.1047e+000 +6.1595e-001 +1.2580e+000 +8.0142e-001 -2.0848e+000
% f evaluations | g evaluations | best noise-free fitness - Fopt (-6.786000000000e+001) + sum g_i+ | measured fitness | best measured fitness or single-digit g-values | x1 | x2...
1 0 +6.592654473e+003 +6.524794473e+003 +6.524794473e+003 +0.0000e+000 +0.0000e+000 +0.0000e+000 +0.0000e+000 +0.0000e+000
10 0 +4.996577701e+001 -1.789422299e+001 -1.789422299e+001 -4.0904e-001 +3.0752e+000 +5.6535e-001 +1.0819e+000 -1.3343e+000
218 0 +4.252379331e+000 -6.360762067e+001 -6.360762067e+001 -6.6085e-002 +2.8707e+000 -3.3532e-001 +1.3108e+000 -1.1346e+000
305 0 +3.982651208e+000 -6.387734879e+001 -6.387734879e+001 +6.9909e-002 +2.3851e+000 +1.4772e+000 +8.5531e-001 -1.7782e+000
306 0 +3.341717350e+000 -6.451828265e+001 -6.451828265e+001 +1.2103e-001 +2.7888e+000 +1.8791e+000 +1.8597e+000 -1.5375e+000
407 0 +1.629191638e+000 -6.623080836e+001 -6.623080836e+001 +6.3196e-001 +2.6747e+000 +1.9715e+000 +2.1741e+000 -1.5423e+000
1006 0 +1.536509078e+000 -6.632349092e+001 -6.632349092e+001 +5.7870e-001 +2.7409e+000 +1.9704e+000 +2.1009e+000 -1.3879e+000
1513 0 +1.398811696e+000 -6.646118830e+001 -6.646118830e+001 +6.1349e-001 +2.7888e+000 +1.9171e+000 +2.1462e+000 -1.3944e+000
1813 0 +1.366552745e+000 -6.649344726e+001 -6.649344726e+001 +6.2866e-001 +2.8223e+000 +1.8739e+000 +2.1374e+000 -1.2545e+000
1906 0 +1.291012278e+000 -6.656898772e+001 -6.656898772e+001 +6.1520e-001 +2.8163e+000 +1.9067e+000 +2.1348e+000 -1.2114e+000
2013 0 +1.272251069e+000 -6.658774893e+001 -6.658774893e+001 +6.2004e-001 +2.8393e+000 +1.9213e+000 +2.1414e+000 -1.2507e+000
2059 0 +1.219005059e+000 -6.664099494e+001 -6.664099494e+001 +6.0395e-001 +2.8181e+000 +1.9220e+000 +2.1564e+000 -1.2224e+000
2747 0 +1.197855439e+000 -6.666214456e+001 -6.666214456e+001 +5.9788e-001 +2.8957e+000 +1.9476e+000 +2.1734e+000 -9.2608e-001
2825 0 +1.164996738e+000 -6.669500326e+001 -6.669500326e+001 +6.2623e-001 +2.8886e+000 +1.9235e+000 +2.1562e+000 -9.0925e-001
2892 0 +1.010692805e+000 -6.684930720e+001 -6.684930720e+001 +5.9926e-001 +2.8658e+000 +1.9481e+000 +2.1558e+000 -9.4177e-001
2979 0 +9.508811685e-001 -6.690911883e+001 -6.690911883e+001 +6.0886e-001 +2.8544e+000 +1.9457e+000 +2.1470e+000 -9.5644e-001
3211 0 +9.223877329e-001 -6.693761227e+001 -6.693761227e+001 +6.1060e-001 +2.8391e+000 +1.9531e+000 +2.1354e+000 -9.5674e-001
3389 0 +9.077212676e-001 -6.695227873e+001 -6.695227873e+001 +6.0732e-001 +2.8243e+000 +1.9541e+000 +2.1261e+000 -9.5038e-001
3511 0 +8.865510492e-001 -6.697344895e+001 -6.697344895e+001 +6.0072e-001 +2.8158e+000 +1.9467e+000 +2.1271e+000 -9.5167e-001
3709 0 +8.639952686e-001 -6.699600473e+001 -6.699600473e+001 +5.7825e-001 +2.7984e+000 +1.9273e+000 +2.1413e+000 -9.5018e-001
4332 0 +8.468815733e-001 -6.701311843e+001 -6.701311843e+001 +5.9431e-001 +2.7808e+000 +1.9522e+000 +2.1437e+000 -9.5231e-001
4831 0 +8.307052193e-001 -6.702929478e+001 -6.702929478e+001 +6.1354e-001 +2.7837e+000 +1.9386e+000 +2.1458e+000 -9.5131e-001
% f evaluations | g evaluations | best noise-free fitness - Fopt (-2.329000000000e+001) + sum g_i+ | measured fitness | best measured fitness or single-digit g-values | x1 | x2...
1 0 +6.592654473e+003 +6.569364473e+003 +6.569364473e+003 +0.0000e+000 +0.0000e+000 +0.0000e+000 +0.0000e+000 +0.0000e+000
16 0 +1.007127886e+003 +9.838378862e+002 +9.838378862e+002 +3.3519e-001 -3.5497e-001 +1.6583e+000 +3.3396e-001 -3.0455e+000
63 0 +8.034919156e+002 +7.802019156e+002 +7.802019156e+002 +3.1768e-001 +9.1252e-001 +4.0536e-001 -2.3919e+000 -1.2980e-001
86 0 +3.925649569e+002 +3.692749569e+002 +3.692749569e+002 +3.3324e+000 -1.1076e+000 +6.8363e-001 -2.8491e+000 -1.1669e+000
219 0 +5.536543066e+000 -1.775345693e+001 -1.775345693e+001 +1.6035e+000 -2.7829e-001 +1.9214e+000 -2.3008e-001 -1.2495e+000
322 0 +3.530106254e+000 -1.975989375e+001 -1.975989375e+001 +2.3005e+000 -3.8466e-001 +2.3396e+000 -5.4147e-001 -2.1741e+000
373 0 +3.350742398e+000 -1.993925760e+001 -1.993925760e+001 +1.9508e+000 -6.2911e-001 +2.5807e+000 -2.4807e-001 -1.4209e+000
655 0 +3.019954562e+000 -2.027004544e+001 -2.027004544e+001 +2.0725e+000 -6.2919e-001 +2.4746e+000 -5.6846e-001 -1.6705e+000
686 0 +2.778422918e+000 -2.051157708e+001 -2.051157708e+001 +2.0727e+000 +1.4215e-002 +1.8337e+000 -6.5580e-001 -1.8224e+000
721 0 +2.643072680e+000 -2.064692732e+001 -2.064692732e+001 +2.1353e+000 -1.2876e-001 +2.0066e+000 -6.3179e-001 -1.7874e+000
769 0 +2.253071047e+000 -2.103692895e+001 -2.103692895e+001 +2.2258e+000 +4.9949e-001 +1.9742e+000 -2.2409e+000 -2.0390e+000
1159 0 +1.834258450e+000 -2.145574155e+001 -2.145574155e+001 +2.1935e+000 +4.7203e-001 +1.9364e+000 -2.2385e+000 -2.0759e+000
1245 0 +1.707130382e+000 -2.158286962e+001 -2.158286962e+001 +1.9429e+000 +5.8988e-001 +1.9403e+000 -2.1685e+000 -2.0729e+000
1262 0 +1.431627493e+000 -2.185837251e+001 -2.185837251e+001 +2.0354e+000 +6.0454e-001 +1.8638e+000 -2.2025e+000 -2.0723e+000
1930 0 +1.395460267e+000 -2.189453973e+001 -2.189453973e+001 +2.0397e+000 +5.9347e-001 +1.8706e+000 -2.1839e+000 -2.0642e+000
2002 0 +1.377052151e+000 -2.191294785e+001 -2.191294785e+001 +2.1594e+000 +5.5353e-001 +1.9093e+000 -2.1822e+000 -2.0811e+000
2252 0 +1.340419125e+000 -2.194958087e+001 -2.194958087e+001 +2.1288e+000 +5.5157e-001 +1.8995e+000 -2.1468e+000 -2.0714e+000
2454 0 +1.318195249e+000 -2.197180475e+001 -2.197180475e+001 +2.0921e+000 +5.4727e-001 +1.8785e+000 -2.1913e+000 -2.0805e+000
2492 0 +1.285406771e+000 -2.200459323e+001 -2.200459323e+001 +2.1086e+000 +5.2190e-001 +1.8807e+000 -2.1550e+000 -2.0841e+000
2844 0 +1.240872317e+000 -2.204912768e+001 -2.204912768e+001 +2.0968e+000 +7.6400e-001 +1.8493e+000 -2.1883e+000 -2.0596e+000
2924 0 +1.222999680e+000 -2.206700032e+001 -2.206700032e+001 +2.0868e+000 +7.4952e-001 +1.8434e+000 -2.1615e+000 -2.0675e+000
3102 0 +1.196917549e+000 -2.209308245e+001 -2.209308245e+001 +2.0775e+000 +7.7156e-001 +1.7997e+000 -2.1771e+000 -2.0735e+000
3451 0 +1.164091664e+000 -2.212590834e+001 -2.212590834e+001 +2.1206e+000 +7.6744e-001 +1.8436e+000 -2.1809e+000 -2.0806e+000
3958 0 +1.148007467e+000 -2.214199253e+001 -2.214199253e+001 +2.1029e+000 +7.6818e-001 +1.8211e+000 -2.1787e+000 -2.0844e+000
4289 0 +1.099511878e+000 -2.219048812e+001 -2.219048812e+001 +2.1024e+000 +5.2207e-002 +1.9868e+000 -2.1652e+000 -2.0829e+000
4304 0 +1.052363307e+000 -2.223763669e+001 -2.223763669e+001 +2.0534e+000 -5.7654e-001 +2.1649e+000 -2.1609e+000 -2.0634e+000
4310 0 +9.627465547e-001 -2.232725345e+001 -2.232725345e+001 +2.1253e+000 -5.7509e-001 +2.1298e+000 -2.1480e+000 -2.0641e+000
4314 0 +9.122338036e-001 -2.237776620e+001 -2.237776620e+001 +2.1062e+000 -5.9523e-001 +2.1410e+000 -2.1548e+000 -2.0781e+000
4355 0 +9.116886850e-001 -2.237831131e+001 -2.237831131e+001 +2.1313e+000 -6.1257e-001 +2.1442e+000 -2.1553e+000 -2.0850e+000
4514 0 +8.885602494e-001 -2.240143975e+001 -2.240143975e+001 +2.0947e+000 -6.2364e-001 +2.1236e+000 -2.1376e+000 -2.0751e+000
4602 0 +6.171710665e-001 -2.267282893e+001 -2.267282893e+001 +2.1215e+000 +2.0867e+000 +1.5554e+000 -2.2144e+000 -2.0955e+000
5160 0 +6.144066063e-001 -2.267559339e+001 -2.267559339e+001 +2.1054e+000 +2.0889e+000 +1.5615e+000 -2.2132e+000 -2.0686e+000
5261 0 +5.709627225e-001 -2.271903728e+001 -2.271903728e+001 +2.1043e+000 +2.0735e+000 +1.5375e+000 -2.2091e+000 -2.0814e+000
5532 0 +5.379434608e-001 -2.275205654e+001 -2.275205654e+001 +2.1189e+000 +2.0784e+000 +1.5407e+000 -2.2216e+000 -2.0849e+000
5692 0 +5.209038328e-001 -2.276909617e+001 -2.276909617e+001 +2.1264e+000 +2.0936e+000 +1.5375e+000 -2.2276e+000 -2.0834e+000
5956 0 +4.844353609e-001 -2.280556464e+001 -2.280556464e+001 +2.1172e+000 +2.0961e+000 +1.5272e+000 -2.2315e+000 -2.0728e+000
6007 0 +4.582338315e-001 -2.283176617e+001 -2.283176617e+001 +2.1200e+000 +2.1071e+000 +1.5145e+000 -2.2434e+000 -2.0653e+000
6129 0 +4.470686525e-001 -2.284293135e+001 -2.284293135e+001 +2.1248e+000 +2.1070e+000 +1.5018e+000 -2.2539e+000 -2.0602e+000
6370 0 +4.457657645e-001 -2.284423424e+001 -2.284423424e+001 +2.1323e+000 +2.1000e+000 +1.5021e+000 -2.2584e+000 -2.0621e+000
8317 0 +4.363344300e-001 -2.285366557e+001 -2.285366557e+001 +2.1132e+000 +2.1042e+000 +1.4975e+000 -2.2526e+000 -2.0671e+000
% f evaluations | g evaluations | best noise-free fitness - Fopt (-1.028000000000e+001) + sum g_i+ | measured fitness | best measured fitness or single-digit g-values | x1 | x2...
1 0 +6.592654473e+003 +6.582374473e+003 +6.582374473e+003 +0.0000e+000 +0.0000e+000 +0.0000e+000 +0.0000e+000 +0.0000e+000
3 0 +3.141486476e+003 +3.131206476e+003 +3.131206476e+003 -3.4204e+000 +4.0542e+000 +2.5863e+000 +9.0989e-001 -2.5504e+000
33 0 +1.367190755e+003 +1.356910755e+003 +1.356910755e+003 +1.5241e+000 -2.2667e+000 +3.9450e+000 +6.0215e-001 -2.8850e+000
133 0 +9.023027050e+002 +8.920227050e+002 +8.920227050e+002 -2.4529e+000 -8.8258e-001 +3.5374e-001 -9.6068e-002 -1.5207e+000
179 0 +4.711446303e+001 +3.683446303e+001 +3.683446303e+001 +2.8190e+000 -1.3094e+000 +2.8025e+000 -1.7365e+000 -7.7835e-001
221 0 +3.415193900e+000 -6.864806100e+000 -6.864806100e+000 +1.0819e+000 +6.7570e-001 +2.4536e+000 -1.7267e-001 -2.0099e+000
372 0 +2.910247133e+000 -7.369752867e+000 -7.369752867e+000 +2.0188e+000 +8.7030e-001 +1.7648e+000 -9.7003e-001 -1.8229e+000
544 0 +2.831858141e+000 -7.448141859e+000 -7.448141859e+000 +1.9732e+000 +1.0705e+000 +1.3294e+000 -1.2298e+000 -2.3291e+000
647 0 +2.582976080e+000 -7.697023920e+000 -7.697023920e+000 +2.4161e+000 +1.2632e+000 +8.0962e-001 -2.5310e+000 -1.9640e+000
672 0 +2.470214069e+000 -7.809785931e+000 -7.809785931e+000 +2.0187e+000 +7.2290e-001 +1.3733e+000 -1.1338e+000 -2.3888e+000
686 0 +2.079935269e+000 -8.200064731e+000 -8.200064731e+000 +2.0421e+000 +9.7510e-001 +1.7519e+000 -2.2252e+000 -2.0022e+000
976 0 +1.944051758e+000 -8.335948242e+000 -8.335948242e+000 +2.0407e+000 +1.4663e+000 +1.5978e+000 -1.7847e+000 -2.2164e+000
1376 0 +1.787082322e+000 -8.492917678e+000 -8.492917678e+000 +2.0428e+000 +1.3877e+000 +1.6546e+000 -1.8382e+000 -2.1698e+000
1561 0 +1.672690255e+000 -8.607309745e+000 -8.607309745e+000 +2.0594e+000 +1.3661e+000 +1.5835e+000 -1.7757e+000 -2.2029e+000
1618 0 +1.558154164e+000 -8.721845836e+000 -8.721845836e+000 +2.0570e+000 +1.3627e+000 +1.6055e+000 -1.7695e+000 -2.1966e+000
1754 0 +1.410762934e+000 -8.869237066e+000 -8.869237066e+000 +2.1285e+000 +1.3273e+000 +1.6538e+000 -1.7570e+000 -2.2094e+000
2127 0 +1.374968621e+000 -8.905031379e+000 -8.905031379e+000 +2.1417e+000 +1.3003e+000 +1.6650e+000 -1.7550e+000 -2.2072e+000
2206 0 +1.347117226e+000 -8.932882774e+000 -8.932882774e+000 +2.1412e+000 +1.2446e+000 +1.6990e+000 -1.7555e+000 -2.1942e+000
2435 0 +1.316034764e+000 -8.963965236e+000 -8.963965236e+000 +2.1239e+000 +1.2934e+000 +1.6897e+000 -1.7447e+000 -2.1881e+000
% f evaluations | g evaluations | best noise-free fitness - Fopt (1.799700000000e+002) + sum g_i+ | measured fitness | best measured fitness or single-digit g-values | x1 | x2...
1 0 +6.592654473e+003 +6.772624473e+003 +6.772624473e+003 +0.0000e+000 +0.0000e+000 +0.0000e+000 +0.0000e+000 +0.0000e+000
15 0 +6.123349072e+003 +6.303319072e+003 +6.303319072e+003 -2.5744e+000 +8.9697e-001 +9.4956e-001 +4.2090e+000 +1.1926e+000
16 0 +4.932299588e+002 +6.731999588e+002 +6.731999588e+002 +2.6279e+000 +3.3572e+000 -9.6357e-001 +1.5622e+000 +4.4943e-001
123 0 +4.466295377e+000 +1.844362954e+002 +1.844362954e+002 +1.5161e+000 +1.6094e+000 -2.7934e-001 +9.0794e-001 +2.4917e+000
235 0 +4.096941980e+000 +1.840669420e+002 +1.840669420e+002 +1.5812e+000 +1.4568e+000 -1.0505e-001 +7.5270e-001 +2.1060e+000
369 0 +3.625121854e+000 +1.835951219e+002 +1.835951219e+002 +6.7505e-001 +2.6616e+000 -5.6393e-001 +2.1983e+000 +1.5501e+000
426 0 +3.017647047e+000 +1.829876470e+002 +1.829876470e+002 +2.4016e+000 +6.8010e-001 +8.2851e-001 +1.9104e+000 +2.1402e+000
523 0 +2.596944306e+000 +1.825669443e+002 +1.825669443e+002 +2.3780e+000 -2.2384e-001 +6.9477e-001 +8.6444e-001 +2.4720e+000
1060 0 +2.482640794e+000 +1.824526408e+002 +1.824526408e+002 +1.4378e+000 +4.1858e-001 +1.1073e+000 +2.4000e+000 +1.7339e+000
1360 0 +2.438201397e+000 +1.824082014e+002 +1.824082014e+002 +2.4369e+000 -1.5177e-001 +6.0566e-001 +9.0816e-001 +2.4524e+000
1438 0 +2.030690497e+000 +1.820006905e+002 +1.820006905e+002 +2.4170e+000 -1.8808e-001 +6.4224e-001 +9.2105e-001 +2.4182e+000
1662 0 +1.792850816e+000 +1.817628508e+002 +1.817628508e+002 +2.4185e+000 -2.2648e-001 +6.5392e-001 +9.4097e-001 +2.3964e+000
1850 0 +1.760523836e+000 +1.817305238e+002 +1.817305238e+002 +2.4224e+000 -2.2210e-001 +6.5360e-001 +9.4265e-001 +2.3925e+000
2000 0 +1.730122397e+000 +1.817001224e+002 +1.817001224e+002 +2.4458e+000 -2.2176e-001 +6.6599e-001 +9.1472e-001 +2.4037e+000
2188 0 +1.652600901e+000 +1.816226009e+002 +1.816226009e+002 +2.4686e+000 -1.8998e-001 +6.4522e-001 +9.4052e-001 +2.3973e+000
2329 0 +1.599528481e+000 +1.815695285e+002 +1.815695285e+002 +2.4678e+000 -2.0145e-001 +6.4190e-001 +9.3311e-001 +2.4004e+000
2394 0 +1.542048306e+000 +1.815120483e+002 +1.815120483e+002 +2.5005e+000 -1.8702e-001 +6.3800e-001 +9.6852e-001 +2.3717e+000
2444 0 +1.480252002e+000 +1.814502520e+002 +1.814502520e+002 +2.4987e+000 -2.0448e-001 +6.3992e-001 +9.2873e-001 +2.3804e+000
2549 0 +1.473727760e+000 +1.814437278e+002 +1.814437278e+002 +2.5096e+000 -1.9423e-001 +6.3912e-001 +9.5104e-001 +2.3720e+000
2822 0 +1.431231807e+000 +1.814012318e+002 +1.814012318e+002 +2.5055e+000 -1.9907e-001 +6.4889e-001 +9.3714e-001 +2.3812e+000
3353 0 +1.411370128e+000 +1.813813701e+002 +1.813813701e+002 +2.5078e+000 -1.9988e-001 +6.5086e-001 +9.4663e-001 +2.3888e+000
% f evaluations | g evaluations | best noise-free fitness - Fopt (8.376000000000e+001) + sum g_i+ | measured fitness | best measured fitness or single-digit g-values | x1 | x2...
1 0 +6.592654473e+003 +6.676414473e+003 +6.676414473e+003 +0.0000e+000 +0.0000e+000 +0.0000e+000 +0.0000e+000 +0.0000e+000
7 0 +6.110250156e+003 +6.194010156e+003 +6.194010156e+003 -2.9015e+000 +2.0687e+000 +8.8967e-001 -4.2138e+000 -1.6279e+000
14 0 +2.789817643e+003 +2.873577643e+003 +2.873577643e+003 +3.9618e+000 +5.8863e-001 +3.4668e+000 -2.6118e+000 -2.3003e+000
27 0 +2.287303463e+003 +2.371063463e+003 +2.371063463e+003 +3.0184e+000 +4.5495e+000 +2.6812e+000 -2.1433e+000 -2.9997e-001
54 0 +1.374433820e+003 +1.458193820e+003 +1.458193820e+003 +1.9670e+000 +3.9884e+000 -1.2901e+000 -1.0831e+000 -2.9846e+000
77 0 +1.177684038e+003 +1.261444038e+003 +1.261444038e+003 -6.7648e-001 +2.6838e+000 +1.8293e+000 -3.0418e+000 -2.8499e-001
114 0 +1.320932696e+002 +2.158532696e+002 +2.158532696e+002 -1.4369e+000 -1.6062e+000 +2.3381e+000 -4.5501e-001 -1.8217e+000
227 0 +4.003263576e+000 +8.776326358e+001 +8.776326358e+001 -5.7271e-001 -3.3118e-001 +2.6058e+000 -7.1084e-001 -1.4217e+000
308 0 +2.989846323e+000 +8.674984632e+001 +8.674984632e+001 +1.2325e+000 +4.4108e-001 +2.5813e+000 -1.5523e+000 -1.0271e+000
498 0 +2.774409647e+000 +8.653440965e+001 +8.653440965e+001 +9.3991e-002 +2.0181e+000 +2.1191e+000 -1.5500e+000 -1.0920e+000
702 0 +2.590324860e+000 +8.635032486e+001 +8.635032486e+001 +1.2550e-002 +1.8002e+000 +2.1545e+000 -1.4022e+000 -1.0958e+000
722 0 +2.272902569e+000 +8.603290257e+001 +8.603290257e+001 +5.2847e-001 +2.8438e+000 +1.8381e+000 -1.6447e+000 -1.0128e+000
886 0 +1.533777534e+000 +8.529377753e+001 +8.529377753e+001 +6.3129e-001 +2.7316e+000 +1.8462e+000 -2.1005e+000 -9.3223e-001
987 0 +1.310577053e+000 +8.507057705e+001 +8.507057705e+001 -1.8673e-001 +2.5388e+000 +1.9465e+000 -2.1881e+000 -9.3627e-001
1414 0 +1.254324925e+000 +8.501432492e+001 +8.501432492e+001 -2.6531e-001 +2.5241e+000 +1.9206e+000 -2.1313e+000 -9.3799e-001
1468 0 +1.227620462e+000 +8.498762046e+001 +8.498762046e+001 -1.8593e-001 +2.5569e+000 +2.0050e+000 -2.0845e+000 -9.5774e-001
1823 0 +1.183011983e+000 +8.494301198e+001 +8.494301198e+001 -2.9238e-001 +2.5744e+000 +2.0609e+000 -2.1127e+000 -9.3694e-001
1923 0 +1.085529549e+000 +8.484552955e+001 +8.484552955e+001 -3.5530e-001 +2.5512e+000 +2.0537e+000 -2.1292e+000 -9.4720e-001
1967 0 +1.034266086e+000 +8.479426609e+001 +8.479426609e+001 -2.6733e-001 +2.5622e+000 +2.0303e+000 -2.1204e+000 -9.5593e-001
2023 0 +1.012745263e+000 +8.477274526e+001 +8.477274526e+001 -3.3706e-001 +2.5458e+000 +2.0368e+000 -2.1325e+000 -9.5726e-001
2123 0 +9.968101931e-001 +8.475681019e+001 +8.475681019e+001 -3.2795e-001 +2.5431e+000 +2.0284e+000 -2.1342e+000 -9.6229e-001
2240 0 +9.746065901e-001 +8.473460659e+001 +8.473460659e+001 -3.1681e-001 +2.5378e+000 +1.9891e+000 -2.1271e+000 -9.6868e-001
2317 0 +9.549360018e-001 +8.471493600e+001 +8.471493600e+001 -3.3729e-001 +2.5363e+000 +1.9920e+000 -2.1272e+000 -9.5941e-001
% f evaluations | g evaluations | best noise-free fitness - Fopt (-3.890100000000e+002) + sum g_i+ | measured fitness | best measured fitness or single-digit g-values | x1 | x2...
1 0 +6.592654473e+003 +6.203644473e+003 +6.203644473e+003 +0.0000e+000 +0.0000e+000 +0.0000e+000 +0.0000e+000 +0.0000e+000
5 0 +3.846691496e+003 +3.457681496e+003 +3.457681496e+003 -3.9243e-001 -9.0403e-001 +6.5708e-001 +3.9707e-001 -1.1737e+000
13 0 +4.566227224e+002 +6.761272238e+001 +6.761272238e+001 -3.0742e+000 -1.9852e+000 +1.5367e-001 -3.2137e+000 -5.5290e-001
32 0 +8.773549824e+001 -3.012745018e+002 -3.012745018e+002 +8.5033e-001 +1.7682e-001 -1.2263e+000 -2.6512e+000 -2.1693e+000
205 0 +4.717667060e+000 -3.842923329e+002 -3.842923329e+002 +7.5380e-001 -6.1959e-001 -1.4165e+000 -2.0278e+000 -1.7153e+000
259 0 +3.625505280e+000 -3.853844947e+002 -3.853844947e+002 +1.4473e+000 -1.7242e+000 -8.9049e-001 -8.5241e-001 -2.2108e+000
380 0 +3.378359676e+000 -3.856316403e+002 -3.856316403e+002 +1.7139e+000 -1.6028e+000 -7.2820e-001 -1.4624e+000 -2.2010e+000
504 0 +3.306444240e+000 -3.857035558e+002 -3.857035558e+002 +3.7739e-001 -7.8923e-001 -2.3617e+000 -2.1615e+000 -1.1926e+000
651 0 +2.615404236e+000 -3.863945958e+002 -3.863945958e+002 +8.5186e-001 -1.6638e-001 -6.3104e-001 -1.5774e+000 -2.2039e+000
819 0 +2.568376562e+000 -3.864416234e+002 -3.864416234e+002 +8.0234e-001 -1.9897e-001 -5.7609e-001 -1.5041e+000 -2.2080e+000
1091 0 +2.427065316e+000 -3.865829347e+002 -3.865829347e+002 +6.2735e-001 -6.6935e-002 -6.9325e-001 -1.5169e+000 -2.2044e+000
1270 0 +2.124848908e+000 -3.868851511e+002 -3.868851511e+002 +6.9729e-001 -1.2758e-001 -6.3932e-001 -1.5174e+000 -2.2652e+000
1380 0 +1.831791721e+000 -3.871782083e+002 -3.871782083e+002 +5.7363e-001 -1.3570e-002 -5.8340e-001 -1.3012e+000 -2.2855e+000
1605 0 +1.644027805e+000 -3.873659722e+002 -3.873659722e+002 +5.1766e-001 -3.9792e-002 -5.3525e-001 -9.8995e-001 -2.3466e+000
1837 0 +1.564474483e+000 -3.874455255e+002 -3.874455255e+002 +5.7155e-001 -5.5735e-002 -5.1685e-001 -9.8522e-001 -2.3540e+000
1917 0 +1.520261566e+000 -3.874897384e+002 -3.874897384e+002 +5.8219e-001 -7.0625e-002 -5.2005e-001 -1.0022e+000 -2.3582e+000
2087 0 +1.483940813e+000 -3.875260592e+002 -3.875260592e+002 +6.1195e-001 -8.4030e-002 -5.0680e-001 -9.8918e-001 -2.3688e+000
2100 0 +1.399738881e+000 -3.876102611e+002 -3.876102611e+002 +5.9126e-001 -6.7887e-002 -5.4347e-001 -9.9506e-001 -2.3735e+000
2109 0 +1.337525992e+000 -3.876724740e+002 -3.876724740e+002 +5.9188e-001 -7.6528e-002 -5.7436e-001 -9.4520e-001 -2.4023e+000
2658 0 +1.315959125e+000 -3.876940409e+002 -3.876940409e+002 +6.1185e-001 -8.8063e-002 -5.6358e-001 -9.6908e-001 -2.3851e+000
% f evaluations | g evaluations | best noise-free fitness - Fopt (-1.455800000000e+002) + sum g_i+ | measured fitness | best measured fitness or single-digit g-values | x1 | x2...
1 0 +6.592654473e+003 +6.447074473e+003 +6.447074473e+003 +0.0000e+000 +0.0000e+000 +0.0000e+000 +0.0000e+000 +0.0000e+000
6 0 +1.090048914e+003 +9.444689143e+002 +9.444689143e+002 +2.8151e+000 -2.1830e+000 +1.4381e+000 -3.1196e+000 -1.0926e+000
56 0 +5.015118017e+002 +3.559318017e+002 +3.559318017e+002 -1.5223e+000 -4.1433e+000 -1.0498e+000 -1.7462e+000 -1.7623e+000
184 0 +3.183522685e+002 +1.727722685e+002 +1.727722685e+002 -7.6692e-001 -1.2001e+000 +1.4533e+000 -2.8087e+000 -8.6343e-001
235 0 +9.359463501e+001 -5.198536499e+001 -5.198536499e+001 +8.5948e-002 -3.2583e+000 +6.6209e-001 -2.0221e+000 -1.9456e+000
285 0 +7.576817461e+000 -1.380031825e+002 -1.380031825e+002 -2.0786e+000 -3.0346e+000 +1.5190e-001 -2.1621e+000 -6.0305e-001
339 0 +5.437910156e+000 -1.401420898e+002 -1.401420898e+002 -1.9877e+000 -2.9358e+000 -1.8683e-001 -2.8505e+000 -5.9526e-001
363 0 +5.140404460e+000 -1.404395955e+002 -1.404395955e+002 -1.0970e+000 -2.6791e+000 +8.1327e-001 -2.6025e+000 -1.1974e+000
369 0 +3.512959809e+000 -1.420670402e+002 -1.420670402e+002 -1.3432e+000 -1.7701e+000 +1.0676e+000 -2.3285e+000 -1.7994e+000
416 0 +3.437135774e+000 -1.421428642e+002 -1.421428642e+002 -2.0253e+000 -1.1499e+000 +1.8187e+000 -2.1069e+000 -9.4497e-001
562 0 +3.371531130e+000 -1.422084689e+002 -1.422084689e+002 -1.9891e+000 -1.0300e+000 +1.8975e+000 -2.1483e+000 -9.6683e-001
616 0 +3.176966682e+000 -1.424030333e+002 -1.424030333e+002 -5.8067e-001 -7.8178e-001 +1.9720e+000 -2.1057e+000 -1.4865e+000
765 0 +3.157282658e+000 -1.424227173e+002 -1.424227173e+002 -7.1156e-001 -1.0729e-001 +1.8889e+000 -2.2643e+000 -1.2849e+000
844 0 +2.414858615e+000 -1.431651414e+002 -1.431651414e+002 -4.8431e-001 -3.9402e-002 +2.0116e+000 -2.1738e+000 -1.1686e+000
931 0 +2.073500356e+000 -1.435064996e+002 -1.435064996e+002 -8.1617e-001 -1.3635e-001 +1.9108e+000 -2.1708e+000 -9.7159e-001
1144 0 +1.538809219e+000 -1.440411908e+002 -1.440411908e+002 -6.3617e-001 -1.1940e-001 +1.9783e+000 -2.1330e+000 -9.5525e-001
2207 0 +1.505804656e+000 -1.440741953e+002 -1.440741953e+002 -6.0770e-001 -6.7107e-002 +2.0024e+000 -2.1361e+000 -9.5577e-001
