% f evaluations | g evaluations | best noise-free fitness - Fopt (-2.098800000000e+002) + sum g_i+ | measured fitness | best measured fitness or single-digit g-values | x1 | x2...
1 0 +3.674641571e+006 +3.674431691e+006 +3.674431691e+006 +0.0000e+000 +0.0000e+000 +0.0000e+000 +0.0000e+000 +0.0000e+000
2 0 +1.497806048e+006 +1.497596168e+006 +1.497596168e+006 +3.8627e+000 +4.5068e-001 +2.7248e+000 -3.9264e+000 +2.3537e+000
4 0 +9.402906452e+005 +9.400807652e+005 +9.400807652e+005 +2.5350e+000 +6.8142e-001 -3.9357e+000 +3.1909e+000 +8.3257e-001
5 0 +3.741848317e+005 +3.739749517e+005 +3.739749517e+005 -1.8319e+000 -3.7851e+000 +3.0300e+000 +1.2967e+000 +2.3299e+000
19 0 +2.590569584e+005 +2.588470784e+005 +2.588470784e+005 +8.8322e-001 -2.4777e+000 -4.1228e+000 +8.6452e-001 +2.1271e+000
26 0 +9.624724005e+004 +9.603736005e+004 +9.603736005e+004 +1.7108e+000 +2.5364e+000 +4.5787e+000 +9.2346e-001 +1.9031e+000
226 0 +2.033132320e+004 +2.012144320e+004 +2.012144320e+004 +3.7253e+000 +1.3033e+000 +3.7954e+000 +1.6421e+000 +1.7037e+000
965 0 +1.633413497e+004 +1.612425497e+004 +1.612425497e+004 +3.6293e+000 +1.4206e+000 +3.8756e+000 +1.6252e+000 +1.7585e+000
1073 0 +3.955774611e+003 +3.745894611e+003 +3.745894611e+003 +2.9884e+000 +1.5270e+000 +3.1661e+000 +2.2808e+000 +1.8393e+000
1794 0 +3.388778463e+003 +3.178898463e+003 +3.178898463e+003 +3.0762e+000 +1.5001e+000 +3.3007e+000 +2.3535e+000 +1.8374e+000
2131 0 +3.186412398e+003 +2.976532398e+003 +2.976532398e+003 +3.9393e+000 +8.5313e-001 +2.6552e+000 +2.5206e+000 +1.8287e+000
2996 0 +1.243898449e+003 +1.034018449e+003 +1.034018449e+003 +3.8439e+000 +9.2481e-001 +2.7190e+000 +2.5004e+000 +1.7988e+000
5258 0 +8.557526260e+002 +6.458726260e+002 +6.458726260e+002 +3.9662e+000 +4.5746e-001 +3.0083e+000 +2.4107e+000 +1.7620e+000
8450 0 +5.872799490e+002 +3.773999490e+002 +3.773999490e+002 +3.9607e+000 +5.0331e-001 +3.0266e+000 +2.4078e+000 +1.7685e+000
9250 0 +5.738332230e+002 +3.639532230e+002 +3.639532230e+002 +3.9602e+000 +5.0603e-001 +3.0277e+000 +2.4077e+000 +1.7689e+000
% f evaluations | g evaluations | best noise-free fitness - Fopt (-9.209000000000e+001) + sum g_i+ | measured fitness | best measured fitness or single-digit g-values | x1 | x2...
1 0 +1.080118910e+005 +1.079198010e+005 +1.079198010e+005 +0.0000e+000 +0.0000e+000 +0.0000e+000 +0.0000e+000 +0.0000e+000
208 0 +4.728324966e+004 +4.719115966e+004 +4.719115966e+004 +1.3999e+000 -1.2344e+000 +5.1781e-002 -9.4823e-001 +4.5447e-002
397 0 +1.548120940e+004 +1.538911940e+004 +1.538911940e+004 -5.5828e-001 +4.0944e+000 +8.8719e-001 -1.1847e+000 -1.2776e-001
1148 0 +9.028432915e+003 +8.936342915e+003 +8.936342915e+003 +8.0223e+000 -9.2686e+000 -1.7317e+000 -1.8045e+000 -1.1737e-001
1374 0 +6.260357655e+003 +6.168267655e+003 +6.168267655e+003 +4.9453e+000 -7.0555e+000 -7.1417e-001 -1.9164e+000 -1.6491e-001
1650 0 +5.062072228e+003 +4.969982228e+003 +4.969982228e+003 +6.2290e+000 -6.9708e+000 -8.7163e-001 -1.9674e+000 -9.9522e-002
2109 0 +4.912266001e+003 +4.820176001e+003 +4.820176001e+003 +7.0588e+000 -7.1651e+000 -1.0375e+000 -1.8726e+000 -1.0687e-001
6085 0 +4.769639044e+003 +4.677549044e+003 +4.677549044e+003 +7.0499e+000 -7.1071e+000 -1.0168e+000 -1.8403e+000 -1.0511e-001
6333 0 +4.672083573e+003 +4.579993573e+003 +4.579993573e+003 +7.1544e+000 -7.1750e+000 -1.0306e+000 -1.8315e+000 -1.1823e-001
6533 0 +4.545247140e+003 +4.453157140e+003 +4.453157140e+003 +7.1049e+000 -7.0774e+000 -9.8638e-001 -1.7732e+000 -1.1757e-001
% f evaluations | g evaluations | best noise-free fitness - Fopt (-8.789000000000e+001) + sum g_i+ | measured fitness | best measured fitness or single-digit g-values | x1 | x2...
1 0 +9.234015967e+006 +9.233928077e+006 +9.233928077e+006 +0.0000e+000 +0.0000e+000 +0.0000e+000 +0.0000e+000 +0.0000e+000
3 0 +7.977554891e+006 +7.977467001e+006 +7.977467001e+006 -4.2290e+000 -3.6871e+000 -4.9321e+000 +2.1996e+000 -4.7555e-001
5 0 +2.842808310e+006 +2.842720420e+006 +2.842720420e+006 +3.9056e+000 -1.1470e+000 +4.1090e+000 +2.1078e-001 -4.5740e+000
6 0 +2.216368702e+006 +2.216280812e+006 +2.216280812e+006 +3.7648e+000 +3.0773e-001 +4.1424e+000 -3.3677e+000 -1.5138e+000
7 0 +2.695441666e+005 +2.694562766e+005 +2.694562766e+005 -2.1065e+000 -5.0355e-001 +4.0515e+000 -4.6583e+000 -3.3448e+000
45 0 +8.296827450e+004 +8.288038450e+004 +8.288038450e+004 +1.1156e+000 -6.7621e-001 -3.0332e+000 -3.4141e+000 -3.0985e+000
143 0 +3.097238610e+004 +3.088449610e+004 +3.088449610e+004 +2.4665e+000 -5.0581e+000 +3.3771e+000 -1.4129e+000 -3.1782e+000
225 0 +1.905353499e+004 +1.896564499e+004 +1.896564499e+004 +2.2207e+000 -4.7923e+000 +2.9682e+000 -1.4846e+000 -3.0860e+000
485 0 +1.684065147e+004 +1.675276147e+004 +1.675276147e+004 +2.7321e+000 -5.2350e+000 +3.0785e+000 -2.6940e+000 -3.1217e+000
715 0 +4.379908528e+003 +4.292018528e+003 +4.292018528e+003 +2.8479e+000 -3.5200e+000 +1.8016e+000 -1.9177e+000 -3.0430e+000
1422 0 +2.953088599e+003 +2.865198599e+003 +2.865198599e+003 +3.4631e+000 -3.3968e+000 +1.0539e+000 -2.1047e+000 -3.0420e+000
2023 0 +2.470653183e+003 +2.382763183e+003 +2.382763183e+003 +3.4956e+000 -3.3785e+000 +9.3119e-001 -2.0940e+000 -3.1125e+000
2876 0 +1.828870335e+003 +1.740980335e+003 +1.740980335e+003 +3.4766e+000 -3.2496e+000 +7.6813e-001 -2.1508e+000 -3.0687e+000
3187 0 +1.730241157e+003 +1.642351157e+003 +1.642351157e+003 +3.2603e+000 -2.8141e+000 +7.0321e-001 -2.0371e+000 -3.0942e+000
3523 0 +1.520772158e+003 +1.432882158e+003 +1.432882158e+003 +3.2580e+000 -2.7455e+000 +6.9240e-001 -2.1048e+000 -3.0737e+000
3972 0 +1.449213409e+003 +1.361323409e+003 +1.361323409e+003 +3.2617e+000 -2.8832e+000 +7.5805e-001 -2.1221e+000 -3.0810e+000
9189 0 +1.363209727e+003 +1.275319727e+003 +1.275319727e+003 +3.3993e+000 -2.7197e+000 +8.7273e-001 -2.1511e+000 -3.0815e+000
% f evaluations | g evaluations | best noise-free fitness - Fopt (3.201900000000e+002) + sum g_i+ | measured fitness | best measured fitness or single-digit g-values | x1 | x2...
1 0 +1.146412437e+007 +1.146444456e+007 +1.146444456e+007 +0.0000e+000 +0.0000e+000 +0.0000e+000 +0.0000e+000 +0.0000e+000
3 0 +1.673158029e+005 +1.676359929e+005 +1.676359929e+005 +3.2177e-001 -3.5542e-001 -1.9569e+000 -1.5102e+000 -3.0683e+000
38 0 +6.070690447e+004 +6.102709447e+004 +6.102709447e+004 -1.6261e+000 +4.1430e+000 -4.4095e+000 -1.6950e+000 -3.5695e+000
44 0 +1.947065906e+004 +1.979084906e+004 +1.979084906e+004 +2.1701e+000 -3.7983e+000 +1.2587e+000 -1.1895e+000 -3.5914e+000
282 0 +4.820323122e+003 +5.140513122e+003 +5.140513122e+003 +4.2903e+000 -6.1697e+000 +2.7823e+000 -5.9057e-001 -3.4637e+000
937 0 +3.447304148e+003 +3.767494148e+003 +3.767494148e+003 +4.9344e+000 -6.1966e+000 +3.1753e+000 -9.4270e-001 -3.4775e+000
1047 0 +3.115868192e+003 +3.436058192e+003 +3.436058192e+003 +4.7542e+000 -6.1791e+000 +2.9041e+000 -7.4696e-001 -3.4583e+000
1961 0 +2.649181354e+003 +2.969371354e+003 +2.969371354e+003 +4.7038e+000 -6.2316e+000 +2.8213e+000 -7.8842e-001 -3.4716e+000
2102 0 +1.094645221e+003 +1.414835221e+003 +1.414835221e+003 +4.7572e+000 -6.1945e+000 +1.9129e+000 -8.8725e-001 -3.4867e+000
2987 0 +7.149770843e+002 +1.035167084e+003 +1.035167084e+003 +4.7012e+000 -6.1717e+000 +1.7285e+000 -9.0130e-001 -3.4625e+000
3187 0 +6.952191665e+002 +1.015409166e+003 +1.015409166e+003 +4.7286e+000 -6.1937e+000 +1.7702e+000 -8.9229e-001 -3.4749e+000
3346 0 +6.249248079e+002 +9.451148079e+002 +9.451148079e+002 +4.6652e+000 -6.1713e+000 +1.6496e+000 -9.0254e-001 -3.4671e+000
4580 0 +5.370745154e+002 +8.572645154e+002 +8.572645154e+002 +4.6856e+000 -6.1526e+000 +1.6099e+000 -8.5348e-001 -3.4661e+000
5116 0 +5.137621893e+002 +8.339521893e+002 +8.339521893e+002 +4.6737e+000 -6.1257e+000 +1.5933e+000 -8.6328e-001 -3.4706e+000
7932 0 +4.875954381e+002 +8.077854381e+002 +8.077854381e+002 +4.4867e+000 -6.0400e+000 +1.3403e+000 -8.5633e-001 -3.4635e+000
8376 0 +3.394313669e+002 +6.596213669e+002 +6.596213669e+002 +3.9262e+000 -4.9939e+000 +1.3949e+000 -9.1664e-001 -3.4660e+000
8721 0 +3.107590717e+002 +6.309490717e+002 +6.309490717e+002 +3.8613e+000 -4.9375e+000 +1.3933e+000 -9.0112e-001 -3.4642e+000
9516 0 +2.753061352e+002 +5.954961352e+002 +5.954961352e+002 +3.9821e+000 -5.1676e+000 +1.4109e+000 -8.8254e-001 -3.4681e+000
% f evaluations | g evaluations | best noise-free fitness - Fopt (-1.042400000000e+002) + sum g_i+ | measured fitness | best measured fitness or single-digit g-values | x1 | x2...
1 0 +1.379827153e+004 +1.369403153e+004 +1.369403153e+004 +0.0000e+000 +0.0000e+000 +0.0000e+000 +0.0000e+000 +0.0000e+000
266 0 +3.714547426e+003 +3.610307426e+003 +3.610307426e+003 -1.1377e+000 -8.7093e-001 +1.2216e+000 -2.1717e-001 -2.7150e-002
407 0 +3.149022905e+003 +3.044782905e+003 +3.044782905e+003 +3.0003e+000 -1.2498e+000 +2.9859e+000 -3.6935e-001 -5.0855e-002
2977 0 +2.968692928e+003 +2.864452928e+003 +2.864452928e+003 +2.8694e+000 -1.1996e+000 +2.8923e+000 -3.8608e-001 -7.0336e-002
3034 0 +2.763970894e+003 +2.659730894e+003 +2.659730894e+003 +2.7127e+000 -1.0061e+000 +2.6765e+000 -3.7025e-001 -6.3747e-002
3243 0 +2.151384390e+003 +2.047144390e+003 +2.047144390e+003 +1.4595e+000 -8.7214e-001 +2.0380e+000 -3.6359e-001 -3.0140e-002
3477 0 +5.305605055e+002 +4.263205055e+002 +4.263205055e+002 +1.0458e+000 -5.7341e-001 +1.6721e+000 -4.6081e-001 -6.4963e-002
5545 0 +4.506565075e+002 +3.464165075e+002 +3.464165075e+002 +6.5485e-001 -8.5959e-001 +1.4278e+000 -5.6551e-001 -6.2175e-002
5634 0 +3.958158580e+002 +2.915758580e+002 +2.915758580e+002 +8.7586e-001 -5.7645e-001 +1.5547e+000 -4.8529e-001 -5.9641e-002
6155 0 +3.866399207e+002 +2.823999207e+002 +2.823999207e+002 +7.7882e-001 -6.4625e-001 +1.4798e+000 -4.5551e-001 -5.9062e-002
8834 0 +3.796518915e+002 +2.754118915e+002 +2.754118915e+002 +6.4388e-001 -6.0364e-001 +1.3990e+000 -5.2863e-001 -5.9033e-002
% f evaluations | g evaluations | best noise-free fitness - Fopt (-6.785000000000e+001) + sum g_i+ | measured fitness | best measured fitness or single-digit g-values | x1 | x2...
1 0 +2.265383377e+006 +2.265315527e+006 +2.265315527e+006 +0.0000e+000 +0.0000e+000 +0.0000e+000 +0.0000e+000 +0.0000e+000
3 0 +9.515707037e+005 +9.515028537e+005 +9.515028537e+005 -7.5475e-001 +2.1371e+000 -3.2100e+000 +4.2609e+000 -2.3151e+000
6 0 +3.572391913e+005 +3.571713413e+005 +3.571713413e+005 +1.2509e+000 +1.8371e+000 +2.8563e+000 -1.5316e-001 -1.5719e+000
45 0 +1.620027922e+005 +1.619349422e+005 +1.619349422e+005 +3.3343e+000 +8.3097e-001 +1.5509e+000 +8.5508e-001 -1.2339e+000
230 0 +1.237687142e+005 +1.237008642e+005 +1.237008642e+005 +1.7003e+001 -9.6189e+000 +6.6386e-001 +4.2270e+000 -1.1127e+000
407 0 +3.094971366e+004 +3.088186366e+004 +3.088186366e+004 +1.6860e+001 -9.4263e+000 +5.3377e-001 +3.8349e+000 -1.4524e+000
630 0 +6.212763947e+003 +6.144913947e+003 +6.144913947e+003 +1.4664e+001 -7.9384e+000 +2.2774e-001 +2.9491e+000 -1.3755e+000
2661 0 +6.039260298e+003 +5.971410298e+003 +5.971410298e+003 +1.4844e+001 -7.9318e+000 +2.0073e-001 +3.0747e+000 -1.3688e+000
4185 0 +5.044049651e+003 +4.976199651e+003 +4.976199651e+003 +1.4197e+001 -7.8519e+000 +9.2122e-001 +3.0178e+000 -1.3811e+000
5366 0 +2.329074660e+003 +2.261224660e+003 +2.261224660e+003 +1.4894e+001 -5.0787e-002 +1.7220e+000 +2.8487e+000 -1.3394e+000
5959 0 +2.072998414e+003 +2.005148414e+003 +2.005148414e+003 +1.4923e+001 -4.3895e+000 +1.1122e+000 +2.9997e+000 -1.3474e+000
% f evaluations | g evaluations | best noise-free fitness - Fopt (-3.639800000000e+002) + sum g_i+ | measured fitness | best measured fitness or single-digit g-values | x1 | x2...
1 0 +5.084164666e+006 +5.083800686e+006 +5.083800686e+006 +0.0000e+000 +0.0000e+000 +0.0000e+000 +0.0000e+000 +0.0000e+000
5 0 +2.942462679e+006 +2.942098699e+006 +2.942098699e+006 +3.8305e+000 +4.2566e+000 -2.4659e+000 -2.0217e+000 +3.4503e+000
9 0 +1.615498300e+006 +1.615134320e+006 +1.615134320e+006 +1.2540e+000 +3.8418e+000 +2.5826e-001 +2.0379e+000 +3.2889e+000
15 0 +1.103664003e+006 +1.103300023e+006 +1.103300023e+006 +2.4369e+000 -2.3022e+000 +2.9078e+000 -1.7634e+000 +1.7645e+000
30 0 +5.389257847e+005 +5.385618047e+005 +5.385618047e+005 -3.1257e+000 +2.4482e+000 -6.3440e-001 +4.6217e+000 +2.9258e+000
82 0 +3.181764197e+005 +3.178124397e+005 +3.178124397e+005 +1.3232e+000 +2.2038e+000 -3.8630e+000 +4.6527e+000 +1.6363e+000
203 0 +1.432422361e+005 +1.428782561e+005 +1.428782561e+005 -2.0877e+000 +6.4362e+000 -1.5977e+000 +4.6306e+000 +1.8418e+000
240 0 +1.027878647e+005 +1.024238847e+005 +1.024238847e+005 -4.3545e+000 +1.7260e+001 +1.0810e+000 +4.3042e+000 +2.4547e+000
276 0 +8.431440584e+004 +8.395042584e+004 +8.395042584e+004 +3.1415e-001 -6.0363e-002 -3.9696e+000 +4.5862e+000 +2.0011e+000
471 0 +3.230177254e+004 +3.193779254e+004 +3.193779254e+004 -1.4496e+000 -6.3891e-001 -2.5763e+000 +3.6256e+000 +2.2308e+000
606 0 +2.545382103e+004 +2.508984103e+004 +2.508984103e+004 +1.5584e+001 +1.7331e+001 +4.7741e-002 +3.2652e+000 +2.1485e+000
1186 0 +1.979665047e+004 +1.943267047e+004 +1.943267047e+004 +1.2574e+001 +1.4808e+001 -1.5359e-001 +4.3853e+000 +2.2056e+000
1554 0 +1.492787864e+004 +1.456389864e+004 +1.456389864e+004 +1.3892e+001 +1.6142e+001 +5.8371e-001 +4.2993e+000 +2.1550e+000
1750 0 +1.312232361e+004 +1.275834361e+004 +1.275834361e+004 +1.4065e+001 +1.6170e+001 +7.1864e-001 +4.0526e+000 +2.2117e+000
2631 0 +1.040597485e+004 +1.004199485e+004 +1.004199485e+004 +1.4356e+001 +1.6324e+001 +8.7978e-001 +4.0366e+000 +2.1703e+000
2753 0 +1.022381421e+004 +9.859834207e+003 +9.859834207e+003 +1.3566e+001 +1.5443e+001 +7.8201e-001 +4.0607e+000 +2.1902e+000
3155 0 +8.990230923e+003 +8.626250923e+003 +8.626250923e+003 +1.3671e+001 +1.5283e+001 +9.8038e-001 +3.9895e+000 +2.1906e+000
3778 0 +6.219639407e+003 +5.855659407e+003 +5.855659407e+003 +1.2686e+001 +1.3009e+001 +1.6408e+000 +3.8288e+000 +2.1192e+000
3984 0 +5.916874970e+003 +5.552894970e+003 +5.552894970e+003 +1.2961e+001 +1.3010e+001 +1.8370e+000 +3.7346e+000 +2.1284e+000
4658 0 +5.587703918e+003 +5.223723918e+003 +5.223723918e+003 +1.2478e+001 +1.2949e+001 +1.2910e+000 +3.9418e+000 +2.1914e+000
4947 0 +4.151546350e+003 +3.787566350e+003 +3.787566350e+003 +1.0815e+001 +1.1021e+001 +1.3642e+000 +3.9302e+000 +2.1513e+000
5052 0 +2.952010196e+003 +2.588030196e+003 +2.588030196e+003 +9.8906e+000 +9.9066e+000 +1.9975e+000 +3.8229e+000 +2.1375e+000
5267 0 +1.695919606e+003 +1.331939606e+003 +1.331939606e+003 +9.1001e+000 +8.3570e+000 +2.8835e+000 +3.7744e+000 +2.1754e+000
5631 0 +1.589068831e+003 +1.225088831e+003 +1.225088831e+003 +9.3708e+000 +8.7118e+000 +2.8889e+000 +3.7874e+000 +2.1653e+000
7447 0 +1.378431762e+003 +1.014451762e+003 +1.014451762e+003 +9.2306e+000 +8.5670e+000 +2.7628e+000 +3.8170e+000 +2.1527e+000
9827 0 +1.125891805e+003 +7.619118054e+002 +7.619118054e+002 +9.0429e+000 +8.2690e+000 +2.7602e+000 +3.9944e+000 +2.1605e+000
% f evaluations | g evaluations | best noise-free fitness - Fopt (-1.865000000000e+001) + sum g_i+ | measured fitness | best measured fitness or single-digit g-values | x1 | x2...
1 0 +8.659123173e+006 +8.659104523e+006 +8.659104523e+006 +0.0000e+000 +0.0000e+000 +0.0000e+000 +0.0000e+000 +0.0000e+000
2 0 +6.850073736e+006 +6.850055086e+006 +6.850055086e+006 +2.1726e+000 -6.1221e-001 +1.9118e+000 +5.6463e-001 -5.0961e-001
4 0 +3.033428903e+006 +3.033410253e+006 +3.033410253e+006 +4.8342e+000 -4.0935e+000 +2.3218e+000 +4.0659e+000 -4.4521e+000
13 0 +5.943970512e+005 +5.943784012e+005 +5.943784012e+005 +2.8288e+000 +2.9607e+000 -4.2936e+000 +2.0829e+000 -2.2492e+000
14 0 +5.506636343e+005 +5.506449843e+005 +5.506449843e+005 -5.5433e-001 +1.6980e+000 -3.0852e+000 +4.3108e+000 -2.7762e+000
44 0 +4.673133550e+005 +4.672947050e+005 +4.672947050e+005 +5.3904e-001 +2.4780e+000 +2.4622e+000 +7.7186e-001 -2.3740e+000
84 0 +4.088789311e+005 +4.088602811e+005 +4.088602811e+005 -4.7014e+000 +1.5294e+000 +4.5338e+000 +3.2398e+000 -3.2745e+000
95 0 +3.416994058e+005 +3.416807558e+005 +3.416807558e+005 +1.9408e+000 +3.5412e+000 +7.8000e-001 +5.7672e-001 -2.4408e+000
110 0 +3.195853103e+005 +3.195666603e+005 +3.195666603e+005 +1.9113e+000 +9.1783e+000 +4.0658e-001 +2.9415e+000 -2.7186e+000
160 0 +2.277784236e+005 +2.277597736e+005 +2.277597736e+005 +8.4305e+000 -1.3456e+000 +2.6001e-001 -2.2896e+000 -2.8317e+000
268 0 +1.492516191e+004 +1.490651191e+004 +1.490651191e+004 +1.0382e+001 -4.2930e+000 -2.2082e+000 +5.6787e-001 -2.8787e+000
449 0 +4.279191364e+003 +4.260541364e+003 +4.260541364e+003 +1.1926e+001 -9.5089e+000 -1.9821e+000 +5.4716e-001 -3.0078e+000
966 0 +2.701585845e+003 +2.682935845e+003 +2.682935845e+003 +1.1772e+001 -9.3370e+000 -3.3561e+000 +3.5376e-001 -2.9606e+000
2188 0 +2.379814457e+003 +2.361164457e+003 +2.361164457e+003 +1.1762e+001 -9.4149e+000 -3.2332e+000 +2.7409e-001 -2.9616e+000
3885 0 +2.233785504e+003 +2.215135504e+003 +2.215135504e+003 +1.1727e+001 -9.3789e+000 -3.2632e+000 +2.6620e-001 -2.9669e+000
4555 0 +2.038124364e+003 +2.019474364e+003 +2.019474364e+003 +1.2561e+001 -9.7147e+000 -3.0008e+000 +3.7608e-001 -2.9882e+000
7080 0 +1.902536826e+003 +1.883886826e+003 +1.883886826e+003 +1.2397e+001 -9.6141e+000 -3.0257e+000 +3.3329e-001 -2.9898e+000
7142 0 +1.844607801e+003 +1.825957801e+003 +1.825957801e+003 +1.2197e+001 -9.4633e+000 -3.0573e+000 +3.4666e-001 -2.9831e+000
8725 0 +1.582246501e+003 +1.563596501e+003 +1.563596501e+003 +1.1514e+001 -8.0231e+000 -3.2147e+000 +3.4194e-001 -2.9725e+000
8966 0 +1.470022383e+003 +1.451372383e+003 +1.451372383e+003 +1.0747e+001 -8.4109e+000 -2.1434e+000 +2.9101e-001 -2.9983e+000
% f evaluations | g evaluations | best noise-free fitness - Fopt (1.749200000000e+002) + sum g_i+ | measured fitness | best measured fitness or single-digit g-values | x1 | x2...
1 0 +8.316943586e+006 +8.317118506e+006 +8.317118506e+006 +0.0000e+000 +0.0000e+000 +0.0000e+000 +0.0000e+000 +0.0000e+000
3 0 +4.144020016e+005 +4.145769216e+005 +4.145769216e+005 -4.9130e+000 -2.8944e+000 -5.4378e-001 -1.4176e+000 -3.5580e+000
22 0 +3.244764059e+005 +3.246513259e+005 +3.246513259e+005 +4.7167e+000 +3.2652e+000 +2.3388e+000 -6.7340e-001 -3.3597e+000
66 0 +2.619576422e+005 +2.621325622e+005 +2.621325622e+005 -6.9680e-001 +2.7285e+000 +3.8246e+000 -3.9340e+000 -2.6128e+000
347 0 +4.813357613e+004 +4.830849613e+004 +4.830849613e+004 -3.0713e-001 +2.9546e+000 +3.0658e+000 -1.5606e+000 -2.8429e+000
958 0 +3.924539755e+004 +3.942031755e+004 +3.942031755e+004 -2.7045e+000 +3.0902e+000 +1.5558e+000 -2.3618e+000 -2.9485e+000
1086 0 +1.486505575e+004 +1.503997575e+004 +1.503997575e+004 -4.5286e+000 +3.9402e+000 -5.6060e-001 -2.1097e+000 -2.9204e+000
1392 0 +1.333909030e+004 +1.351401030e+004 +1.351401030e+004 -5.0587e+000 +4.5033e+000 -7.0400e-001 -1.5898e+000 -2.9152e+000
1967 0 +1.194860852e+004 +1.212352852e+004 +1.212352852e+004 -5.8152e+000 +4.5447e+000 -2.0929e+000 -1.8131e+000 -2.7758e+000
2195 0 +4.931865109e+003 +5.106785109e+003 +5.106785109e+003 -4.7839e+000 +3.3913e+000 -1.8971e+000 -1.8608e+000 -2.8223e+000
2273 0 +4.014568365e+003 +4.189488365e+003 +4.189488365e+003 -4.8040e+000 +2.8079e+000 -1.6524e+000 -1.9566e+000 -2.8699e+000
2742 0 +3.634043237e+003 +3.808963237e+003 +3.808963237e+003 -4.8416e+000 +3.2123e+000 -1.7498e+000 -1.9224e+000 -2.8519e+000
3480 0 +3.529629479e+003 +3.704549479e+003 +3.704549479e+003 -5.5417e+000 +4.4373e+000 -2.6860e+000 -1.6456e+000 -2.8406e+000
3880 0 +3.362717841e+003 +3.537637841e+003 +3.537637841e+003 -5.5355e+000 +4.6259e+000 -2.6652e+000 -1.6951e+000 -2.8329e+000
4195 0 +2.367479135e+003 +2.542399135e+003 +2.542399135e+003 -5.3227e+000 +4.2749e+000 -3.0773e+000 -1.6635e+000 -2.8818e+000
4380 0 +2.202658747e+003 +2.377578747e+003 +2.377578747e+003 -5.1768e+000 +4.5400e+000 -3.2766e+000 -1.7701e+000 -2.8921e+000
4580 0 +1.747328650e+003 +1.922248650e+003 +1.922248650e+003 -5.2604e+000 +4.5682e+000 -3.1328e+000 -1.7547e+000 -2.8779e+000
5170 0 +1.717643917e+003 +1.892563917e+003 +1.892563917e+003 -5.2701e+000 +4.6336e+000 -3.0600e+000 -1.7604e+000 -2.8731e+000
6373 0 +1.587204091e+003 +1.762124091e+003 +1.762124091e+003 -5.2512e+000 +4.6255e+000 -3.2300e+000 -1.7560e+000 -2.8686e+000
7973 0 +1.522106282e+003 +1.697026282e+003 +1.697026282e+003 -5.2129e+000 +4.5482e+000 -3.2266e+000 -1.7689e+000 -2.8664e+000
8173 0 +1.483909400e+003 +1.658829400e+003 +1.658829400e+003 -4.8772e+000 +3.8716e+000 -3.1961e+000 -1.8825e+000 -2.8479e+000
8473 0 +1.469228977e+003 +1.644148977e+003 +1.644148977e+003 -5.1932e+000 +4.5086e+000 -3.2248e+000 -1.7756e+000 -2.8654e+000
8573 0 +1.396895454e+003 +1.571815454e+003 +1.571815454e+003 -4.9490e+000 +4.0162e+000 -3.2027e+000 -1.8582e+000 -2.8518e+000
9273 0 +1.360663379e+003 +1.535583379e+003 +1.535583379e+003 -5.1253e+000 +4.3717e+000 -3.2186e+000 -1.7986e+000 -2.8616e+000
9695 0 +1.348073407e+003 +1.522993407e+003 +1.522993407e+003 -4.7100e+000 +3.6974e+000 -3.2679e+000 -1.9184e+000 -2.8563e+000
9773 0 +1.262192185e+003 +1.437112185e+003 +1.437112185e+003 -5.0224e+000 +4.2772e+000 -3.2696e+000 -1.8191e+000 -2.8682e+000
% f evaluations | g evaluations | best noise-free fitness - Fopt (-5.659600000000e+002) + sum g_i+ | measured fitness | best measured fitness or single-digit g-values | x1 | x2...
1 0 +1.229758720e+007 +1.229702124e+007 +1.229702124e+007 +0.0000e+000 +0.0000e+000 +0.0000e+000 +0.0000e+000 +0.0000e+000
3 0 +1.043203136e+007 +1.043146540e+007 +1.043146540e+007 +3.3025e+000 +1.1243e+000 -3.8485e+000 +8.5559e-001 -2.8120e-001
6 0 +1.200908928e+006 +1.200342968e+006 +1.200342968e+006 -1.9405e-001 +4.4887e+000 +3.0728e+000 +3.6008e+000 -4.0857e+000
22 0 +1.128619647e+006 +1.128053687e+006 +1.128053687e+006 +3.5477e+000 +4.0603e+000 -3.9431e+000 -1.7501e+000 -2.5353e+000
29 0 +3.708595711e+005 +3.702936111e+005 +3.702936111e+005 -2.7358e+000 +4.1240e+000 -3.6863e-001 -3.5899e+000 -4.0897e+000
49 0 +1.216822647e+005 +1.211163047e+005 +1.211163047e+005 +4.4282e+000 +4.1629e+000 +2.8915e+000 -7.7319e-001 -3.3292e+000
209 0 +8.944854676e+004 +8.888258676e+004 +8.888258676e+004 +4.4789e+000 +4.7602e+000 +3.1450e+000 -8.5818e-001 -3.3892e+000
353 0 +4.594430469e+004 +4.537834469e+004 +4.537834469e+004 +5.1492e+000 +4.3848e-001 +3.1156e+000 -1.0172e+000 -3.5293e+000
472 0 +3.234756080e+004 +3.178160080e+004 +3.178160080e+004 +1.1743e+000 -4.4483e+000 +2.6176e+000 -2.3003e+000 -3.6140e+000
886 0 +1.601994792e+004 +1.545398792e+004 +1.545398792e+004 -9.2620e-002 -8.7329e+000 +1.5339e+000 -1.7436e+000 -3.5719e+000
1032 0 +1.112157833e+004 +1.055561833e+004 +1.055561833e+004 -4.9548e-001 -8.9587e+000 +6.5403e-002 -2.0716e+000 -3.5284e+000
1138 0 +1.072138581e+004 +1.015542581e+004 +1.015542581e+004 -5.0258e-001 -8.9468e+000 +1.5944e-001 -2.0760e+000 -3.5501e+000
1200 0 +7.209400048e+003 +6.643440048e+003 +6.643440048e+003 -6.0899e-001 -8.7785e+000 -2.9720e-001 -1.7761e+000 -3.6030e+000
1557 0 +6.404646848e+003 +5.838686848e+003 +5.838686848e+003 -1.7574e+000 -3.5279e+000 -1.3922e+000 -1.8558e+000 -3.4887e+000
1560 0 +5.869092241e+003 +5.303132241e+003 +5.303132241e+003 -5.5292e-001 -8.6448e+000 -2.5731e-001 -1.7786e+000 -3.5699e+000
1702 0 +4.679405450e+003 +4.113445450e+003 +4.113445450e+003 +1.4873e-001 -8.5900e+000 -5.4916e-001 -1.8650e+000 -3.5624e+000
2008 0 +2.981242263e+003 +2.415282263e+003 +2.415282263e+003 +1.7536e-002 -8.5585e+000 -2.7587e+000 -1.8859e+000 -3.5799e+000
3202 0 +2.476011381e+003 +1.910051381e+003 +1.910051381e+003 -2.9201e-001 -8.6048e+000 -2.0708e+000 -1.8420e+000 -3.5629e+000
3324 0 +2.389021277e+003 +1.823061277e+003 +1.823061277e+003 -1.5051e-001 -8.3929e+000 -1.9493e+000 -1.8763e+000 -3.5650e+000
5630 0 +2.000097268e+003 +1.434137268e+003 +1.434137268e+003 +1.2793e-001 -7.6186e+000 -1.7224e+000 -1.8245e+000 -3.5608e+000
5721 0 +1.939147012e+003 +1.373187012e+003 +1.373187012e+003 +5.4628e-001 -7.0614e+000 -2.2327e+000 -1.8192e+000 -3.5875e+000
6521 0 +1.595645907e+003 +1.029685907e+003 +1.029685907e+003 +6.8424e-001 -6.4917e+000 -1.8677e+000 -1.7742e+000 -3.5787e+000
8965 0 +1.086088320e+003 +5.201283197e+002 +5.201283197e+002 +2.8494e+000 -1.5798e+000 -2.0534e+000 -1.8269e+000 -3.5971e+000
9348 0 +1.056150333e+003 +4.901903329e+002 +4.901903329e+002 +3.4816e+000 -5.3022e-002 -2.0850e+000 -1.7850e+000 -3.5968e+000
9482 0 +7.431786537e+002 +1.772186537e+002 +1.772186537e+002 +3.9920e+000 +1.0356e+000 -2.3103e+000 -1.9209e+000 -3.5897e+000
% f evaluations | g evaluations | best noise-free fitness - Fopt (7.095000000000e+001) + sum g_i+ | measured fitness | best measured fitness or single-digit g-values | x1 | x2...
1 0 +1.304591750e+007 +1.304598845e+007 +1.304598845e+007 +0.0000e+000 +0.0000e+000 +0.0000e+000 +0.0000e+000 +0.0000e+000
3 0 +1.507310258e+006 +1.507381208e+006 +1.507381208e+006 -4.8446e+000 -2.8898e+000 -5.2342e-001 -3.5222e+000 +2.8244e+000
4 0 +1.405691975e+006 +1.405762925e+006 +1.405762925e+006 +3.7768e+000 +2.1642e-001 +7.8557e-002 -4.6550e+000 +3.6064e+000
8 0 +1.228123289e+006 +1.228194239e+006 +1.228194239e+006 -2.1120e-001 +3.8102e+000 +4.8777e+000 -8.7908e-001 +2.6545e+000
13 0 +5.802981383e+005 +5.803690883e+005 +5.803690883e+005 +1.6536e+000 -3.4824e+000 +1.7920e+000 +4.8440e+000 +2.9527e+000
23 0 +5.142438692e+005 +5.143148192e+005 +5.143148192e+005 -2.0338e+000 +4.7333e-001 -3.0140e+000 +2.5224e+000 +4.3565e+000
32 0 +2.124360407e+005 +2.125069907e+005 +2.125069907e+005 +3.2458e+000 +9.6197e-001 -2.9781e-001 -5.7420e-002 +3.4325e+000
80 0 +9.042155962e+003 +9.113105962e+003 +9.113105962e+003 +2.7803e+000 +4.2995e+000 -4.2782e+000 +2.4266e+000 +3.6666e+000
636 0 +2.439435738e+003 +2.510385738e+003 +2.510385738e+003 -1.7368e+000 -5.5970e+000 -2.6286e+000 +2.5706e+000 +3.6010e+000
2643 0 +1.849805285e+003 +1.920755285e+003 +1.920755285e+003 -2.0447e+000 -5.9558e+000 -2.2318e+000 +2.2836e+000 +3.5957e+000
5086 0 +1.596291799e+003 +1.667241799e+003 +1.667241799e+003 -1.6522e+000 -5.8488e+000 -2.4730e+000 +2.3579e+000 +3.5880e+000
5767 0 +1.500938364e+003 +1.571888364e+003 +1.571888364e+003 -1.6707e+000 -5.7615e+000 -2.5060e+000 +2.4251e+000 +3.5932e+000
% f evaluations | g evaluations | best noise-free fitness - Fopt (4.728000000000e+001) + sum g_i+ | measured fitness | best measured fitness or single-digit g-values | x1 | x2...
1 0 +1.990865709e+006 +1.990912989e+006 +1.990912989e+006 +0.0000e+000 +0.0000e+000 +0.0000e+000 +0.0000e+000 +0.0000e+000
3 0 +3.423027428e+005 +3.423500228e+005 +3.423500228e+005 -1.9342e+000 +1.7837e+000 -6.5885e-002 +1.4246e+000 -9.7714e-001
33 0 +2.508170185e+005 +2.508642985e+005 +2.508642985e+005 +1.1565e+000 -3.5355e+000 +3.4856e+000 +9.7749e-001 -9.7013e-001
37 0 +5.299735428e+004 +5.304463428e+004 +5.304463428e+004 -2.6172e+000 -1.7479e+000 -3.3207e+000 -8.4092e-001 -1.2003e+000
657 0 +4.716872248e+004 +4.721600248e+004 +4.721600248e+004 -4.4465e+000 -3.5089e+000 -3.6180e+000 -1.2831e+000 -1.2540e+000
698 0 +4.651344526e+004 +4.656072526e+004 +4.656072526e+004 -1.0868e+000 -3.4315e+000 -2.4551e+000 -2.9659e-001 -1.3044e+000
1089 0 +2.995886074e+004 +3.000614074e+004 +3.000614074e+004 -3.7846e+000 -1.3931e+000 -1.7347e+000 -1.2743e+000 -1.2333e+000
1159 0 +2.836041772e+004 +2.840769772e+004 +2.840769772e+004 -4.7261e+000 -6.6400e-001 -1.3060e+000 -1.5288e+000 -1.2814e+000
1413 0 +1.706029421e+004 +1.710757421e+004 +1.710757421e+004 -5.2499e+000 +5.8675e-001 -6.9607e-001 -1.1764e+000 -1.3332e+000
2072 0 +1.670552606e+004 +1.675280606e+004 +1.675280606e+004 -5.5095e+000 +8.8771e-001 -5.3832e-001 -1.1849e+000 -1.3430e+000
2172 0 +1.298773946e+004 +1.303501946e+004 +1.303501946e+004 -5.5207e+000 +1.5100e+000 +1.1196e-001 -9.9750e-001 -1.3612e+000
2259 0 +8.110269878e+003 +8.157549878e+003 +8.157549878e+003 -5.9980e+000 +2.3197e+000 +8.8494e-001 -8.8040e-001 -1.2687e+000
2302 0 +3.294546346e+003 +3.341826346e+003 +3.341826346e+003 -3.3692e+000 +2.4738e+000 +3.4947e+000 -1.0001e+000 -1.3581e+000
2502 0 +1.211566090e+003 +1.258846090e+003 +1.258846090e+003 -4.5069e+000 +3.6737e+000 +3.8143e+000 -1.1474e+000 -1.3027e+000
3666 0 +1.063026378e+003 +1.110306378e+003 +1.110306378e+003 -4.3469e+000 +3.5548e+000 +3.7858e+000 -1.1121e+000 -1.2993e+000
5172 0 +1.024797054e+003 +1.072077054e+003 +1.072077054e+003 -5.6747e+000 +3.8835e+000 +2.8551e+000 -1.0741e+000 -1.2987e+000
9672 0 +1.013314984e+003 +1.060594984e+003 +1.060594984e+003 -5.6783e+000 +3.8717e+000 +2.8369e+000 -1.0656e+000 -1.2998e+000
% f evaluations | g evaluations | best noise-free fitness - Fopt (-5.688800000000e+002) + sum g_i+ | measured fitness | best measured fitness or single-digit g-values | x1 | x2...
1 0 +3.139880508e+006 +3.139311628e+006 +3.139311628e+006 +0.0000e+000 +0.0000e+000 +0.0000e+000 +0.0000e+000 +0.0000e+000
3 0 +2.791651648e+005 +2.785962848e+005 +2.785962848e+005 -2.8154e+000 +3.6180e+000 -4.1661e-001 -5.5258e-001 +1.6341e+000
11 0 +1.071656125e+005 +1.065967325e+005 +1.065967325e+005 -3.9081e+000 +4.4840e+000 -4.7821e+000 -4.5594e+000 +1.7652e+000
31 0 +3.340406823e+004 +3.283518823e+004 +3.283518823e+004 +1.1683e+000 +5.3618e-001 +2.6446e+000 -2.9644e+000 +1.6273e+000
807 0 +2.682609196e+004 +2.625721196e+004 +2.625721196e+004 +1.8468e+000 -8.6534e-002 +3.0186e+000 -2.9685e+000 +1.5394e+000
896 0 +8.449924962e+003 +7.881044962e+003 +7.881044962e+003 +1.3606e+000 +8.0043e-001 +1.4635e+000 -3.5749e+000 +1.5414e+000
2900 0 +8.092225853e+003 +7.523345853e+003 +7.523345853e+003 +1.6508e+000 +1.1099e+000 +1.1101e+000 -3.3145e+000 +1.5575e+000
2944 0 +5.451741371e+003 +4.882861371e+003 +4.882861371e+003 +1.1420e+000 +1.0538e-001 +5.1354e-001 -3.7356e+000 +1.5175e+000
4113 0 +2.739387678e+003 +2.170507678e+003 +2.170507678e+003 +1.1751e+000 -3.4299e-002 +3.5269e-001 -3.3927e+000 +1.5447e+000
5813 0 +2.637821692e+003 +2.068941692e+003 +2.068941692e+003 +1.1755e+000 -2.2456e-003 +3.9154e-001 -3.4341e+000 +1.5417e+000
7696 0 +2.466575625e+003 +1.897695625e+003 +1.897695625e+003 +1.5317e+000 +5.8017e-001 +1.1786e-001 -3.3961e+000 +1.5304e+000
9370 0 +2.089138515e+003 +1.520258515e+003 +1.520258515e+003 +4.9897e-001 -1.2750e+000 -1.9083e-001 -3.3268e+000 +1.5230e+000
% f evaluations | g evaluations | best noise-free fitness - Fopt (2.069000000000e+001) + sum g_i+ | measured fitness | best measured fitness or single-digit g-values | x1 | x2...
1 0 +6.014605490e+006 +6.014626180e+006 +6.014626180e+006 +0.0000e+000 +0.0000e+000 +0.0000e+000 +0.0000e+000 +0.0000e+000
2 0 +4.393711327e+006 +4.393732017e+006 +4.393732017e+006 -4.8506e+000 -1.5281e+000 +3.5902e+000 +1.5096e+000 +4.5925e+000
7 0 +2.403200503e+005 +2.403407403e+005 +2.403407403e+005 -4.8183e+000 -9.1781e-001 +1.3025e+000 -1.7954e+000 +2.2831e+000
69 0 +2.393714387e+005 +2.393921287e+005 +2.393921287e+005 -2.5287e-001 -4.0433e+000 +3.4849e+000 -2.1513e+000 +2.5400e+000
83 0 +1.695587161e+005 +1.695794061e+005 +1.695794061e+005 -2.9539e+000 -3.5214e+000 +1.7174e+000 +1.8742e+000 +2.2022e+000
240 0 +1.555889129e+005 +1.556096029e+005 +1.556096029e+005 -1.3289e+000 +5.3480e-001 +2.9065e+000 -1.5482e+000 +2.4627e+000
276 0 +1.482891121e+005 +1.483098021e+005 +1.483098021e+005 -2.2140e+000 +9.1563e-001 +4.6314e-001 +2.6980e-001 +2.9264e+000
277 0 +4.432714365e+004 +4.434783365e+004 +4.434783365e+004 -2.7599e+000 -2.8835e+000 +2.0897e+000 +4.1049e-001 +2.3303e+000
383 0 +1.017666433e+004 +1.019735433e+004 +1.019735433e+004 -1.7445e+000 -3.4854e+000 +1.8535e+000 +1.1704e-001 +2.5633e+000
637 0 +6.204717040e+003 +6.225407040e+003 +6.225407040e+003 -1.6845e+000 -3.4898e+000 +1.4199e+000 +2.4736e-001 +2.5366e+000
1274 0 +3.493198080e+003 +3.513888080e+003 +3.513888080e+003 -1.7261e+000 -3.5674e+000 +1.3516e+000 +3.9943e-001 +2.5583e+000
1276 0 +2.054579730e+003 +2.075269730e+003 +2.075269730e+003 -2.2932e+000 -1.4513e+000 +1.0526e+000 +4.4903e-001 +2.5148e+000
1464 0 +1.970463679e+003 +1.991153679e+003 +1.991153679e+003 -2.4027e+000 -3.5141e+000 +2.5293e+000 +6.2907e-001 +2.5080e+000
2257 0 +1.530686438e+003 +1.551376438e+003 +1.551376438e+003 -2.3440e+000 -3.8052e+000 +2.4035e+000 +7.1493e-001 +2.5147e+000
2592 0 +5.905914286e+002 +6.112814286e+002 +6.112814286e+002 -2.4159e+000 -3.3043e+000 +1.9262e+000 +6.8239e-001 +2.5353e+000
5552 0 +5.512285583e+002 +5.719185583e+002 +5.719185583e+002 -2.4080e+000 -3.2602e+000 +1.8910e+000 +6.6352e-001 +2.5360e+000
5601 0 +5.197419791e+002 +5.404319791e+002 +5.404319791e+002 -3.4985e+000 -3.0488e+000 +1.7328e+000 +7.1773e-001 +2.5283e+000
7118 0 +5.014985747e+002 +5.221885747e+002 +5.221885747e+002 -3.0447e+000 -3.1513e+000 +1.8049e+000 +6.9615e-001 +2.5340e+000
8137 0 +4.990244774e+002 +5.197144774e+002 +5.197144774e+002 -3.0543e+000 -2.9671e+000 +1.8380e+000 +6.8993e-001 +2.5366e+000
9486 0 +3.059052202e+002 +3.265952202e+002 +3.265952202e+002 -3.0225e+000 -2.5942e+000 +1.3502e+000 +6.7167e-001 +2.5307e+000
% f evaluations | g evaluations | best noise-free fitness - Fopt (5.616700000000e+002) + sum g_i+ | measured fitness | best measured fitness or single-digit g-values | x1 | x2...
1 0 +3.591865952e+005 +3.597482652e+005 +3.597482652e+005 +0.0000e+000 +0.0000e+000 +0.0000e+000 +0.0000e+000 +0.0000e+000
12 0 +2.256966317e+005 +2.262583017e+005 +2.262583017e+005 -4.9542e+000 -3.4303e+000 +1.4372e-001 +1.0797e+000 +9.8568e-001
33 0 +7.084575081e+004 +7.140742081e+004 +7.140742081e+004 +6.0048e-001 -9.9630e-001 +1.6666e-001 +3.0469e+000 +4.9832e-001
91 0 +6.273651018e+004 +6.329818018e+004 +6.329818018e+004 -2.9485e-001 -2.6136e+000 -3.9883e+000 +2.8931e+000 +5.4623e-001
338 0 +2.461242106e+004 +2.517409106e+004 +2.517409106e+004 -2.3610e-001 -2.9836e+000 -3.8422e+000 +2.5164e+000 +4.7437e-001
545 0 +1.381341552e+004 +1.437508552e+004 +1.437508552e+004 -6.8965e-001 -3.0090e+000 -4.4061e+000 +1.0920e+000 +5.3509e-001
1253 0 +6.330646533e+003 +6.892316533e+003 +6.892316533e+003 -3.9671e-001 -2.8523e+000 -4.0710e+000 +1.4422e+000 +4.7851e-001
1358 0 +5.013901741e+003 +5.575571741e+003 +5.575571741e+003 -4.1453e-001 -2.8725e+000 -4.0544e+000 +1.5943e+000 +4.7849e-001
2591 0 +4.997004874e+003 +5.558674874e+003 +5.558674874e+003 +7.3521e-002 -3.6623e+000 -3.2891e+000 +1.8143e+000 +5.6353e-001
3363 0 +2.280222724e+003 +2.841892724e+003 +2.841892724e+003 +1.9771e-001 -3.5709e+000 -3.3360e+000 +1.6186e+000 +5.4755e-001
4331 0 +1.670520011e+003 +2.232190011e+003 +2.232190011e+003 +5.1422e-001 -3.7682e+000 -3.1817e+000 +1.5169e+000 +5.2336e-001
7840 0 +1.249837700e+003 +1.811507700e+003 +1.811507700e+003 +4.7720e-001 -3.8074e+000 -3.2813e+000 +1.6177e+000 +5.1496e-001
8801 0 +1.055782325e+003 +1.617452325e+003 +1.617452325e+003 +1.0418e+000 -4.2167e+000 -2.9446e+000 +1.5585e+000 +5.1209e-001
