% f evaluations | g evaluations | best noise-free fitness - Fopt (3.590000000000e+001) + sum g_i+ | measured fitness | best measured fitness or single-digit g-values | x1 | x2...
1 0 +8.796120645e+005 +8.796479645e+005 +8.796479645e+005
237 0 +8.214700342e+005 +8.215059342e+005 +8.215059342e+005
394 0 +5.877829585e+005 +5.878188585e+005 +5.878188585e+005
404 0 +5.748139049e+005 +5.748498049e+005 +5.748498049e+005
554 0 +5.504537260e+005 +5.504896260e+005 +5.504896260e+005
602 0 +5.436201426e+005 +5.436560426e+005 +5.436560426e+005
626 0 +4.557639410e+005 +4.557998410e+005 +4.557998410e+005
809 0 +4.293878465e+005 +4.294237465e+005 +4.294237465e+005
900 0 +4.014739017e+005 +4.015098017e+005 +4.015098017e+005
919 0 +3.711893738e+005 +3.712252738e+005 +3.712252738e+005
1004 0 +3.443452958e+005 +3.443811958e+005 +3.443811958e+005
1125 0 +3.362463722e+005 +3.362822722e+005 +3.362822722e+005
1165 0 +3.250267981e+005 +3.250626981e+005 +3.250626981e+005
1334 0 +3.062845518e+005 +3.063204518e+005 +3.063204518e+005
1425 0 +2.880843941e+005 +2.881202941e+005 +2.881202941e+005
1502 0 +2.522124684e+005 +2.522483684e+005 +2.522483684e+005
1568 0 +2.331846434e+005 +2.332205434e+005 +2.332205434e+005
1726 0 +2.202296759e+005 +2.202655759e+005 +2.202655759e+005
1743 0 +2.038423147e+005 +2.038782147e+005 +2.038782147e+005
1815 0 +1.910554126e+005 +1.910913126e+005 +1.910913126e+005
1919 0 +1.903702904e+005 +1.904061904e+005 +1.904061904e+005
1989 0 +1.803534984e+005 +1.803893984e+005 +1.803893984e+005
2003 0 +1.665134594e+005 +1.665493594e+005 +1.665493594e+005
2082 0 +1.657941982e+005 +1.658300982e+005 +1.658300982e+005
2103 0 +1.475799371e+005 +1.476158371e+005 +1.476158371e+005
2142 0 +1.369633613e+005 +1.369992613e+005 +1.369992613e+005
2222 0 +1.296080805e+005 +1.296439805e+005 +1.296439805e+005
2303 0 +1.268599645e+005 +1.268958645e+005 +1.268958645e+005
2383 0 +1.219397515e+005 +1.219756515e+005 +1.219756515e+005
2506 0 +1.144751853e+005 +1.145110853e+005 +1.145110853e+005
2604 0 +1.096391513e+005 +1.096750513e+005 +1.096750513e+005
2618 0 +1.058646574e+005 +1.059005574e+005 +1.059005574e+005
2656 0 +1.002828538e+005 +1.003187538e+005 +1.003187538e+005
2680 0 +9.933472678e+004 +9.937062678e+004 +9.937062678e+004
2690 0 +9.096831304e+004 +9.100421304e+004 +9.100421304e+004
2730 0 +8.472146964e+004 +8.475736964e+004 +8.475736964e+004
2813 0 +7.655794958e+004 +7.659384958e+004 +7.659384958e+004
2869 0 +7.463482461e+004 +7.467072461e+004 +7.467072461e+004
2902 0 +7.398843044e+004 +7.402433044e+004 +7.402433044e+004
3012 0 +6.549453781e+004 +6.553043781e+004 +6.553043781e+004
3058 0 +6.450627472e+004 +6.454217472e+004 +6.454217472e+004
3242 0 +6.301012353e+004 +6.304602353e+004 +6.304602353e+004
3344 0 +5.504820311e+004 +5.508410311e+004 +5.508410311e+004
3403 0 +5.217070839e+004 +5.220660839e+004 +5.220660839e+004
3437 0 +4.978803661e+004 +4.982393661e+004 +4.982393661e+004
3503 0 +4.569075083e+004 +4.572665083e+004 +4.572665083e+004
3511 0 +4.406199519e+004 +4.409789519e+004 +4.409789519e+004
3574 0 +4.170962688e+004 +4.174552688e+004 +4.174552688e+004
3581 0 +3.964336641e+004 +3.967926641e+004 +3.967926641e+004
3609 0 +3.823837164e+004 +3.827427164e+004 +3.827427164e+004
3620 0 +3.708831633e+004 +3.712421633e+004 +3.712421633e+004
3663 0 +3.624704070e+004 +3.628294070e+004 +3.628294070e+004
3702 0 +3.517166899e+004 +3.520756899e+004 +3.520756899e+004
3817 0 +3.408342764e+004 +3.411932764e+004 +3.411932764e+004
3822 0 +3.382550803e+004 +3.386140803e+004 +3.386140803e+004
4117 0 +3.277032682e+004 +3.280622682e+004 +3.280622682e+004
4212 0 +3.211251136e+004 +3.214841136e+004 +3.214841136e+004
4346 0 +3.157162231e+004 +3.160752231e+004 +3.160752231e+004
4422 0 +3.081265720e+004 +3.084855720e+004 +3.084855720e+004
4487 0 +3.018933408e+004 +3.022523408e+004 +3.022523408e+004
4517 0 +2.921705491e+004 +2.925295491e+004 +2.925295491e+004
4532 0 +2.876980426e+004 +2.880570426e+004 +2.880570426e+004
4622 0 +2.764951816e+004 +2.768541816e+004 +2.768541816e+004
4720 0 +2.715226853e+004 +2.718816853e+004 +2.718816853e+004
4803 0 +2.683727558e+004 +2.687317558e+004 +2.687317558e+004
4917 0 +2.626775161e+004 +2.630365161e+004 +2.630365161e+004
5049 0 +2.568227703e+004 +2.571817703e+004 +2.571817703e+004
5084 0 +2.485505371e+004 +2.489095371e+004 +2.489095371e+004
5103 0 +2.425930767e+004 +2.429520767e+004 +2.429520767e+004
5155 0 +2.397541275e+004 +2.401131275e+004 +2.401131275e+004
5171 0 +2.330304603e+004 +2.333894603e+004 +2.333894603e+004
5216 0 +2.275833556e+004 +2.279423556e+004 +2.279423556e+004
5252 0 +2.206978220e+004 +2.210568220e+004 +2.210568220e+004
5324 0 +2.183943477e+004 +2.187533477e+004 +2.187533477e+004
5380 0 +2.121428877e+004 +2.125018877e+004 +2.125018877e+004
5450 0 +2.080151237e+004 +2.083741237e+004 +2.083741237e+004
5634 0 +2.020889421e+004 +2.024479421e+004 +2.024479421e+004
5708 0 +1.984906523e+004 +1.988496523e+004 +1.988496523e+004
5788 0 +1.938932468e+004 +1.942522468e+004 +1.942522468e+004
5823 0 +1.905419476e+004 +1.909009476e+004 +1.909009476e+004
5910 0 +1.840404124e+004 +1.843994124e+004 +1.843994124e+004
6013 0 +1.802481474e+004 +1.806071474e+004 +1.806071474e+004
6123 0 +1.769645037e+004 +1.773235037e+004 +1.773235037e+004
6205 0 +1.736873581e+004 +1.740463581e+004 +1.740463581e+004
6302 0 +1.694614741e+004 +1.698204741e+004 +1.698204741e+004
6447 0 +1.652080701e+004 +1.655670701e+004 +1.655670701e+004
6620 0 +1.583990042e+004 +1.587580042e+004 +1.587580042e+004
6721 0 +1.534539938e+004 +1.538129938e+004 +1.538129938e+004
6948 0 +1.480023381e+004 +1.483613381e+004 +1.483613381e+004
7033 0 +1.477413519e+004 +1.481003519e+004 +1.481003519e+004
7048 0 +1.443174045e+004 +1.446764045e+004 +1.446764045e+004
7206 0 +1.397397477e+004 +1.400987477e+004 +1.400987477e+004
7316 0 +1.369851337e+004 +1.373441337e+004 +1.373441337e+004
7353 0 +1.337248726e+004 +1.340838726e+004 +1.340838726e+004
7405 0 +1.315374053e+004 +1.318964053e+004 +1.318964053e+004
7544 0 +1.282120054e+004 +1.285710054e+004 +1.285710054e+004
7639 0 +1.258019119e+004 +1.261609119e+004 +1.261609119e+004
7810 0 +1.225780607e+004 +1.229370607e+004 +1.229370607e+004
7904 0 +1.179171048e+004 +1.182761048e+004 +1.182761048e+004
7919 0 +1.173977160e+004 +1.177567160e+004 +1.177567160e+004
8101 0 +1.118762611e+004 +1.122352611e+004 +1.122352611e+004
8103 0 +1.084452207e+004 +1.088042207e+004 +1.088042207e+004
8205 0 +1.067101182e+004 +1.070691182e+004 +1.070691182e+004
8351 0 +1.040705481e+004 +1.044295481e+004 +1.044295481e+004
8405 0 +1.015401681e+004 +1.018991681e+004 +1.018991681e+004
8625 0 +9.966474839e+003 +1.000237484e+004 +1.000237484e+004
8708 0 +9.667328751e+003 +9.703228751e+003 +9.703228751e+003
8803 0 +9.517711024e+003 +9.553611024e+003 +9.553611024e+003
8958 0 +9.271773886e+003 +9.307673886e+003 +9.307673886e+003
9134 0 +9.114211121e+003 +9.150111121e+003 +9.150111121e+003
9401 0 +8.901524101e+003 +8.937424101e+003 +8.937424101e+003
9603 0 +8.692644254e+003 +8.728544254e+003 +8.728544254e+003
9712 0 +8.511158307e+003 +8.547058307e+003 +8.547058307e+003
9903 0 +8.315265633e+003 +8.351165633e+003 +8.351165633e+003
% f evaluations | g evaluations | best noise-free fitness - Fopt (3.137000000000e+001) + sum g_i+ | measured fitness | best measured fitness or single-digit g-values | x1 | x2...
1 0 +9.070069087e+005 +9.070382787e+005 +9.070382787e+005
15 0 +9.039968206e+005 +9.040281906e+005 +9.040281906e+005
62 0 +5.725729829e+005 +5.726043529e+005 +5.726043529e+005
244 0 +3.639945081e+005 +3.640258781e+005 +3.640258781e+005
405 0 +3.230632521e+005 +3.230946221e+005 +3.230946221e+005
508 0 +2.552086094e+005 +2.552399794e+005 +2.552399794e+005
605 0 +2.499549556e+005 +2.499863256e+005 +2.499863256e+005
625 0 +2.380057425e+005 +2.380371125e+005 +2.380371125e+005
626 0 +2.193579665e+005 +2.193893365e+005 +2.193893365e+005
647 0 +2.050311966e+005 +2.050625666e+005 +2.050625666e+005
648 0 +1.617002436e+005 +1.617316136e+005 +1.617316136e+005
668 0 +1.389960346e+005 +1.390274046e+005 +1.390274046e+005
725 0 +1.334112167e+005 +1.334425867e+005 +1.334425867e+005
781 0 +1.220527345e+005 +1.220841045e+005 +1.220841045e+005
813 0 +1.093698840e+005 +1.094012540e+005 +1.094012540e+005
843 0 +1.059561628e+005 +1.059875328e+005 +1.059875328e+005
926 0 +6.344337531e+004 +6.347474531e+004 +6.347474531e+004
1011 0 +5.004600460e+004 +5.007737460e+004 +5.007737460e+004
1217 0 +4.859833679e+004 +4.862970679e+004 +4.862970679e+004
1255 0 +4.682338855e+004 +4.685475855e+004 +4.685475855e+004
1305 0 +4.566013592e+004 +4.569150592e+004 +4.569150592e+004
1306 0 +4.344783694e+004 +4.347920694e+004 +4.347920694e+004
1320 0 +3.453571113e+004 +3.456708113e+004 +3.456708113e+004
1416 0 +3.345526081e+004 +3.348663081e+004 +3.348663081e+004
1516 0 +2.896516955e+004 +2.899653955e+004 +2.899653955e+004
1606 0 +2.872449814e+004 +2.875586814e+004 +2.875586814e+004
1607 0 +2.639307396e+004 +2.642444396e+004 +2.642444396e+004
1620 0 +2.591760672e+004 +2.594897672e+004 +2.594897672e+004
1640 0 +2.052518481e+004 +2.055655481e+004 +2.055655481e+004
1714 0 +2.002971116e+004 +2.006108116e+004 +2.006108116e+004
1716 0 +1.992537770e+004 +1.995674770e+004 +1.995674770e+004
1722 0 +1.899361331e+004 +1.902498331e+004 +1.902498331e+004
1755 0 +1.395692401e+004 +1.398829401e+004 +1.398829401e+004
1802 0 +1.223097126e+004 +1.226234126e+004 +1.226234126e+004
1866 0 +1.022873279e+004 +1.026010279e+004 +1.026010279e+004
1883 0 +5.692451595e+003 +5.723821595e+003 +5.723821595e+003
1902 0 +4.882578624e+003 +4.913948624e+003 +4.913948624e+003
1960 0 +4.662491418e+003 +4.693861418e+003 +4.693861418e+003
1993 0 +3.840147101e+003 +3.871517101e+003 +3.871517101e+003
2030 0 +3.612423530e+003 +3.643793530e+003 +3.643793530e+003
2093 0 +3.142537008e+003 +3.173907008e+003 +3.173907008e+003
2105 0 +2.667334476e+003 +2.698704476e+003 +2.698704476e+003
2114 0 +2.167462128e+003 +2.198832128e+003 +2.198832128e+003
2170 0 +2.069098311e+003 +2.100468311e+003 +2.100468311e+003
2181 0 +1.974105729e+003 +2.005475729e+003 +2.005475729e+003
2292 0 +1.926884506e+003 +1.958254506e+003 +1.958254506e+003
2414 0 +1.701480843e+003 +1.732850843e+003 +1.732850843e+003
2673 0 +1.669107231e+003 +1.700477231e+003 +1.700477231e+003
2724 0 +1.651642304e+003 +1.683012304e+003 +1.683012304e+003
2804 0 +1.541737678e+003 +1.573107678e+003 +1.573107678e+003
2916 0 +1.487609503e+003 +1.518979503e+003 +1.518979503e+003
3004 0 +1.468206086e+003 +1.499576086e+003 +1.499576086e+003
3030 0 +1.416895447e+003 +1.448265447e+003 +1.448265447e+003
3042 0 +1.362077629e+003 +1.393447629e+003 +1.393447629e+003
3074 0 +1.204657007e+003 +1.236027007e+003 +1.236027007e+003
3113 0 +1.188629887e+003 +1.219999887e+003 +1.219999887e+003
3247 0 +1.168108964e+003 +1.199478964e+003 +1.199478964e+003
3572 0 +1.145110937e+003 +1.176480937e+003 +1.176480937e+003
3810 0 +1.116875391e+003 +1.148245391e+003 +1.148245391e+003
4028 0 +1.094616968e+003 +1.125986968e+003 +1.125986968e+003
4136 0 +1.066199087e+003 +1.097569087e+003 +1.097569087e+003
4306 0 +1.047059957e+003 +1.078429957e+003 +1.078429957e+003
5402 0 +1.022557629e+003 +1.053927629e+003 +1.053927629e+003
5606 0 +9.978324580e+002 +1.029202458e+003 +1.029202458e+003
5863 0 +9.770681922e+002 +1.008438192e+003 +1.008438192e+003
8202 0 +9.540435821e+002 +9.854135821e+002 +9.854135821e+002
9504 0 +9.313732771e+002 +9.627432771e+002 +9.627432771e+002
% f evaluations | g evaluations | best noise-free fitness - Fopt (-1.000000000000e+003) + sum g_i+ | measured fitness | best measured fitness or single-digit g-values | x1 | x2...
1 0 +7.020516639e+005 +7.010516639e+005 +7.010516639e+005
5 0 +5.289323991e+005 +5.279323991e+005 +5.279323991e+005
235 0 +3.991150710e+005 +3.981150710e+005 +3.981150710e+005
312 0 +3.656341997e+005 +3.646341997e+005 +3.646341997e+005
327 0 +3.160847303e+005 +3.150847303e+005 +3.150847303e+005
329 0 +3.071277334e+005 +3.061277334e+005 +3.061277334e+005
413 0 +2.866685506e+005 +2.856685506e+005 +2.856685506e+005
435 0 +2.126579483e+005 +2.116579483e+005 +2.116579483e+005
530 0 +1.867117520e+005 +1.857117520e+005 +1.857117520e+005
535 0 +1.774561506e+005 +1.764561506e+005 +1.764561506e+005
679 0 +1.721134828e+005 +1.711134828e+005 +1.711134828e+005
735 0 +1.676314347e+005 +1.666314347e+005 +1.666314347e+005
821 0 +1.585269590e+005 +1.575269590e+005 +1.575269590e+005
886 0 +1.446845913e+005 +1.436845913e+005 +1.436845913e+005
946 0 +1.432016510e+005 +1.422016510e+005 +1.422016510e+005
1007 0 +1.315162789e+005 +1.305162789e+005 +1.305162789e+005
1021 0 +1.240151000e+005 +1.230151000e+005 +1.230151000e+005
1114 0 +1.202366066e+005 +1.192366066e+005 +1.192366066e+005
1196 0 +1.197652031e+005 +1.187652031e+005 +1.187652031e+005
1203 0 +1.161337873e+005 +1.151337873e+005 +1.151337873e+005
1305 0 +1.121696134e+005 +1.111696134e+005 +1.111696134e+005
1361 0 +1.093425296e+005 +1.083425296e+005 +1.083425296e+005
1427 0 +9.994923355e+004 +9.894923355e+004 +9.894923355e+004
1542 0 +8.577280837e+004 +8.477280837e+004 +8.477280837e+004
1672 0 +7.935528165e+004 +7.835528165e+004 +7.835528165e+004
1678 0 +6.741994966e+004 +6.641994966e+004 +6.641994966e+004
1735 0 +6.508035459e+004 +6.408035459e+004 +6.408035459e+004
1824 0 +6.413986906e+004 +6.313986906e+004 +6.313986906e+004
1924 0 +6.213112034e+004 +6.113112034e+004 +6.113112034e+004
2013 0 +6.119610729e+004 +6.019610729e+004 +6.019610729e+004
2083 0 +5.881026696e+004 +5.781026696e+004 +5.781026696e+004
2108 0 +5.088304704e+004 +4.988304704e+004 +4.988304704e+004
2213 0 +3.549018396e+004 +3.449018396e+004 +3.449018396e+004
2321 0 +3.468557996e+004 +3.368557996e+004 +3.368557996e+004
2329 0 +3.403686500e+004 +3.303686500e+004 +3.303686500e+004
2345 0 +3.312099464e+004 +3.212099464e+004 +3.212099464e+004
2406 0 +3.255113711e+004 +3.155113711e+004 +3.155113711e+004
2422 0 +3.066300588e+004 +2.966300588e+004 +2.966300588e+004
2504 0 +2.077221100e+004 +1.977221100e+004 +1.977221100e+004
2609 0 +1.695884075e+004 +1.595884075e+004 +1.595884075e+004
2704 0 +1.375045450e+004 +1.275045450e+004 +1.275045450e+004
2804 0 +1.323029449e+004 +1.223029449e+004 +1.223029449e+004
2860 0 +1.214642831e+004 +1.114642831e+004 +1.114642831e+004
2998 0 +1.183595484e+004 +1.083595484e+004 +1.083595484e+004
3041 0 +1.148418964e+004 +1.048418964e+004 +1.048418964e+004
3110 0 +1.138501846e+004 +1.038501846e+004 +1.038501846e+004
3204 0 +1.121272678e+004 +1.021272678e+004 +1.021272678e+004
3220 0 +1.081068549e+004 +9.810685494e+003 +9.810685494e+003
3283 0 +1.063332770e+004 +9.633327699e+003 +9.633327699e+003
3312 0 +9.433300687e+003 +8.433300687e+003 +8.433300687e+003
3402 0 +8.457892979e+003 +7.457892979e+003 +7.457892979e+003
3497 0 +7.920839936e+003 +6.920839936e+003 +6.920839936e+003
3510 0 +7.505990821e+003 +6.505990821e+003 +6.505990821e+003
3543 0 +7.277561241e+003 +6.277561241e+003 +6.277561241e+003
3568 0 +7.228490764e+003 +6.228490764e+003 +6.228490764e+003
3604 0 +7.078128688e+003 +6.078128688e+003 +6.078128688e+003
3745 0 +6.884976085e+003 +5.884976085e+003 +5.884976085e+003
3823 0 +6.264895335e+003 +5.264895335e+003 +5.264895335e+003
3902 0 +4.126688915e+003 +3.126688915e+003 +3.126688915e+003
3930 0 +3.777977455e+003 +2.777977455e+003 +2.777977455e+003
4006 0 +3.668817503e+003 +2.668817503e+003 +2.668817503e+003
4030 0 +3.620412735e+003 +2.620412735e+003 +2.620412735e+003
4085 0 +3.337870471e+003 +2.337870471e+003 +2.337870471e+003
4153 0 +2.600820262e+003 +1.600820262e+003 +1.600820262e+003
4213 0 +2.307020428e+003 +1.307020428e+003 +1.307020428e+003
4300 0 +2.287281026e+003 +1.287281026e+003 +1.287281026e+003
4328 0 +2.055804351e+003 +1.055804351e+003 +1.055804351e+003
4410 0 +2.039299699e+003 +1.039299699e+003 +1.039299699e+003
4422 0 +1.991993801e+003 +9.919938013e+002 +9.919938013e+002
4539 0 +1.866582878e+003 +8.665828780e+002 +8.665828780e+002
4610 0 +1.753174836e+003 +7.531748365e+002 +7.531748365e+002
4646 0 +1.693576900e+003 +6.935769000e+002 +6.935769000e+002
4719 0 +1.644755174e+003 +6.447551738e+002 +6.447551738e+002
4743 0 +1.566632192e+003 +5.666321918e+002 +5.666321918e+002
4780 0 +1.539432209e+003 +5.394322093e+002 +5.394322093e+002
4806 0 +1.469097133e+003 +4.690971325e+002 +4.690971325e+002
4845 0 +1.439261516e+003 +4.392615161e+002 +4.392615161e+002
4937 0 +1.402584125e+003 +4.025841252e+002 +4.025841252e+002
4948 0 +1.368015040e+003 +3.680150405e+002 +3.680150405e+002
5113 0 +1.348801323e+003 +3.488013231e+002 +3.488013231e+002
5151 0 +1.293161087e+003 +2.931610875e+002 +2.931610875e+002
5241 0 +1.288240680e+003 +2.882406797e+002 +2.882406797e+002
5263 0 +1.256911498e+003 +2.569114983e+002 +2.569114983e+002
5320 0 +1.206576719e+003 +2.065767191e+002 +2.065767191e+002
5416 0 +1.157721559e+003 +1.577215587e+002 +1.577215587e+002
5542 0 +1.147897425e+003 +1.478974246e+002 +1.478974246e+002
5610 0 +1.110328054e+003 +1.103280536e+002 +1.103280536e+002
5705 0 +1.088519344e+003 +8.851934356e+001 +8.851934356e+001
5910 0 +1.070338098e+003 +7.033809832e+001 +7.033809832e+001
6303 0 +1.046946208e+003 +4.694620821e+001 +4.694620821e+001
6440 0 +9.883900983e+002 -1.160990173e+001 -1.160990173e+001
6516 0 +9.764912585e+002 -2.350874147e+001 -2.350874147e+001
6635 0 +9.524644170e+002 -4.753558297e+001 -4.753558297e+001
6710 0 +9.317976473e+002 -6.820235269e+001 -6.820235269e+001
6896 0 +9.103091704e+002 -8.969082956e+001 -8.969082956e+001
7008 0 +8.909831595e+002 -1.090168405e+002 -1.090168405e+002
7281 0 +8.690379180e+002 -1.309620820e+002 -1.309620820e+002
7502 0 +8.511317258e+002 -1.488682742e+002 -1.488682742e+002
7714 0 +8.275649841e+002 -1.724350159e+002 -1.724350159e+002
7803 0 +8.106712372e+002 -1.893287628e+002 -1.893287628e+002
7943 0 +7.913585309e+002 -2.086414691e+002 -2.086414691e+002
8102 0 +7.627749727e+002 -2.372250273e+002 -2.372250273e+002
8177 0 +7.565052656e+002 -2.434947344e+002 -2.434947344e+002
8246 0 +7.396478971e+002 -2.603521029e+002 -2.603521029e+002
8311 0 +7.232013776e+002 -2.767986224e+002 -2.767986224e+002
8403 0 +7.076615259e+002 -2.923384741e+002 -2.923384741e+002
8505 0 +6.862479760e+002 -3.137520240e+002 -3.137520240e+002
8607 0 +6.758696880e+002 -3.241303120e+002 -3.241303120e+002
8710 0 +6.604073216e+002 -3.395926784e+002 -3.395926784e+002
8807 0 +6.453466142e+002 -3.546533858e+002 -3.546533858e+002
8920 0 +6.277831131e+002 -3.722168869e+002 -3.722168869e+002
9061 0 +5.998364772e+002 -4.001635228e+002 -4.001635228e+002
9190 0 +5.880455028e+002 -4.119544972e+002 -4.119544972e+002
9273 0 +5.646963261e+002 -4.353036739e+002 -4.353036739e+002
9304 0 +5.577502914e+002 -4.422497086e+002 -4.422497086e+002
9471 0 +5.491486675e+002 -4.508513325e+002 -4.508513325e+002
% f evaluations | g evaluations | best noise-free fitness - Fopt (1.319200000000e+002) + sum g_i+ | measured fitness | best measured fitness or single-digit g-values | x1 | x2...
1 0 +9.326751654e+005 +9.328070854e+005 +9.328070854e+005
126 0 +7.168332992e+005 +7.169652192e+005 +7.169652192e+005
210 0 +5.964216496e+005 +5.965535696e+005 +5.965535696e+005
262 0 +5.348316125e+005 +5.349635325e+005 +5.349635325e+005
431 0 +5.193403526e+005 +5.194722726e+005 +5.194722726e+005
456 0 +3.440081488e+005 +3.441400688e+005 +3.441400688e+005
522 0 +3.161433554e+005 +3.162752754e+005 +3.162752754e+005
537 0 +2.995823870e+005 +2.997143070e+005 +2.997143070e+005
728 0 +2.916805233e+005 +2.918124433e+005 +2.918124433e+005
828 0 +2.793261316e+005 +2.794580516e+005 +2.794580516e+005
848 0 +2.643169387e+005 +2.644488587e+005 +2.644488587e+005
867 0 +2.616717362e+005 +2.618036562e+005 +2.618036562e+005
892 0 +2.563224202e+005 +2.564543402e+005 +2.564543402e+005
894 0 +2.484620974e+005 +2.485940174e+005 +2.485940174e+005
932 0 +2.390138586e+005 +2.391457786e+005 +2.391457786e+005
967 0 +2.056519707e+005 +2.057838907e+005 +2.057838907e+005
1005 0 +1.934156058e+005 +1.935475258e+005 +1.935475258e+005
1051 0 +1.750626781e+005 +1.751945981e+005 +1.751945981e+005
1162 0 +1.701931752e+005 +1.703250952e+005 +1.703250952e+005
1243 0 +1.621498930e+005 +1.622818130e+005 +1.622818130e+005
1477 0 +1.554890649e+005 +1.556209849e+005 +1.556209849e+005
1516 0 +1.512786545e+005 +1.514105745e+005 +1.514105745e+005
1629 0 +1.477183098e+005 +1.478502298e+005 +1.478502298e+005
1741 0 +1.443681461e+005 +1.445000661e+005 +1.445000661e+005
1877 0 +1.371507387e+005 +1.372826587e+005 +1.372826587e+005
1908 0 +1.314930958e+005 +1.316250158e+005 +1.316250158e+005
2039 0 +1.287577918e+005 +1.288897118e+005 +1.288897118e+005
2103 0 +1.222825497e+005 +1.224144697e+005 +1.224144697e+005
2121 0 +1.184089173e+005 +1.185408373e+005 +1.185408373e+005
2221 0 +1.148860129e+005 +1.150179329e+005 +1.150179329e+005
2252 0 +1.108427182e+005 +1.109746382e+005 +1.109746382e+005
2319 0 +1.054042585e+005 +1.055361785e+005 +1.055361785e+005
2391 0 +1.039275909e+005 +1.040595109e+005 +1.040595109e+005
2406 0 +7.815709558e+004 +7.828901558e+004 +7.828901558e+004
2551 0 +7.542422158e+004 +7.555614158e+004 +7.555614158e+004
2617 0 +7.291139406e+004 +7.304331406e+004 +7.304331406e+004
2724 0 +6.770626042e+004 +6.783818042e+004 +6.783818042e+004
2759 0 +6.663022932e+004 +6.676214932e+004 +6.676214932e+004
2802 0 +6.604140283e+004 +6.617332283e+004 +6.617332283e+004
3000 0 +6.428955071e+004 +6.442147071e+004 +6.442147071e+004
3220 0 +6.307741554e+004 +6.320933554e+004 +6.320933554e+004
3602 0 +6.162371949e+004 +6.175563949e+004 +6.175563949e+004
3822 0 +6.021904591e+004 +6.035096591e+004 +6.035096591e+004
3835 0 +5.864504249e+004 +5.877696249e+004 +5.877696249e+004
3916 0 +5.724813139e+004 +5.738005139e+004 +5.738005139e+004
3923 0 +4.705056844e+004 +4.718248844e+004 +4.718248844e+004
4005 0 +4.601387166e+004 +4.614579166e+004 +4.614579166e+004
4040 0 +4.495929123e+004 +4.509121123e+004 +4.509121123e+004
4041 0 +4.454190080e+004 +4.467382080e+004 +4.467382080e+004
4118 0 +4.232655727e+004 +4.245847727e+004 +4.245847727e+004
4177 0 +4.095774778e+004 +4.108966778e+004 +4.108966778e+004
4203 0 +4.031089698e+004 +4.044281698e+004 +4.044281698e+004
4329 0 +3.929583467e+004 +3.942775467e+004 +3.942775467e+004
4525 0 +3.795881180e+004 +3.809073180e+004 +3.809073180e+004
4696 0 +3.584051422e+004 +3.597243422e+004 +3.597243422e+004
4761 0 +3.528907866e+004 +3.542099866e+004 +3.542099866e+004
5234 0 +3.464982891e+004 +3.478174891e+004 +3.478174891e+004
6250 0 +3.386594684e+004 +3.399786684e+004 +3.399786684e+004
6615 0 +3.306301523e+004 +3.319493523e+004 +3.319493523e+004
6909 0 +3.229226860e+004 +3.242418860e+004 +3.242418860e+004
7318 0 +3.157573201e+004 +3.170765201e+004 +3.170765201e+004
7806 0 +3.088686877e+004 +3.101878877e+004 +3.101878877e+004
8146 0 +3.015065006e+004 +3.028257006e+004 +3.028257006e+004
8310 0 +2.945172492e+004 +2.958364492e+004 +2.958364492e+004
8406 0 +2.859334529e+004 +2.872526529e+004 +2.872526529e+004
8509 0 +2.814145857e+004 +2.827337857e+004 +2.827337857e+004
8716 0 +2.750498527e+004 +2.763690527e+004 +2.763690527e+004
8907 0 +2.682421756e+004 +2.695613756e+004 +2.695613756e+004
9008 0 +2.615534877e+004 +2.628726877e+004 +2.628726877e+004
9249 0 +2.556180311e+004 +2.569372311e+004 +2.569372311e+004
9403 0 +2.482263431e+004 +2.495455431e+004 +2.495455431e+004
9522 0 +2.451500454e+004 +2.464692454e+004 +2.464692454e+004
9654 0 +2.395893573e+004 +2.409085573e+004 +2.409085573e+004
9919 0 +2.344147204e+004 +2.357339204e+004 +2.357339204e+004
% f evaluations | g evaluations | best noise-free fitness - Fopt (5.908400000000e+002) + sum g_i+ | measured fitness | best measured fitness or single-digit g-values | x1 | x2...
1 0 +1.109177450e+006 +1.109768290e+006 +1.109768290e+006
76 0 +1.081460375e+006 +1.082051215e+006 +1.082051215e+006
212 0 +1.022331431e+006 +1.022922271e+006 +1.022922271e+006
231 0 +9.137993952e+005 +9.143902352e+005 +9.143902352e+005
347 0 +7.217387932e+005 +7.223296332e+005 +7.223296332e+005
388 0 +6.306076225e+005 +6.311984625e+005 +6.311984625e+005
406 0 +5.646566252e+005 +5.652474652e+005 +5.652474652e+005
568 0 +5.593760216e+005 +5.599668616e+005 +5.599668616e+005
627 0 +5.358659700e+005 +5.364568100e+005 +5.364568100e+005
667 0 +4.880658443e+005 +4.886566843e+005 +4.886566843e+005
710 0 +4.002377252e+005 +4.008285652e+005 +4.008285652e+005
803 0 +3.670384500e+005 +3.676292900e+005 +3.676292900e+005
821 0 +3.551518270e+005 +3.557426670e+005 +3.557426670e+005
910 0 +3.226883426e+005 +3.232791826e+005 +3.232791826e+005
938 0 +2.889354892e+005 +2.895263292e+005 +2.895263292e+005
1007 0 +2.788732004e+005 +2.794640404e+005 +2.794640404e+005
1043 0 +2.613062822e+005 +2.618971222e+005 +2.618971222e+005
1102 0 +2.190649806e+005 +2.196558206e+005 +2.196558206e+005
1119 0 +2.025364562e+005 +2.031272962e+005 +2.031272962e+005
1239 0 +1.936213717e+005 +1.942122117e+005 +1.942122117e+005
1254 0 +1.644832744e+005 +1.650741144e+005 +1.650741144e+005
1307 0 +1.606951043e+005 +1.612859443e+005 +1.612859443e+005
1358 0 +1.384487347e+005 +1.390395747e+005 +1.390395747e+005
1458 0 +1.378133955e+005 +1.384042355e+005 +1.384042355e+005
1473 0 +1.140958449e+005 +1.146866849e+005 +1.146866849e+005
1753 0 +1.119890768e+005 +1.125799168e+005 +1.125799168e+005
1767 0 +1.070683344e+005 +1.076591744e+005 +1.076591744e+005
1915 0 +1.029809935e+005 +1.035718335e+005 +1.035718335e+005
2009 0 +1.007698681e+005 +1.013607081e+005 +1.013607081e+005
2011 0 +9.975629474e+004 +1.003471347e+005 +1.003471347e+005
2030 0 +8.894176589e+004 +8.953260589e+004 +8.953260589e+004
2110 0 +8.339265952e+004 +8.398349952e+004 +8.398349952e+004
2148 0 +8.167838290e+004 +8.226922290e+004 +8.226922290e+004
2210 0 +7.788239621e+004 +7.847323621e+004 +7.847323621e+004
2289 0 +7.300374029e+004 +7.359458029e+004 +7.359458029e+004
2308 0 +7.003520390e+004 +7.062604390e+004 +7.062604390e+004
2330 0 +6.829524849e+004 +6.888608849e+004 +6.888608849e+004
2414 0 +6.711709176e+004 +6.770793176e+004 +6.770793176e+004
2439 0 +6.565218423e+004 +6.624302423e+004 +6.624302423e+004
2602 0 +6.444030528e+004 +6.503114528e+004 +6.503114528e+004
2808 0 +6.297319203e+004 +6.356403203e+004 +6.356403203e+004
2908 0 +6.132050045e+004 +6.191134045e+004 +6.191134045e+004
2922 0 +5.980672196e+004 +6.039756196e+004 +6.039756196e+004
3016 0 +5.879727077e+004 +5.938811077e+004 +5.938811077e+004
3024 0 +5.727578985e+004 +5.786662985e+004 +5.786662985e+004
3108 0 +5.608472101e+004 +5.667556101e+004 +5.667556101e+004
3231 0 +5.455653271e+004 +5.514737271e+004 +5.514737271e+004
3362 0 +5.358841900e+004 +5.417925900e+004 +5.417925900e+004
3395 0 +5.137537532e+004 +5.196621532e+004 +5.196621532e+004
3416 0 +5.121951985e+004 +5.181035985e+004 +5.181035985e+004
3453 0 +4.957696455e+004 +5.016780455e+004 +5.016780455e+004
3512 0 +4.889478614e+004 +4.948562614e+004 +4.948562614e+004
3516 0 +4.695993348e+004 +4.755077348e+004 +4.755077348e+004
3615 0 +4.652060884e+004 +4.711144884e+004 +4.711144884e+004
3719 0 +4.563082996e+004 +4.622166996e+004 +4.622166996e+004
3809 0 +4.426834357e+004 +4.485918357e+004 +4.485918357e+004
3904 0 +4.313416378e+004 +4.372500378e+004 +4.372500378e+004
3949 0 +3.797917628e+004 +3.857001628e+004 +3.857001628e+004
4027 0 +3.708605985e+004 +3.767689985e+004 +3.767689985e+004
4033 0 +3.605732261e+004 +3.664816261e+004 +3.664816261e+004
4102 0 +3.478026722e+004 +3.537110722e+004 +3.537110722e+004
4141 0 +3.460286740e+004 +3.519370740e+004 +3.519370740e+004
4307 0 +3.365644270e+004 +3.424728270e+004 +3.424728270e+004
4355 0 +3.098743657e+004 +3.157827657e+004 +3.157827657e+004
4402 0 +2.597563983e+004 +2.656647983e+004 +2.656647983e+004
4474 0 +2.287629259e+004 +2.346713259e+004 +2.346713259e+004
4502 0 +2.100619383e+004 +2.159703383e+004 +2.159703383e+004
4709 0 +2.051836656e+004 +2.110920656e+004 +2.110920656e+004
4772 0 +2.016168372e+004 +2.075252372e+004 +2.075252372e+004
4830 0 +1.995023294e+004 +2.054107294e+004 +2.054107294e+004
5071 0 +1.949128083e+004 +2.008212083e+004 +2.008212083e+004
5299 0 +1.903414089e+004 +1.962498089e+004 +1.962498089e+004
5472 0 +1.859103855e+004 +1.918187855e+004 +1.918187855e+004
5506 0 +1.790629500e+004 +1.849713500e+004 +1.849713500e+004
5606 0 +1.768866082e+004 +1.827950082e+004 +1.827950082e+004
5656 0 +1.721884767e+004 +1.780968767e+004 +1.780968767e+004
5704 0 +1.668960396e+004 +1.728044396e+004 +1.728044396e+004
5733 0 +1.656980292e+004 +1.716064292e+004 +1.716064292e+004
5802 0 +1.602867728e+004 +1.661951728e+004 +1.661951728e+004
5813 0 +1.533612896e+004 +1.592696896e+004 +1.592696896e+004
5906 0 +1.424546305e+004 +1.483630305e+004 +1.483630305e+004
5965 0 +1.392431951e+004 +1.451515951e+004 +1.451515951e+004
6002 0 +1.355212737e+004 +1.414296737e+004 +1.414296737e+004
6006 0 +1.347847313e+004 +1.406931313e+004 +1.406931313e+004
6105 0 +1.297947816e+004 +1.357031816e+004 +1.357031816e+004
6309 0 +1.286819729e+004 +1.345903729e+004 +1.345903729e+004
6724 0 +1.254986075e+004 +1.314070075e+004 +1.314070075e+004
7510 0 +1.230238767e+004 +1.289322767e+004 +1.289322767e+004
7925 0 +1.201304386e+004 +1.260388386e+004 +1.260388386e+004
9606 0 +1.174551635e+004 +1.233635635e+004 +1.233635635e+004
% f evaluations | g evaluations | best noise-free fitness - Fopt (6.749000000000e+001) + sum g_i+ | measured fitness | best measured fitness or single-digit g-values | x1 | x2...
1 0 +5.086526473e+005 +5.087201373e+005 +5.087201373e+005
405 0 +4.926517484e+005 +4.927192384e+005 +4.927192384e+005
422 0 +4.579577412e+005 +4.580252312e+005 +4.580252312e+005
449 0 +3.783100225e+005 +3.783775125e+005 +3.783775125e+005
509 0 +3.242829866e+005 +3.243504766e+005 +3.243504766e+005
526 0 +3.098538756e+005 +3.099213656e+005 +3.099213656e+005
557 0 +2.955382240e+005 +2.956057140e+005 +2.956057140e+005
704 0 +2.622881873e+005 +2.623556773e+005 +2.623556773e+005
822 0 +2.480662485e+005 +2.481337385e+005 +2.481337385e+005
861 0 +2.064935781e+005 +2.065610681e+005 +2.065610681e+005
937 0 +1.785894642e+005 +1.786569542e+005 +1.786569542e+005
1055 0 +1.767449431e+005 +1.768124331e+005 +1.768124331e+005
1059 0 +1.690116933e+005 +1.690791833e+005 +1.690791833e+005
1110 0 +1.424945581e+005 +1.425620481e+005 +1.425620481e+005
1226 0 +1.337821551e+005 +1.338496451e+005 +1.338496451e+005
1345 0 +1.304457585e+005 +1.305132485e+005 +1.305132485e+005
1361 0 +1.239265290e+005 +1.239940190e+005 +1.239940190e+005
1589 0 +1.202375387e+005 +1.203050287e+005 +1.203050287e+005
1614 0 +1.156778170e+005 +1.157453070e+005 +1.157453070e+005
1627 0 +1.126092567e+005 +1.126767467e+005 +1.126767467e+005
1639 0 +1.088509279e+005 +1.089184179e+005 +1.089184179e+005
1725 0 +1.070114776e+005 +1.070789676e+005 +1.070789676e+005
1797 0 +9.630516978e+004 +9.637265978e+004 +9.637265978e+004
1822 0 +9.477804564e+004 +9.484553564e+004 +9.484553564e+004
1840 0 +8.301133629e+004 +8.307882629e+004 +8.307882629e+004
1858 0 +7.665191743e+004 +7.671940743e+004 +7.671940743e+004
1951 0 +7.447672339e+004 +7.454421339e+004 +7.454421339e+004
1995 0 +7.117613489e+004 +7.124362489e+004 +7.124362489e+004
2040 0 +7.009085865e+004 +7.015834865e+004 +7.015834865e+004
2246 0 +6.900447583e+004 +6.907196583e+004 +6.907196583e+004
2324 0 +6.576266128e+004 +6.583015128e+004 +6.583015128e+004
2445 0 +6.351642968e+004 +6.358391968e+004 +6.358391968e+004
2580 0 +6.305239241e+004 +6.311988241e+004 +6.311988241e+004
2960 0 +6.138375133e+004 +6.145124133e+004 +6.145124133e+004
3103 0 +6.023820157e+004 +6.030569157e+004 +6.030569157e+004
3198 0 +5.821375916e+004 +5.828124916e+004 +5.828124916e+004
3211 0 +5.753476842e+004 +5.760225842e+004 +5.760225842e+004
3216 0 +5.584186681e+004 +5.590935681e+004 +5.590935681e+004
3243 0 +5.258648259e+004 +5.265397259e+004 +5.265397259e+004
3303 0 +5.033783353e+004 +5.040532353e+004 +5.040532353e+004
3368 0 +4.968789264e+004 +4.975538264e+004 +4.975538264e+004
3403 0 +4.572160201e+004 +4.578909201e+004 +4.578909201e+004
3507 0 +4.539796025e+004 +4.546545025e+004 +4.546545025e+004
3513 0 +4.272796088e+004 +4.279545088e+004 +4.279545088e+004
3524 0 +4.187377260e+004 +4.194126260e+004 +4.194126260e+004
3602 0 +3.975663594e+004 +3.982412594e+004 +3.982412594e+004
3705 0 +3.816733042e+004 +3.823482042e+004 +3.823482042e+004
3713 0 +3.694058604e+004 +3.700807604e+004 +3.700807604e+004
3727 0 +3.601312964e+004 +3.608061964e+004 +3.608061964e+004
3836 0 +3.499593129e+004 +3.506342129e+004 +3.506342129e+004
3933 0 +3.446632651e+004 +3.453381651e+004 +3.453381651e+004
4305 0 +3.386088256e+004 +3.392837256e+004 +3.392837256e+004
4776 0 +3.303672680e+004 +3.310421680e+004 +3.310421680e+004
4907 0 +3.229495095e+004 +3.236244095e+004 +3.236244095e+004
5013 0 +3.144648126e+004 +3.151397126e+004 +3.151397126e+004
5102 0 +3.069390158e+004 +3.076139158e+004 +3.076139158e+004
5211 0 +2.993527101e+004 +3.000276101e+004 +3.000276101e+004
5302 0 +2.950814229e+004 +2.957563229e+004 +2.957563229e+004
5353 0 +2.837664695e+004 +2.844413695e+004 +2.844413695e+004
5423 0 +2.817779344e+004 +2.824528344e+004 +2.824528344e+004
5526 0 +2.705542791e+004 +2.712291791e+004 +2.712291791e+004
5541 0 +2.677539900e+004 +2.684288900e+004 +2.684288900e+004
5610 0 +2.616452588e+004 +2.623201588e+004 +2.623201588e+004
5624 0 +2.563992094e+004 +2.570741094e+004 +2.570741094e+004
5681 0 +2.380096340e+004 +2.386845340e+004 +2.386845340e+004
5812 0 +2.322263723e+004 +2.329012723e+004 +2.329012723e+004
5903 0 +2.280242076e+004 +2.286991076e+004 +2.286991076e+004
6019 0 +2.223780001e+004 +2.230529001e+004 +2.230529001e+004
6104 0 +2.186728158e+004 +2.193477158e+004 +2.193477158e+004
6208 0 +2.123885887e+004 +2.130634887e+004 +2.130634887e+004
6251 0 +2.007593631e+004 +2.014342631e+004 +2.014342631e+004
6319 0 +1.987188829e+004 +1.993937829e+004 +1.993937829e+004
6349 0 +1.946644994e+004 +1.953393994e+004 +1.953393994e+004
6624 0 +1.903488297e+004 +1.910237297e+004 +1.910237297e+004
7835 0 +1.860975710e+004 +1.867724710e+004 +1.867724710e+004
8306 0 +1.816774003e+004 +1.823523003e+004 +1.823523003e+004
8609 0 +1.772125000e+004 +1.778874000e+004 +1.778874000e+004
8689 0 +1.662628387e+004 +1.669377387e+004 +1.669377387e+004
8702 0 +1.630054067e+004 +1.636803067e+004 +1.636803067e+004
8707 0 +1.620294126e+004 +1.627043126e+004 +1.627043126e+004
8805 0 +1.581087551e+004 +1.587836551e+004 +1.587836551e+004
8931 0 +1.540916983e+004 +1.547665983e+004 +1.547665983e+004
9104 0 +1.510166779e+004 +1.516915779e+004 +1.516915779e+004
9302 0 +1.469943202e+004 +1.476692202e+004 +1.476692202e+004
9402 0 +1.432978593e+004 +1.439727593e+004 +1.439727593e+004
9408 0 +1.405859059e+004 +1.412608059e+004 +1.412608059e+004
9504 0 +1.375065833e+004 +1.381814833e+004 +1.381814833e+004
9613 0 +1.345537779e+004 +1.352286779e+004 +1.352286779e+004
9754 0 +1.306904637e+004 +1.313653637e+004 +1.313653637e+004
9892 0 +1.283769337e+004 +1.290518337e+004 +1.290518337e+004
10011 0 +1.256322924e+004 +1.263071924e+004 +1.263071924e+004
% f evaluations | g evaluations | best noise-free fitness - Fopt (3.085000000000e+001) + sum g_i+ | measured fitness | best measured fitness or single-digit g-values | x1 | x2...
1 0 +9.169484226e+005 +9.169792726e+005 +9.169792726e+005
7 0 +5.898478333e+005 +5.898786833e+005 +5.898786833e+005
248 0 +5.831428739e+005 +5.831737239e+005 +5.831737239e+005
296 0 +5.716256905e+005 +5.716565405e+005 +5.716565405e+005
304 0 +4.477897947e+005 +4.478206447e+005 +4.478206447e+005
346 0 +4.043504979e+005 +4.043813479e+005 +4.043813479e+005
502 0 +3.227116331e+005 +3.227424831e+005 +3.227424831e+005
675 0 +2.922306186e+005 +2.922614686e+005 +2.922614686e+005
720 0 +2.631595999e+005 +2.631904499e+005 +2.631904499e+005
781 0 +1.872007882e+005 +1.872316382e+005 +1.872316382e+005
855 0 +1.637664494e+005 +1.637972994e+005 +1.637972994e+005
856 0 +1.484210965e+005 +1.484519465e+005 +1.484519465e+005
1028 0 +1.438386813e+005 +1.438695313e+005 +1.438695313e+005
1046 0 +1.344469688e+005 +1.344778188e+005 +1.344778188e+005
1106 0 +1.233638893e+005 +1.233947393e+005 +1.233947393e+005
1148 0 +1.208784018e+005 +1.209092518e+005 +1.209092518e+005
1202 0 +1.157626454e+005 +1.157934954e+005 +1.157934954e+005
1279 0 +1.011177755e+005 +1.011486255e+005 +1.011486255e+005
1316 0 +9.859424486e+004 +9.862509486e+004 +9.862509486e+004
1333 0 +9.641018324e+004 +9.644103324e+004 +9.644103324e+004
1343 0 +9.373733546e+004 +9.376818546e+004 +9.376818546e+004
1403 0 +8.272913875e+004 +8.275998875e+004 +8.275998875e+004
1509 0 +7.257522028e+004 +7.260607028e+004 +7.260607028e+004
1530 0 +7.232525995e+004 +7.235610995e+004 +7.235610995e+004
1548 0 +6.536705244e+004 +6.539790244e+004 +6.539790244e+004
1638 0 +6.422488548e+004 +6.425573548e+004 +6.425573548e+004
1817 0 +6.246161691e+004 +6.249246691e+004 +6.249246691e+004
1914 0 +6.138590624e+004 +6.141675624e+004 +6.141675624e+004
1935 0 +5.662666321e+004 +5.665751321e+004 +5.665751321e+004
2009 0 +5.585898701e+004 +5.588983701e+004 +5.588983701e+004
2166 0 +5.407478478e+004 +5.410563478e+004 +5.410563478e+004
2221 0 +5.068302202e+004 +5.071387202e+004 +5.071387202e+004
2319 0 +4.893378900e+004 +4.896463900e+004 +4.896463900e+004
2321 0 +4.777219429e+004 +4.780304429e+004 +4.780304429e+004
2361 0 +4.382087145e+004 +4.385172145e+004 +4.385172145e+004
2419 0 +4.103199708e+004 +4.106284708e+004 +4.106284708e+004
2442 0 +4.059163678e+004 +4.062248678e+004 +4.062248678e+004
2452 0 +3.944085847e+004 +3.947170847e+004 +3.947170847e+004
2562 0 +3.791458791e+004 +3.794543791e+004 +3.794543791e+004
2579 0 +3.604886680e+004 +3.607971680e+004 +3.607971680e+004
2607 0 +3.546472780e+004 +3.549557780e+004 +3.549557780e+004
2611 0 +3.451039577e+004 +3.454124577e+004 +3.454124577e+004
2663 0 +2.936690933e+004 +2.939775933e+004 +2.939775933e+004
2714 0 +2.588268364e+004 +2.591353364e+004 +2.591353364e+004
2845 0 +2.459445803e+004 +2.462530803e+004 +2.462530803e+004
2911 0 +2.382646546e+004 +2.385731546e+004 +2.385731546e+004
2972 0 +2.330586173e+004 +2.333671173e+004 +2.333671173e+004
2980 0 +2.266994931e+004 +2.270079931e+004 +2.270079931e+004
2988 0 +2.011533393e+004 +2.014618393e+004 +2.014618393e+004
3049 0 +1.984726440e+004 +1.987811440e+004 +1.987811440e+004
3115 0 +1.899509040e+004 +1.902594040e+004 +1.902594040e+004
3196 0 +1.748052570e+004 +1.751137570e+004 +1.751137570e+004
3212 0 +1.630020712e+004 +1.633105712e+004 +1.633105712e+004
3248 0 +1.487508411e+004 +1.490593411e+004 +1.490593411e+004
3285 0 +1.399870114e+004 +1.402955114e+004 +1.402955114e+004
3310 0 +1.196285143e+004 +1.199370143e+004 +1.199370143e+004
3313 0 +1.162887755e+004 +1.165972755e+004 +1.165972755e+004
3410 0 +1.138731643e+004 +1.141816643e+004 +1.141816643e+004
3412 0 +1.096662401e+004 +1.099747401e+004 +1.099747401e+004
3430 0 +1.070985613e+004 +1.074070613e+004 +1.074070613e+004
3443 0 +1.035236835e+004 +1.038321835e+004 +1.038321835e+004
3470 0 +9.916675196e+003 +9.947525196e+003 +9.947525196e+003
3503 0 +9.401441969e+003 +9.432291969e+003 +9.432291969e+003
3521 0 +9.204282854e+003 +9.235132854e+003 +9.235132854e+003
3544 0 +8.911952356e+003 +8.942802356e+003 +8.942802356e+003
3606 0 +6.731516332e+003 +6.762366332e+003 +6.762366332e+003
3711 0 +6.503461188e+003 +6.534311188e+003 +6.534311188e+003
3716 0 +6.377966304e+003 +6.408816304e+003 +6.408816304e+003
3732 0 +6.120432425e+003 +6.151282425e+003 +6.151282425e+003
3734 0 +5.914500728e+003 +5.945350728e+003 +5.945350728e+003
3781 0 +5.550922216e+003 +5.581772216e+003 +5.581772216e+003
3787 0 +4.702440884e+003 +4.733290884e+003 +4.733290884e+003
3895 0 +4.321479614e+003 +4.352329614e+003 +4.352329614e+003
3922 0 +4.173523340e+003 +4.204373340e+003 +4.204373340e+003
3927 0 +3.769285976e+003 +3.800135976e+003 +3.800135976e+003
4027 0 +3.693754355e+003 +3.724604355e+003 +3.724604355e+003
4341 0 +3.577626399e+003 +3.608476399e+003 +3.608476399e+003
4448 0 +3.546868891e+003 +3.577718891e+003 +3.577718891e+003
4694 0 +3.449314864e+003 +3.480164864e+003 +3.480164864e+003
4871 0 +3.177250418e+003 +3.208100418e+003 +3.208100418e+003
4911 0 +3.113625210e+003 +3.144475210e+003 +3.144475210e+003
4926 0 +3.048668347e+003 +3.079518347e+003 +3.079518347e+003
4929 0 +2.967088850e+003 +2.997938850e+003 +2.997938850e+003
4999 0 +2.930327773e+003 +2.961177773e+003 +2.961177773e+003
5012 0 +2.838718718e+003 +2.869568718e+003 +2.869568718e+003
5029 0 +2.802338450e+003 +2.833188450e+003 +2.833188450e+003
5038 0 +2.513172153e+003 +2.544022153e+003 +2.544022153e+003
5105 0 +2.455260769e+003 +2.486110769e+003 +2.486110769e+003
5106 0 +2.403639097e+003 +2.434489097e+003 +2.434489097e+003
5113 0 +2.320199876e+003 +2.351049876e+003 +2.351049876e+003
5230 0 +2.269823782e+003 +2.300673782e+003 +2.300673782e+003
5293 0 +2.232142049e+003 +2.262992049e+003 +2.262992049e+003
5409 0 +2.178735017e+003 +2.209585017e+003 +2.209585017e+003
5704 0 +2.126033294e+003 +2.156883294e+003 +2.156883294e+003
6027 0 +2.077852546e+003 +2.108702546e+003 +2.108702546e+003
6228 0 +2.020605741e+003 +2.051455741e+003 +2.051455741e+003
6505 0 +1.994520614e+003 +2.025370614e+003 +2.025370614e+003
6937 0 +1.947783812e+003 +1.978633812e+003 +1.978633812e+003
7102 0 +1.905191371e+003 +1.936041371e+003 +1.936041371e+003
7335 0 +1.857217713e+003 +1.888067713e+003 +1.888067713e+003
7502 0 +1.816707151e+003 +1.847557151e+003 +1.847557151e+003
7676 0 +1.761900630e+003 +1.792750630e+003 +1.792750630e+003
7707 0 +1.730440537e+003 +1.761290537e+003 +1.761290537e+003
7945 0 +1.681605337e+003 +1.712455337e+003 +1.712455337e+003
8165 0 +1.649969645e+003 +1.680819645e+003 +1.680819645e+003
8306 0 +1.619983720e+003 +1.650833720e+003 +1.650833720e+003
8402 0 +1.584157631e+003 +1.615007631e+003 +1.615007631e+003
8517 0 +1.520067481e+003 +1.550917481e+003 +1.550917481e+003
8530 0 +1.493855691e+003 +1.524705691e+003 +1.524705691e+003
8607 0 +1.466817459e+003 +1.497667459e+003 +1.497667459e+003
8616 0 +1.435720343e+003 +1.466570343e+003 +1.466570343e+003
8744 0 +1.405878749e+003 +1.436728749e+003 +1.436728749e+003
8803 0 +1.375501591e+003 +1.406351591e+003 +1.406351591e+003
8912 0 +1.330403326e+003 +1.361253326e+003 +1.361253326e+003
9011 0 +1.317002062e+003 +1.347852062e+003 +1.347852062e+003
9106 0 +1.282236774e+003 +1.313086774e+003 +1.313086774e+003
9203 0 +1.243172497e+003 +1.274022497e+003 +1.274022497e+003
9248 0 +1.199316583e+003 +1.230166583e+003 +1.230166583e+003
9333 0 +1.166089091e+003 +1.196939091e+003 +1.196939091e+003
9405 0 +1.148144946e+003 +1.178994946e+003 +1.178994946e+003
9505 0 +1.113315587e+003 +1.144165587e+003 +1.144165587e+003
9670 0 +1.093316326e+003 +1.124166326e+003 +1.124166326e+003
9817 0 +1.069006263e+003 +1.099856263e+003 +1.099856263e+003
10068 0 +1.041280782e+003 +1.072130782e+003 +1.072130782e+003
% f evaluations | g evaluations | best noise-free fitness - Fopt (-1.255000000000e+001) + sum g_i+ | measured fitness | best measured fitness or single-digit g-values | x1 | x2...
1 0 +1.169271559e+006 +1.169259009e+006 +1.169259009e+006
74 0 +8.103339063e+005 +8.103213563e+005 +8.103213563e+005
202 0 +7.770713663e+005 +7.770588163e+005 +7.770588163e+005
204 0 +6.440771324e+005 +6.440645824e+005 +6.440645824e+005
206 0 +5.561279408e+005 +5.561153908e+005 +5.561153908e+005
241 0 +4.637214369e+005 +4.637088869e+005 +4.637088869e+005
313 0 +4.089942822e+005 +4.089817322e+005 +4.089817322e+005
345 0 +3.184482487e+005 +3.184356987e+005 +3.184356987e+005
405 0 +2.911196402e+005 +2.911070902e+005 +2.911070902e+005
410 0 +2.641714262e+005 +2.641588762e+005 +2.641588762e+005
516 0 +2.430017580e+005 +2.429892080e+005 +2.429892080e+005
605 0 +2.253226694e+005 +2.253101194e+005 +2.253101194e+005
643 0 +2.057531176e+005 +2.057405676e+005 +2.057405676e+005
682 0 +2.002924346e+005 +2.002798846e+005 +2.002798846e+005
683 0 +1.975009663e+005 +1.974884163e+005 +1.974884163e+005
707 0 +1.785193886e+005 +1.785068386e+005 +1.785068386e+005
716 0 +1.423120702e+005 +1.422995202e+005 +1.422995202e+005
823 0 +1.386444517e+005 +1.386319017e+005 +1.386319017e+005
829 0 +1.359412160e+005 +1.359286660e+005 +1.359286660e+005
888 0 +1.081342949e+005 +1.081217449e+005 +1.081217449e+005
924 0 +1.007229880e+005 +1.007104380e+005 +1.007104380e+005
1009 0 +7.338745831e+004 +7.337490831e+004 +7.337490831e+004
1113 0 +6.818303760e+004 +6.817048760e+004 +6.817048760e+004
1138 0 +6.439728296e+004 +6.438473296e+004 +6.438473296e+004
1224 0 +6.083164092e+004 +6.081909092e+004 +6.081909092e+004
1234 0 +5.986662720e+004 +5.985407720e+004 +5.985407720e+004
1240 0 +5.503235269e+004 +5.501980269e+004 +5.501980269e+004
1278 0 +4.940317259e+004 +4.939062259e+004 +4.939062259e+004
1324 0 +4.723787857e+004 +4.722532857e+004 +4.722532857e+004
1348 0 +4.580872668e+004 +4.579617668e+004 +4.579617668e+004
1356 0 +3.364110922e+004 +3.362855922e+004 +3.362855922e+004
1648 0 +3.231270408e+004 +3.230015408e+004 +3.230015408e+004
1738 0 +3.152195605e+004 +3.150940605e+004 +3.150940605e+004
1768 0 +2.897356155e+004 +2.896101155e+004 +2.896101155e+004
1825 0 +2.796466116e+004 +2.795211116e+004 +2.795211116e+004
1856 0 +2.545122524e+004 +2.543867524e+004 +2.543867524e+004
1885 0 +2.422038345e+004 +2.420783345e+004 +2.420783345e+004
1904 0 +1.842163168e+004 +1.840908168e+004 +1.840908168e+004
2044 0 +1.713768260e+004 +1.712513260e+004 +1.712513260e+004
2097 0 +1.488522922e+004 +1.487267922e+004 +1.487267922e+004
2109 0 +1.217303168e+004 +1.216048168e+004 +1.216048168e+004
2112 0 +1.103687484e+004 +1.102432484e+004 +1.102432484e+004
2144 0 +1.082063191e+004 +1.080808191e+004 +1.080808191e+004
2211 0 +8.363754429e+003 +8.351204429e+003 +8.351204429e+003
2278 0 +8.300153554e+003 +8.287603554e+003 +8.287603554e+003
2309 0 +7.470402173e+003 +7.457852173e+003 +7.457852173e+003
2335 0 +7.099892720e+003 +7.087342720e+003 +7.087342720e+003
2336 0 +5.013466311e+003 +5.000916311e+003 +5.000916311e+003
2413 0 +4.860686638e+003 +4.848136638e+003 +4.848136638e+003
2450 0 +4.521833985e+003 +4.509283985e+003 +4.509283985e+003
2490 0 +4.158345776e+003 +4.145795776e+003 +4.145795776e+003
2522 0 +3.954084007e+003 +3.941534007e+003 +3.941534007e+003
2554 0 +3.681303296e+003 +3.668753296e+003 +3.668753296e+003
2976 0 +3.621007071e+003 +3.608457071e+003 +3.608457071e+003
3266 0 +3.542098558e+003 +3.529548558e+003 +3.529548558e+003
3614 0 +3.443882848e+003 +3.431332848e+003 +3.431332848e+003
3805 0 +3.361015127e+003 +3.348465127e+003 +3.348465127e+003
4004 0 +3.311087213e+003 +3.298537213e+003 +3.298537213e+003
4104 0 +3.234356611e+003 +3.221806611e+003 +3.221806611e+003
4204 0 +3.123603895e+003 +3.111053895e+003 +3.111053895e+003
4206 0 +3.069584970e+003 +3.057034970e+003 +3.057034970e+003
4302 0 +3.016815355e+003 +3.004265355e+003 +3.004265355e+003
4305 0 +2.925437559e+003 +2.912887559e+003 +2.912887559e+003
4406 0 +2.870343230e+003 +2.857793230e+003 +2.857793230e+003
4518 0 +2.790390231e+003 +2.777840231e+003 +2.777840231e+003
4624 0 +2.746792528e+003 +2.734242528e+003 +2.734242528e+003
6018 0 +2.691183751e+003 +2.678633751e+003 +2.678633751e+003
6287 0 +2.629669891e+003 +2.617119891e+003 +2.617119891e+003
9704 0 +2.570240787e+003 +2.557690787e+003 +2.557690787e+003
% f evaluations | g evaluations | best noise-free fitness - Fopt (5.383900000000e+002) + sum g_i+ | measured fitness | best measured fitness or single-digit g-values | x1 | x2...
1 0 +1.071212762e+006 +1.071751152e+006 +1.071751152e+006
23 0 +1.021861638e+006 +1.022400028e+006 +1.022400028e+006
161 0 +6.950672029e+005 +6.956055929e+005 +6.956055929e+005
205 0 +5.972521700e+005 +5.977905600e+005 +5.977905600e+005
269 0 +5.886056430e+005 +5.891440330e+005 +5.891440330e+005
319 0 +5.027288348e+005 +5.032672248e+005 +5.032672248e+005
362 0 +3.649974529e+005 +3.655358429e+005 +3.655358429e+005
415 0 +2.912442088e+005 +2.917825988e+005 +2.917825988e+005
511 0 +2.784547951e+005 +2.789931851e+005 +2.789931851e+005
514 0 +2.477058830e+005 +2.482442730e+005 +2.482442730e+005
568 0 +2.454572276e+005 +2.459956176e+005 +2.459956176e+005
572 0 +2.090808614e+005 +2.096192514e+005 +2.096192514e+005
604 0 +2.005768577e+005 +2.011152477e+005 +2.011152477e+005
649 0 +1.733994325e+005 +1.739378225e+005 +1.739378225e+005
679 0 +1.371913929e+005 +1.377297829e+005 +1.377297829e+005
760 0 +1.159968500e+005 +1.165352400e+005 +1.165352400e+005
863 0 +9.103039332e+004 +9.156878332e+004 +9.156878332e+004
1018 0 +7.455731109e+004 +7.509570109e+004 +7.509570109e+004
1078 0 +6.623006965e+004 +6.676845965e+004 +6.676845965e+004
1118 0 +6.463078824e+004 +6.516917824e+004 +6.516917824e+004
1157 0 +6.374535266e+004 +6.428374266e+004 +6.428374266e+004
1220 0 +6.305215941e+004 +6.359054941e+004 +6.359054941e+004
1289 0 +5.241926580e+004 +5.295765580e+004 +5.295765580e+004
1303 0 +5.090579813e+004 +5.144418813e+004 +5.144418813e+004
1332 0 +4.995015984e+004 +5.048854984e+004 +5.048854984e+004
1350 0 +4.245129583e+004 +4.298968583e+004 +4.298968583e+004
1402 0 +3.999545280e+004 +4.053384280e+004 +4.053384280e+004
1403 0 +3.628664241e+004 +3.682503241e+004 +3.682503241e+004
1413 0 +3.413168215e+004 +3.467007215e+004 +3.467007215e+004
1526 0 +3.363998830e+004 +3.417837830e+004 +3.417837830e+004
1616 0 +3.208714072e+004 +3.262553072e+004 +3.262553072e+004
1620 0 +3.119235196e+004 +3.173074196e+004 +3.173074196e+004
1622 0 +3.026786830e+004 +3.080625830e+004 +3.080625830e+004
1747 0 +2.889677324e+004 +2.943516324e+004 +2.943516324e+004
1803 0 +2.752571092e+004 +2.806410092e+004 +2.806410092e+004
1832 0 +2.481693547e+004 +2.535532547e+004 +2.535532547e+004
1875 0 +2.436204965e+004 +2.490043965e+004 +2.490043965e+004
1894 0 +2.209732944e+004 +2.263571944e+004 +2.263571944e+004
1915 0 +1.878047112e+004 +1.931886112e+004 +1.931886112e+004
1979 0 +1.851705180e+004 +1.905544180e+004 +1.905544180e+004
2007 0 +1.784934395e+004 +1.838773395e+004 +1.838773395e+004
2063 0 +1.738121607e+004 +1.791960607e+004 +1.791960607e+004
2107 0 +1.734390435e+004 +1.788229435e+004 +1.788229435e+004
2189 0 +1.545603162e+004 +1.599442162e+004 +1.599442162e+004
2254 0 +1.402890423e+004 +1.456729423e+004 +1.456729423e+004
2335 0 +1.331039505e+004 +1.384878505e+004 +1.384878505e+004
2426 0 +1.292147842e+004 +1.345986842e+004 +1.345986842e+004
2443 0 +1.173972605e+004 +1.227811605e+004 +1.227811605e+004
2503 0 +1.142352696e+004 +1.196191696e+004 +1.196191696e+004
2522 0 +1.060039161e+004 +1.113878161e+004 +1.113878161e+004
2562 0 +1.044734091e+004 +1.098573091e+004 +1.098573091e+004
2603 0 +1.009838650e+004 +1.063677650e+004 +1.063677650e+004
2612 0 +9.121313549e+003 +9.659703549e+003 +9.659703549e+003
2683 0 +8.908139602e+003 +9.446529602e+003 +9.446529602e+003
2707 0 +7.955610884e+003 +8.494000884e+003 +8.494000884e+003
2769 0 +7.910410414e+003 +8.448800414e+003 +8.448800414e+003
2841 0 +7.341777272e+003 +7.880167272e+003 +7.880167272e+003
2869 0 +7.121588004e+003 +7.659978004e+003 +7.659978004e+003
2931 0 +5.420438098e+003 +5.958828098e+003 +5.958828098e+003
3022 0 +4.311779892e+003 +4.850169892e+003 +4.850169892e+003
3031 0 +3.732107388e+003 +4.270497388e+003 +4.270497388e+003
3122 0 +3.362571016e+003 +3.900961016e+003 +3.900961016e+003
3203 0 +3.206379778e+003 +3.744769778e+003 +3.744769778e+003
3229 0 +2.776648211e+003 +3.315038211e+003 +3.315038211e+003
3282 0 +2.746579827e+003 +3.284969827e+003 +3.284969827e+003
3361 0 +2.640956891e+003 +3.179346891e+003 +3.179346891e+003
3377 0 +2.596903260e+003 +3.135293260e+003 +3.135293260e+003
3378 0 +2.521384749e+003 +3.059774749e+003 +3.059774749e+003
3388 0 +2.469539604e+003 +3.007929604e+003 +3.007929604e+003
3404 0 +2.438696132e+003 +2.977086132e+003 +2.977086132e+003
3408 0 +2.180775173e+003 +2.719165173e+003 +2.719165173e+003
3474 0 +2.065986898e+003 +2.604376898e+003 +2.604376898e+003
3511 0 +2.006814380e+003 +2.545204380e+003 +2.545204380e+003
3533 0 +1.981088318e+003 +2.519478318e+003 +2.519478318e+003
3581 0 +1.928235268e+003 +2.466625268e+003 +2.466625268e+003
3587 0 +1.895052096e+003 +2.433442096e+003 +2.433442096e+003
3607 0 +1.812634713e+003 +2.351024713e+003 +2.351024713e+003
3612 0 +1.514520061e+003 +2.052910061e+003 +2.052910061e+003
3633 0 +1.450326008e+003 +1.988716008e+003 +1.988716008e+003
3687 0 +1.380426724e+003 +1.918816724e+003 +1.918816724e+003
3711 0 +1.356397458e+003 +1.894787458e+003 +1.894787458e+003
3715 0 +1.127808333e+003 +1.666198333e+003 +1.666198333e+003
3759 0 +1.052250375e+003 +1.590640375e+003 +1.590640375e+003
3813 0 +9.927507958e+002 +1.531140796e+003 +1.531140796e+003
3819 0 +9.333904931e+002 +1.471780493e+003 +1.471780493e+003
3859 0 +9.303378017e+002 +1.468727802e+003 +1.468727802e+003
3913 0 +9.080432756e+002 +1.446433276e+003 +1.446433276e+003
3916 0 +8.883936902e+002 +1.426783690e+003 +1.426783690e+003
4158 0 +8.693059966e+002 +1.407695997e+003 +1.407695997e+003
4284 0 +8.328698196e+002 +1.371259820e+003 +1.371259820e+003
4310 0 +8.094253270e+002 +1.347815327e+003 +1.347815327e+003
5305 0 +7.938980998e+002 +1.332288100e+003 +1.332288100e+003
6539 0 +7.755891554e+002 +1.313979155e+003 +1.313979155e+003
8931 0 +7.585344173e+002 +1.296924417e+003 +1.296924417e+003
% f evaluations | g evaluations | best noise-free fitness - Fopt (-1.055600000000e+002) + sum g_i+ | measured fitness | best measured fitness or single-digit g-values | x1 | x2...
1 0 +8.239180605e+005 +8.238125005e+005 +8.238125005e+005
48 0 +7.333923163e+005 +7.332867563e+005 +7.332867563e+005
204 0 +5.720754928e+005 +5.719699328e+005 +5.719699328e+005
317 0 +5.277218718e+005 +5.276163118e+005 +5.276163118e+005
397 0 +4.821387413e+005 +4.820331813e+005 +4.820331813e+005
406 0 +4.383723039e+005 +4.382667439e+005 +4.382667439e+005
412 0 +3.428163761e+005 +3.427108161e+005 +3.427108161e+005
541 0 +3.368822941e+005 +3.367767341e+005 +3.367767341e+005
548 0 +3.158480767e+005 +3.157425167e+005 +3.157425167e+005
704 0 +2.461561734e+005 +2.460506134e+005 +2.460506134e+005
794 0 +2.014785292e+005 +2.013729692e+005 +2.013729692e+005
814 0 +1.914775455e+005 +1.913719855e+005 +1.913719855e+005
913 0 +1.725232686e+005 +1.724177086e+005 +1.724177086e+005
1056 0 +1.660061049e+005 +1.659005449e+005 +1.659005449e+005
1058 0 +1.557149243e+005 +1.556093643e+005 +1.556093643e+005
1073 0 +1.532559626e+005 +1.531504026e+005 +1.531504026e+005
1132 0 +1.503099398e+005 +1.502043798e+005 +1.502043798e+005
1159 0 +1.419110501e+005 +1.418054901e+005 +1.418054901e+005
1254 0 +1.368413063e+005 +1.367357463e+005 +1.367357463e+005
1258 0 +1.192868088e+005 +1.191812488e+005 +1.191812488e+005
1388 0 +1.148928107e+005 +1.147872507e+005 +1.147872507e+005
1436 0 +1.144449636e+005 +1.143394036e+005 +1.143394036e+005
1449 0 +1.114594870e+005 +1.113539270e+005 +1.113539270e+005
1454 0 +1.082099693e+005 +1.081044093e+005 +1.081044093e+005
1465 0 +1.044376838e+005 +1.043321238e+005 +1.043321238e+005
1544 0 +9.903815489e+004 +9.893259489e+004 +9.893259489e+004
1573 0 +8.497515761e+004 +8.486959761e+004 +8.486959761e+004
1613 0 +6.917607262e+004 +6.907051262e+004 +6.907051262e+004
1681 0 +6.502213557e+004 +6.491657557e+004 +6.491657557e+004
1706 0 +6.346584921e+004 +6.336028921e+004 +6.336028921e+004
1735 0 +5.933526270e+004 +5.922970270e+004 +5.922970270e+004
1803 0 +5.342981282e+004 +5.332425282e+004 +5.332425282e+004
1808 0 +4.740098824e+004 +4.729542824e+004 +4.729542824e+004
1832 0 +4.474026261e+004 +4.463470261e+004 +4.463470261e+004
1851 0 +4.108517918e+004 +4.097961918e+004 +4.097961918e+004
1878 0 +3.604050031e+004 +3.593494031e+004 +3.593494031e+004
1903 0 +3.490268007e+004 +3.479712007e+004 +3.479712007e+004
1908 0 +3.446103116e+004 +3.435547116e+004 +3.435547116e+004
2023 0 +2.793198542e+004 +2.782642542e+004 +2.782642542e+004
2114 0 +2.515019859e+004 +2.504463859e+004 +2.504463859e+004
2172 0 +1.896945191e+004 +1.886389191e+004 +1.886389191e+004
2210 0 +1.664503969e+004 +1.653947969e+004 +1.653947969e+004
2242 0 +1.293411352e+004 +1.282855352e+004 +1.282855352e+004
2302 0 +1.237960976e+004 +1.227404976e+004 +1.227404976e+004
2315 0 +1.200423600e+004 +1.189867600e+004 +1.189867600e+004
2322 0 +8.669179147e+003 +8.563619147e+003 +8.563619147e+003
2345 0 +8.110101518e+003 +8.004541518e+003 +8.004541518e+003
2351 0 +7.852760202e+003 +7.747200202e+003 +7.747200202e+003
2429 0 +7.581831333e+003 +7.476271333e+003 +7.476271333e+003
2514 0 +7.079488288e+003 +6.973928288e+003 +6.973928288e+003
2516 0 +6.979178652e+003 +6.873618652e+003 +6.873618652e+003
2521 0 +6.453829255e+003 +6.348269255e+003 +6.348269255e+003
2606 0 +3.777480197e+003 +3.671920197e+003 +3.671920197e+003
2671 0 +2.680606117e+003 +2.575046117e+003 +2.575046117e+003
2721 0 +1.980750232e+003 +1.875190232e+003 +1.875190232e+003
2960 0 +1.938110540e+003 +1.832550540e+003 +1.832550540e+003
3093 0 +1.850245546e+003 +1.744685546e+003 +1.744685546e+003
3106 0 +1.738942215e+003 +1.633382215e+003 +1.633382215e+003
3147 0 +1.677624245e+003 +1.572064245e+003 +1.572064245e+003
3222 0 +1.591404197e+003 +1.485844197e+003 +1.485844197e+003
3425 0 +1.572622555e+003 +1.467062555e+003 +1.467062555e+003
3617 0 +1.539665956e+003 +1.434105956e+003 +1.434105956e+003
3896 0 +1.506273942e+003 +1.400713942e+003 +1.400713942e+003
3951 0 +1.476745286e+003 +1.371185286e+003 +1.371185286e+003
4060 0 +1.424669715e+003 +1.319109715e+003 +1.319109715e+003
4104 0 +1.345885821e+003 +1.240325821e+003 +1.240325821e+003
4212 0 +1.275257532e+003 +1.169697532e+003 +1.169697532e+003
4393 0 +1.255848907e+003 +1.150288907e+003 +1.150288907e+003
4784 0 +1.229970191e+003 +1.124410191e+003 +1.124410191e+003
5126 0 +1.191240452e+003 +1.085680452e+003 +1.085680452e+003
5323 0 +1.165475674e+003 +1.059915674e+003 +1.059915674e+003
5508 0 +1.144216571e+003 +1.038656571e+003 +1.038656571e+003
5720 0 +1.118882677e+003 +1.013322677e+003 +1.013322677e+003
7065 0 +1.096458199e+003 +9.908981987e+002 +9.908981987e+002
% f evaluations | g evaluations | best noise-free fitness - Fopt (9.803000000000e+001) + sum g_i+ | measured fitness | best measured fitness or single-digit g-values | x1 | x2...
1 0 +1.122604373e+006 +1.122702403e+006 +1.122702403e+006
10 0 +1.112755507e+006 +1.112853537e+006 +1.112853537e+006
40 0 +1.071909618e+006 +1.072007648e+006 +1.072007648e+006
193 0 +5.415642542e+005 +5.416622842e+005 +5.416622842e+005
208 0 +4.703480014e+005 +4.704460314e+005 +4.704460314e+005
279 0 +4.398465357e+005 +4.399445657e+005 +4.399445657e+005
344 0 +4.292372948e+005 +4.293353248e+005 +4.293353248e+005
396 0 +3.879116852e+005 +3.880097152e+005 +3.880097152e+005
448 0 +3.069560853e+005 +3.070541153e+005 +3.070541153e+005
559 0 +2.935820023e+005 +2.936800323e+005 +2.936800323e+005
575 0 +2.682150085e+005 +2.683130385e+005 +2.683130385e+005
611 0 +2.367570128e+005 +2.368550428e+005 +2.368550428e+005
630 0 +2.191305233e+005 +2.192285533e+005 +2.192285533e+005
709 0 +2.082572957e+005 +2.083553257e+005 +2.083553257e+005
710 0 +1.795246718e+005 +1.796227018e+005 +1.796227018e+005
832 0 +1.771481759e+005 +1.772462059e+005 +1.772462059e+005
836 0 +1.673158048e+005 +1.674138348e+005 +1.674138348e+005
922 0 +1.460569154e+005 +1.461549454e+005 +1.461549454e+005
935 0 +1.422090883e+005 +1.423071183e+005 +1.423071183e+005
964 0 +1.398835320e+005 +1.399815620e+005 +1.399815620e+005
1035 0 +1.241667652e+005 +1.242647952e+005 +1.242647952e+005
1101 0 +1.179401983e+005 +1.180382283e+005 +1.180382283e+005
1122 0 +1.164187032e+005 +1.165167332e+005 +1.165167332e+005
1167 0 +1.078691646e+005 +1.079671946e+005 +1.079671946e+005
1224 0 +8.478431875e+004 +8.488234875e+004 +8.488234875e+004
1303 0 +6.708650235e+004 +6.718453235e+004 +6.718453235e+004
1332 0 +6.595531241e+004 +6.605334241e+004 +6.605334241e+004
1392 0 +6.022548107e+004 +6.032351107e+004 +6.032351107e+004
1421 0 +5.521219815e+004 +5.531022815e+004 +5.531022815e+004
1425 0 +3.503726338e+004 +3.513529338e+004 +3.513529338e+004
1532 0 +3.455517263e+004 +3.465320263e+004 +3.465320263e+004
1560 0 +3.317226762e+004 +3.327029762e+004 +3.327029762e+004
1632 0 +2.854924829e+004 +2.864727829e+004 +2.864727829e+004
1704 0 +2.223973693e+004 +2.233776693e+004 +2.233776693e+004
1722 0 +2.120944637e+004 +2.130747637e+004 +2.130747637e+004
1803 0 +2.043750208e+004 +2.053553208e+004 +2.053553208e+004
1804 0 +1.839492405e+004 +1.849295405e+004 +1.849295405e+004
1840 0 +1.774774793e+004 +1.784577793e+004 +1.784577793e+004
1847 0 +1.693307893e+004 +1.703110893e+004 +1.703110893e+004
1911 0 +1.654080820e+004 +1.663883820e+004 +1.663883820e+004
1946 0 +1.304358773e+004 +1.314161773e+004 +1.314161773e+004
2011 0 +1.249421676e+004 +1.259224676e+004 +1.259224676e+004
2034 0 +1.221590638e+004 +1.231393638e+004 +1.231393638e+004
2061 0 +1.098595991e+004 +1.108398991e+004 +1.108398991e+004
2104 0 +1.060067119e+004 +1.069870119e+004 +1.069870119e+004
2124 0 +7.668544556e+003 +7.766574556e+003 +7.766574556e+003
2204 0 +7.156060748e+003 +7.254090748e+003 +7.254090748e+003
2209 0 +6.650719757e+003 +6.748749757e+003 +6.748749757e+003
2304 0 +6.181907710e+003 +6.279937710e+003 +6.279937710e+003
2331 0 +3.692393189e+003 +3.790423189e+003 +3.790423189e+003
2558 0 +3.533167562e+003 +3.631197562e+003 +3.631197562e+003
2604 0 +3.434209665e+003 +3.532239665e+003 +3.532239665e+003
2659 0 +3.383904918e+003 +3.481934918e+003 +3.481934918e+003
2660 0 +3.132845895e+003 +3.230875895e+003 +3.230875895e+003
2705 0 +3.040346827e+003 +3.138376827e+003 +3.138376827e+003
2740 0 +2.547965793e+003 +2.645995793e+003 +2.645995793e+003
2765 0 +2.352144056e+003 +2.450174056e+003 +2.450174056e+003
2816 0 +2.297872458e+003 +2.395902458e+003 +2.395902458e+003
2843 0 +2.190810509e+003 +2.288840509e+003 +2.288840509e+003
2974 0 +2.169414089e+003 +2.267444089e+003 +2.267444089e+003
2980 0 +1.898871621e+003 +1.996901621e+003 +1.996901621e+003
3016 0 +1.847931822e+003 +1.945961822e+003 +1.945961822e+003
3019 0 +1.574672146e+003 +1.672702146e+003 +1.672702146e+003
3103 0 +1.279935038e+003 +1.377965038e+003 +1.377965038e+003
3203 0 +1.224640763e+003 +1.322670763e+003 +1.322670763e+003
3252 0 +1.195744715e+003 +1.293774715e+003 +1.293774715e+003
3347 0 +1.161054702e+003 +1.259084702e+003 +1.259084702e+003
3561 0 +1.145161090e+003 +1.243191090e+003 +1.243191090e+003
3747 0 +1.116084330e+003 +1.214114330e+003 +1.214114330e+003
4422 0 +1.095406228e+003 +1.193436228e+003 +1.193436228e+003
6433 0 +1.071283682e+003 +1.169313682e+003 +1.169313682e+003
% f evaluations | g evaluations | best noise-free fitness - Fopt (1.000000000000e+003) + sum g_i+ | measured fitness | best measured fitness or single-digit g-values | x1 | x2...
1 0 +6.587247980e+005 +6.597247980e+005 +6.597247980e+005
118 0 +5.566083533e+005 +5.576083533e+005 +5.576083533e+005
203 0 +3.773494756e+005 +3.783494756e+005 +3.783494756e+005
341 0 +3.113042087e+005 +3.123042087e+005 +3.123042087e+005
350 0 +2.779747772e+005 +2.789747772e+005 +2.789747772e+005
484 0 +2.688385729e+005 +2.698385729e+005 +2.698385729e+005
523 0 +1.463710803e+005 +1.473710803e+005 +1.473710803e+005
604 0 +1.217086843e+005 +1.227086843e+005 +1.227086843e+005
732 0 +1.078219869e+005 +1.088219869e+005 +1.088219869e+005
762 0 +1.017054950e+005 +1.027054950e+005 +1.027054950e+005
825 0 +9.268826047e+004 +9.368826047e+004 +9.368826047e+004
956 0 +9.082163988e+004 +9.182163988e+004 +9.182163988e+004
1002 0 +7.618707700e+004 +7.718707700e+004 +7.718707700e+004
1043 0 +7.491935667e+004 +7.591935667e+004 +7.591935667e+004
1120 0 +6.789028852e+004 +6.889028852e+004 +6.889028852e+004
1133 0 +6.638980456e+004 +6.738980456e+004 +6.738980456e+004
1289 0 +6.345873352e+004 +6.445873352e+004 +6.445873352e+004
1302 0 +6.292895819e+004 +6.392895819e+004 +6.392895819e+004
1340 0 +5.910154135e+004 +6.010154135e+004 +6.010154135e+004
1404 0 +5.876481610e+004 +5.976481610e+004 +5.976481610e+004
1406 0 +5.508749293e+004 +5.608749293e+004 +5.608749293e+004
1475 0 +5.487134135e+004 +5.587134135e+004 +5.587134135e+004
1551 0 +5.149495463e+004 +5.249495463e+004 +5.249495463e+004
1633 0 +4.890724493e+004 +4.990724493e+004 +4.990724493e+004
1708 0 +4.644239365e+004 +4.744239365e+004 +4.744239365e+004
1779 0 +4.381731920e+004 +4.481731920e+004 +4.481731920e+004
1782 0 +3.637802873e+004 +3.737802873e+004 +3.737802873e+004
1826 0 +3.569445149e+004 +3.669445149e+004 +3.669445149e+004
1862 0 +3.488245362e+004 +3.588245362e+004 +3.588245362e+004
1910 0 +3.402060874e+004 +3.502060874e+004 +3.502060874e+004
1926 0 +3.376855135e+004 +3.476855135e+004 +3.476855135e+004
2017 0 +3.293110883e+004 +3.393110883e+004 +3.393110883e+004
2126 0 +3.059526185e+004 +3.159526185e+004 +3.159526185e+004
2297 0 +2.835916982e+004 +2.935916982e+004 +2.935916982e+004
2299 0 +2.412392192e+004 +2.512392192e+004 +2.512392192e+004
2313 0 +2.194002376e+004 +2.294002376e+004 +2.294002376e+004
2347 0 +2.179132839e+004 +2.279132839e+004 +2.279132839e+004
2396 0 +2.042202884e+004 +2.142202884e+004 +2.142202884e+004
2397 0 +2.015558201e+004 +2.115558201e+004 +2.115558201e+004
2413 0 +1.959523616e+004 +2.059523616e+004 +2.059523616e+004
2416 0 +1.878549346e+004 +1.978549346e+004 +1.978549346e+004
2443 0 +1.827361030e+004 +1.927361030e+004 +1.927361030e+004
2500 0 +1.703623037e+004 +1.803623037e+004 +1.803623037e+004
2511 0 +1.484097750e+004 +1.584097750e+004 +1.584097750e+004
2528 0 +1.338157176e+004 +1.438157176e+004 +1.438157176e+004
2602 0 +1.169306887e+004 +1.269306887e+004 +1.269306887e+004
2606 0 +1.065839794e+004 +1.165839794e+004 +1.165839794e+004
2646 0 +1.043069326e+004 +1.143069326e+004 +1.143069326e+004
2702 0 +7.861613907e+003 +8.861613907e+003 +8.861613907e+003
2760 0 +7.614608196e+003 +8.614608196e+003 +8.614608196e+003
2776 0 +6.943694833e+003 +7.943694833e+003 +7.943694833e+003
2802 0 +6.770519387e+003 +7.770519387e+003 +7.770519387e+003
2803 0 +6.707890251e+003 +7.707890251e+003 +7.707890251e+003
2834 0 +6.153733361e+003 +7.153733361e+003 +7.153733361e+003
2892 0 +3.757874072e+003 +4.757874072e+003 +4.757874072e+003
2936 0 +3.635340035e+003 +4.635340035e+003 +4.635340035e+003
2952 0 +3.515882989e+003 +4.515882989e+003 +4.515882989e+003
2993 0 +3.311664685e+003 +4.311664685e+003 +4.311664685e+003
3011 0 +3.020260118e+003 +4.020260118e+003 +4.020260118e+003
3014 0 +2.961500090e+003 +3.961500090e+003 +3.961500090e+003
3039 0 +1.084729205e+003 +2.084729205e+003 +2.084729205e+003
3136 0 +1.048149761e+003 +2.048149761e+003 +2.048149761e+003
3203 0 +1.045277483e+003 +2.045277483e+003 +2.045277483e+003
3204 0 +1.009307511e+003 +2.009307511e+003 +2.009307511e+003
3396 0 +9.834070137e+002 +1.983407014e+003 +1.983407014e+003
3411 0 +9.767886244e+002 +1.976788624e+003 +1.976788624e+003
3451 0 +9.057602165e+002 +1.905760216e+003 +1.905760216e+003
3527 0 +8.784446340e+002 +1.878444634e+003 +1.878444634e+003
3702 0 +8.337481047e+002 +1.833748105e+003 +1.833748105e+003
3705 0 +7.583301200e+002 +1.758330120e+003 +1.758330120e+003
4056 0 +7.343469481e+002 +1.734346948e+003 +1.734346948e+003
4176 0 +7.233184589e+002 +1.723318459e+003 +1.723318459e+003
4241 0 +6.957933516e+002 +1.695793352e+003 +1.695793352e+003
4325 0 +6.833866819e+002 +1.683386682e+003 +1.683386682e+003
4431 0 +6.756386891e+002 +1.675638689e+003 +1.675638689e+003
4503 0 +6.523308861e+002 +1.652330886e+003 +1.652330886e+003
4585 0 +6.432142162e+002 +1.643214216e+003 +1.643214216e+003
4603 0 +6.293754409e+002 +1.629375441e+003 +1.629375441e+003
4739 0 +6.100571743e+002 +1.610057174e+003 +1.610057174e+003
4819 0 +5.977333136e+002 +1.597733314e+003 +1.597733314e+003
5706 0 +5.887517091e+002 +1.588751709e+003 +1.588751709e+003
7883 0 +5.753595179e+002 +1.575359518e+003 +1.575359518e+003
8602 0 +5.614992832e+002 +1.561499283e+003 +1.561499283e+003
9886 0 +5.491476709e+002 +1.549147671e+003 +1.549147671e+003
% f evaluations | g evaluations | best noise-free fitness - Fopt (1.490000000000e+000) + sum g_i+ | measured fitness | best measured fitness or single-digit g-values | x1 | x2...
1 0 +6.243605410e+005 +6.243620310e+005 +6.243620310e+005
205 0 +5.956416280e+005 +5.956431180e+005 +5.956431180e+005
317 0 +5.826849456e+005 +5.826864356e+005 +5.826864356e+005
515 0 +5.720502957e+005 +5.720517857e+005 +5.720517857e+005
546 0 +3.803060561e+005 +3.803075461e+005 +3.803075461e+005
664 0 +3.647681368e+005 +3.647696268e+005 +3.647696268e+005
668 0 +3.625888186e+005 +3.625903086e+005 +3.625903086e+005
703 0 +3.261084651e+005 +3.261099551e+005 +3.261099551e+005
716 0 +3.197337997e+005 +3.197352897e+005 +3.197352897e+005
752 0 +2.899329725e+005 +2.899344625e+005 +2.899344625e+005
919 0 +2.755151844e+005 +2.755166744e+005 +2.755166744e+005
979 0 +2.442825310e+005 +2.442840210e+005 +2.442840210e+005
1023 0 +2.207060153e+005 +2.207075053e+005 +2.207075053e+005
1149 0 +2.106095361e+005 +2.106110261e+005 +2.106110261e+005
1155 0 +2.033913530e+005 +2.033928430e+005 +2.033928430e+005
1206 0 +1.944753775e+005 +1.944768675e+005 +1.944768675e+005
1295 0 +1.794374431e+005 +1.794389331e+005 +1.794389331e+005
1331 0 +1.722701051e+005 +1.722715951e+005 +1.722715951e+005
1427 0 +1.687054302e+005 +1.687069202e+005 +1.687069202e+005
1469 0 +1.611022409e+005 +1.611037309e+005 +1.611037309e+005
1548 0 +1.504734902e+005 +1.504749802e+005 +1.504749802e+005
1608 0 +1.267360035e+005 +1.267374935e+005 +1.267374935e+005
1732 0 +1.245278658e+005 +1.245293558e+005 +1.245293558e+005
1744 0 +1.136753031e+005 +1.136767931e+005 +1.136767931e+005
1805 0 +1.118368107e+005 +1.118383007e+005 +1.118383007e+005
1820 0 +9.853437274e+004 +9.853586274e+004 +9.853586274e+004
1920 0 +9.422392756e+004 +9.422541756e+004 +9.422541756e+004
1939 0 +8.755012006e+004 +8.755161006e+004 +8.755161006e+004
1944 0 +7.958124630e+004 +7.958273630e+004 +7.958273630e+004
2020 0 +7.458480861e+004 +7.458629861e+004 +7.458629861e+004
2083 0 +7.080536572e+004 +7.080685572e+004 +7.080685572e+004
2109 0 +6.361591894e+004 +6.361740894e+004 +6.361740894e+004
2416 0 +6.242753082e+004 +6.242902082e+004 +6.242902082e+004
2618 0 +6.138459331e+004 +6.138608331e+004 +6.138608331e+004
2718 0 +5.938290971e+004 +5.938439971e+004 +5.938439971e+004
2828 0 +5.762022901e+004 +5.762171901e+004 +5.762171901e+004
2829 0 +5.396805792e+004 +5.396954792e+004 +5.396954792e+004
2906 0 +5.174048033e+004 +5.174197033e+004 +5.174197033e+004
2929 0 +5.081119119e+004 +5.081268119e+004 +5.081268119e+004
2997 0 +4.535461548e+004 +4.535610548e+004 +4.535610548e+004
3006 0 +4.049455579e+004 +4.049604579e+004 +4.049604579e+004
3011 0 +3.906698602e+004 +3.906847602e+004 +3.906847602e+004
3103 0 +3.451127063e+004 +3.451276063e+004 +3.451276063e+004
3248 0 +3.382186435e+004 +3.382335435e+004 +3.382335435e+004
3415 0 +3.310548225e+004 +3.310697225e+004 +3.310697225e+004
3626 0 +3.204014524e+004 +3.204163524e+004 +3.204163524e+004
3648 0 +3.118038803e+004 +3.118187803e+004 +3.118187803e+004
3703 0 +3.080518068e+004 +3.080667068e+004 +3.080667068e+004
3709 0 +2.984075265e+004 +2.984224265e+004 +2.984224265e+004
3766 0 +2.897430731e+004 +2.897579731e+004 +2.897579731e+004
3805 0 +2.716723303e+004 +2.716872303e+004 +2.716872303e+004
3940 0 +2.684187015e+004 +2.684336015e+004 +2.684336015e+004
4031 0 +2.629222224e+004 +2.629371224e+004 +2.629371224e+004
4137 0 +2.554115110e+004 +2.554264110e+004 +2.554264110e+004
4247 0 +2.495887161e+004 +2.496036161e+004 +2.496036161e+004
4327 0 +2.422361784e+004 +2.422510784e+004 +2.422510784e+004
4402 0 +2.294817668e+004 +2.294966668e+004 +2.294966668e+004
4503 0 +2.264366256e+004 +2.264515256e+004 +2.264515256e+004
4578 0 +2.204916430e+004 +2.205065430e+004 +2.205065430e+004
4606 0 +2.108617831e+004 +2.108766831e+004 +2.108766831e+004
4706 0 +2.054907516e+004 +2.055056516e+004 +2.055056516e+004
4723 0 +2.037770174e+004 +2.037919174e+004 +2.037919174e+004
4815 0 +1.991982672e+004 +1.992131672e+004 +1.992131672e+004
4910 0 +1.930299913e+004 +1.930448913e+004 +1.930448913e+004
5007 0 +1.874848313e+004 +1.874997313e+004 +1.874997313e+004
5102 0 +1.860561471e+004 +1.860710471e+004 +1.860710471e+004
5104 0 +1.815767087e+004 +1.815916087e+004 +1.815916087e+004
5214 0 +1.777469165e+004 +1.777618165e+004 +1.777618165e+004
5279 0 +1.718035394e+004 +1.718184394e+004 +1.718184394e+004
5331 0 +1.692038376e+004 +1.692187376e+004 +1.692187376e+004
5337 0 +1.621937697e+004 +1.622086697e+004 +1.622086697e+004
5341 0 +1.547798008e+004 +1.547947008e+004 +1.547947008e+004
5507 0 +1.496937716e+004 +1.497086716e+004 +1.497086716e+004
5749 0 +1.471719659e+004 +1.471868659e+004 +1.471868659e+004
5803 0 +1.441033154e+004 +1.441182154e+004 +1.441182154e+004
6010 0 +1.407709666e+004 +1.407858666e+004 +1.407858666e+004
6314 0 +1.377560570e+004 +1.377709570e+004 +1.377709570e+004
6604 0 +1.347737253e+004 +1.347886253e+004 +1.347886253e+004
7224 0 +1.318146675e+004 +1.318295675e+004 +1.318295675e+004
7404 0 +1.285924044e+004 +1.286073044e+004 +1.286073044e+004
7804 0 +1.256820175e+004 +1.256969175e+004 +1.256969175e+004
8105 0 +1.224655190e+004 +1.224804190e+004 +1.224804190e+004
8435 0 +1.202146926e+004 +1.202295926e+004 +1.202295926e+004
8903 0 +1.167279804e+004 +1.167428804e+004 +1.167428804e+004
9208 0 +1.147927038e+004 +1.148076038e+004 +1.148076038e+004
10014 0 +1.121231849e+004 +1.121380849e+004 +1.121380849e+004
% f evaluations | g evaluations | best noise-free fitness - Fopt (5.963500000000e+002) + sum g_i+ | measured fitness | best measured fitness or single-digit g-values | x1 | x2...
1 0 +1.090599586e+006 +1.091195936e+006 +1.091195936e+006
9 0 +1.049231149e+006 +1.049827499e+006 +1.049827499e+006
139 0 +8.564466739e+005 +8.570430239e+005 +8.570430239e+005
202 0 +6.837016214e+005 +6.842979714e+005 +6.842979714e+005
274 0 +6.006853107e+005 +6.012816607e+005 +6.012816607e+005
335 0 +5.876090156e+005 +5.882053656e+005 +5.882053656e+005
517 0 +5.728032484e+005 +5.733995984e+005 +5.733995984e+005
582 0 +5.044034189e+005 +5.049997689e+005 +5.049997689e+005
610 0 +4.873446527e+005 +4.879410027e+005 +4.879410027e+005
758 0 +3.739589168e+005 +3.745552668e+005 +3.745552668e+005
829 0 +3.678736359e+005 +3.684699859e+005 +3.684699859e+005
861 0 +3.570226011e+005 +3.576189511e+005 +3.576189511e+005
863 0 +3.489724508e+005 +3.495688008e+005 +3.495688008e+005
898 0 +3.422892145e+005 +3.428855645e+005 +3.428855645e+005
919 0 +3.274986768e+005 +3.280950268e+005 +3.280950268e+005
1062 0 +3.163443735e+005 +3.169407235e+005 +3.169407235e+005
1087 0 +3.147488966e+005 +3.153452466e+005 +3.153452466e+005
1211 0 +3.085167480e+005 +3.091130980e+005 +3.091130980e+005
1360 0 +2.940547223e+005 +2.946510723e+005 +2.946510723e+005
1409 0 +2.882373573e+005 +2.888337073e+005 +2.888337073e+005
1520 0 +2.775462239e+005 +2.781425739e+005 +2.781425739e+005
1607 0 +2.688173473e+005 +2.694136973e+005 +2.694136973e+005
1699 0 +2.593698241e+005 +2.599661741e+005 +2.599661741e+005
1715 0 +2.307588798e+005 +2.313552298e+005 +2.313552298e+005
1805 0 +2.269301599e+005 +2.275265099e+005 +2.275265099e+005
1870 0 +2.208317641e+005 +2.214281141e+005 +2.214281141e+005
1925 0 +2.185529221e+005 +2.191492721e+005 +2.191492721e+005
1953 0 +2.101264847e+005 +2.107228347e+005 +2.107228347e+005
1980 0 +2.078187343e+005 +2.084150843e+005 +2.084150843e+005
2005 0 +1.976988804e+005 +1.982952304e+005 +1.982952304e+005
2029 0 +1.864695462e+005 +1.870658962e+005 +1.870658962e+005
2102 0 +1.706578209e+005 +1.712541709e+005 +1.712541709e+005
2202 0 +1.667002780e+005 +1.672966280e+005 +1.672966280e+005
2204 0 +1.627916441e+005 +1.633879941e+005 +1.633879941e+005
2209 0 +1.517930056e+005 +1.523893556e+005 +1.523893556e+005
2309 0 +1.473688792e+005 +1.479652292e+005 +1.479652292e+005
2323 0 +1.434507457e+005 +1.440470957e+005 +1.440470957e+005
2337 0 +1.375722074e+005 +1.381685574e+005 +1.381685574e+005
2411 0 +1.341011181e+005 +1.346974681e+005 +1.346974681e+005
2440 0 +1.313744774e+005 +1.319708274e+005 +1.319708274e+005
2488 0 +1.271963259e+005 +1.277926759e+005 +1.277926759e+005
2505 0 +1.232262140e+005 +1.238225640e+005 +1.238225640e+005
2533 0 +1.211618253e+005 +1.217581753e+005 +1.217581753e+005
2613 0 +1.192798990e+005 +1.198762490e+005 +1.198762490e+005
2705 0 +1.174754248e+005 +1.180717748e+005 +1.180717748e+005
2819 0 +1.135273441e+005 +1.141236941e+005 +1.141236941e+005
3003 0 +1.049987159e+005 +1.055950659e+005 +1.055950659e+005
3045 0 +9.273250772e+004 +9.332885772e+004 +9.332885772e+004
3103 0 +8.973916316e+004 +9.033551316e+004 +9.033551316e+004
3184 0 +8.812869694e+004 +8.872504694e+004 +8.872504694e+004
3203 0 +8.519415702e+004 +8.579050702e+004 +8.579050702e+004
3240 0 +8.350561276e+004 +8.410196276e+004 +8.410196276e+004
3327 0 +7.259297765e+004 +7.318932765e+004 +7.318932765e+004
3403 0 +7.133050986e+004 +7.192685986e+004 +7.192685986e+004
3422 0 +6.849860669e+004 +6.909495669e+004 +6.909495669e+004
3522 0 +6.759011264e+004 +6.818646264e+004 +6.818646264e+004
3609 0 +6.558062077e+004 +6.617697077e+004 +6.617697077e+004
3923 0 +6.441380991e+004 +6.501015991e+004 +6.501015991e+004
4204 0 +6.289575060e+004 +6.349210060e+004 +6.349210060e+004
4446 0 +6.165402695e+004 +6.225037695e+004 +6.225037695e+004
4516 0 +5.931513388e+004 +5.991148388e+004 +5.991148388e+004
4638 0 +5.879165782e+004 +5.938800782e+004 +5.938800782e+004
4666 0 +5.632561811e+004 +5.692196811e+004 +5.692196811e+004
4703 0 +5.608138486e+004 +5.667773486e+004 +5.667773486e+004
4710 0 +5.436952294e+004 +5.496587294e+004 +5.496587294e+004
4717 0 +5.275837095e+004 +5.335472095e+004 +5.335472095e+004
4817 0 +5.119191026e+004 +5.178826026e+004 +5.178826026e+004
4939 0 +4.899446004e+004 +4.959081004e+004 +4.959081004e+004
5003 0 +4.843676267e+004 +4.903311267e+004 +4.903311267e+004
5011 0 +4.777244839e+004 +4.836879839e+004 +4.836879839e+004
5104 0 +4.475278303e+004 +4.534913303e+004 +4.534913303e+004
5135 0 +4.457643484e+004 +4.517278484e+004 +4.517278484e+004
5219 0 +4.322242413e+004 +4.381877413e+004 +4.381877413e+004
5384 0 +4.254607219e+004 +4.314242219e+004 +4.314242219e+004
5464 0 +4.141502734e+004 +4.201137734e+004 +4.201137734e+004
5700 0 +4.070962539e+004 +4.130597539e+004 +4.130597539e+004
6002 0 +3.969087684e+004 +4.028722684e+004 +4.028722684e+004
6084 0 +3.870022402e+004 +3.929657402e+004 +3.929657402e+004
6133 0 +3.799556805e+004 +3.859191805e+004 +3.859191805e+004
6307 0 +3.692151614e+004 +3.751786614e+004 +3.751786614e+004
6418 0 +3.629681005e+004 +3.689316005e+004 +3.689316005e+004
6608 0 +3.527772376e+004 +3.587407376e+004 +3.587407376e+004
6819 0 +3.446547245e+004 +3.506182245e+004 +3.506182245e+004
7205 0 +3.388385714e+004 +3.448020714e+004 +3.448020714e+004
8202 0 +3.305490288e+004 +3.365125288e+004 +3.365125288e+004
8350 0 +3.232967564e+004 +3.292602564e+004 +3.292602564e+004
8416 0 +3.157867994e+004 +3.217502994e+004 +3.217502994e+004
8502 0 +3.044525541e+004 +3.104160541e+004 +3.104160541e+004
8507 0 +3.015161522e+004 +3.074796522e+004 +3.074796522e+004
8519 0 +2.942832624e+004 +3.002467624e+004 +3.002467624e+004
8602 0 +2.864590380e+004 +2.924225380e+004 +2.924225380e+004
8643 0 +2.754937250e+004 +2.814572250e+004 +2.814572250e+004
8706 0 +2.747538673e+004 +2.807173673e+004 +2.807173673e+004
9104 0 +2.679176122e+004 +2.738811122e+004 +2.738811122e+004
9432 0 +2.630003378e+004 +2.689638378e+004 +2.689638378e+004
9805 0 +2.566296123e+004 +2.625931123e+004 +2.625931123e+004
% f evaluations | g evaluations | best noise-free fitness - Fopt (-1.189700000000e+002) + sum g_i+ | measured fitness | best measured fitness or single-digit g-values | x1 | x2...
1 0 +5.485691236e+005 +5.484501536e+005 +5.484501536e+005
81 0 +3.445015413e+005 +3.443825713e+005 +3.443825713e+005
184 0 +1.684529459e+005 +1.683339759e+005 +1.683339759e+005
206 0 +1.249598582e+005 +1.248408882e+005 +1.248408882e+005
227 0 +8.848513948e+004 +8.836616948e+004 +8.836616948e+004
384 0 +8.504645618e+004 +8.492748618e+004 +8.492748618e+004
485 0 +6.518578703e+004 +6.506681703e+004 +6.506681703e+004
611 0 +5.799019220e+004 +5.787122220e+004 +5.787122220e+004
738 0 +5.523762579e+004 +5.511865579e+004 +5.511865579e+004
855 0 +5.353301041e+004 +5.341404041e+004 +5.341404041e+004
891 0 +5.153782070e+004 +5.141885070e+004 +5.141885070e+004
895 0 +4.876780763e+004 +4.864883763e+004 +4.864883763e+004
898 0 +4.347777056e+004 +4.335880056e+004 +4.335880056e+004
920 0 +3.834343942e+004 +3.822446942e+004 +3.822446942e+004
925 0 +3.784493205e+004 +3.772596205e+004 +3.772596205e+004
967 0 +3.409956513e+004 +3.398059513e+004 +3.398059513e+004
1014 0 +3.290777861e+004 +3.278880861e+004 +3.278880861e+004
1112 0 +2.907202848e+004 +2.895305848e+004 +2.895305848e+004
1220 0 +2.530368432e+004 +2.518471432e+004 +2.518471432e+004
1296 0 +2.499408591e+004 +2.487511591e+004 +2.487511591e+004
1330 0 +2.373923510e+004 +2.362026510e+004 +2.362026510e+004
1333 0 +2.083621144e+004 +2.071724144e+004 +2.071724144e+004
1362 0 +1.840153662e+004 +1.828256662e+004 +1.828256662e+004
1455 0 +1.344359019e+004 +1.332462019e+004 +1.332462019e+004
1517 0 +9.843461020e+003 +9.724491020e+003 +9.724491020e+003
1606 0 +4.793799722e+003 +4.674829722e+003 +4.674829722e+003
1787 0 +4.575402171e+003 +4.456432171e+003 +4.456432171e+003
1806 0 +3.756772966e+003 +3.637802966e+003 +3.637802966e+003
1919 0 +3.698624394e+003 +3.579654394e+003 +3.579654394e+003
2026 0 +3.612551010e+003 +3.493581010e+003 +3.493581010e+003
2062 0 +2.609720602e+003 +2.490750602e+003 +2.490750602e+003
2181 0 +2.515815200e+003 +2.396845200e+003 +2.396845200e+003
2200 0 +2.111447206e+003 +1.992477206e+003 +1.992477206e+003
2371 0 +2.022768877e+003 +1.903798877e+003 +1.903798877e+003
2532 0 +1.993486621e+003 +1.874516621e+003 +1.874516621e+003
2614 0 +1.948545777e+003 +1.829575777e+003 +1.829575777e+003
2756 0 +1.904593214e+003 +1.785623214e+003 +1.785623214e+003
2880 0 +1.666251638e+003 +1.547281638e+003 +1.547281638e+003
2918 0 +1.624038807e+003 +1.505068807e+003 +1.505068807e+003
2929 0 +1.445612079e+003 +1.326642079e+003 +1.326642079e+003
2952 0 +1.294689894e+003 +1.175719894e+003 +1.175719894e+003
3025 0 +1.252976000e+003 +1.134006000e+003 +1.134006000e+003
3072 0 +1.200834642e+003 +1.081864642e+003 +1.081864642e+003
3225 0 +1.163868326e+003 +1.044898326e+003 +1.044898326e+003
3514 0 +1.143871847e+003 +1.024901847e+003 +1.024901847e+003
3721 0 +1.110868047e+003 +9.918980467e+002 +9.918980467e+002
3887 0 +1.090588141e+003 +9.716181414e+002 +9.716181414e+002
3960 0 +1.054492666e+003 +9.355226662e+002 +9.355226662e+002
4038 0 +1.045720751e+003 +9.267507506e+002 +9.267507506e+002
4109 0 +1.007600043e+003 +8.886300426e+002 +8.886300426e+002
4143 0 +9.659357035e+002 +8.469657035e+002 +8.469657035e+002
4204 0 +9.304910703e+002 +8.115210703e+002 +8.115210703e+002
4267 0 +9.071241596e+002 +7.881541596e+002 +7.881541596e+002
4309 0 +8.796390710e+002 +7.606690710e+002 +7.606690710e+002
4397 0 +8.708363589e+002 +7.518663589e+002 +7.518663589e+002
4489 0 +8.480591247e+002 +7.290891247e+002 +7.290891247e+002
4804 0 +8.298325504e+002 +7.108625504e+002 +7.108625504e+002
4930 0 +8.061665327e+002 +6.871965327e+002 +6.871965327e+002
5056 0 +7.926932339e+002 +6.737232339e+002 +6.737232339e+002
5179 0 +7.743881783e+002 +6.554181783e+002 +6.554181783e+002
5305 0 +7.489022346e+002 +6.299322346e+002 +6.299322346e+002
5620 0 +7.401186337e+002 +6.211486337e+002 +6.211486337e+002
6603 0 +7.241605375e+002 +6.051905375e+002 +6.051905375e+002
8225 0 +7.078217829e+002 +5.888517829e+002 +5.888517829e+002
9506 0 +6.908635704e+002 +5.718935704e+002 +5.718935704e+002
9802 0 +6.715492621e+002 +5.525792621e+002 +5.525792621e+002
9902 0 +6.589026352e+002 +5.399326352e+002 +5.399326352e+002
10012 0 +6.422960934e+002 +5.233260934e+002 +5.233260934e+002
