% f evaluations | g evaluations | best noise-free fitness - Fopt (-5.465000000000e+002) + sum g_i+ | measured fitness | best measured fitness or single-digit g-values | x1 | x2...
1 0 +5.521515401e+003 +4.975015401e+003 +4.975015401e+003 +0.0000e+000 +0.0000e+000
3 0 +4.313259823e+003 +3.766759823e+003 +3.766759823e+003 -1.2192e+000 -1.6748e-001
9 0 +4.293768734e+001 -5.035623127e+002 -5.035623127e+002 -2.8079e+000 +1.9049e+000
14 0 +6.422751370e+000 -5.400772486e+002 -5.400772486e+002 +2.3201e+000 +3.3417e+000
36 0 +4.376849008e+000 -5.421231510e+002 -5.421231510e+002 +9.1449e-001 +2.4720e+000
40 0 +2.723775055e+000 -5.437762249e+002 -5.437762249e+002 +3.2754e-001 +2.7483e+000
423 0 +1.163094834e+000 -5.453369052e+002 -5.453369052e+002 -2.0875e+000 +1.7491e+000
626 0 +1.083632347e-002 -5.464891637e+002 -5.464891637e+002 -2.0873e+000 +2.1057e+000
2013 0 +7.781716621e-003 -5.464922183e+002 -5.464922183e+002 -2.1035e+000 +2.0996e+000
3082 0 +4.902327019e-003 -5.464950977e+002 -5.464950977e+002 -2.0960e+000 +2.1036e+000
3482 0 +1.664765723e-003 -5.464983352e+002 -5.464983352e+002 -2.1025e+000 +2.1079e+000
3667 0 +1.133378330e-003 -5.464988666e+002 -5.464988666e+002 -2.1115e+000 +2.1035e+000
4167 0 +1.157612088e-004 -5.464998842e+002 -5.464998842e+002 -2.1043e+000 +2.1056e+000
10062 0 +5.168734037e-005 -5.464999483e+002 -5.464999483e+002 -2.1042e+000 +2.1054e+000
% f evaluations | g evaluations | best noise-free fitness - Fopt (1.000000000000e+003) + sum g_i+ | measured fitness | best measured fitness or single-digit g-values | x1 | x2...
1 0 +5.521515401e+003 +6.521515401e+003 +6.521515401e+003 +0.0000e+000 +0.0000e+000
6 0 +5.546396634e+000 +1.005546397e+003 +1.005546397e+003 -1.2281e+000 +2.1569e+000
25 0 +2.497032596e+000 +1.002497033e+003 +1.002497033e+003 +1.4180e+000 +2.6927e+000
34 0 +2.058806885e+000 +1.002058807e+003 +1.002058807e+003 -2.1705e+000 +1.5528e+000
431 0 +1.780162160e+000 +1.001780162e+003 +1.001780162e+003 -2.1734e+000 +1.6932e+000
493 0 +1.475598232e+000 +1.001475598e+003 +1.001475598e+003 -1.1184e+000 +2.3755e+000
687 0 +1.151269410e+000 +1.001151269e+003 +1.001151269e+003 -2.0687e+000 +2.1831e+000
842 0 +9.583186066e-001 +1.000958319e+003 +1.000958319e+003 -2.0510e+000 +2.1793e+000
993 0 +8.071787666e-001 +1.000807179e+003 +1.000807179e+003 -1.9532e+000 +2.1751e+000
1368 0 +5.571891394e-002 +1.000055719e+003 +1.000055719e+003 -2.0577e+000 +2.1167e+000
2396 0 +2.226369366e-002 +1.000022264e+003 +1.000022264e+003 -2.1341e+000 +2.0990e+000
3568 0 +1.557589570e-002 +1.000015576e+003 +1.000015576e+003 -2.1292e+000 +2.1002e+000
4524 0 +1.452316654e-002 +1.000014523e+003 +1.000014523e+003 -2.1285e+000 +2.1001e+000
5624 0 +1.298489735e-002 +1.000012985e+003 +1.000012985e+003 -2.1275e+000 +2.0997e+000
6634 0 +6.531477689e-003 +1.000006531e+003 +1.000006531e+003 -2.1107e+000 +2.1081e+000
7427 0 +4.737617471e-003 +1.000004738e+003 +1.000004738e+003 -2.1082e+000 +2.0998e+000
7447 0 +2.511942273e-003 +1.000002512e+003 +1.000002512e+003 -2.1120e+000 +2.1053e+000
9580 0 +3.351604455e-004 +1.000000335e+003 +1.000000335e+003 -2.1080e+000 +2.1047e+000
% f evaluations | g evaluations | best noise-free fitness - Fopt (2.083800000000e+002) + sum g_i+ | measured fitness | best measured fitness or single-digit g-values | x1 | x2...
1 0 +5.521515401e+003 +5.729895401e+003 +5.729895401e+003 +0.0000e+000 +0.0000e+000
5 0 +1.754608217e+003 +1.962988217e+003 +1.962988217e+003 +4.3147e+000 +1.9243e+000
11 0 +2.149483674e+002 +4.233283674e+002 +4.233283674e+002 -1.5396e+000 +5.6169e-001
19 0 +8.948330376e+001 +2.978633038e+002 +2.978633038e+002 -2.9580e+000 +6.9172e-001
44 0 +4.409796058e+000 +2.127897961e+002 +2.127897961e+002 -7.1002e-001 +2.0480e+000
48 0 +4.105377176e+000 +2.124853772e+002 +2.124853772e+002 +5.2759e-001 +1.9885e+000
52 0 +2.786522730e+000 +2.111665227e+002 +2.111665227e+002 +1.6119e+000 +2.4445e+000
219 0 +2.502342674e+000 +2.108823427e+002 +2.108823427e+002 -1.9191e+000 +1.0800e+000
779 0 +1.535016888e+000 +2.099150169e+002 +2.099150169e+002 -1.9793e+000 +9.4408e-001
922 0 +1.156740183e+000 +2.095367402e+002 +2.095367402e+002 -1.9073e+000 +2.1214e+000
1031 0 +9.219256764e-001 +2.093019257e+002 +2.093019257e+002 -2.0191e+000 +9.5807e-001
1495 0 +8.611638202e-001 +2.092411638e+002 +2.092411638e+002 -2.0000e+000 +9.8795e-001
1637 0 +4.476341421e-001 +2.088276341e+002 +2.088276341e+002 -2.1123e+000 +2.1456e+000
2155 0 +1.692185557e-001 +2.085492186e+002 +2.085492186e+002 -2.1241e+000 +2.0746e+000
3455 0 +1.215806043e-001 +2.085015806e+002 +2.085015806e+002 -2.1041e+000 +2.0829e+000
4100 0 +2.653849345e-002 +2.084065385e+002 +2.084065385e+002 -2.0952e+000 +2.1171e+000
4625 0 +1.700618302e-002 +2.083970062e+002 +2.083970062e+002 -2.0893e+000 +2.1153e+000
5213 0 +1.044083458e-002 +2.083904408e+002 +2.083904408e+002 -2.1236e+000 +2.1027e+000
5255 0 +2.866542045e-003 +2.083828665e+002 +2.083828665e+002 -2.1020e+000 +2.1088e+000
6093 0 +4.988837021e-004 +2.083804989e+002 +2.083804989e+002 -2.1004e+000 +2.1059e+000
6593 0 +2.138987502e-004 +2.083802139e+002 +2.083802139e+002 -2.1051e+000 +2.1057e+000
7500 0 +1.964785158e-004 +2.083801965e+002 +2.083801965e+002 -2.1022e+000 +2.1053e+000
7993 0 +6.366535814e-006 +2.083800064e+002 +2.083800064e+002 -2.1046e+000 +2.1050e+000
% f evaluations | g evaluations | best noise-free fitness - Fopt (-1.449600000000e+002) + sum g_i+ | measured fitness | best measured fitness or single-digit g-values | x1 | x2...
1 0 +5.521515401e+003 +5.376555401e+003 +5.376555401e+003 +0.0000e+000 +0.0000e+000
3 0 +4.164819188e+000 -1.407951808e+002 -1.407951808e+002 +4.3816e-001 -2.1425e+000
18 0 +3.589810219e+000 -1.413701898e+002 -1.413701898e+002 -2.0634e+000 -7.3249e-001
29 0 +2.404877736e+000 -1.425551223e+002 -1.425551223e+002 -2.3290e+000 -8.5302e-001
80 0 +2.359946040e+000 -1.426000540e+002 -1.426000540e+002 +1.6142e+000 -1.9555e+000
236 0 +1.710502085e+000 -1.432494979e+002 -1.432494979e+002 -2.1483e+000 -1.2587e+000
748 0 +1.665444424e+000 -1.432945556e+002 -1.432945556e+002 -2.1491e+000 -1.7976e+000
966 0 +1.598362868e+000 -1.433616371e+002 -1.433616371e+002 -1.9794e+000 -1.8157e+000
968 0 +1.327077444e+000 -1.436329226e+002 -1.436329226e+002 +1.3384e+000 -2.9790e+000
988 0 +7.291338356e-001 -1.442308662e+002 -1.442308662e+002 -2.0519e+000 -9.5785e-001
3448 0 +3.675147677e-001 -1.445924852e+002 -1.445924852e+002 -2.1455e+000 -2.0581e+000
5048 0 +7.862052947e-002 -1.448813795e+002 -1.448813795e+002 -2.1461e+000 -2.1064e+000
5430 0 +7.308686171e-002 -1.448869131e+002 -1.448869131e+002 -2.0557e+000 -2.1242e+000
6291 0 +4.565816357e-002 -1.449143418e+002 -1.449143418e+002 -2.0784e+000 -2.1009e+000
6609 0 +3.393579301e-002 -1.449260642e+002 -1.449260642e+002 -2.1345e+000 -2.1042e+000
7977 0 +2.671370259e-002 -1.449332863e+002 -1.449332863e+002 -2.0886e+000 -2.1000e+000
9509 0 +2.878040825e-003 -1.449571220e+002 -1.449571220e+002 -2.0959e+000 -2.1052e+000
% f evaluations | g evaluations | best noise-free fitness - Fopt (-6.300000000000e+000) + sum g_i+ | measured fitness | best measured fitness or single-digit g-values | x1 | x2...
1 0 +5.521515401e+003 +5.515215401e+003 +5.515215401e+003 +0.0000e+000 +0.0000e+000
2 0 +3.970346093e+000 -2.329653907e+000 -2.329653907e+000 +2.1222e+000 -7.3911e-001
31 0 +3.512092958e+000 -2.787907042e+000 -2.787907042e+000 +2.4432e+000 -1.6623e+000
51 0 +2.697093889e+000 -3.602906111e+000 -3.602906111e+000 -1.5135e+000 -2.3406e+000
99 0 +1.565411251e+000 -4.734588749e+000 -4.734588749e+000 -1.4613e+000 -1.8168e+000
701 0 +3.557484630e-001 -5.944251537e+000 -5.944251537e+000 +2.2139e+000 -2.0931e+000
1561 0 +1.977615238e-001 -6.102238476e+000 -6.102238476e+000 +2.1904e+000 -2.0910e+000
2687 0 +1.579417352e-001 -6.142058265e+000 -6.142058265e+000 +2.0398e+000 -2.1066e+000
3117 0 +2.910419196e-003 -6.297089581e+000 -6.297089581e+000 +2.1136e+000 -2.1046e+000
4298 0 +2.739480631e-003 -6.297260519e+000 -6.297260519e+000 +2.1045e+000 -2.1016e+000
4502 0 +7.500377944e-005 -6.299924996e+000 -6.299924996e+000 +2.1063e+000 -2.1048e+000
% f evaluations | g evaluations | best noise-free fitness - Fopt (-1.367600000000e+002) + sum g_i+ | measured fitness | best measured fitness or single-digit g-values | x1 | x2...
1 0 +5.521515401e+003 +5.384755401e+003 +5.384755401e+003 +0.0000e+000 +0.0000e+000
4 0 +3.070301521e+002 +1.702701521e+002 +1.702701521e+002 -3.3662e+000 -2.7164e+000
9 0 +3.506761132e+000 -1.332532389e+002 -1.332532389e+002 -2.4717e+000 -2.4371e+000
38 0 +2.972822289e+000 -1.337871777e+002 -1.337871777e+002 -3.9529e-001 -1.6044e+000
226 0 +1.271267218e+000 -1.354887328e+002 -1.354887328e+002 -1.4286e+000 -2.9422e+000
451 0 +1.150988676e+000 -1.356090113e+002 -1.356090113e+002 -1.3839e+000 -2.9513e+000
770 0 +9.864271478e-001 -1.357735729e+002 -1.357735729e+002 -1.4244e+000 -2.9584e+000
1001 0 +9.133510325e-001 -1.358466490e+002 -1.358466490e+002 -1.5246e+000 -2.9761e+000
1039 0 +5.651410950e-001 -1.361948589e+002 -1.361948589e+002 +1.9711e+000 -2.1150e+000
2276 0 +2.164942571e-001 -1.365435057e+002 -1.365435057e+002 +2.0754e+000 -2.0841e+000
2281 0 +7.457500645e-002 -1.366854250e+002 -1.366854250e+002 +2.0755e+000 -2.1267e+000
2776 0 +1.175518240e-002 -1.367482448e+002 -1.367482448e+002 +2.0970e+000 -2.1132e+000
3008 0 +6.738303613e-003 -1.367532617e+002 -1.367532617e+002 +2.0901e+000 -2.1108e+000
3777 0 +2.152931349e-003 -1.367578471e+002 -1.367578471e+002 +2.1096e+000 -2.1061e+000
6676 0 +7.679006931e-004 -1.367592321e+002 -1.367592321e+002 +2.1103e+000 -2.1033e+000
6810 0 +3.417814587e-004 -1.367596582e+002 -1.367596582e+002 +2.1026e+000 -2.1045e+000
9676 0 +2.501197121e-004 -1.367597499e+002 -1.367597499e+002 +2.1034e+000 -2.1043e+000
% f evaluations | g evaluations | best noise-free fitness - Fopt (3.667500000000e+002) + sum g_i+ | measured fitness | best measured fitness or single-digit g-values | x1 | x2...
1 0 +5.521515401e+003 +5.888265401e+003 +5.888265401e+003 +0.0000e+000 +0.0000e+000
2 0 +1.584529597e+003 +1.951279597e+003 +1.951279597e+003 +2.8174e+000 -1.2573e+000
7 0 +1.150059160e+003 +1.516809160e+003 +1.516809160e+003 -2.9339e+000 -2.5388e+000
8 0 +2.031500611e+002 +5.699000611e+002 +5.699000611e+002 -2.8235e+000 -2.7229e-001
31 0 +4.949844261e+000 +3.716998443e+002 +3.716998443e+002 -2.4438e+000 -1.5753e+000
40 0 +4.075463782e+000 +3.708254638e+002 +3.708254638e+002 -1.9630e+000 -1.9490e+000
48 0 +3.028958371e+000 +3.697789584e+002 +3.697789584e+002 -1.9867e+000 -8.8719e-001
71 0 +2.614099936e+000 +3.693640999e+002 +3.693640999e+002 -1.0203e+000 -1.5268e+000
416 0 +2.050120028e+000 +3.688001200e+002 +3.688001200e+002 +1.7017e+000 -1.9022e+000
455 0 +1.117371350e+000 +3.678673714e+002 +3.678673714e+002 -1.0472e+000 -2.3625e+000
643 0 +6.359670500e-001 +3.673859671e+002 +3.673859671e+002 -2.1037e+000 -9.7438e-001
649 0 +5.980590457e-001 +3.673480590e+002 +3.673480590e+002 -2.2276e+000 -2.1042e+000
819 0 +2.658665263e-001 +3.670158665e+002 +3.670158665e+002 -2.2068e+000 -2.0845e+000
1032 0 +2.367743951e-001 +3.669867744e+002 +3.669867744e+002 -2.1684e+000 -2.0656e+000
1649 0 +3.895031788e-002 +3.667889503e+002 +3.667889503e+002 -2.1175e+000 -2.1134e+000
3350 0 +3.632156813e-003 +3.667536322e+002 +3.667536322e+002 -2.0932e+000 -2.1069e+000
6540 0 +3.524660882e-003 +3.667535247e+002 +3.667535247e+002 -2.0999e+000 -2.1095e+000
8445 0 +1.468554155e-003 +3.667514686e+002 +3.667514686e+002 -2.1059e+000 -2.1070e+000
% f evaluations | g evaluations | best noise-free fitness - Fopt (-2.486900000000e+002) + sum g_i+ | measured fitness | best measured fitness or single-digit g-values | x1 | x2...
1 0 +5.521515401e+003 +5.272825401e+003 +5.272825401e+003 +0.0000e+000 +0.0000e+000
8 0 +3.517716614e+000 -2.451722834e+002 -2.451722834e+002 -1.9356e+000 -3.1149e+000
12 0 +3.283763142e+000 -2.454062369e+002 -2.454062369e+002 +1.0855e+000 -1.6968e+000
90 0 +1.921451902e+000 -2.467685481e+002 -2.467685481e+002 +2.0625e+000 -1.0510e+000
368 0 +7.983205120e-001 -2.478916795e+002 -2.478916795e+002 +1.9212e+000 -2.1428e+000
525 0 +5.385683015e-001 -2.481514317e+002 -2.481514317e+002 +2.1758e+000 -2.1280e+000
529 0 +4.551514645e-001 -2.482348485e+002 -2.482348485e+002 +1.9725e+000 -2.1264e+000
1407 0 +1.385849589e-001 -2.485514150e+002 -2.485514150e+002 +2.0307e+000 -2.1203e+000
2474 0 +3.163155324e-002 -2.486583684e+002 -2.486583684e+002 +2.0771e+000 -2.1048e+000
4614 0 +2.821445344e-002 -2.486617855e+002 -2.486617855e+002 +2.0725e+000 -2.1157e+000
8395 0 +1.852268667e-002 -2.486714773e+002 -2.486714773e+002 +2.0778e+000 -2.1110e+000
8595 0 +1.465384928e-002 -2.486753462e+002 -2.486753462e+002 +2.0845e+000 -2.1058e+000
8705 0 +1.398363162e-002 -2.486760164e+002 -2.486760164e+002 +2.0834e+000 -2.1071e+000
8787 0 +6.136768538e-003 -2.486838632e+002 -2.486838632e+002 +2.1072e+000 -2.1091e+000
% f evaluations | g evaluations | best noise-free fitness - Fopt (-6.786000000000e+001) + sum g_i+ | measured fitness | best measured fitness or single-digit g-values | x1 | x2...
1 0 +5.521515401e+003 +5.453655401e+003 +5.453655401e+003 +0.0000e+000 +0.0000e+000
6 0 +2.250881602e+003 +2.183021602e+003 +2.183021602e+003 -4.8223e+000 +1.6967e+000
12 0 +4.788284013e+000 -6.307171599e+001 -6.307171599e+001 +9.5798e-001 +2.3079e+000
18 0 +4.373957902e+000 -6.348604210e+001 -6.348604210e+001 -6.4138e-001 +1.6361e+000
35 0 +3.734708253e+000 -6.412529175e+001 -6.412529175e+001 -8.2633e-001 +1.8820e+000
40 0 +3.010813723e+000 -6.484918628e+001 -6.484918628e+001 +1.1908e+000 +1.7854e+000
81 0 +2.635635568e+000 -6.522436443e+001 -6.522436443e+001 +1.4344e+000 +2.0850e+000
222 0 +1.224100404e+000 -6.663589960e+001 -6.663589960e+001 -2.0239e+000 +9.3724e-001
751 0 +1.256797921e-001 -6.773432021e+001 -6.773432021e+001 -2.1442e+000 +2.0764e+000
2528 0 +1.093688735e-001 -6.775063113e+001 -6.775063113e+001 -2.1610e+000 +2.1017e+000
3244 0 +9.824306782e-002 -6.776175693e+001 -6.776175693e+001 -2.1624e+000 +2.0828e+000
4250 0 +8.535589286e-002 -6.777464411e+001 -6.777464411e+001 -2.1616e+000 +2.0866e+000
4358 0 +7.935943406e-002 -6.778064057e+001 -6.778064057e+001 -2.1542e+000 +2.0841e+000
4601 0 +3.346719247e-002 -6.782653281e+001 -6.782653281e+001 -2.1325e+000 +2.0904e+000
5011 0 +9.375988846e-003 -6.785062401e+001 -6.785062401e+001 -2.1224e+000 +2.0979e+000
9195 0 +8.246247498e-003 -6.785175375e+001 -6.785175375e+001 -2.1122e+000 +2.1082e+000
9528 0 +3.232011598e-003 -6.785676799e+001 -6.785676799e+001 -2.1156e+000 +2.1032e+000
% f evaluations | g evaluations | best noise-free fitness - Fopt (-2.329000000000e+001) + sum g_i+ | measured fitness | best measured fitness or single-digit g-values | x1 | x2...
1 0 +5.521515401e+003 +5.498225401e+003 +5.498225401e+003 +0.0000e+000 +0.0000e+000
9 0 +2.601675374e+002 +2.368775374e+002 +2.368775374e+002 -3.2972e+000 +2.8432e+000
18 0 +1.963271239e+001 -3.657287609e+000 -3.657287609e+000 -2.7137e+000 +3.0257e+000
21 0 +4.040431112e+000 -1.924956889e+001 -1.924956889e+001 -5.0617e-001 +2.3338e+000
23 0 +2.648826106e+000 -2.064117389e+001 -2.064117389e+001 +2.1193e+000 +1.6490e+000
213 0 +2.551876591e+000 -2.073812341e+001 -2.073812341e+001 +1.1609e+000 +1.2374e+000
326 0 +1.847459587e+000 -2.144254041e+001 -2.144254041e+001 -1.3723e+000 +1.8020e+000
646 0 +1.115344137e+000 -2.217465586e+001 -2.217465586e+001 +1.9849e+000 +9.6452e-001
1049 0 +1.658418723e-001 -2.312415813e+001 -2.312415813e+001 +2.0834e+000 +2.1350e+000
1629 0 +7.570543226e-002 -2.321429457e+001 -2.321429457e+001 +2.1596e+000 +2.0906e+000
2429 0 +5.229659264e-002 -2.323770341e+001 -2.323770341e+001 +2.1171e+000 +2.1157e+000
3051 0 +1.999161181e-002 -2.327000839e+001 -2.327000839e+001 +2.1178e+000 +2.0937e+000
3453 0 +1.204728086e-003 -2.328879527e+001 -2.328879527e+001 +2.1115e+000 +2.1026e+000
5837 0 +6.141258999e-004 -2.328938587e+001 -2.328938587e+001 +2.1009e+000 +2.1049e+000
6637 0 +4.832665373e-004 -2.328951673e+001 -2.328951673e+001 +2.1019e+000 +2.1045e+000
6869 0 +4.549121421e-004 -2.328954509e+001 -2.328954509e+001 +2.1043e+000 +2.1063e+000
7237 0 +3.952768174e-004 -2.328960472e+001 -2.328960472e+001 +2.1082e+000 +2.1033e+000
7737 0 +2.301946822e-004 -2.328976981e+001 -2.328976981e+001 +2.1020e+000 +2.1058e+000
7837 0 +4.681605279e-006 -2.328999532e+001 -2.328999532e+001 +2.1046e+000 +2.1048e+000
% f evaluations | g evaluations | best noise-free fitness - Fopt (-1.028000000000e+001) + sum g_i+ | measured fitness | best measured fitness or single-digit g-values | x1 | x2...
1 0 +5.521515401e+003 +5.511235401e+003 +5.511235401e+003 +0.0000e+000 +0.0000e+000
2 0 +2.974403331e+002 +2.871603331e+002 +2.871603331e+002 -3.3514e+000 +3.2340e+000
3 0 +3.810215845e+000 -6.469784155e+000 -6.469784155e+000 +9.0601e-001 +1.4731e+000
101 0 +3.318154354e+000 -6.961845646e+000 -6.961845646e+000 +1.0616e+000 +1.3136e+000
139 0 +3.244125083e+000 -7.035874917e+000 -7.035874917e+000 -8.6284e-001 +2.8999e+000
217 0 +3.133842300e+000 -7.146157700e+000 -7.146157700e+000 +2.7111e-001 +2.4868e+000
301 0 +2.332290503e+000 -7.947709497e+000 -7.947709497e+000 +1.9845e+000 +1.4237e+000
508 0 +2.034777855e+000 -8.245222145e+000 -8.245222145e+000 +2.1714e+000 +1.5011e+000
540 0 +2.248848475e-001 -1.005511515e+001 -1.005511515e+001 +2.1271e+000 +2.1284e+000
2309 0 +1.576211948e-001 -1.012237881e+001 -1.012237881e+001 +2.0588e+000 +2.1367e+000
2402 0 +6.106360243e-002 -1.021893640e+001 -1.021893640e+001 +2.1119e+000 +2.0876e+000
4412 0 +1.281344252e-002 -1.026718656e+001 -1.026718656e+001 +2.1270e+000 +2.1006e+000
5177 0 +7.217978913e-003 -1.027278202e+001 -1.027278202e+001 +2.1017e+000 +2.1004e+000
5312 0 +2.458899879e-003 -1.027754110e+001 -1.027754110e+001 +2.0959e+000 +2.1058e+000
9799 0 +8.731528589e-004 -1.027912685e+001 -1.027912685e+001 +2.1001e+000 +2.1071e+000
% f evaluations | g evaluations | best noise-free fitness - Fopt (1.799700000000e+002) + sum g_i+ | measured fitness | best measured fitness or single-digit g-values | x1 | x2...
1 0 +5.521515401e+003 +5.701485401e+003 +5.701485401e+003 +0.0000e+000 +0.0000e+000
4 0 +1.562733905e+003 +1.742703905e+003 +1.742703905e+003 +3.5186e+000 +4.1689e+000
8 0 +5.265996492e+000 +1.852359965e+002 +1.852359965e+002 -1.5903e+000 +7.9535e-001
28 0 +2.292414847e+000 +1.822624148e+002 +1.822624148e+002 +1.6251e+000 +2.7289e+000
84 0 +1.975682316e+000 +1.819456823e+002 +1.819456823e+002 -8.5521e-001 +2.3822e+000
346 0 +1.487637582e+000 +1.814576376e+002 +1.814576376e+002 -2.0425e+000 +1.8123e+000
883 0 +5.930027989e-001 +1.805630028e+002 +1.805630028e+002 -1.9465e+000 +2.1439e+000
1931 0 +1.096412495e-001 +1.800796412e+002 +1.800796412e+002 -2.0390e+000 +2.1187e+000
2431 0 +1.907888032e-002 +1.799890789e+002 +1.799890789e+002 -2.1163e+000 +2.0941e+000
2931 0 +1.261923618e-002 +1.799826192e+002 +1.799826192e+002 -2.0965e+000 +2.1003e+000
4025 0 +9.149546635e-003 +1.799791495e+002 +1.799791495e+002 -2.1191e+000 +2.1053e+000
4084 0 +7.447714503e-003 +1.799774477e+002 +1.799774477e+002 -2.1189e+000 +2.0982e+000
4525 0 +2.914731302e-003 +1.799729147e+002 +1.799729147e+002 -2.1099e+000 +2.1066e+000
4725 0 +2.623080588e-003 +1.799726231e+002 +1.799726231e+002 -2.0982e+000 +2.1089e+000
4825 0 +1.873852610e-003 +1.799718739e+002 +1.799718739e+002 -2.1034e+000 +2.1079e+000
6424 0 +5.074302569e-004 +1.799705074e+002 +1.799705074e+002 -2.1005e+000 +2.1055e+000
8107 0 +4.840676275e-004 +1.799704841e+002 +1.799704841e+002 -2.1005e+000 +2.1061e+000
8831 0 +5.046406480e-005 +1.799700505e+002 +1.799700505e+002 -2.1058e+000 +2.1049e+000
9131 0 +3.845994763e-005 +1.799700385e+002 +1.799700385e+002 -2.1045e+000 +2.1053e+000
% f evaluations | g evaluations | best noise-free fitness - Fopt (8.376000000000e+001) + sum g_i+ | measured fitness | best measured fitness or single-digit g-values | x1 | x2...
1 0 +5.521515401e+003 +5.605275401e+003 +5.605275401e+003 +0.0000e+000 +0.0000e+000
2 0 +6.736902259e+001 +1.511290226e+002 +1.511290226e+002 +2.9023e+000 +1.9552e+000
15 0 +4.128948261e+001 +1.250494826e+002 +1.250494826e+002 -2.7946e+000 +1.5362e+000
34 0 +4.192776327e+000 +8.795277633e+001 +8.795277633e+001 -6.2512e-001 +1.6084e+000
67 0 +3.838988322e+000 +8.759898832e+001 +8.759898832e+001 +1.5442e+000 +1.6219e+000
121 0 +2.077871587e+000 +8.583787159e+001 +8.583787159e+001 -2.1349e+000 +2.1952e+000
202 0 +1.245155868e+000 +8.500515587e+001 +8.500515587e+001 -1.9397e+000 +1.0088e+000
479 0 +9.960915142e-001 +8.475609151e+001 +8.475609151e+001 -2.2311e+000 +9.2297e-001
859 0 +5.508529009e-001 +8.431085290e+001 +8.431085290e+001 -2.0268e+000 +2.0837e+000
970 0 +4.926920848e-001 +8.425269208e+001 +8.425269208e+001 -2.0948e+000 +2.1521e+000
1266 0 +6.038196659e-002 +8.382038197e+001 +8.382038197e+001 -2.0609e+000 +2.1227e+000
1586 0 +4.117076519e-002 +8.380117077e+001 +8.380117077e+001 -2.0648e+000 +2.1168e+000
3366 0 +1.717987338e-002 +8.377717987e+001 +8.377717987e+001 -2.1217e+000 +2.0943e+000
5608 0 +4.455927012e-003 +8.376445593e+001 +8.376445593e+001 -2.0921e+000 +2.1092e+000
10033 0 +4.033531763e-003 +8.376403353e+001 +8.376403353e+001 -2.1134e+000 +2.0998e+000
10061 0 +2.532214613e-003 +8.376253221e+001 +8.376253221e+001 -2.0948e+000 +2.1071e+000
% f evaluations | g evaluations | best noise-free fitness - Fopt (-3.890100000000e+002) + sum g_i+ | measured fitness | best measured fitness or single-digit g-values | x1 | x2...
1 0 +5.521515401e+003 +5.132505401e+003 +5.132505401e+003 +0.0000e+000 +0.0000e+000
5 0 +5.136422477e+003 +4.747412477e+003 +4.747412477e+003 -4.2247e+000 +8.7310e-001
8 0 +1.906537297e+003 +1.517527297e+003 +1.517527297e+003 +4.6038e+000 -2.1408e+000
9 0 +1.439515310e+003 +1.050505310e+003 +1.050505310e+003 -3.8372e+000 +2.0873e-001
19 0 +2.643192158e+000 -3.863668078e+002 -3.863668078e+002 -1.1736e+000 -2.2715e+000
56 0 +1.647074058e+000 -3.873629259e+002 -3.873629259e+002 -2.1995e+000 -8.7772e-001
216 0 +3.979252522e-001 -3.886120747e+002 -3.886120747e+002 -2.0400e+000 -2.0864e+000
1839 0 +2.534165564e-001 -3.887565834e+002 -3.887565834e+002 -2.0131e+000 -2.1142e+000
2458 0 +1.651020880e-001 -3.888448979e+002 -3.888448979e+002 -2.0645e+000 -2.1372e+000
2806 0 +1.574344598e-002 -3.889942566e+002 -3.889942566e+002 -2.0894e+000 -2.1025e+000
3706 0 +1.278530541e-002 -3.889972147e+002 -3.889972147e+002 -2.0851e+000 -2.1132e+000
4966 0 +3.067621149e-003 -3.890069324e+002 -3.890069324e+002 -2.1060e+000 -2.1080e+000
6548 0 +2.655383491e-003 -3.890073446e+002 -3.890073446e+002 -2.0963e+000 -2.1052e+000
7363 0 +1.603456824e-003 -3.890083965e+002 -3.890083965e+002 -2.1112e+000 -2.1017e+000
8303 0 +3.350127483e-004 -3.890096650e+002 -3.890096650e+002 -2.1059e+000 -2.1057e+000
% f evaluations | g evaluations | best noise-free fitness - Fopt (-1.455800000000e+002) + sum g_i+ | measured fitness | best measured fitness or single-digit g-values | x1 | x2...
1 0 +5.521515401e+003 +5.375935401e+003 +5.375935401e+003 +0.0000e+000 +0.0000e+000
9 0 +5.114058213e+003 +4.968478213e+003 +4.968478213e+003 -1.3744e+000 -4.2298e+000
10 0 +2.391313814e+003 +2.245733814e+003 +2.245733814e+003 -4.9425e+000 -3.4021e+000
11 0 +3.147456341e+002 +1.691656341e+002 +1.691656341e+002 +3.3841e+000 -3.0572e-001
25 0 +1.058059895e+001 -1.349994011e+002 -1.349994011e+002 -2.0885e+000 -1.6570e+000
35 0 +6.047170691e+000 -1.395328293e+002 -1.395328293e+002 -2.0348e-001 -1.3831e+000
45 0 +4.581017801e+000 -1.409989822e+002 -1.409989822e+002 -8.5505e-001 -2.1590e+000
56 0 +2.733172079e+000 -1.428468279e+002 -1.428468279e+002 +1.8669e-001 -1.4479e+000
63 0 +2.281631961e+000 -1.432983680e+002 -1.432983680e+002 +2.2396e+000 -8.5262e-001
375 0 +1.491956107e+000 -1.440880439e+002 -1.440880439e+002 +2.0902e+000 -1.2407e+000
457 0 +1.414441413e+000 -1.441655586e+002 -1.441655586e+002 +1.9690e+000 -9.5562e-001
469 0 +1.087812385e+000 -1.444921876e+002 -1.444921876e+002 +2.1433e+000 -9.0795e-001
643 0 +8.267463339e-001 -1.447532537e+002 -1.447532537e+002 +2.1417e+000 -9.8029e-001
1611 0 +6.170551362e-001 -1.449629449e+002 -1.449629449e+002 +2.1170e+000 -9.4873e-001
1638 0 +5.647904794e-001 -1.450152095e+002 -1.450152095e+002 +2.2524e+000 -2.0793e+000
1904 0 +3.358847833e-001 -1.452441152e+002 -1.452441152e+002 +2.0061e+000 -2.1491e+000
2275 0 +1.245308578e-001 -1.454554691e+002 -1.454554691e+002 +2.0469e+000 -2.1066e+000
3881 0 +4.739738574e-002 -1.455326026e+002 -1.455326026e+002 +2.0614e+000 -2.1161e+000
5615 0 +4.217264635e-002 -1.455378274e+002 -1.455378274e+002 +2.1388e+000 -2.1035e+000
6115 0 +1.862071332e-002 -1.455613793e+002 -1.455613793e+002 +2.0783e+000 -2.1134e+000
7617 0 +1.344255123e-002 -1.455665574e+002 -1.455665574e+002 +2.1216e+000 -2.0956e+000
7957 0 +3.688997019e-003 -1.455763110e+002 -1.455763110e+002 +2.1088e+000 -2.1002e+000
9212 0 +3.420039665e-003 -1.455765800e+002 -1.455765800e+002 +2.0978e+000 -2.1095e+000
