% f evaluations | g evaluations | best noise-free fitness - Fopt (7.948000000000e+001) + sum g_i+ | measured fitness | best measured fitness or single-digit g-values | x1 | x2...
1 0 +1.926270080e+000 +8.140627008e+001 +8.140627008e+001 +0.0000e+000 +0.0000e+000 +0.0000e+000
6 0 +1.318006189e+000 +8.079800619e+001 +8.079800619e+001 -5.0720e-001 -3.4916e-001 -1.0209e+000
11 0 +9.214474532e-001 +8.040144745e+001 +8.040144745e+001 -2.2142e-001 -3.2266e-001 -7.5194e-001
242 0 +2.357389781e-001 +7.971573898e+001 +7.971573898e+001 +1.4364e-001 -1.5925e+000 -5.3962e-001
486 0 +8.508652754e-002 +7.956508653e+001 +7.956508653e+001 +1.6893e-001 -1.4361e+000 -7.3099e-001
736 0 +1.937865129e-002 +7.949937865e+001 +7.949937865e+001 +2.9056e-001 -1.0396e+000 -6.5912e-001
1036 0 +1.340229033e-002 +7.949340229e+001 +7.949340229e+001 +2.2106e-001 -1.2651e+000 -6.9838e-001
1386 0 +9.775198954e-003 +7.948977520e+001 +7.948977520e+001 +2.8334e-001 -1.0914e+000 -6.5645e-001
1522 0 +7.086345587e-004 +7.948070863e+001 +7.948070863e+001 +2.5457e-001 -1.1503e+000 -7.4976e-001
3772 0 +2.192858360e-004 +7.948021929e+001 +7.948021929e+001 +2.4097e-001 -1.1539e+000 -7.3243e-001
5046 0 +7.319199072e-005 +7.948007319e+001 +7.948007319e+001 +2.5240e-001 -1.1608e+000 -7.1644e-001
6616 0 +1.440758301e-005 +7.948001441e+001 +7.948001441e+001 +2.5122e-001 -1.1581e+000 -7.2081e-001
7182 0 +6.181127347e-006 +7.948000618e+001 +7.948000618e+001 +2.5375e-001 -1.1548e+000 -7.2519e-001
7246 0 +6.057654559e-006 +7.948000606e+001 +7.948000606e+001 +2.5210e-001 -1.1545e+000 -7.2439e-001
9484 0 +2.444025711e-006 +7.948000244e+001 +7.948000244e+001 +2.5375e-001 -1.1556e+000 -7.2413e-001
10084 0 +2.391448106e-006 +7.948000239e+001 +7.948000239e+001 +2.5343e-001 -1.1554e+000 -7.2423e-001
% f evaluations | g evaluations | best noise-free fitness - Fopt (3.944800000000e+002) + sum g_i+ | measured fitness | best measured fitness or single-digit g-values | x1 | x2...
1 0 +3.801018048e+001 +4.324901805e+002 +4.324901805e+002 +0.0000e+000 +0.0000e+000 +0.0000e+000
5 0 +1.155452651e+001 +4.060345265e+002 +4.060345265e+002 -5.4465e-001 -3.2825e+000 -3.4110e+000
13 0 +8.235036260e+000 +4.027150363e+002 +4.027150363e+002 -3.2286e+000 -1.3539e+000 -1.4732e+000
14 0 +3.258699145e+000 +3.977386991e+002 +3.977386991e+002 -2.6530e+000 -1.9048e+000 -2.9442e+000
40 0 +2.526776911e+000 +3.970067769e+002 +3.970067769e+002 -4.3332e+000 -4.3601e+000 -4.2239e+000
41 0 +1.807344053e+000 +3.962873441e+002 +3.962873441e+002 -2.9827e+000 -2.1357e+000 -3.1705e+000
87 0 +6.488123970e-001 +3.951288124e+002 +3.951288124e+002 -3.6186e+000 -3.6209e+000 -3.6103e+000
241 0 +4.548561909e-001 +3.949348562e+002 +3.949348562e+002 -4.3835e+000 -3.3519e+000 -3.7213e+000
478 0 +2.547101487e-001 +3.947347101e+002 +3.947347101e+002 -3.5593e+000 -2.5552e+000 -3.9679e+000
1156 0 +1.363055515e-001 +3.946163056e+002 +3.946163056e+002 -3.8724e+000 -3.2570e+000 -3.8372e+000
1189 0 +1.213904620e-001 +3.946013905e+002 +3.946013905e+002 -4.2024e+000 -3.0118e+000 -3.9218e+000
1330 0 +8.084983188e-002 +3.945608498e+002 +3.945608498e+002 -3.7546e+000 -3.0468e+000 -3.6134e+000
1391 0 +4.710442083e-002 +3.945271044e+002 +3.945271044e+002 -3.9712e+000 -2.7412e+000 -3.9422e+000
1515 0 +4.163988283e-002 +3.945216399e+002 +3.945216399e+002 -4.0645e+000 -2.8301e+000 -3.9045e+000
2127 0 +3.069769747e-002 +3.945106977e+002 +3.945106977e+002 -3.7369e+000 -2.8227e+000 -3.7969e+000
2159 0 +2.311461740e-002 +3.945031146e+002 +3.945031146e+002 -4.0383e+000 -2.9453e+000 -3.8251e+000
2215 0 +2.167173424e-002 +3.945016717e+002 +3.945016717e+002 -4.0147e+000 -2.9112e+000 -3.8902e+000
2659 0 +2.023806328e-002 +3.945002381e+002 +3.945002381e+002 -4.0074e+000 -2.8694e+000 -3.8913e+000
3232 0 +1.717867717e-002 +3.944971787e+002 +3.944971787e+002 -3.9870e+000 -2.8433e+000 -3.8867e+000
4525 0 +1.072016450e-002 +3.944907202e+002 +3.944907202e+002 -3.8759e+000 -2.8853e+000 -3.9033e+000
4712 0 +7.559670338e-003 +3.944875597e+002 +3.944875597e+002 -3.9254e+000 -2.9108e+000 -3.8825e+000
5213 0 +6.740100365e-003 +3.944867401e+002 +3.944867401e+002 -3.9559e+000 -2.8810e+000 -3.8602e+000
5325 0 +3.410054713e-003 +3.944834101e+002 +3.944834101e+002 -3.8970e+000 -2.8936e+000 -3.8607e+000
5520 0 +2.194918183e-003 +3.944821949e+002 +3.944821949e+002 -3.8762e+000 -2.9123e+000 -3.8374e+000
6025 0 +5.616965396e-004 +3.944805617e+002 +3.944805617e+002 -3.9040e+000 -2.8994e+000 -3.8236e+000
% f evaluations | g evaluations | best noise-free fitness - Fopt (-2.471100000000e+002) + sum g_i+ | measured fitness | best measured fitness or single-digit g-values | x1 | x2...
1 0 +1.494689024e+001 -2.321631098e+002 -2.321631098e+002 +0.0000e+000 +0.0000e+000 +0.0000e+000
28 0 +8.719340879e+000 -2.383906591e+002 -2.383906591e+002 -2.6972e+000 -2.5323e+000 -8.4425e-001
32 0 +3.473888780e+000 -2.436361112e+002 -2.436361112e+002 -3.4741e+000 -2.6389e-001 +1.0838e+000
103 0 +1.945587853e+000 -2.451644121e+002 -2.451644121e+002 -2.9281e+000 -8.4300e-001 -3.8510e-001
243 0 +7.580196580e-001 -2.463519803e+002 -2.463519803e+002 -3.1437e+000 -1.5509e-001 -2.4292e-001
271 0 +6.506947191e-001 -2.464593053e+002 -2.464593053e+002 -4.3786e+000 +5.0604e-001 -2.1962e-001
378 0 +2.701801089e-001 -2.468398199e+002 -2.468398199e+002 -3.7438e+000 -1.4970e-001 -3.1350e-001
611 0 +2.290152504e-001 -2.468809847e+002 -2.468809847e+002 -3.6903e+000 -1.3665e-001 -3.7207e-001
736 0 +1.739455726e-001 -2.469360544e+002 -2.469360544e+002 -3.9193e+000 +6.0117e-001 -6.6053e-001
782 0 +1.567192306e-001 -2.469532808e+002 -2.469532808e+002 -3.5161e+000 +2.9307e-001 -4.2862e-001
884 0 +3.672576464e-002 -2.470732742e+002 -2.470732742e+002 -3.7469e+000 +2.8813e-001 -5.2732e-001
948 0 +1.620666916e-002 -2.470937933e+002 -2.470937933e+002 -3.8213e+000 +2.9609e-001 -6.0722e-001
1531 0 +6.366613896e-003 -2.471036334e+002 -2.471036334e+002 -3.7533e+000 +2.3791e-001 -6.3530e-001
2154 0 +6.233938837e-003 -2.471037661e+002 -2.471037661e+002 -3.8055e+000 +2.6470e-001 -7.4021e-001
2284 0 +3.835303469e-003 -2.471061647e+002 -2.471061647e+002 -3.7423e+000 +1.9151e-001 -6.6771e-001
2431 0 +2.544642729e-003 -2.471074554e+002 -2.471074554e+002 -3.8036e+000 +2.5310e-001 -6.8594e-001
2861 0 +1.381669400e-003 -2.471086183e+002 -2.471086183e+002 -3.8106e+000 +2.3662e-001 -7.0197e-001
2873 0 +1.366570669e-003 -2.471086334e+002 -2.471086334e+002 -3.7818e+000 +2.0070e-001 -6.5825e-001
3814 0 +8.742286718e-004 -2.471091258e+002 -2.471091258e+002 -3.8097e+000 +1.9636e-001 -6.6475e-001
5049 0 +7.914495620e-004 -2.471092086e+002 -2.471092086e+002 -3.8245e+000 +1.9755e-001 -6.8232e-001
6997 0 +4.020815746e-005 -2.471099598e+002 -2.471099598e+002 -3.8030e+000 +2.0561e-001 -6.9484e-001
% f evaluations | g evaluations | best noise-free fitness - Fopt (-1.520400000000e+002) + sum g_i+ | measured fitness | best measured fitness or single-digit g-values | x1 | x2...
1 0 +1.750322688e+001 -1.345367731e+002 -1.345367731e+002 +0.0000e+000 +0.0000e+000 +0.0000e+000
2 0 +6.006427281e+000 -1.460335727e+002 -1.460335727e+002 -1.5287e+000 -6.6292e-001 -4.1694e+000
17 0 +5.145475019e+000 -1.468945250e+002 -1.468945250e+002 +1.5640e+000 +1.1922e+000 -2.6063e+000
22 0 +3.335540259e+000 -1.487044597e+002 -1.487044597e+002 -2.6172e-001 +3.2436e+000 -3.7679e+000
26 0 +2.337265930e+000 -1.497027341e+002 -1.497027341e+002 -5.9663e-001 +2.6026e+000 -4.8411e+000
148 0 +1.994818589e+000 -1.500451814e+002 -1.500451814e+002 -1.1820e+000 +1.4681e+000 -5.0000e+000
151 0 +1.352312009e+000 -1.506876880e+002 -1.506876880e+002 -2.1239e-001 +9.8439e-001 -5.0000e+000
259 0 +1.274832722e+000 -1.507651673e+002 -1.507651673e+002 +4.4373e-002 +1.5713e+000 -5.0000e+000
313 0 +3.835032851e-001 -1.516564967e+002 -1.516564967e+002 -4.5460e-001 +1.6126e+000 -3.3655e+000
786 0 +1.911091568e-001 -1.518488908e+002 -1.518488908e+002 -1.7738e-001 +1.4062e+000 -3.4973e+000
945 0 +1.368960386e-001 -1.519031040e+002 -1.519031040e+002 -3.3962e-001 +1.6880e+000 -4.1737e+000
1012 0 +1.611024095e-002 -1.520238898e+002 -1.520238898e+002 -3.8657e-001 +1.4407e+000 -3.9646e+000
1784 0 +1.422287995e-002 -1.520257771e+002 -1.520257771e+002 -2.0436e-001 +1.3293e+000 -3.8887e+000
1855 0 +6.921701458e-003 -1.520330783e+002 -1.520330783e+002 -3.2514e-001 +1.3645e+000 -3.9202e+000
2399 0 +5.572551521e-003 -1.520344274e+002 -1.520344274e+002 -3.1799e-001 +1.3709e+000 -3.9378e+000
2985 0 +3.454104542e-003 -1.520365459e+002 -1.520365459e+002 -2.2494e-001 +1.4255e+000 -3.8840e+000
3185 0 +1.346982420e-003 -1.520386530e+002 -1.520386530e+002 -2.7796e-001 +1.3914e+000 -3.9379e+000
4046 0 +3.564252219e-004 -1.520396436e+002 -1.520396436e+002 -2.6112e-001 +1.4090e+000 -3.9345e+000
4799 0 +2.877418323e-004 -1.520397123e+002 -1.520397123e+002 -2.6825e-001 +1.4237e+000 -3.9417e+000
5622 0 +2.053931379e-004 -1.520397946e+002 -1.520397946e+002 -2.6059e-001 +1.4225e+000 -3.9374e+000
6947 0 +6.279213792e-005 -1.520399372e+002 -1.520399372e+002 -2.6040e-001 +1.4263e+000 -3.9282e+000
8506 0 +4.658231489e-005 -1.520399534e+002 -1.520399534e+002 -2.6114e-001 +1.4228e+000 -3.9277e+000
10006 0 +2.650699798e-005 -1.520399735e+002 -1.520399735e+002 -2.6247e-001 +1.4223e+000 -3.9237e+000
% f evaluations | g evaluations | best noise-free fitness - Fopt (-2.525000000000e+001) + sum g_i+ | measured fitness | best measured fitness or single-digit g-values | x1 | x2...
1 0 +1.548831296e+001 -9.761687040e+000 -9.761687040e+000 +0.0000e+000 +0.0000e+000 +0.0000e+000
2 0 +1.341239420e+001 -1.183760580e+001 -1.183760580e+001 +4.5955e+000 -2.8520e+000 -8.8354e-001
8 0 +7.298270263e+000 -1.795172974e+001 -1.795172974e+001 +4.3404e+000 -1.2463e-001 -3.9104e+000
18 0 +2.708518250e+000 -2.254148175e+001 -2.254148175e+001 +2.0851e+000 +8.9741e-001 -1.9702e+000
30 0 +1.334502123e+000 -2.391549788e+001 -2.391549788e+001 +2.7529e+000 +1.1911e+000 -8.8925e-001
64 0 +7.628714097e-001 -2.448712859e+001 -2.448712859e+001 +3.1227e+000 +1.3429e+000 -1.5638e+000
67 0 +5.766890004e-001 -2.467331100e+001 -2.467331100e+001 +3.2144e+000 -2.3683e-003 -1.5226e+000
252 0 +3.918490839e-001 -2.485815092e+001 -2.485815092e+001 +3.3783e+000 +8.6396e-002 -1.2347e+000
458 0 +1.716206269e-001 -2.507837937e+001 -2.507837937e+001 +3.2074e+000 +6.8109e-001 -1.3595e+000
803 0 +1.451505323e-001 -2.510484947e+001 -2.510484947e+001 +3.7611e+000 +9.7649e-001 -1.3371e+000
941 0 +3.870343004e-002 -2.521129657e+001 -2.521129657e+001 +3.4679e+000 +6.3916e-001 -1.2903e+000
1642 0 +1.986093638e-002 -2.523013906e+001 -2.523013906e+001 +3.5128e+000 +5.4818e-001 -1.3772e+000
2427 0 +1.092592352e-002 -2.523907408e+001 -2.523907408e+001 +3.5139e+000 +6.6038e-001 -1.4355e+000
3112 0 +8.716216268e-003 -2.524128378e+001 -2.524128378e+001 +3.5646e+000 +6.9881e-001 -1.3748e+000
3226 0 +5.747658266e-003 -2.524425234e+001 -2.524425234e+001 +3.6048e+000 +7.0653e-001 -1.4454e+000
3382 0 +4.116353760e-003 -2.524588365e+001 -2.524588365e+001 +3.5884e+000 +6.9114e-001 -1.4393e+000
4308 0 +3.895537604e-003 -2.524610446e+001 -2.524610446e+001 +3.5624e+000 +6.6735e-001 -1.4090e+000
4410 0 +1.137444621e-003 -2.524886256e+001 -2.524886256e+001 +3.5815e+000 +6.4145e-001 -1.4179e+000
4421 0 +7.417127682e-004 -2.524925829e+001 -2.524925829e+001 +3.5895e+000 +6.2582e-001 -1.4276e+000
6417 0 +1.131326033e-004 -2.524988687e+001 -2.524988687e+001 +3.6097e+000 +6.4443e-001 -1.4191e+000
7106 0 +9.646573995e-005 -2.524990353e+001 -2.524990353e+001 +3.6061e+000 +6.3002e-001 -1.4214e+000
7917 0 +8.532631898e-005 -2.524991467e+001 -2.524991467e+001 +3.6110e+000 +6.4266e-001 -1.4258e+000
7934 0 +6.601749965e-005 -2.524993398e+001 -2.524993398e+001 +3.6065e+000 +6.3428e-001 -1.4199e+000
8157 0 +2.208882130e-005 -2.524997791e+001 -2.524997791e+001 +3.6106e+000 +6.3456e-001 -1.4190e+000
9706 0 +1.253983859e-005 -2.524998746e+001 -2.524998746e+001 +3.6125e+000 +6.3599e-001 -1.4245e+000
% f evaluations | g evaluations | best noise-free fitness - Fopt (1.830100000000e+002) + sum g_i+ | measured fitness | best measured fitness or single-digit g-values | x1 | x2...
1 0 +2.232625024e+001 +2.053362502e+002 +2.053362502e+002 +0.0000e+000 +0.0000e+000 +0.0000e+000
3 0 +1.752240926e+001 +2.005324093e+002 +2.005324093e+002 +1.6299e+000 +1.8478e+000 -1.5237e+000
14 0 +1.121611864e+001 +1.942261186e+002 +1.942261186e+002 -4.9327e+000 +1.6026e+000 -1.7831e+000
16 0 +1.008698152e+001 +1.930969815e+002 +1.930969815e+002 -3.3587e-001 +2.7400e+000 -2.6075e-001
26 0 +6.911633782e+000 +1.899216338e+002 +1.899216338e+002 -3.2209e+000 +3.3281e+000 -4.6789e-001
37 0 +3.061616527e+000 +1.860716165e+002 +1.860716165e+002 -1.5161e+000 +1.6894e+000 -3.6757e+000
51 0 +2.866530439e+000 +1.858765304e+002 +1.858765304e+002 -1.0519e+000 +2.7979e+000 -1.5878e+000
226 0 +2.775007612e+000 +1.857850076e+002 +1.857850076e+002 -1.6334e+000 +3.0681e+000 -1.2642e+000
319 0 +1.136892761e+000 +1.841468928e+002 +1.841468928e+002 -1.1037e+000 +3.1326e+000 -2.5866e+000
373 0 +3.594107225e-001 +1.833694107e+002 +1.833694107e+002 -2.4126e+000 +3.5923e+000 -3.0611e+000
468 0 +1.593911343e-001 +1.831693911e+002 +1.831693911e+002 -1.8650e+000 +3.3628e+000 -2.9883e+000
774 0 +8.722308495e-002 +1.830972231e+002 +1.830972231e+002 -2.2372e+000 +2.8444e+000 -2.9521e+000
871 0 +1.989119307e-002 +1.830298912e+002 +1.830298912e+002 -2.2616e+000 +3.0477e+000 -2.8196e+000
1132 0 +1.040976194e-003 +1.830110410e+002 +1.830110410e+002 -2.1243e+000 +3.1214e+000 -2.8760e+000
2778 0 +4.691113733e-004 +1.830104691e+002 +1.830104691e+002 -2.1309e+000 +3.1229e+000 -2.8445e+000
2978 0 +3.975031056e-004 +1.830103975e+002 +1.830103975e+002 -2.1169e+000 +3.1086e+000 -2.8498e+000
4071 0 +1.030331102e-004 +1.830101030e+002 +1.830101030e+002 -2.1389e+000 +3.0948e+000 -2.8569e+000
5415 0 +5.810021077e-005 +1.830100581e+002 +1.830100581e+002 -2.1348e+000 +3.0989e+000 -2.8582e+000
5960 0 +4.992256777e-005 +1.830100499e+002 +1.830100499e+002 -2.1330e+000 +3.1068e+000 -2.8573e+000
8497 0 +3.409873887e-005 +1.830100341e+002 +1.830100341e+002 -2.1369e+000 +3.1058e+000 -2.8572e+000
9742 0 +9.152652069e-006 +1.830100092e+002 +1.830100092e+002 -2.1385e+000 +3.1029e+000 -2.8537e+000
% f evaluations | g evaluations | best noise-free fitness - Fopt (1.835200000000e+002) + sum g_i+ | measured fitness | best measured fitness or single-digit g-values | x1 | x2...
1 0 +2.098610048e+001 +2.045061005e+002 +2.045061005e+002 +0.0000e+000 +0.0000e+000 +0.0000e+000
11 0 +1.636831064e+001 +1.998883106e+002 +1.998883106e+002 +2.8928e+000 -2.5615e+000 +1.0892e-001
13 0 +1.935695539e+000 +1.854556955e+002 +1.854556955e+002 +5.5962e-001 -4.7941e+000 -3.2678e+000
234 0 +1.352459573e+000 +1.848724596e+002 +1.848724596e+002 +2.3608e-001 -4.8710e+000 -1.6845e+000
250 0 +1.282487794e+000 +1.848024878e+002 +1.848024878e+002 -1.0128e+000 -3.5589e+000 -1.9426e+000
417 0 +1.189013456e+000 +1.847090135e+002 +1.847090135e+002 +6.3552e-002 -2.9043e+000 -2.6595e+000
434 0 +8.774055190e-001 +1.843974055e+002 +1.843974055e+002 -2.3576e-002 -4.8592e+000 -2.1460e+000
436 0 +7.997789132e-001 +1.843197789e+002 +1.843197789e+002 -4.7312e-001 -3.2937e+000 -1.9146e+000
620 0 +5.174094664e-001 +1.840374095e+002 +1.840374095e+002 -3.6260e-001 -3.3524e+000 -2.1022e+000
845 0 +5.040667209e-001 +1.840240667e+002 +1.840240667e+002 -1.0990e-001 -3.2709e+000 -2.1189e+000
914 0 +4.834490030e-001 +1.840034490e+002 +1.840034490e+002 -4.8740e-001 -4.3839e+000 -2.0682e+000
1070 0 +3.494084537e-001 +1.838694085e+002 +1.838694085e+002 +5.4207e-001 -4.0122e+000 -2.1710e+000
1335 0 +2.139459401e-001 +1.837339459e+002 +1.837339459e+002 -3.2458e-001 -4.2905e+000 -2.3554e+000
1470 0 +6.160739667e-003 +1.835261607e+002 +1.835261607e+002 -5.7717e-002 -4.0072e+000 -2.3109e+000
2041 0 +4.188081098e-003 +1.835241881e+002 +1.835241881e+002 -7.5400e-002 -3.9683e+000 -2.3103e+000
3435 0 +1.589668493e-004 +1.835201590e+002 +1.835201590e+002 -9.0464e-003 -3.9410e+000 -2.3334e+000
5639 0 +7.874445899e-005 +1.835200787e+002 +1.835200787e+002 -2.7586e-002 -3.9416e+000 -2.3278e+000
6635 0 +3.756493763e-005 +1.835200376e+002 +1.835200376e+002 -1.8456e-002 -3.9370e+000 -2.3318e+000
7920 0 +2.295392216e-005 +1.835200230e+002 +1.835200230e+002 -1.8579e-002 -3.9383e+000 -2.3327e+000
8520 0 +2.659355800e-006 +1.835200027e+002 +1.835200027e+002 -2.1981e-002 -3.9426e+000 -2.3332e+000
9120 0 +1.846557581e-006 +1.835200018e+002 +1.835200018e+002 -2.1364e-002 -3.9418e+000 -2.3331e+000
10009 0 +1.150588247e-006 +1.835200012e+002 +1.835200012e+002 -2.0996e-002 -3.9416e+000 -2.3335e+000
% f evaluations | g evaluations | best noise-free fitness - Fopt (-5.938400000000e+002) + sum g_i+ | measured fitness | best measured fitness or single-digit g-values | x1 | x2...
1 0 +6.938939520e+000 -5.869010605e+002 -5.869010605e+002 +0.0000e+000 +0.0000e+000 +0.0000e+000
3 0 +6.793026588e-001 -5.931606973e+002 -5.931606973e+002 -2.2788e+000 +3.2509e-001 -1.6388e-001
99 0 +4.312487625e-001 -5.934087512e+002 -5.934087512e+002 -2.5895e+000 +4.9292e-001 +5.0435e-002
352 0 +1.479271198e-001 -5.936920729e+002 -5.936920729e+002 -2.6012e+000 +3.3168e-001 +2.7095e-001
959 0 +5.890465557e-002 -5.937810953e+002 -5.937810953e+002 -2.5568e+000 +1.8532e-001 +3.4733e-001
1141 0 +4.084909803e-002 -5.937991509e+002 -5.937991509e+002 -2.5869e+000 +9.8645e-002 +3.7068e-001
1814 0 +3.754288261e-002 -5.938024571e+002 -5.938024571e+002 -2.6946e+000 +7.5665e-002 +4.2516e-001
1823 0 +1.236715811e-002 -5.938276328e+002 -5.938276328e+002 -2.5573e+000 +2.0492e-001 +5.7372e-001
2005 0 +5.785300241e-003 -5.938342147e+002 -5.938342147e+002 -2.5637e+000 +1.3010e-001 +6.3890e-001
2239 0 +5.475317106e-003 -5.938345247e+002 -5.938345247e+002 -2.5620e+000 +1.3827e-001 +6.3110e-001
2286 0 +2.340022148e-003 -5.938376600e+002 -5.938376600e+002 -2.5811e+000 +4.9590e-002 +5.8611e-001
3834 0 +1.841405140e-003 -5.938381586e+002 -5.938381586e+002 -2.5397e+000 +1.2453e-001 +5.6583e-001
4693 0 +4.673160531e-004 -5.938395327e+002 -5.938395327e+002 -2.5715e+000 +9.5595e-002 +5.5050e-001
5693 0 +3.429707316e-004 -5.938396570e+002 -5.938396570e+002 -2.5857e+000 +9.2914e-002 +5.6300e-001
5914 0 +1.635724086e-004 -5.938398364e+002 -5.938398364e+002 -2.5692e+000 +8.6659e-002 +5.8217e-001
6134 0 +4.639812255e-005 -5.938399536e+002 -5.938399536e+002 -2.5706e+000 +9.3059e-002 +5.6540e-001
8214 0 +3.876078279e-005 -5.938399612e+002 -5.938399612e+002 -2.5731e+000 +8.9794e-002 +5.7434e-001
8769 0 +2.744951439e-005 -5.938399726e+002 -5.938399726e+002 -2.5715e+000 +9.1808e-002 +5.6788e-001
% f evaluations | g evaluations | best noise-free fitness - Fopt (-1.000000000000e+003) + sum g_i+ | measured fitness | best measured fitness or single-digit g-values | x1 | x2...
1 0 +4.421888064e+001 -9.557811194e+002 -9.557811194e+002 +0.0000e+000 +0.0000e+000 +0.0000e+000
2 0 +1.998401532e+001 -9.800159847e+002 -9.800159847e+002 +4.5083e-001 +2.7476e+000 -3.2525e+000
10 0 +1.792415187e+001 -9.820758481e+002 -9.820758481e+002 -2.8649e+000 +3.7747e+000 +2.9678e-001
25 0 +3.278477203e+000 -9.967215228e+002 -9.967215228e+002 -4.1882e+000 +2.5695e+000 -2.5917e+000
235 0 +9.539290355e-001 -9.990460710e+002 -9.990460710e+002 -4.7207e+000 +4.2733e+000 -3.9052e+000
426 0 +4.826232388e-001 -9.995173768e+002 -9.995173768e+002 -3.5936e+000 +3.2195e+000 -3.9603e+000
626 0 +1.456496827e-001 -9.998543503e+002 -9.998543503e+002 -4.1316e+000 +3.6159e+000 -3.9014e+000
888 0 +1.111115005e-001 -9.998888885e+002 -9.998888885e+002 -3.8698e+000 +4.1380e+000 -3.6511e+000
1119 0 +4.203730597e-002 -9.999579627e+002 -9.999579627e+002 -3.7679e+000 +3.8057e+000 -4.0064e+000
1444 0 +2.642785321e-002 -9.999735721e+002 -9.999735721e+002 -3.6907e+000 +3.8031e+000 -3.8481e+000
1478 0 +5.685463601e-003 -9.999943145e+002 -9.999943145e+002 -3.8796e+000 +3.8074e+000 -3.7736e+000
1882 0 +3.801773402e-003 -9.999961982e+002 -9.999961982e+002 -3.8773e+000 +3.8328e+000 -3.8689e+000
2245 0 +3.272305276e-003 -9.999967277e+002 -9.999967277e+002 -3.8914e+000 +3.8493e+000 -3.7909e+000
2429 0 +1.838664696e-003 -9.999981613e+002 -9.999981613e+002 -3.8178e+000 +3.8716e+000 -3.8507e+000
2804 0 +1.321557415e-003 -9.999986784e+002 -9.999986784e+002 -3.8238e+000 +3.8238e+000 -3.8317e+000
2910 0 +5.254400953e-004 -9.999994746e+002 -9.999994746e+002 -3.8324e+000 +3.8637e+000 -3.8386e+000
4510 0 +5.174069593e-004 -9.999994826e+002 -9.999994826e+002 -3.8339e+000 +3.8648e+000 -3.8386e+000
4581 0 +4.142093146e-004 -9.999995858e+002 -9.999995858e+002 -3.8321e+000 +3.8454e+000 -3.8370e+000
5700 0 +2.567659728e-004 -9.999997432e+002 -9.999997432e+002 -3.8401e+000 +3.8547e+000 -3.8372e+000
7026 0 +2.016699607e-004 -9.999997983e+002 -9.999997983e+002 -3.8353e+000 +3.8411e+000 -3.8233e+000
7910 0 +1.798190275e-004 -9.999998202e+002 -9.999998202e+002 -3.8390e+000 +3.8576e+000 -3.8334e+000
% f evaluations | g evaluations | best noise-free fitness - Fopt (-2.531000000000e+001) + sum g_i+ | measured fitness | best measured fitness or single-digit g-values | x1 | x2...
1 0 +2.524051712e+001 -6.948288000e-002 -6.948288000e-002 +0.0000e+000 +0.0000e+000 +0.0000e+000
3 0 +2.269444699e+001 -2.615553007e+000 -2.615553007e+000 +4.6527e+000 +2.2172e+000 -3.5701e+000
4 0 +3.494910386e+000 -2.181508961e+001 -2.181508961e+001 +4.0460e+000 +4.4316e+000 +2.3871e+000
94 0 +2.448357389e-001 -2.506516426e+001 -2.506516426e+001 +3.4174e+000 +3.1478e+000 +1.1594e+000
750 0 +1.452866303e-001 -2.516471337e+001 -2.516471337e+001 +3.5599e+000 +3.7135e+000 +5.2981e-001
854 0 +9.320039216e-002 -2.521679961e+001 -2.521679961e+001 +3.4249e+000 +3.5465e+000 +1.1546e+000
978 0 +1.698001306e-002 -2.529301999e+001 -2.529301999e+001 +3.5011e+000 +3.6558e+000 +8.2445e-001
1545 0 +1.582248134e-002 -2.529417752e+001 -2.529417752e+001 +3.5014e+000 +3.6509e+000 +8.2432e-001
1723 0 +7.714700141e-003 -2.530228530e+001 -2.530228530e+001 +3.3894e+000 +3.5128e+000 +8.2100e-001
2094 0 +4.491575932e-003 -2.530550842e+001 -2.530550842e+001 +3.4776e+000 +3.5947e+000 +8.2859e-001
2877 0 +2.861915938e-003 -2.530713808e+001 -2.530713808e+001 +3.4320e+000 +3.4949e+000 +8.4441e-001
3276 0 +1.148664101e-003 -2.530885134e+001 -2.530885134e+001 +3.4641e+000 +3.5615e+000 +8.3533e-001
3294 0 +2.111313145e-004 -2.530978887e+001 -2.530978887e+001 +3.4622e+000 +3.5203e+000 +8.5623e-001
4094 0 +1.954417640e-004 -2.530980456e+001 -2.530980456e+001 +3.4569e+000 +3.5275e+000 +8.4775e-001
4383 0 +9.216220537e-005 -2.530990784e+001 -2.530990784e+001 +3.4659e+000 +3.5414e+000 +8.4970e-001
5583 0 +7.708065521e-005 -2.530992292e+001 -2.530992292e+001 +3.4642e+000 +3.5393e+000 +8.4913e-001
5994 0 +4.942910001e-005 -2.530995057e+001 -2.530995057e+001 +3.4696e+000 +3.5294e+000 +8.5891e-001
6283 0 +1.500155104e-005 -2.530998500e+001 -2.530998500e+001 +3.4663e+000 +3.5358e+000 +8.5283e-001
7083 0 +1.437265612e-005 -2.530998563e+001 -2.530998563e+001 +3.4657e+000 +3.5349e+000 +8.5260e-001
8794 0 +1.192258643e-005 -2.530998808e+001 -2.530998808e+001 +3.4659e+000 +3.5347e+000 +8.5295e-001
9044 0 +1.162797273e-005 -2.530998837e+001 -2.530998837e+001 +3.4658e+000 +3.5341e+000 +8.5193e-001
9802 0 +6.448899168e-006 -2.530999355e+001 -2.530999355e+001 +3.4669e+000 +3.5324e+000 +8.5438e-001
% f evaluations | g evaluations | best noise-free fitness - Fopt (2.228000000000e+001) + sum g_i+ | measured fitness | best measured fitness or single-digit g-values | x1 | x2...
1 0 +8.471248640e+000 +3.075124864e+001 +3.075124864e+001 +0.0000e+000 +0.0000e+000 +0.0000e+000
8 0 +7.291739016e+000 +2.957173902e+001 +2.957173902e+001 +1.9594e+000 +5.5600e-001 -3.0670e+000
28 0 +6.169366385e+000 +2.844936638e+001 +2.844936638e+001 +1.2082e+000 -3.6410e+000 -3.4502e+000
31 0 +4.290395970e+000 +2.657039597e+001 +2.657039597e+001 +5.2232e-001 -2.4603e+000 -3.5624e+000
33 0 +1.284690926e+000 +2.356469093e+001 +2.356469093e+001 +7.9317e-001 -2.6525e+000 -1.4556e+000
53 0 +3.651491080e-001 +2.264514911e+001 +2.264514911e+001 +1.2114e+000 -1.8402e+000 -2.3878e+000
377 0 +1.702648193e-001 +2.245026482e+001 +2.245026482e+001 +1.5351e+000 -2.1701e+000 -1.8474e+000
513 0 +1.313107303e-001 +2.241131073e+001 +2.241131073e+001 +1.0519e+000 -1.8072e+000 -1.8337e+000
919 0 +1.017733830e-001 +2.238177338e+001 +2.238177338e+001 +1.2129e+000 -1.5756e+000 -1.6756e+000
1228 0 +5.705761283e-002 +2.233705761e+001 +2.233705761e+001 +1.1996e+000 -1.6711e+000 -1.8007e+000
1466 0 +4.518819189e-002 +2.232518819e+001 +2.232518819e+001 +1.4496e+000 -1.5860e+000 -1.9079e+000
1744 0 +1.768866192e-002 +2.229768866e+001 +2.229768866e+001 +1.3329e+000 -1.7470e+000 -1.7195e+000
1893 0 +1.053988375e-002 +2.229053988e+001 +2.229053988e+001 +1.3201e+000 -1.7326e+000 -1.8212e+000
2223 0 +8.064161239e-003 +2.228806416e+001 +2.228806416e+001 +1.3272e+000 -1.7527e+000 -1.8341e+000
2481 0 +4.993554158e-003 +2.228499355e+001 +2.228499355e+001 +1.4797e+000 -1.7951e+000 -1.8350e+000
3481 0 +3.115388947e-003 +2.228311539e+001 +2.228311539e+001 +1.3697e+000 -1.7427e+000 -1.8118e+000
3781 0 +2.736560244e-003 +2.228273656e+001 +2.228273656e+001 +1.4631e+000 -1.7872e+000 -1.8315e+000
3981 0 +1.335470981e-003 +2.228133547e+001 +2.228133547e+001 +1.4485e+000 -1.7802e+000 -1.8284e+000
4340 0 +7.910449429e-004 +2.228079104e+001 +2.228079104e+001 +1.4319e+000 -1.7596e+000 -1.8331e+000
4829 0 +2.578787585e-004 +2.228025788e+001 +2.228025788e+001 +1.4271e+000 -1.7725e+000 -1.8276e+000
5429 0 +1.188720400e-004 +2.228011887e+001 +2.228011887e+001 +1.4215e+000 -1.7833e+000 -1.8227e+000
6093 0 +9.165771672e-005 +2.228009166e+001 +2.228009166e+001 +1.4215e+000 -1.7807e+000 -1.8214e+000
6323 0 +7.608524039e-005 +2.228007609e+001 +2.228007609e+001 +1.4211e+000 -1.7770e+000 -1.8189e+000
7507 0 +3.807202720e-005 +2.228003807e+001 +2.228003807e+001 +1.4189e+000 -1.7767e+000 -1.8221e+000
8465 0 +1.533392953e-005 +2.228001533e+001 +2.228001533e+001 +1.4097e+000 -1.7788e+000 -1.8204e+000
% f evaluations | g evaluations | best noise-free fitness - Fopt (3.561400000000e+002) + sum g_i+ | measured fitness | best measured fitness or single-digit g-values | x1 | x2...
1 0 +1.491695936e+001 +3.710569594e+002 +3.710569594e+002 +0.0000e+000 +0.0000e+000 +0.0000e+000
4 0 +5.623971777e+000 +3.617639718e+002 +3.617639718e+002 +2.6043e+000 +3.2808e-001 -1.6446e+000
5 0 +9.573135547e-001 +3.570973136e+002 +3.570973136e+002 +5.0774e-001 -3.4746e-001 -3.6863e+000
331 0 +6.264899702e-001 +3.567664900e+002 +3.567664900e+002 +1.8276e+000 -8.6103e-001 -2.9235e+000
349 0 +4.848936427e-001 +3.566248936e+002 +3.566248936e+002 +2.1321e+000 -6.6788e-001 -3.4346e+000
451 0 +4.078755497e-001 +3.565478755e+002 +3.565478755e+002 +1.5878e+000 +3.8239e-002 -3.2653e+000
531 0 +2.280834148e-001 +3.563680834e+002 +3.563680834e+002 +1.7732e+000 -2.4192e-001 -3.3164e+000
707 0 +1.576702505e-001 +3.562976703e+002 +3.562976703e+002 +1.5928e+000 -1.8272e-001 -3.3873e+000
1143 0 +1.273673309e-001 +3.562673673e+002 +3.562673673e+002 +1.4283e+000 -1.7713e-001 -3.4628e+000
1297 0 +6.985183416e-002 +3.562098518e+002 +3.562098518e+002 +1.4760e+000 -3.5588e-001 -3.3351e+000
1583 0 +2.700145535e-002 +3.561670015e+002 +3.561670015e+002 +1.3031e+000 -5.7780e-001 -3.5292e+000
1727 0 +1.128270084e-002 +3.561512827e+002 +3.561512827e+002 +1.4502e+000 -5.9781e-001 -3.6143e+000
1956 0 +7.045828710e-003 +3.561470458e+002 +3.561470458e+002 +1.4818e+000 -4.4729e-001 -3.5597e+000
1975 0 +4.382032509e-003 +3.561443820e+002 +3.561443820e+002 +1.4455e+000 -5.4735e-001 -3.5985e+000
2375 0 +3.508061045e-003 +3.561435081e+002 +3.561435081e+002 +1.4634e+000 -5.2864e-001 -3.5965e+000
4003 0 +2.951297566e-003 +3.561429513e+002 +3.561429513e+002 +1.4654e+000 -5.1876e-001 -3.5911e+000
6108 0 +2.388316755e-003 +3.561423883e+002 +3.561423883e+002 +1.4827e+000 -4.8754e-001 -3.5579e+000
6202 0 +2.036476973e-003 +3.561420365e+002 +3.561420365e+002 +1.4766e+000 -5.0707e-001 -3.5749e+000
6264 0 +1.774444111e-003 +3.561417744e+002 +3.561417744e+002 +1.4587e+000 -4.8276e-001 -3.5402e+000
6269 0 +1.141642062e-003 +3.561411416e+002 +3.561411416e+002 +1.4866e+000 -5.3026e-001 -3.5554e+000
7096 0 +8.831981610e-004 +3.561408832e+002 +3.561408832e+002 +1.4740e+000 -5.0310e-001 -3.5506e+000
7102 0 +7.758699041e-004 +3.561407759e+002 +3.561407759e+002 +1.4792e+000 -5.0883e-001 -3.5471e+000
9804 0 +5.128752381e-004 +3.561405129e+002 +3.561405129e+002 +1.4756e+000 -5.1190e-001 -3.5448e+000
% f evaluations | g evaluations | best noise-free fitness - Fopt (-4.757000000000e+002) + sum g_i+ | measured fitness | best measured fitness or single-digit g-values | x1 | x2...
1 0 +1.522825600e+001 -4.604717440e+002 -4.604717440e+002 +0.0000e+000 +0.0000e+000 +0.0000e+000
2 0 +6.262171597e+000 -4.694378284e+002 -4.694378284e+002 +8.7296e-001 -2.1370e+000 +4.4923e+000
13 0 +5.084908374e+000 -4.706150916e+002 -4.706150916e+002 -7.4659e-001 +1.7971e+000 +3.5513e+000
36 0 +4.006649934e+000 -4.716933501e+002 -4.716933501e+002 +8.2576e-001 -6.2690e-001 +4.8976e+000
53 0 +2.619854289e+000 -4.730801457e+002 -4.730801457e+002 -4.9923e-001 -1.3957e+000 +2.5203e+000
224 0 +1.278844510e+000 -4.744211555e+002 -4.744211555e+002 -1.8713e+000 -8.7261e-001 +3.6867e+000
406 0 +1.225249191e+000 -4.744747508e+002 -4.744747508e+002 +2.6385e-001 -2.7376e-001 +3.7621e+000
442 0 +6.434097387e-001 -4.750565903e+002 -4.750565903e+002 -9.9483e-001 +3.0506e-001 +4.0218e+000
614 0 +3.427932923e-001 -4.753572067e+002 -4.753572067e+002 -1.1841e+000 -8.5671e-001 +4.0035e+000
683 0 +1.419886790e-001 -4.755580113e+002 -4.755580113e+002 -6.4876e-001 -3.0587e-001 +4.0875e+000
854 0 +1.408557545e-001 -4.755591442e+002 -4.755591442e+002 -1.1963e+000 -4.4364e-001 +3.8671e+000
983 0 +6.264717205e-002 -4.756373528e+002 -4.756373528e+002 -8.0833e-001 -6.3474e-001 +3.9479e+000
1671 0 +6.119580426e-002 -4.756388042e+002 -4.756388042e+002 -8.0240e-001 -6.3148e-001 +3.9463e+000
1798 0 +1.655656545e-002 -4.756834434e+002 -4.756834434e+002 -8.7107e-001 -3.4295e-001 +3.7192e+000
2354 0 +4.370733231e-003 -4.756956293e+002 -4.756956293e+002 -8.8089e-001 -4.7833e-001 +3.8109e+000
3271 0 +2.069926597e-003 -4.756979301e+002 -4.756979301e+002 -8.3329e-001 -3.9918e-001 +3.7803e+000
3939 0 +1.281768948e-003 -4.756987182e+002 -4.756987182e+002 -8.6460e-001 -4.3884e-001 +3.7927e+000
3954 0 +7.575788038e-004 -4.756992424e+002 -4.756992424e+002 -8.2802e-001 -4.6665e-001 +3.8028e+000
4471 0 +2.873895453e-004 -4.756997126e+002 -4.756997126e+002 -8.1486e-001 -4.4689e-001 +3.7950e+000
5726 0 +2.620637769e-004 -4.756997379e+002 -4.756997379e+002 -8.2653e-001 -4.4287e-001 +3.8031e+000
5926 0 +1.444530981e-004 -4.756998555e+002 -4.756998555e+002 -8.2577e-001 -4.3642e-001 +3.7957e+000
7820 0 +1.270838720e-004 -4.756998729e+002 -4.756998729e+002 -8.2503e-001 -4.4637e-001 +3.7972e+000
7999 0 +9.454058937e-005 -4.756999055e+002 -4.756999055e+002 -8.2804e-001 -4.4756e-001 +3.7961e+000
8733 0 +9.201467867e-005 -4.756999080e+002 -4.756999080e+002 -8.3142e-001 -4.4598e-001 +3.7964e+000
9333 0 +8.728214169e-005 -4.756999127e+002 -4.756999127e+002 -8.3063e-001 -4.4675e-001 +3.7961e+000
% f evaluations | g evaluations | best noise-free fitness - Fopt (-1.000000000000e+003) + sum g_i+ | measured fitness | best measured fitness or single-digit g-values | x1 | x2...
1 0 +3.942506816e+001 -9.605749318e+002 -9.605749318e+002 +0.0000e+000 +0.0000e+000 +0.0000e+000
4 0 +3.257931681e+001 -9.674206832e+002 -9.674206832e+002 -2.5332e+000 -2.0968e+000 +2.4641e+000
12 0 +1.805870823e+001 -9.819412918e+002 -9.819412918e+002 -3.1238e+000 +8.1132e-001 +3.7175e-001
32 0 +9.516573149e+000 -9.904834269e+002 -9.904834269e+002 -1.1431e+000 +4.3618e+000 +2.5654e+000
36 0 +7.834615967e+000 -9.921653840e+002 -9.921653840e+002 -4.1346e+000 +4.1678e+000 +1.0855e+000
51 0 +3.179616333e+000 -9.968203837e+002 -9.968203837e+002 -4.1902e+000 +1.5818e+000 +3.6850e+000
57 0 +1.776335719e+000 -9.982236643e+002 -9.982236643e+002 -3.5128e+000 +2.2842e+000 +4.5178e+000
235 0 +6.707897824e-001 -9.993292102e+002 -9.993292102e+002 -3.9854e+000 +2.7728e+000 +3.1530e+000
445 0 +5.987320024e-001 -9.994012680e+002 -9.994012680e+002 -4.5101e+000 +3.6270e+000 +3.6648e+000
712 0 +3.498467977e-001 -9.996501532e+002 -9.996501532e+002 -3.9201e+000 +2.8647e+000 +4.0894e+000
817 0 +2.185655821e-001 -9.997814344e+002 -9.997814344e+002 -3.8755e+000 +3.2879e+000 +3.2723e+000
819 0 +2.459549875e-002 -9.999754045e+002 -9.999754045e+002 -3.9447e+000 +3.3403e+000 +3.7960e+000
1516 0 +1.802089248e-003 -9.999981979e+002 -9.999981979e+002 -3.7882e+000 +3.3368e+000 +3.7698e+000
3465 0 +1.356142575e-003 -9.999986439e+002 -9.999986439e+002 -3.8151e+000 +3.3291e+000 +3.7665e+000
3665 0 +1.332740097e-003 -9.999986673e+002 -9.999986673e+002 -3.8133e+000 +3.3296e+000 +3.7667e+000
4100 0 +5.377499051e-004 -9.999994623e+002 -9.999994623e+002 -3.7867e+000 +3.3309e+000 +3.7471e+000
6058 0 +3.773288900e-004 -9.999996227e+002 -9.999996227e+002 -3.8008e+000 +3.3396e+000 +3.7398e+000
6321 0 +3.651542238e-004 -9.999996348e+002 -9.999996348e+002 -3.7964e+000 +3.3329e+000 +3.7470e+000
7700 0 +3.519789803e-004 -9.999996480e+002 -9.999996480e+002 -3.7932e+000 +3.3339e+000 +3.7435e+000
7902 0 +1.125657435e-004 -9.999998874e+002 -9.999998874e+002 -3.7991e+000 +3.3270e+000 +3.7243e+000
8365 0 +5.661554997e-005 -9.999999434e+002 -9.999999434e+002 -3.8076e+000 +3.3256e+000 +3.7291e+000
8915 0 +3.587033973e-005 -9.999999641e+002 -9.999999641e+002 -3.8079e+000 +3.3198e+000 +3.7312e+000
9165 0 +1.802461964e-005 -9.999999820e+002 -9.999999820e+002 -3.8003e+000 +3.3205e+000 +3.7293e+000
% f evaluations | g evaluations | best noise-free fitness - Fopt (-4.158000000000e+001) + sum g_i+ | measured fitness | best measured fitness or single-digit g-values | x1 | x2...
1 0 +1.834012736e+001 -2.323987264e+001 -2.323987264e+001 +0.0000e+000 +0.0000e+000 +0.0000e+000
20 0 +3.497158588e+000 -3.808284141e+001 -3.808284141e+001 -8.2091e-001 +4.0704e+000 -3.0887e+000
40 0 +2.908381218e+000 -3.867161878e+001 -3.867161878e+001 +4.6309e-001 +2.8672e+000 -1.4376e+000
47 0 +1.165907779e+000 -4.041409222e+001 -4.041409222e+001 +7.2363e-001 +3.8642e+000 -2.7812e+000
266 0 +1.101666671e-001 -4.146983333e+001 -4.146983333e+001 +7.4277e-001 +2.9366e+000 -2.8511e+000
1029 0 +5.797327498e-002 -4.152202673e+001 -4.152202673e+001 +6.0743e-001 +2.7110e+000 -2.9432e+000
1159 0 +4.278732135e-002 -4.153721268e+001 -4.153721268e+001 +5.7559e-001 +2.6551e+000 -3.1943e+000
1384 0 +3.143301952e-002 -4.154856698e+001 -4.154856698e+001 +4.2623e-001 +2.8390e+000 -3.1809e+000
2015 0 +2.456025410e-002 -4.155543975e+001 -4.155543975e+001 +6.8360e-001 +2.7554e+000 -3.2252e+000
2370 0 +2.389515469e-003 -4.157761048e+001 -4.157761048e+001 +5.9040e-001 +2.8342e+000 -3.1822e+000
3296 0 +7.185233020e-004 -4.157928148e+001 -4.157928148e+001 +5.7991e-001 +2.8701e+000 -3.1273e+000
3638 0 +4.725373134e-004 -4.157952746e+001 -4.157952746e+001 +5.7633e-001 +2.8572e+000 -3.1369e+000
4442 0 +2.466029201e-004 -4.157975340e+001 -4.157975340e+001 +5.8340e-001 +2.8574e+000 -3.1327e+000
6664 0 +1.204711084e-004 -4.157987953e+001 -4.157987953e+001 +5.9513e-001 +2.8619e+000 -3.1320e+000
9767 0 +8.284476911e-005 -4.157991716e+001 -4.157991716e+001 +5.9212e-001 +2.8479e+000 -3.1323e+000
