% f evaluations | g evaluations | best noise-free fitness - Fopt (7.948000000000e+001) + sum g_i+ | measured fitness | best measured fitness or single-digit g-values | x1 | x2...
1 0 +1.282397568e+001 +9.230397568e+001 +9.230397568e+001 +0.0000e+000 +0.0000e+000 +0.0000e+000 +0.0000e+000 +0.0000e+000
17 0 +2.978002459e+000 +8.245800246e+001 +8.245800246e+001 -2.9150e-001 +2.1429e-002 -2.1530e-001 +1.2064e+000 -3.3994e+000
259 0 +2.679180589e+000 +8.215918059e+001 +8.215918059e+001 +2.8251e-002 -1.3166e+000 -8.2418e-001 +5.8059e-001 -3.5651e+000
288 0 +1.655267137e+000 +8.113526714e+001 +8.113526714e+001 -2.9398e-001 -2.0883e+000 -1.2452e+000 +1.6200e+000 -2.3299e+000
507 0 +1.252226130e+000 +8.073222613e+001 +8.073222613e+001 -2.2009e-002 -2.0127e+000 -1.3515e+000 +1.8716e+000 -2.8983e+000
512 0 +6.662423476e-001 +8.014624235e+001 +8.014624235e+001 -2.0810e-001 -1.5465e+000 -1.1219e+000 +1.8189e+000 -3.0442e+000
726 0 +6.014530353e-001 +8.008145304e+001 +8.008145304e+001 +3.7480e-001 -1.6490e+000 -3.4994e-001 +2.3770e+000 -2.6442e+000
851 0 +3.192628331e-001 +7.979926283e+001 +7.979926283e+001 -1.9817e-001 -1.2196e+000 -9.4660e-001 +2.1076e+000 -2.5089e+000
991 0 +2.423447894e-001 +7.972234479e+001 +7.972234479e+001 +6.2714e-002 -1.1414e+000 -8.9697e-001 +2.2499e+000 -2.4136e+000
1204 0 +1.711395083e-001 +7.965113951e+001 +7.965113951e+001 +5.1386e-002 -1.1940e+000 -9.0306e-001 +2.1842e+000 -2.5058e+000
1326 0 +1.090500256e-001 +7.958905003e+001 +7.958905003e+001 +2.7993e-001 -1.1233e+000 -7.0454e-001 +2.1764e+000 -2.8913e+000
1424 0 +7.765638281e-002 +7.955765638e+001 +7.955765638e+001 +1.6695e-001 -1.2227e+000 -7.8628e-001 +2.1382e+000 -2.8120e+000
1624 0 +6.752237035e-002 +7.954752237e+001 +7.954752237e+001 +2.2379e-001 -1.1562e+000 -7.5303e-001 +2.1499e+000 -2.8069e+000
1965 0 +1.878178727e-002 +7.949878179e+001 +7.949878179e+001 +2.2791e-001 -1.0931e+000 -8.3941e-001 +1.9294e+000 -2.6530e+000
2140 0 +1.148424044e-002 +7.949148424e+001 +7.949148424e+001 +2.8845e-001 -1.1247e+000 -7.6310e-001 +1.9908e+000 -2.6216e+000
3587 0 +1.015141864e-002 +7.949015142e+001 +7.949015142e+001 +2.8422e-001 -1.1374e+000 -7.9959e-001 +1.9806e+000 -2.6690e+000
4323 0 +8.386430051e-003 +7.948838643e+001 +7.948838643e+001 +2.6834e-001 -1.1462e+000 -8.1132e-001 +1.9460e+000 -2.6858e+000
4654 0 +6.468579686e-003 +7.948646858e+001 +7.948646858e+001 +3.1363e-001 -1.1604e+000 -7.7475e-001 +1.9356e+000 -2.6906e+000
4689 0 +5.985175083e-003 +7.948598518e+001 +7.948598518e+001 +2.4594e-001 -1.1272e+000 -7.5717e-001 +1.9883e+000 -2.6693e+000
5761 0 +4.391572502e-003 +7.948439157e+001 +7.948439157e+001 +2.4720e-001 -1.1540e+000 -7.7910e-001 +1.9615e+000 -2.6717e+000
6679 0 +4.332688715e-003 +7.948433269e+001 +7.948433269e+001 +2.5189e-001 -1.1383e+000 -7.6477e-001 +1.9743e+000 -2.6749e+000
8109 0 +2.598956616e-003 +7.948259896e+001 +7.948259896e+001 +2.5280e-001 -1.1552e+000 -7.6167e-001 +1.9540e+000 -2.6604e+000
8805 0 +2.570023858e-003 +7.948257002e+001 +7.948257002e+001 +2.5474e-001 -1.1497e+000 -7.6750e-001 +1.9461e+000 -2.6655e+000
10060 0 +2.052306746e-003 +7.948205231e+001 +7.948205231e+001 +2.4857e-001 -1.1788e+000 -7.2734e-001 +1.9639e+000 -2.6692e+000
% f evaluations | g evaluations | best noise-free fitness - Fopt (3.944800000000e+002) + sum g_i+ | measured fitness | best measured fitness or single-digit g-values | x1 | x2...
1 0 +5.400211648e+001 +4.484821165e+002 +4.484821165e+002 +0.0000e+000 +0.0000e+000 +0.0000e+000 +0.0000e+000 +0.0000e+000
5 0 +5.073553011e+001 +4.452155301e+002 +4.452155301e+002 +4.3490e-001 -4.2640e+000 -2.7817e+000 +1.6522e+000 -4.0348e+000
23 0 +3.707612719e+001 +4.315561272e+002 +4.315561272e+002 +3.7275e-001 -4.7629e+000 -1.9935e-001 +3.2995e+000 -5.4719e-001
26 0 +2.697967498e+001 +4.214596750e+002 +4.214596750e+002 -3.7845e+000 +5.5148e-001 -4.0861e+000 +1.4108e+000 -2.1099e+000
30 0 +1.950253327e+001 +4.139825333e+002 +4.139825333e+002 -2.8690e+000 -3.8312e+000 -3.0053e+000 +4.8160e+000 -3.1525e+000
48 0 +1.698784584e+001 +4.114678458e+002 +4.114678458e+002 -2.2789e+000 -8.7906e-001 -1.2130e+000 +2.1952e+000 +1.6894e+000
63 0 +9.935285671e+000 +4.044152857e+002 +4.044152857e+002 -4.9583e+000 -1.7197e+000 -1.5733e+000 +3.6138e+000 +2.4042e+000
83 0 +4.193872297e+000 +3.986738723e+002 +3.986738723e+002 -2.7758e+000 -4.1200e+000 -4.9529e+000 +3.5925e+000 +8.5170e-001
208 0 +2.259192142e+000 +3.967391921e+002 +3.967391921e+002 -3.0500e+000 -3.4126e+000 -4.7232e+000 +4.3536e+000 +1.3264e+000
506 0 +8.185315036e-001 +3.952985315e+002 +3.952985315e+002 -3.4902e+000 -2.4681e+000 -4.2093e+000 +3.5969e+000 +1.3205e+000
815 0 +3.101034322e-001 +3.947901034e+002 +3.947901034e+002 -3.7695e+000 -3.2111e+000 -3.7436e+000 +4.3349e+000 +8.0523e-001
919 0 +3.045575330e-001 +3.947845575e+002 +3.947845575e+002 -3.3919e+000 -2.8971e+000 -3.8219e+000 +4.1028e+000 +7.6587e-001
1910 0 +2.110748853e-001 +3.946910749e+002 +3.946910749e+002 -3.6706e+000 -2.7565e+000 -4.0421e+000 +4.1179e+000 +6.6252e-001
2163 0 +1.346247103e-001 +3.946146247e+002 +3.946146247e+002 -3.8967e+000 -2.9851e+000 -3.9984e+000 +3.8520e+000 +5.6871e-001
2525 0 +1.048838862e-001 +3.945848839e+002 +3.945848839e+002 -4.0233e+000 -3.1599e+000 -3.9060e+000 +3.8391e+000 +8.9808e-001
2815 0 +8.796404767e-002 +3.945679640e+002 +3.945679640e+002 -4.1448e+000 -2.9413e+000 -3.7836e+000 +3.7942e+000 +9.6826e-001
3753 0 +7.771308592e-002 +3.945577131e+002 +3.945577131e+002 -4.1054e+000 -2.9482e+000 -3.7687e+000 +3.7759e+000 +9.7568e-001
3796 0 +4.236563983e-002 +3.945223656e+002 +3.945223656e+002 -4.0198e+000 -2.8039e+000 -3.7991e+000 +3.7643e+000 +8.7202e-001
4627 0 +3.199333561e-002 +3.945119933e+002 +3.945119933e+002 -4.0586e+000 -2.8241e+000 -3.7956e+000 +3.8651e+000 +8.4320e-001
4999 0 +2.875025485e-002 +3.945087503e+002 +3.945087503e+002 -4.0125e+000 -2.9254e+000 -3.9033e+000 +3.9119e+000 +7.9386e-001
5241 0 +2.611885191e-002 +3.945061189e+002 +3.945061189e+002 -3.9141e+000 -2.8437e+000 -3.7446e+000 +3.8037e+000 +7.5936e-001
5515 0 +2.503219704e-002 +3.945050322e+002 +3.945050322e+002 -4.0200e+000 -2.8901e+000 -3.7258e+000 +3.8906e+000 +7.9478e-001
5641 0 +2.040308982e-002 +3.945004031e+002 +3.945004031e+002 -3.9851e+000 -2.8721e+000 -3.7347e+000 +3.8737e+000 +7.7576e-001
6807 0 +1.822917392e-002 +3.944982292e+002 +3.944982292e+002 -3.9841e+000 -2.8844e+000 -3.7372e+000 +3.8793e+000 +7.8241e-001
6848 0 +1.561319314e-002 +3.944956132e+002 +3.944956132e+002 -3.9519e+000 -2.8771e+000 -3.7209e+000 +3.8539e+000 +8.0220e-001
7007 0 +1.444890734e-002 +3.944944489e+002 +3.944944489e+002 -3.9739e+000 -2.9022e+000 -3.7367e+000 +3.8813e+000 +7.9842e-001
7021 0 +1.344106019e-002 +3.944934411e+002 +3.944934411e+002 -3.9376e+000 -2.8960e+000 -3.7116e+000 +3.8493e+000 +8.8059e-001
7141 0 +1.248726195e-002 +3.944924873e+002 +3.944924873e+002 -3.9620e+000 -2.8791e+000 -3.7285e+000 +3.9193e+000 +8.0759e-001
8246 0 +8.085907578e-003 +3.944880859e+002 +3.944880859e+002 -3.9764e+000 -2.9086e+000 -3.8029e+000 +3.8727e+000 +8.3478e-001
8338 0 +5.733448228e-003 +3.944857334e+002 +3.944857334e+002 -3.9276e+000 -2.9280e+000 -3.7503e+000 +3.9063e+000 +8.3186e-001
8441 0 +4.824563748e-003 +3.944848246e+002 +3.944848246e+002 -3.9375e+000 -2.9276e+000 -3.7669e+000 +3.8972e+000 +8.3525e-001
9238 0 +4.758078389e-003 +3.944847581e+002 +3.944847581e+002 -3.9358e+000 -2.9330e+000 -3.7746e+000 +3.8891e+000 +8.3682e-001
9807 0 +4.457589458e-003 +3.944844576e+002 +3.944844576e+002 -3.9295e+000 -2.9250e+000 -3.7701e+000 +3.8875e+000 +8.2884e-001
% f evaluations | g evaluations | best noise-free fitness - Fopt (-2.471100000000e+002) + sum g_i+ | measured fitness | best measured fitness or single-digit g-values | x1 | x2...
1 0 +3.817688832e+001 -2.089331117e+002 -2.089331117e+002 +0.0000e+000 +0.0000e+000 +0.0000e+000 +0.0000e+000 +0.0000e+000
9 0 +3.002842071e+001 -2.170815793e+002 -2.170815793e+002 +7.8916e-001 -8.7234e-001 +1.3862e+000 -2.2535e+000 -4.3006e+000
16 0 +1.454731995e+001 -2.325626800e+002 -2.325626800e+002 -2.9487e+000 +1.7706e+000 -5.3264e-001 -2.8331e+000 +1.5765e-001
70 0 +9.525655288e+000 -2.375843447e+002 -2.375843447e+002 -1.6955e+000 +9.9140e-001 -1.8219e+000 -3.0485e+000 -4.7698e+000
96 0 +9.209224613e+000 -2.379007754e+002 -2.379007754e+002 -1.7469e+000 +1.7854e+000 -2.2667e+000 -3.6345e+000 -3.2078e+000
223 0 +6.060526540e+000 -2.410494735e+002 -2.410494735e+002 -2.6662e+000 +1.3199e+000 -1.6604e+000 -2.1532e+000 -3.5755e+000
281 0 +4.498652429e+000 -2.426113476e+002 -2.426113476e+002 -2.5028e+000 -1.6792e-001 -1.3283e+000 -4.4106e+000 -4.4254e+000
389 0 +4.454351927e+000 -2.426556481e+002 -2.426556481e+002 -2.4864e+000 -6.0160e-002 -1.4031e+000 -4.1913e+000 -4.4801e+000
436 0 +2.665531220e+000 -2.444444688e+002 -2.444444688e+002 -2.6958e+000 +9.8929e-001 -1.4564e+000 -3.8073e+000 -2.6165e+000
636 0 +2.488858426e+000 -2.446211416e+002 -2.446211416e+002 -2.7728e+000 +9.7855e-001 -1.4617e+000 -3.8598e+000 -2.6370e+000
742 0 +8.899076460e-001 -2.462200924e+002 -2.462200924e+002 -3.2993e+000 +8.7289e-001 -1.0843e+000 -3.7651e+000 -2.9195e+000
907 0 +3.670676328e-001 -2.467429324e+002 -2.467429324e+002 -3.5386e+000 +5.2203e-001 -6.9183e-001 -3.7272e+000 -3.5426e+000
1230 0 +2.999331387e-001 -2.468100669e+002 -2.468100669e+002 -3.6309e+000 +5.2729e-001 -6.3969e-001 -3.9221e+000 -3.4321e+000
1282 0 +2.110077337e-001 -2.468989923e+002 -2.468989923e+002 -3.4103e+000 +2.8178e-001 -5.1370e-001 -3.7817e+000 -2.9786e+000
1527 0 +3.803643565e-002 -2.470719636e+002 -2.470719636e+002 -3.6166e+000 +2.3469e-001 -6.8200e-001 -3.7216e+000 -3.0447e+000
2227 0 +3.456015518e-002 -2.470754398e+002 -2.470754398e+002 -3.6209e+000 +2.3486e-001 -6.8898e-001 -3.7195e+000 -3.0638e+000
3301 0 +6.578298445e-003 -2.471034217e+002 -2.471034217e+002 -3.7386e+000 +2.1337e-001 -7.3936e-001 -3.7139e+000 -3.1074e+000
5665 0 +4.397002565e-003 -2.471056030e+002 -2.471056030e+002 -3.8229e+000 +1.9293e-001 -7.4443e-001 -3.7197e+000 -3.1059e+000
6150 0 +1.417516098e-003 -2.471085825e+002 -2.471085825e+002 -3.8249e+000 +2.1396e-001 -6.8619e-001 -3.6714e+000 -3.1128e+000
6701 0 +6.472204909e-004 -2.471093528e+002 -2.471093528e+002 -3.7996e+000 +2.0754e-001 -7.1445e-001 -3.6987e+000 -3.1047e+000
8001 0 +6.454262035e-004 -2.471093546e+002 -2.471093546e+002 -3.7893e+000 +2.0918e-001 -7.1206e-001 -3.7007e+000 -3.1001e+000
% f evaluations | g evaluations | best noise-free fitness - Fopt (-1.520400000000e+002) + sum g_i+ | measured fitness | best measured fitness or single-digit g-values | x1 | x2...
1 0 +3.422464576e+001 -1.178153542e+002 -1.178153542e+002 +0.0000e+000 +0.0000e+000 +0.0000e+000 +0.0000e+000 +0.0000e+000
7 0 +2.818473388e+001 -1.238552661e+002 -1.238552661e+002 +2.9978e+000 +3.9579e+000 -3.3241e+000 +7.0912e-001 +4.0756e-001
17 0 +2.510752812e+001 -1.269324719e+002 -1.269324719e+002 -4.3442e+000 +3.0792e+000 -2.2838e+000 +3.2877e+000 +6.7179e-001
19 0 +4.986870849e+000 -1.470531292e+002 -1.470531292e+002 -2.4050e-001 -3.2403e-001 -4.6063e+000 +4.1899e+000 +3.2368e+000
223 0 +2.615521658e+000 -1.494244783e+002 -1.494244783e+002 -7.2680e-001 +1.9799e-001 -3.2209e+000 +2.8379e+000 +2.8608e+000
289 0 +2.151931745e+000 -1.498880683e+002 -1.498880683e+002 +7.2539e-001 +4.1088e-001 -3.5760e+000 +3.2629e+000 +2.2872e+000
302 0 +1.631716747e+000 -1.504082833e+002 -1.504082833e+002 +4.3670e-001 +5.7333e-001 -3.6383e+000 +3.6059e+000 +2.9040e+000
356 0 +1.214344527e+000 -1.508256555e+002 -1.508256555e+002 -1.8599e-001 +7.4834e-001 -3.6589e+000 +3.1700e+000 +3.2343e+000
482 0 +8.748542509e-001 -1.511651457e+002 -1.511651457e+002 +2.7945e-001 +9.1628e-001 -4.3424e+000 +3.6274e+000 +2.2332e+000
816 0 +4.225873543e-001 -1.516174126e+002 -1.516174126e+002 +1.2868e-001 +9.8469e-001 -3.9931e+000 +3.4087e+000 +2.6552e+000
1231 0 +4.075261922e-001 -1.516324738e+002 -1.516324738e+002 -3.8204e-002 +1.6023e+000 -4.2265e+000 +3.6721e+000 +2.7216e+000
1284 0 +1.339272605e-001 -1.519060727e+002 -1.519060727e+002 -5.5454e-004 +1.2656e+000 -4.0752e+000 +3.2121e+000 +2.3299e+000
1690 0 +9.883958045e-002 -1.519411604e+002 -1.519411604e+002 -1.1804e-001 +1.2226e+000 -4.0984e+000 +3.2980e+000 +2.3426e+000
2179 0 +8.448353057e-002 -1.519555165e+002 -1.519555165e+002 -1.1390e-001 +1.4007e+000 -4.0878e+000 +3.1626e+000 +2.2933e+000
2824 0 +7.351904288e-002 -1.519664810e+002 -1.519664810e+002 -1.0060e-001 +1.3196e+000 -4.0761e+000 +3.2358e+000 +2.3284e+000
2879 0 +5.646542543e-002 -1.519835346e+002 -1.519835346e+002 -2.0364e-001 +1.4706e+000 -3.9727e+000 +3.1379e+000 +2.2685e+000
2992 0 +4.447191791e-002 -1.519955281e+002 -1.519955281e+002 -3.4024e-001 +1.3444e+000 -3.9025e+000 +3.1629e+000 +2.2993e+000
3008 0 +2.859190837e-002 -1.520114081e+002 -1.520114081e+002 -2.5527e-001 +1.2910e+000 -3.9247e+000 +3.3283e+000 +2.3204e+000
3118 0 +2.796354982e-002 -1.520120365e+002 -1.520120365e+002 -1.8664e-001 +1.3381e+000 -3.9514e+000 +3.3014e+000 +2.3036e+000
3143 0 +1.782035651e-002 -1.520221796e+002 -1.520221796e+002 -2.3954e-001 +1.3306e+000 -3.9959e+000 +3.3505e+000 +2.3993e+000
4032 0 +9.448460475e-003 -1.520305515e+002 -1.520305515e+002 -2.5730e-001 +1.4135e+000 -3.9881e+000 +3.3349e+000 +2.4807e+000
4705 0 +7.464653041e-003 -1.520325353e+002 -1.520325353e+002 -2.4727e-001 +1.4080e+000 -3.9624e+000 +3.3414e+000 +2.4776e+000
5062 0 +6.650974563e-003 -1.520333490e+002 -1.520333490e+002 -2.2339e-001 +1.4335e+000 -3.9715e+000 +3.3239e+000 +2.4608e+000
5647 0 +3.895153745e-003 -1.520361048e+002 -1.520361048e+002 -2.3655e-001 +1.4247e+000 -3.9480e+000 +3.3205e+000 +2.4623e+000
7066 0 +3.715757856e-003 -1.520362842e+002 -1.520362842e+002 -2.3233e-001 +1.4537e+000 -3.9328e+000 +3.3053e+000 +2.4577e+000
7523 0 +3.080335833e-003 -1.520369197e+002 -1.520369197e+002 -2.3402e-001 +1.4382e+000 -3.9290e+000 +3.3159e+000 +2.4566e+000
7541 0 +2.816897699e-003 -1.520371831e+002 -1.520371831e+002 -2.6319e-001 +1.3756e+000 -3.9153e+000 +3.3112e+000 +2.4318e+000
7823 0 +1.688187659e-003 -1.520383118e+002 -1.520383118e+002 -2.5183e-001 +1.3989e+000 -3.9199e+000 +3.3141e+000 +2.4415e+000
9423 0 +1.531857575e-003 -1.520384681e+002 -1.520384681e+002 -2.4561e-001 +1.4369e+000 -3.9391e+000 +3.2901e+000 +2.4447e+000
% f evaluations | g evaluations | best noise-free fitness - Fopt (-2.525000000000e+001) + sum g_i+ | measured fitness | best measured fitness or single-digit g-values | x1 | x2...
1 0 +3.099175104e+001 +5.741751040e+000 +5.741751040e+000 +0.0000e+000 +0.0000e+000 +0.0000e+000 +0.0000e+000 +0.0000e+000
7 0 +2.485366492e+001 -3.963350777e-001 -3.963350777e-001 +4.1372e+000 +1.0350e+000 +2.2764e+000 +1.1090e+000 +2.9707e+000
17 0 +6.955422327e+000 -1.829457767e+001 -1.829457767e+001 +1.6902e+000 +4.4920e-001 -1.4528e+000 -1.8089e+000 +1.5364e+000
242 0 +6.044756003e+000 -1.920524400e+001 -1.920524400e+001 +1.8606e+000 +4.7506e-001 -1.3778e+000 -2.3543e+000 +5.0000e+000
389 0 +4.144081017e+000 -2.110591898e+001 -2.110591898e+001 +2.3989e+000 +1.1715e+000 -1.7783e+000 -2.9979e+000 +4.5368e+000
399 0 +3.233747047e+000 -2.201625295e+001 -2.201625295e+001 +2.1618e+000 +1.1099e+000 -1.7755e+000 -1.9816e+000 +4.1593e+000
677 0 +9.391680141e-001 -2.431083199e+001 -2.431083199e+001 +3.2285e+000 +7.4982e-001 -1.4635e+000 -2.0964e+000 +4.1755e+000
959 0 +5.935245685e-001 -2.465647543e+001 -2.465647543e+001 +4.0617e+000 +6.0854e-001 -1.3911e+000 -1.7171e+000 +3.7462e+000
1049 0 +2.946634688e-001 -2.495533653e+001 -2.495533653e+001 +3.6763e+000 +5.5294e-001 -1.5238e+000 -1.8744e+000 +3.7396e+000
1731 0 +1.338576073e-001 -2.511614239e+001 -2.511614239e+001 +3.5632e+000 +4.3324e-001 -1.6589e+000 -1.9903e+000 +3.2090e+000
1920 0 +1.280299765e-001 -2.512197002e+001 -2.512197002e+001 +3.4515e+000 +4.1514e-001 -1.5982e+000 -2.2755e+000 +3.2143e+000
2101 0 +6.469950354e-002 -2.518530050e+001 -2.518530050e+001 +3.6069e+000 +4.9607e-001 -1.6304e+000 -2.1912e+000 +3.3113e+000
2128 0 +6.087832540e-002 -2.518912167e+001 -2.518912167e+001 +3.6041e+000 +5.0245e-001 -1.6162e+000 -2.2254e+000 +3.2987e+000
2328 0 +4.918209778e-002 -2.520081790e+001 -2.520081790e+001 +3.7432e+000 +5.9127e-001 -1.5530e+000 -2.2683e+000 +3.3052e+000
2388 0 +2.792959074e-002 -2.522207041e+001 -2.522207041e+001 +3.6047e+000 +5.8818e-001 -1.5628e+000 -2.1884e+000 +3.3632e+000
2837 0 +2.731904744e-002 -2.522268095e+001 -2.522268095e+001 +3.6215e+000 +5.6826e-001 -1.5533e+000 -2.2165e+000 +3.3341e+000
3162 0 +1.488927229e-002 -2.523511073e+001 -2.523511073e+001 +3.6549e+000 +5.7239e-001 -1.5103e+000 -2.1907e+000 +3.2956e+000
4334 0 +1.405007803e-002 -2.523594992e+001 -2.523594992e+001 +3.6407e+000 +5.6897e-001 -1.5082e+000 -2.1912e+000 +3.2978e+000
4339 0 +1.207958783e-002 -2.523792041e+001 -2.523792041e+001 +3.5659e+000 +5.8396e-001 -1.4557e+000 -2.1315e+000 +3.2227e+000
4588 0 +1.126184952e-002 -2.523873815e+001 -2.523873815e+001 +3.6308e+000 +5.8366e-001 -1.5093e+000 -2.1762e+000 +3.2869e+000
4671 0 +1.874800951e-003 -2.524812520e+001 -2.524812520e+001 +3.6401e+000 +6.4026e-001 -1.4527e+000 -2.1539e+000 +3.2820e+000
5124 0 +1.675437487e-003 -2.524832456e+001 -2.524832456e+001 +3.6166e+000 +6.1679e-001 -1.4439e+000 -2.1389e+000 +3.2715e+000
5824 0 +1.549968522e-003 -2.524845003e+001 -2.524845003e+001 +3.6184e+000 +6.1935e-001 -1.4443e+000 -2.1399e+000 +3.2722e+000
6024 0 +1.304957567e-003 -2.524869504e+001 -2.524869504e+001 +3.6244e+000 +6.2759e-001 -1.4453e+000 -2.1431e+000 +3.2747e+000
6234 0 +1.020210404e-003 -2.524897979e+001 -2.524897979e+001 +3.6147e+000 +6.2016e-001 -1.4366e+000 -2.1451e+000 +3.2742e+000
6623 0 +8.411692476e-004 -2.524915883e+001 -2.524915883e+001 +3.6306e+000 +6.4438e-001 -1.4152e+000 -2.1583e+000 +3.2763e+000
6934 0 +6.376569205e-004 -2.524936234e+001 -2.524936234e+001 +3.6217e+000 +6.3137e-001 -1.4288e+000 -2.1496e+000 +3.2743e+000
7923 0 +6.238810681e-004 -2.524937612e+001 -2.524937612e+001 +3.6262e+000 +6.3785e-001 -1.4199e+000 -2.1549e+000 +3.2751e+000
7924 0 +6.039855754e-004 -2.524939601e+001 -2.524939601e+001 +3.6226e+000 +6.3265e-001 -1.4264e+000 -2.1508e+000 +3.2744e+000
9059 0 +3.650171035e-004 -2.524963498e+001 -2.524963498e+001 +3.6263e+000 +6.2660e-001 -1.4329e+000 -2.1482e+000 +3.2956e+000
9534 0 +2.667938564e-004 -2.524973321e+001 -2.524973321e+001 +3.6225e+000 +6.2421e-001 -1.4257e+000 -2.1533e+000 +3.2888e+000
% f evaluations | g evaluations | best noise-free fitness - Fopt (1.830100000000e+002) + sum g_i+ | measured fitness | best measured fitness or single-digit g-values | x1 | x2...
1 0 +3.603715264e+001 +2.190471526e+002 +2.190471526e+002 +0.0000e+000 +0.0000e+000 +0.0000e+000 +0.0000e+000 +0.0000e+000
3 0 +2.696969480e+001 +2.099796948e+002 +2.099796948e+002 -3.4087e+000 -4.7556e-001 -1.0677e+000 +3.8801e+000 -4.6673e+000
19 0 +1.361307003e+001 +1.966230700e+002 +1.966230700e+002 -2.2564e+000 +2.9028e+000 -1.3046e+000 +4.8649e-001 -2.5999e-001
31 0 +1.309082742e+001 +1.961008274e+002 +1.961008274e+002 -5.9032e-001 +4.1355e+000 -1.3518e+000 -1.2809e+000 -2.1260e+000
62 0 +1.148463699e+001 +1.944946370e+002 +1.944946370e+002 -2.8550e+000 -4.0686e-004 -1.9106e+000 +1.3508e+000 -2.9686e+000
79 0 +9.617191431e+000 +1.926271914e+002 +1.926271914e+002 +1.9789e-001 +1.1966e+000 -2.8692e+000 +4.6143e-001 -4.0173e+000
219 0 +6.471018886e+000 +1.894810189e+002 +1.894810189e+002 -7.5564e-001 +1.9544e+000 -1.9931e+000 +3.7749e-001 -5.0000e+000
231 0 +4.180208227e+000 +1.871902082e+002 +1.871902082e+002 -5.5575e-001 +2.5232e+000 -1.9956e+000 +3.4183e-001 -3.1825e+000
269 0 +2.244873007e+000 +1.852548730e+002 +1.852548730e+002 -8.9626e-001 +2.6374e+000 -2.6779e+000 +1.6708e+000 -3.7794e+000
375 0 +1.859670466e+000 +1.848696705e+002 +1.848696705e+002 -9.8357e-001 +2.5122e+000 -3.0055e+000 +8.1445e-001 -3.8921e+000
541 0 +6.510186120e-001 +1.836610186e+002 +1.836610186e+002 -1.6403e+000 +3.0239e+000 -3.3294e+000 +9.6672e-001 -3.9657e+000
912 0 +6.065787361e-001 +1.836165787e+002 +1.836165787e+002 -2.0152e+000 +2.9762e+000 -3.3759e+000 +9.5353e-001 -3.0131e+000
1078 0 +2.302254508e-001 +1.832402255e+002 +1.832402255e+002 -1.9551e+000 +2.9199e+000 -3.1948e+000 +9.1676e-001 -3.3734e+000
1439 0 +2.261732636e-001 +1.832361733e+002 +1.832361733e+002 -1.9405e+000 +2.9107e+000 -3.1598e+000 +8.8251e-001 -3.3710e+000
1663 0 +1.548579511e-001 +1.831648580e+002 +1.831648580e+002 -2.2213e+000 +3.0171e+000 -3.0808e+000 +1.0978e+000 -3.2684e+000
1965 0 +1.161691732e-001 +1.831261692e+002 +1.831261692e+002 -2.2170e+000 +3.1076e+000 -3.0037e+000 +1.0998e+000 -3.2711e+000
2036 0 +6.463965082e-002 +1.830746397e+002 +1.830746397e+002 -2.0757e+000 +3.0516e+000 -3.0099e+000 +1.0264e+000 -3.3740e+000
2286 0 +6.275992346e-002 +1.830727599e+002 +1.830727599e+002 -2.0603e+000 +3.0664e+000 -3.0132e+000 +1.0237e+000 -3.3846e+000
2865 0 +5.157478919e-002 +1.830615748e+002 +1.830615748e+002 -2.0775e+000 +3.1764e+000 -2.9203e+000 +1.0427e+000 -3.3620e+000
3152 0 +4.844385458e-002 +1.830584439e+002 +1.830584439e+002 -2.0024e+000 +3.1651e+000 -2.9279e+000 +1.0803e+000 -3.4210e+000
3371 0 +4.319179425e-002 +1.830531918e+002 +1.830531918e+002 -2.1084e+000 +3.1625e+000 -2.9623e+000 +1.0227e+000 -3.3934e+000
3465 0 +4.246383242e-002 +1.830524638e+002 +1.830524638e+002 -2.0818e+000 +3.2194e+000 -2.9091e+000 +1.0436e+000 -3.4066e+000
3561 0 +3.499447900e-002 +1.830449945e+002 +1.830449945e+002 -2.0652e+000 +3.1988e+000 -2.9009e+000 +9.8679e-001 -3.4278e+000
4086 0 +3.446098550e-002 +1.830444610e+002 +1.830444610e+002 -2.1554e+000 +3.1917e+000 -2.8633e+000 +9.8304e-001 -3.4020e+000
4138 0 +3.093328471e-002 +1.830409333e+002 +1.830409333e+002 -2.1633e+000 +3.1096e+000 -3.0141e+000 +1.0841e+000 -3.5268e+000
4204 0 +2.270615003e-002 +1.830327062e+002 +1.830327062e+002 -2.0743e+000 +3.1477e+000 -2.9581e+000 +1.0169e+000 -3.4827e+000
4998 0 +1.808641639e-002 +1.830280864e+002 +1.830280864e+002 -2.1081e+000 +3.1928e+000 -2.8138e+000 +1.1079e+000 -3.5158e+000
5175 0 +1.764090632e-002 +1.830276409e+002 +1.830276409e+002 -2.0793e+000 +3.1162e+000 -2.8222e+000 +1.1451e+000 -3.5526e+000
5178 0 +1.048806727e-002 +1.830204881e+002 +1.830204881e+002 -2.1430e+000 +3.1244e+000 -2.8324e+000 +1.0907e+000 -3.6334e+000
5593 0 +1.810261436e-003 +1.830118103e+002 +1.830118103e+002 -2.1504e+000 +3.0773e+000 -2.8533e+000 +1.0076e+000 -3.5780e+000
5850 0 +9.470492414e-004 +1.830109470e+002 +1.830109470e+002 -2.1453e+000 +3.0769e+000 -2.8590e+000 +1.0186e+000 -3.5579e+000
6475 0 +8.150442538e-004 +1.830108150e+002 +1.830108150e+002 -2.1450e+000 +3.0912e+000 -2.8513e+000 +1.0075e+000 -3.5468e+000
7665 0 +7.914052987e-004 +1.830107914e+002 +1.830107914e+002 -2.1349e+000 +3.1113e+000 -2.8402e+000 +1.0322e+000 -3.5327e+000
7865 0 +4.459681079e-004 +1.830104460e+002 +1.830104460e+002 -2.1394e+000 +3.1024e+000 -2.8451e+000 +1.0212e+000 -3.5390e+000
8063 0 +4.305902674e-004 +1.830104306e+002 +1.830104306e+002 -2.1311e+000 +3.1065e+000 -2.8463e+000 +1.0126e+000 -3.5482e+000
8129 0 +1.737998040e-004 +1.830101738e+002 +1.830101738e+002 -2.1275e+000 +3.1081e+000 -2.8470e+000 +1.0251e+000 -3.5512e+000
9276 0 +1.186347053e-004 +1.830101186e+002 +1.830101186e+002 -2.1326e+000 +3.1071e+000 -2.8451e+000 +1.0252e+000 -3.5618e+000
% f evaluations | g evaluations | best noise-free fitness - Fopt (1.835200000000e+002) + sum g_i+ | measured fitness | best measured fitness or single-digit g-values | x1 | x2...
1 0 +2.559320448e+001 +2.091132045e+002 +2.091132045e+002 +0.0000e+000 +0.0000e+000 +0.0000e+000 +0.0000e+000 +0.0000e+000
8 0 +1.987496835e+001 +2.033949684e+002 +2.033949684e+002 -3.0035e+000 -1.5251e+000 -3.8204e+000 -3.7158e+000 -2.8655e-001
52 0 +5.334100738e+000 +1.888541007e+002 +1.888541007e+002 -1.0312e+000 -3.7340e+000 -1.1854e+000 -3.6922e+000 -1.7577e-001
207 0 +3.163352813e+000 +1.866833528e+002 +1.866833528e+002 +1.1327e-001 -2.9717e+000 -1.3299e+000 -3.1231e+000 -4.8645e-001
250 0 +2.506923027e+000 +1.860269230e+002 +1.860269230e+002 -5.4128e-001 -3.8510e+000 -8.4433e-001 -2.1120e+000 -5.9746e-001
290 0 +3.542264471e-001 +1.838742264e+002 +1.838742264e+002 -2.1555e-001 -4.2111e+000 -2.0135e+000 -1.8394e+000 -3.4223e-001
793 0 +1.306731356e-001 +1.836506731e+002 +1.836506731e+002 -6.8852e-002 -4.2724e+000 -2.3180e+000 -2.0426e+000 -5.2081e-001
940 0 +1.057579666e-001 +1.836257580e+002 +1.836257580e+002 -7.6073e-002 -4.2024e+000 -2.4224e+000 -1.9409e+000 -5.2892e-001
1316 0 +6.889430953e-002 +1.835888943e+002 +1.835888943e+002 -3.4743e-002 -4.1400e+000 -2.3779e+000 -1.9246e+000 -5.4192e-001
2116 0 +4.291999832e-002 +1.835629200e+002 +1.835629200e+002 +2.0014e-002 -4.0500e+000 -2.3151e+000 -1.9003e+000 -5.6454e-001
3377 0 +2.529362464e-002 +1.835452936e+002 +1.835452936e+002 -5.4281e-002 -3.9468e+000 -2.2513e+000 -1.9209e+000 -7.0578e-001
3407 0 +1.714095623e-002 +1.835371410e+002 +1.835371410e+002 -1.3626e-001 -3.9728e+000 -2.2962e+000 -2.0285e+000 -6.2090e-001
3489 0 +1.192231271e-002 +1.835319223e+002 +1.835319223e+002 -1.0236e-001 -3.9617e+000 -2.2658e+000 -2.0552e+000 -6.6995e-001
3677 0 +1.061831052e-002 +1.835306183e+002 +1.835306183e+002 -8.7356e-002 -3.9940e+000 -2.2852e+000 -2.0495e+000 -6.2459e-001
3895 0 +9.455906084e-003 +1.835294559e+002 +1.835294559e+002 -8.6812e-002 -3.9843e+000 -2.2887e+000 -2.0455e+000 -6.2181e-001
3954 0 +9.177327685e-003 +1.835291773e+002 +1.835291773e+002 -7.5435e-002 -3.9486e+000 -2.2869e+000 -2.0012e+000 -6.1059e-001
4417 0 +8.087694742e-003 +1.835280877e+002 +1.835280877e+002 -5.2712e-002 -3.9378e+000 -2.2632e+000 -2.0126e+000 -6.2441e-001
4486 0 +6.097683090e-003 +1.835260977e+002 +1.835260977e+002 -6.8309e-002 -3.9301e+000 -2.3016e+000 -2.0951e+000 -6.5494e-001
4777 0 +4.756286410e-003 +1.835247563e+002 +1.835247563e+002 -4.8787e-002 -3.9468e+000 -2.3165e+000 -2.0836e+000 -6.1243e-001
4886 0 +4.398631822e-003 +1.835243986e+002 +1.835243986e+002 -5.5350e-002 -3.9467e+000 -2.3098e+000 -2.0729e+000 -6.1577e-001
5077 0 +4.198897896e-003 +1.835241989e+002 +1.835241989e+002 -5.5865e-002 -3.9436e+000 -2.3085e+000 -2.0748e+000 -6.2083e-001
5577 0 +4.045425454e-003 +1.835240454e+002 +1.835240454e+002 -5.9766e-002 -3.9379e+000 -2.3031e+000 -2.0734e+000 -6.3155e-001
5806 0 +1.487711132e-003 +1.835214877e+002 +1.835214877e+002 -2.8919e-002 -3.9426e+000 -2.3027e+000 -2.0238e+000 -6.5028e-001
6077 0 +1.422075846e-003 +1.835214221e+002 +1.835214221e+002 -3.1811e-002 -3.9483e+000 -2.3093e+000 -2.0375e+000 -6.3288e-001
8077 0 +1.367681504e-003 +1.835213677e+002 +1.835213677e+002 -3.2359e-002 -3.9470e+000 -2.3080e+000 -2.0367e+000 -6.3559e-001
8277 0 +1.329390899e-003 +1.835213294e+002 +1.835213294e+002 -3.3544e-002 -3.9443e+000 -2.3053e+000 -2.0348e+000 -6.4144e-001
9480 0 +9.594297711e-004 +1.835209594e+002 +1.835209594e+002 -4.2749e-002 -3.9441e+000 -2.3200e+000 -2.0364e+000 -6.4176e-001
% f evaluations | g evaluations | best noise-free fitness - Fopt (-5.938400000000e+002) + sum g_i+ | measured fitness | best measured fitness or single-digit g-values | x1 | x2...
1 0 +1.335823744e+001 -5.804817626e+002 -5.804817626e+002 +0.0000e+000 +0.0000e+000 +0.0000e+000 +0.0000e+000 +0.0000e+000
6 0 +1.056081353e+001 -5.832791865e+002 -5.832791865e+002 -3.3493e+000 +3.1198e+000 +3.2741e-001 +1.3608e+000 +9.8846e-001
25 0 +9.775216791e+000 -5.840647832e+002 -5.840647832e+002 -6.3114e-002 +1.4032e+000 -2.4337e-001 +3.0971e+000 +1.7985e+000
227 0 +9.080069605e+000 -5.847599304e+002 -5.847599304e+002 -2.7321e-001 -3.1495e-001 -1.3304e+000 +2.2298e+000 +1.4696e+000
254 0 +6.272485241e+000 -5.875675148e+002 -5.875675148e+002 -1.1723e+000 +9.0574e-001 -4.0250e-001 +3.5858e+000 +2.1432e+000
372 0 +5.846936522e+000 -5.879930635e+002 -5.879930635e+002 -1.2303e+000 +1.0550e+000 -3.4945e-001 +3.4771e+000 +2.0566e+000
407 0 +5.039237740e+000 -5.888007623e+002 -5.888007623e+002 -1.3559e+000 +1.2521e+000 -4.3768e-001 +3.1012e+000 +1.8861e+000
473 0 +3.412321290e+000 -5.904276787e+002 -5.904276787e+002 -1.4536e+000 +1.2713e+000 +5.7894e-002 +2.3360e+000 +6.7614e-001
551 0 +2.654139568e+000 -5.911858604e+002 -5.911858604e+002 -1.0734e+000 +6.3294e-002 +2.1072e-001 +2.5375e+000 +1.0186e+000
597 0 +1.557428869e+000 -5.922825711e+002 -5.922825711e+002 -1.9852e+000 +8.2627e-001 -3.1452e-002 +2.6824e+000 +1.2442e+000
803 0 +7.778807003e-001 -5.930621193e+002 -5.930621193e+002 -2.2540e+000 +8.5818e-001 +5.4809e-001 +2.2656e+000 +1.0890e+000
1062 0 +4.827994550e-001 -5.933572005e+002 -5.933572005e+002 -2.2924e+000 +4.7932e-001 +1.0523e+000 +2.0313e+000 +1.2373e+000
1203 0 +3.678747029e-001 -5.934721253e+002 -5.934721253e+002 -2.1898e+000 +5.1056e-001 +7.6347e-001 +2.2091e+000 +1.2766e+000
1297 0 +2.121383958e-001 -5.936278616e+002 -5.936278616e+002 -2.4570e+000 +3.5510e-001 +7.8150e-001 +1.9848e+000 +1.1105e+000
1303 0 +1.201414483e-001 -5.937198586e+002 -5.937198586e+002 -2.2437e+000 +7.1935e-002 +6.8624e-001 +2.1521e+000 +1.3621e+000
1571 0 +1.039111372e-001 -5.937360889e+002 -5.937360889e+002 -2.4346e+000 +2.5220e-002 +7.4300e-001 +1.9880e+000 +1.1919e+000
1803 0 +9.127379040e-002 -5.937487262e+002 -5.937487262e+002 -2.3634e+000 -3.0862e-002 +7.0571e-001 +2.0474e+000 +1.2784e+000
1978 0 +1.648180327e-002 -5.938235182e+002 -5.938235182e+002 -2.5259e+000 +2.0508e-001 +5.9210e-001 +2.1209e+000 +1.3244e+000
2303 0 +1.515397045e-002 -5.938248460e+002 -5.938248460e+002 -2.5049e+000 +1.7898e-001 +6.0611e-001 +2.1130e+000 +1.3192e+000
2593 0 +1.458517056e-002 -5.938254148e+002 -5.938254148e+002 -2.5249e+000 +1.8912e-001 +6.1760e-001 +2.1522e+000 +1.3319e+000
2803 0 +9.284102670e-003 -5.938307159e+002 -5.938307159e+002 -2.5182e+000 +1.3510e-001 +6.2729e-001 +2.1299e+000 +1.3226e+000
3640 0 +8.300558076e-003 -5.938316994e+002 -5.938316994e+002 -2.5321e+000 +1.4686e-001 +6.2424e-001 +2.1331e+000 +1.3288e+000
3803 0 +8.022667868e-003 -5.938319773e+002 -5.938319773e+002 -2.5266e+000 +1.0004e-001 +6.3299e-001 +2.1147e+000 +1.3209e+000
5260 0 +7.143770729e-003 -5.938328562e+002 -5.938328562e+002 -2.5471e+000 +1.3083e-001 +6.0654e-001 +2.1743e+000 +1.3168e+000
5403 0 +6.130985488e-003 -5.938338690e+002 -5.938338690e+002 -2.5386e+000 +1.1768e-001 +6.1754e-001 +2.1496e+000 +1.3184e+000
6342 0 +5.181168490e-003 -5.938348188e+002 -5.938348188e+002 -2.5570e+000 +1.1679e-001 +6.1796e-001 +2.1743e+000 +1.3391e+000
6505 0 +2.820794442e-003 -5.938371792e+002 -5.938371792e+002 -2.5436e+000 +1.1574e-001 +6.0795e-001 +2.1303e+000 +1.3467e+000
8356 0 +1.148689961e-003 -5.938388513e+002 -5.938388513e+002 -2.5712e+000 +8.8855e-002 +5.7936e-001 +2.1495e+000 +1.3380e+000
9564 0 +4.656145122e-004 -5.938395344e+002 -5.938395344e+002 -2.5727e+000 +9.5073e-002 +5.8456e-001 +2.1166e+000 +1.3635e+000
9903 0 +4.108178707e-004 -5.938395892e+002 -5.938395892e+002 -2.5701e+000 +1.0161e-001 +5.8426e-001 +2.1334e+000 +1.3520e+000
9918 0 +4.051918604e-004 -5.938395948e+002 -5.938395948e+002 -2.5706e+000 +8.8367e-002 +5.7836e-001 +2.1363e+000 +1.3485e+000
% f evaluations | g evaluations | best noise-free fitness - Fopt (-1.000000000000e+003) + sum g_i+ | measured fitness | best measured fitness or single-digit g-values | x1 | x2...
1 0 +5.549352064e+001 -9.445064794e+002 -9.445064794e+002 +0.0000e+000 +0.0000e+000 +0.0000e+000 +0.0000e+000 +0.0000e+000
7 0 +2.679586054e+001 -9.732041395e+002 -9.732041395e+002 -3.0058e+000 +1.8285e+000 -3.0906e+000 -1.5775e+000 -2.2499e+000
81 0 +1.088960232e+001 -9.891103977e+002 -9.891103977e+002 -2.6826e+000 +4.5636e+000 -4.2305e+000 +4.1069e-001 +3.1445e+000
221 0 +8.836262534e+000 -9.911637375e+002 -9.911637375e+002 -3.0928e+000 +4.0832e+000 -3.2711e+000 +3.2526e-001 +2.7902e+000
300 0 +4.753949920e+000 -9.952460501e+002 -9.952460501e+002 -2.3230e+000 +4.4564e+000 -4.5947e+000 -1.7836e+000 +3.3220e+000
349 0 +2.359661843e+000 -9.976403382e+002 -9.976403382e+002 -3.3043e+000 +3.7430e+000 -3.8715e+000 -1.0413e+000 +2.5882e+000
653 0 +1.977177793e+000 -9.980228222e+002 -9.980228222e+002 -3.4669e+000 +4.0980e+000 -4.0930e+000 -1.1421e+000 +2.2486e+000
715 0 +1.453849700e+000 -9.985461503e+002 -9.985461503e+002 -3.7718e+000 +4.0148e+000 -4.1827e+000 -1.3544e+000 +1.9824e+000
1127 0 +1.424699220e+000 -9.985753008e+002 -9.985753008e+002 -3.9766e+000 +3.7407e+000 -4.3319e+000 -1.4108e+000 +2.0496e+000
1162 0 +7.848728066e-001 -9.992151272e+002 -9.992151272e+002 -3.6036e+000 +4.0357e+000 -4.0917e+000 -1.8810e+000 +1.7510e+000
1240 0 +6.959920070e-001 -9.993040080e+002 -9.993040080e+002 -3.7563e+000 +3.9251e+000 -4.0338e+000 -1.8780e+000 +1.7387e+000
1341 0 +6.660270608e-001 -9.993339729e+002 -9.993339729e+002 -4.0143e+000 +3.0932e+000 -3.8282e+000 -2.2656e+000 +2.1353e+000
1359 0 +4.727836936e-001 -9.995272163e+002 -9.995272163e+002 -3.4502e+000 +3.6848e+000 -4.3484e+000 -2.3336e+000 +2.3065e+000
1630 0 +3.667514781e-001 -9.996332485e+002 -9.996332485e+002 -3.5577e+000 +3.8190e+000 -4.3226e+000 -2.3247e+000 +2.1650e+000
1709 0 +2.760606082e-001 -9.997239394e+002 -9.997239394e+002 -3.6827e+000 +3.4751e+000 -3.9915e+000 -2.5233e+000 +2.5705e+000
1851 0 +1.275564819e-001 -9.998724435e+002 -9.998724435e+002 -3.5533e+000 +3.7444e+000 -3.8828e+000 -2.5067e+000 +2.4566e+000
2578 0 +1.165039147e-001 -9.998834961e+002 -9.998834961e+002 -3.5739e+000 +3.7458e+000 -3.8165e+000 -2.5455e+000 +2.4509e+000
2954 0 +7.507100983e-002 -9.999249290e+002 -9.999249290e+002 -3.5951e+000 +3.8289e+000 -3.8784e+000 -2.4845e+000 +2.3914e+000
3191 0 +6.563370032e-002 -9.999343663e+002 -9.999343663e+002 -3.6706e+000 +3.8530e+000 -3.8562e+000 -2.4528e+000 +2.4868e+000
3591 0 +6.210337638e-002 -9.999378966e+002 -9.999378966e+002 -3.6852e+000 +3.8534e+000 -3.8628e+000 -2.4398e+000 +2.4890e+000
3608 0 +1.820599332e-002 -9.999817940e+002 -9.999817940e+002 -3.7169e+000 +3.8797e+000 -3.8253e+000 -2.4412e+000 +2.2622e+000
4654 0 +1.650108922e-002 -9.999834989e+002 -9.999834989e+002 -3.7228e+000 +3.8520e+000 -3.7930e+000 -2.4553e+000 +2.2678e+000
5000 0 +1.526715586e-002 -9.999847328e+002 -9.999847328e+002 -3.7785e+000 +3.8386e+000 -3.7749e+000 -2.3537e+000 +2.2848e+000
5189 0 +7.307800480e-003 -9.999926922e+002 -9.999926922e+002 -3.8119e+000 +3.8227e+000 -3.8528e+000 -2.3912e+000 +2.2622e+000
5571 0 +4.462124601e-003 -9.999955379e+002 -9.999955379e+002 -3.8215e+000 +3.8565e+000 -3.8401e+000 -2.4019e+000 +2.3423e+000
6889 0 +3.604466171e-003 -9.999963955e+002 -9.999963955e+002 -3.8199e+000 +3.8468e+000 -3.8459e+000 -2.4000e+000 +2.3197e+000
7230 0 +2.024617343e-003 -9.999979754e+002 -9.999979754e+002 -3.8246e+000 +3.8233e+000 -3.8295e+000 -2.4300e+000 +2.3232e+000
7630 0 +1.992981825e-003 -9.999980070e+002 -9.999980070e+002 -3.8247e+000 +3.8253e+000 -3.8302e+000 -2.4277e+000 +2.3232e+000
8303 0 +1.607468998e-003 -9.999983925e+002 -9.999983925e+002 -3.8291e+000 +3.8249e+000 -3.8432e+000 -2.4388e+000 +2.3118e+000
8730 0 +1.566319735e-003 -9.999984337e+002 -9.999984337e+002 -3.8303e+000 +3.8347e+000 -3.8479e+000 -2.4292e+000 +2.3114e+000
9703 0 +1.384932553e-003 -9.999986151e+002 -9.999986151e+002 -3.8326e+000 +3.8292e+000 -3.8438e+000 -2.4412e+000 +2.3151e+000
% f evaluations | g evaluations | best noise-free fitness - Fopt (-2.531000000000e+001) + sum g_i+ | measured fitness | best measured fitness or single-digit g-values | x1 | x2...
1 0 +4.109238592e+001 +1.578238592e+001 +1.578238592e+001 +0.0000e+000 +0.0000e+000 +0.0000e+000 +0.0000e+000 +0.0000e+000
7 0 +4.874639790e+000 -2.043536021e+001 -2.043536021e+001 +2.2126e+000 +2.2966e+000 +6.7286e-001 +2.4710e+000 +1.2808e+000
334 0 +2.610265412e+000 -2.269973459e+001 -2.269973459e+001 +2.6773e+000 +4.0849e+000 +1.7055e-001 +4.1611e+000 +2.9005e+000
477 0 +7.268118230e-001 -2.458318818e+001 -2.458318818e+001 +3.4317e+000 +4.1676e+000 +1.3702e+000 +3.0454e+000 +2.2005e+000
640 0 +6.877522998e-001 -2.462224770e+001 -2.462224770e+001 +3.4141e+000 +4.1304e+000 +8.3670e-001 +2.6259e+000 +2.2722e+000
823 0 +4.649138526e-001 -2.484508615e+001 -2.484508615e+001 +3.1572e+000 +3.9595e+000 +4.8858e-001 +3.0478e+000 +2.5711e+000
1251 0 +4.434439094e-001 -2.486655609e+001 -2.486655609e+001 +3.0741e+000 +3.8528e+000 +5.8231e-001 +3.0543e+000 +2.0796e+000
1283 0 +4.164739484e-001 -2.489352605e+001 -2.489352605e+001 +3.2348e+000 +3.8987e+000 +8.2232e-001 +2.7151e+000 +2.4563e+000
1311 0 +1.734277884e-001 -2.513657221e+001 -2.513657221e+001 +3.4064e+000 +3.8104e+000 +7.8514e-001 +2.9566e+000 +2.5745e+000
1511 0 +1.661092750e-001 -2.514389073e+001 -2.514389073e+001 +3.7160e+000 +3.6251e+000 +9.0420e-001 +3.1603e+000 +2.6924e+000
1559 0 +1.058838365e-001 -2.520411616e+001 -2.520411616e+001 +3.5763e+000 +3.3882e+000 +7.0288e-001 +3.0033e+000 +2.5192e+000
1711 0 +1.028546437e-001 -2.520714536e+001 -2.520714536e+001 +3.6267e+000 +3.6158e+000 +8.4096e-001 +3.0888e+000 +2.6349e+000
2259 0 +7.462680015e-002 -2.523537320e+001 -2.523537320e+001 +3.5506e+000 +3.5264e+000 +7.4920e-001 +3.0245e+000 +2.5631e+000
2323 0 +6.953455081e-002 -2.524046545e+001 -2.524046545e+001 +3.6096e+000 +3.6403e+000 +8.8802e-001 +3.2077e+000 +2.5781e+000
2497 0 +6.187201549e-002 -2.524812798e+001 -2.524812798e+001 +3.5994e+000 +3.7013e+000 +9.0792e-001 +3.2077e+000 +2.5009e+000
2598 0 +3.950256984e-002 -2.527049743e+001 -2.527049743e+001 +3.5399e+000 +3.6347e+000 +9.1561e-001 +3.1734e+000 +2.5284e+000
2617 0 +1.792173413e-002 -2.529207827e+001 -2.529207827e+001 +3.4250e+000 +3.5614e+000 +9.0125e-001 +3.1203e+000 +2.4792e+000
3698 0 +1.714121693e-002 -2.529285878e+001 -2.529285878e+001 +3.4926e+000 +3.6295e+000 +8.9175e-001 +3.1536e+000 +2.4552e+000
3795 0 +8.776388449e-003 -2.530122361e+001 -2.530122361e+001 +3.4631e+000 +3.5277e+000 +8.4387e-001 +3.1062e+000 +2.4342e+000
3989 0 +7.204595572e-003 -2.530279540e+001 -2.530279540e+001 +3.4631e+000 +3.5218e+000 +8.3071e-001 +3.1092e+000 +2.4118e+000
4309 0 +5.484260412e-003 -2.530451574e+001 -2.530451574e+001 +3.4910e+000 +3.5436e+000 +8.2165e-001 +3.1244e+000 +2.3798e+000
5436 0 +3.741139524e-003 -2.530625886e+001 -2.530625886e+001 +3.5139e+000 +3.5628e+000 +8.6524e-001 +3.2117e+000 +2.3908e+000
5489 0 +3.460056378e-003 -2.530653994e+001 -2.530653994e+001 +3.4437e+000 +3.5457e+000 +8.4242e-001 +3.1373e+000 +2.3754e+000
5836 0 +1.906202302e-003 -2.530809380e+001 -2.530809380e+001 +3.4592e+000 +3.5464e+000 +8.6806e-001 +3.2232e+000 +2.3936e+000
6236 0 +1.461007993e-003 -2.530853899e+001 -2.530853899e+001 +3.4772e+000 +3.5546e+000 +8.4875e-001 +3.1574e+000 +2.3794e+000
7026 0 +7.498161354e-004 -2.530925018e+001 -2.530925018e+001 +3.4539e+000 +3.5516e+000 +8.6007e-001 +3.1773e+000 +2.3809e+000
9326 0 +7.338503075e-004 -2.530926615e+001 -2.530926615e+001 +3.4546e+000 +3.5516e+000 +8.5976e-001 +3.1769e+000 +2.3809e+000
9826 0 +6.809701328e-004 -2.530931903e+001 -2.530931903e+001 +3.4645e+000 +3.5520e+000 +8.5555e-001 +3.1705e+000 +2.3812e+000
% f evaluations | g evaluations | best noise-free fitness - Fopt (2.228000000000e+001) + sum g_i+ | measured fitness | best measured fitness or single-digit g-values | x1 | x2...
1 0 +1.659087296e+001 +3.887087296e+001 +3.887087296e+001 +0.0000e+000 +0.0000e+000 +0.0000e+000 +0.0000e+000 +0.0000e+000
26 0 +8.298687621e+000 +3.057868762e+001 +3.057868762e+001 +2.2239e+000 -3.5341e+000 -8.8311e-001 +2.9130e+000 -2.3795e+000
57 0 +1.946922667e+000 +2.422692267e+001 +2.422692267e+001 +1.4501e+000 -2.3807e+000 -2.2335e+000 +8.4256e-001 -3.8366e+000
484 0 +1.724114986e+000 +2.400411499e+001 +2.400411499e+001 +1.1917e+000 -2.2347e+000 -2.5386e+000 +8.2014e-001 -3.6168e+000
622 0 +1.577123211e+000 +2.385712321e+001 +2.385712321e+001 +1.0201e+000 -2.0616e+000 -2.2552e+000 +1.1043e+000 -3.7323e+000
699 0 +9.386460188e-001 +2.321864602e+001 +2.321864602e+001 +1.0363e+000 -2.1400e+000 -2.3996e+000 +8.7512e-001 -3.2189e+000
749 0 +3.200931881e-001 +2.260009319e+001 +2.260009319e+001 +1.5158e+000 -1.8773e+000 -1.5803e+000 +1.1362e+000 -3.1382e+000
1095 0 +2.695464860e-001 +2.254954649e+001 +2.254954649e+001 +1.5161e+000 -1.7168e+000 -1.7928e+000 +9.6305e-001 -3.1631e+000
1628 0 +8.403740931e-002 +2.236403741e+001 +2.236403741e+001 +1.1424e+000 -1.8422e+000 -1.8918e+000 +1.0475e+000 -2.6901e+000
2244 0 +7.627301505e-002 +2.235627302e+001 +2.235627302e+001 +1.3709e+000 -1.7930e+000 -1.7950e+000 +9.2423e-001 -2.9162e+000
2446 0 +4.737739136e-002 +2.232737739e+001 +2.232737739e+001 +1.3925e+000 -1.7416e+000 -2.0024e+000 +9.6057e-001 -2.7606e+000
2828 0 +2.044629505e-002 +2.230044630e+001 +2.230044630e+001 +1.3344e+000 -1.7610e+000 -1.8472e+000 +1.0366e+000 -2.7758e+000
3123 0 +1.787635930e-002 +2.229787636e+001 +2.229787636e+001 +1.4234e+000 -1.7351e+000 -1.9259e+000 +1.0513e+000 -2.7249e+000
3344 0 +1.503561450e-002 +2.229503561e+001 +2.229503561e+001 +1.4199e+000 -1.7920e+000 -1.8058e+000 +9.0096e-001 -2.6916e+000
4024 0 +1.285343595e-002 +2.229285344e+001 +2.229285344e+001 +1.3863e+000 -1.7712e+000 -1.7866e+000 +9.3139e-001 -2.7204e+000
5462 0 +1.072148909e-002 +2.229072149e+001 +2.229072149e+001 +1.3367e+000 -1.7614e+000 -1.8364e+000 +9.7596e-001 -2.7140e+000
5793 0 +9.921053459e-003 +2.228992105e+001 +2.228992105e+001 +1.3567e+000 -1.7481e+000 -1.8127e+000 +9.7129e-001 -2.7227e+000
5912 0 +6.303824433e-003 +2.228630382e+001 +2.228630382e+001 +1.3795e+000 -1.7488e+000 -1.8072e+000 +1.0124e+000 -2.7262e+000
6471 0 +4.392671207e-003 +2.228439267e+001 +2.228439267e+001 +1.4027e+000 -1.7778e+000 -1.8272e+000 +1.0162e+000 -2.7268e+000
9115 0 +4.219825573e-003 +2.228421983e+001 +2.228421983e+001 +1.4039e+000 -1.7698e+000 -1.8159e+000 +1.0045e+000 -2.7239e+000
% f evaluations | g evaluations | best noise-free fitness - Fopt (3.561400000000e+002) + sum g_i+ | measured fitness | best measured fitness or single-digit g-values | x1 | x2...
1 0 +2.189520512e+001 +3.780352051e+002 +3.780352051e+002 +0.0000e+000 +0.0000e+000 +0.0000e+000 +0.0000e+000 +0.0000e+000
7 0 +1.892905415e+001 +3.750690542e+002 +3.750690542e+002 -6.5176e-001 +9.5414e-001 -3.9721e+000 +1.1164e+000 -1.8700e+000
33 0 +1.357001451e+001 +3.697100145e+002 +3.697100145e+002 +3.5009e-001 +2.0130e+000 -2.6395e+000 +3.8588e+000 -1.2670e-001
51 0 +1.062176768e+001 +3.667617677e+002 +3.667617677e+002 +8.8831e-001 -1.4064e-001 -2.5077e+000 -6.8826e-001 +2.2131e+000
277 0 +1.040047006e+001 +3.665404701e+002 +3.665404701e+002 +2.3576e+000 +1.1152e+000 -3.5685e+000 +6.5015e-001 +3.5326e+000
344 0 +8.945967475e+000 +3.650859675e+002 +3.650859675e+002 +1.1914e+000 -1.2976e+000 -3.3498e+000 +2.7247e-001 +3.5351e+000
429 0 +4.701977040e+000 +3.608419770e+002 +3.608419770e+002 +1.7553e+000 -1.7405e-001 -1.7914e+000 +1.6746e+000 +2.4963e+000
595 0 +4.654564126e+000 +3.607945641e+002 +3.607945641e+002 +1.8745e+000 -7.9952e-001 -2.1691e+000 +1.8840e+000 +2.9832e+000
632 0 +4.188629345e+000 +3.603286293e+002 +3.603286293e+002 +2.1289e+000 -1.7522e+000 -2.6009e+000 +2.2205e+000 +2.5921e+000
637 0 +2.900848548e+000 +3.590408485e+002 +3.590408485e+002 +1.5748e+000 -2.1102e-001 -3.2202e+000 +1.2136e+000 +2.7205e+000
653 0 +2.324103429e+000 +3.584641034e+002 +3.584641034e+002 +1.7817e+000 -4.6569e-001 -2.4736e+000 +1.3399e+000 +1.9804e+000
947 0 +1.361391875e+000 +3.575013919e+002 +3.575013919e+002 +1.5149e+000 -5.3182e-001 -3.0935e+000 +1.1719e+000 +1.1883e+000
1085 0 +9.543917079e-001 +3.570943917e+002 +3.570943917e+002 +1.5987e+000 -6.0411e-001 -2.8811e+000 +1.6864e+000 +9.6962e-001
1099 0 +5.584520311e-001 +3.566984520e+002 +3.566984520e+002 +1.0058e+000 -1.0694e+000 -3.5523e+000 +2.0080e+000 +1.5323e+000
1375 0 +5.490134096e-001 +3.566890134e+002 +3.566890134e+002 +1.7436e+000 -2.4814e-001 -3.1389e+000 +2.1585e+000 +1.9056e+000
1492 0 +1.071328316e-001 +3.562471328e+002 +3.562471328e+002 +1.6749e+000 -3.8466e-001 -3.5018e+000 +2.3168e+000 +1.6024e+000
2168 0 +9.994753517e-002 +3.562399475e+002 +3.562399475e+002 +1.6199e+000 -4.8377e-001 -3.7430e+000 +2.3295e+000 +1.5640e+000
2217 0 +6.953710061e-002 +3.562095371e+002 +3.562095371e+002 +1.6279e+000 -4.5388e-001 -3.6272e+000 +2.2359e+000 +1.5940e+000
2502 0 +5.260686931e-002 +3.561926069e+002 +3.561926069e+002 +1.5945e+000 -5.2319e-001 -3.5529e+000 +2.2274e+000 +1.6119e+000
2767 0 +3.566927510e-002 +3.561756693e+002 +3.561756693e+002 +1.5863e+000 -5.2373e-001 -3.5331e+000 +2.2723e+000 +1.5576e+000
3703 0 +2.899454709e-002 +3.561689945e+002 +3.561689945e+002 +1.5799e+000 -4.8215e-001 -3.5889e+000 +2.1823e+000 +1.3376e+000
3839 0 +2.354317914e-002 +3.561635432e+002 +3.561635432e+002 +1.5485e+000 -4.0567e-001 -3.5255e+000 +2.1914e+000 +1.4389e+000
4640 0 +2.230403793e-002 +3.561623040e+002 +3.561623040e+002 +1.5695e+000 -4.3569e-001 -3.5245e+000 +2.2552e+000 +1.4558e+000
4992 0 +1.272050561e-002 +3.561527205e+002 +3.561527205e+002 +1.5459e+000 -4.6357e-001 -3.5456e+000 +2.2479e+000 +1.4524e+000
5061 0 +8.870375229e-003 +3.561488704e+002 +3.561488704e+002 +1.5125e+000 -5.6689e-001 -3.4962e+000 +2.2717e+000 +1.4326e+000
5240 0 +8.447948525e-003 +3.561484479e+002 +3.561484479e+002 +1.5325e+000 -4.8835e-001 -3.4999e+000 +2.2128e+000 +1.4388e+000
5310 0 +7.516324264e-003 +3.561475163e+002 +3.561475163e+002 +1.4608e+000 -5.0136e-001 -3.6209e+000 +2.2189e+000 +1.4316e+000
5592 0 +1.976065363e-003 +3.561419761e+002 +3.561419761e+002 +1.4895e+000 -5.1645e-001 -3.5392e+000 +2.2260e+000 +1.4584e+000
8492 0 +1.614405527e-003 +3.561416144e+002 +3.561416144e+002 +1.4709e+000 -5.3090e-001 -3.5297e+000 +2.2102e+000 +1.4628e+000
% f evaluations | g evaluations | best noise-free fitness - Fopt (-4.757000000000e+002) + sum g_i+ | measured fitness | best measured fitness or single-digit g-values | x1 | x2...
1 0 +2.709985920e+001 -4.486001408e+002 -4.486001408e+002 +0.0000e+000 +0.0000e+000 +0.0000e+000 +0.0000e+000 +0.0000e+000
12 0 +6.425153303e+000 -4.692748467e+002 -4.692748467e+002 -2.4955e+000 +1.3856e+000 +3.9329e+000 +3.4780e+000 -1.4411e+000
250 0 +1.745072677e+000 -4.739549273e+002 -4.739549273e+002 -2.7607e-001 +2.7635e-001 +3.0856e+000 +3.4509e+000 -2.1627e+000
648 0 +1.614911817e+000 -4.740850882e+002 -4.740850882e+002 -1.2820e+000 +4.9285e-001 +3.1601e+000 +2.7608e+000 -1.9642e+000
730 0 +1.324777849e+000 -4.743752222e+002 -4.743752222e+002 -6.2006e-001 +4.2123e-001 +3.4599e+000 +3.1521e+000 -1.0477e+000
850 0 +8.584259510e-001 -4.748415740e+002 -4.748415740e+002 -3.3455e-002 -4.5004e-001 +3.6586e+000 +2.8784e+000 -2.1209e+000
977 0 +7.527143758e-001 -4.749472856e+002 -4.749472856e+002 -9.0252e-001 +2.8337e-001 +3.7305e+000 +3.3798e+000 -1.9583e+000
1009 0 +6.127118940e-001 -4.750872881e+002 -4.750872881e+002 -4.7193e-001 -6.0593e-001 +4.3182e+000 +2.6619e+000 -1.4426e+000
1125 0 +5.967533248e-001 -4.751032467e+002 -4.751032467e+002 -1.0052e+000 +4.0273e-002 +4.0442e+000 +2.9296e+000 -2.1926e+000
1134 0 +3.555309793e-001 -4.753444690e+002 -4.753444690e+002 -3.5262e-001 -2.2563e-001 +3.6347e+000 +3.1213e+000 -1.8927e+000
1164 0 +2.295984609e-001 -4.754704015e+002 -4.754704015e+002 -7.6470e-001 -2.1499e-001 +3.4250e+000 +2.9609e+000 -1.8825e+000
1530 0 +1.643025561e-001 -4.755356974e+002 -4.755356974e+002 -4.7763e-001 -3.4250e-001 +3.7767e+000 +2.8372e+000 -1.6460e+000
1544 0 +1.247349414e-001 -4.755752651e+002 -4.755752651e+002 -5.5374e-001 -3.6357e-001 +3.8479e+000 +3.1640e+000 -1.8000e+000
1816 0 +9.800057298e-002 -4.756019994e+002 -4.756019994e+002 -5.8364e-001 -3.4755e-001 +3.7631e+000 +3.1112e+000 -1.8122e+000
2088 0 +9.260118149e-002 -4.756073988e+002 -4.756073988e+002 -5.9822e-001 -3.6014e-001 +3.7443e+000 +3.0727e+000 -1.8438e+000
2237 0 +4.395742615e-002 -4.756560426e+002 -4.756560426e+002 -6.3534e-001 -4.6962e-001 +3.7526e+000 +2.9978e+000 -1.7488e+000
2496 0 +2.420720785e-002 -4.756757928e+002 -4.756757928e+002 -8.5152e-001 -4.3065e-001 +3.8845e+000 +3.0889e+000 -1.7684e+000
3106 0 +1.554767257e-002 -4.756844523e+002 -4.756844523e+002 -7.9767e-001 -4.7000e-001 +3.7613e+000 +3.0240e+000 -1.7967e+000
3134 0 +1.258385334e-002 -4.756874161e+002 -4.756874161e+002 -9.1093e-001 -4.6260e-001 +3.8003e+000 +3.0248e+000 -1.7547e+000
3594 0 +1.025101717e-002 -4.756897490e+002 -4.756897490e+002 -8.1638e-001 -4.5752e-001 +3.8353e+000 +3.0367e+000 -1.7648e+000
3806 0 +1.017137396e-002 -4.756898286e+002 -4.756898286e+002 -8.7300e-001 -4.5695e-001 +3.8186e+000 +3.0356e+000 -1.7625e+000
3977 0 +9.863108119e-003 -4.756901369e+002 -4.756901369e+002 -8.2868e-001 -4.4490e-001 +3.8262e+000 +3.0345e+000 -1.7701e+000
4094 0 +9.606876189e-003 -4.756903931e+002 -4.756903931e+002 -8.5193e-001 -4.4694e-001 +3.8204e+000 +3.0345e+000 -1.7681e+000
4206 0 +8.691272488e-003 -4.756913087e+002 -4.756913087e+002 -8.5183e-001 -4.5619e-001 +3.8044e+000 +3.0276e+000 -1.7687e+000
4712 0 +7.883285175e-003 -4.756921167e+002 -4.756921167e+002 -8.5896e-001 -4.4186e-001 +3.8064e+000 +3.0272e+000 -1.7620e+000
5012 0 +7.405125301e-003 -4.756925949e+002 -4.756925949e+002 -8.6581e-001 -3.8237e-001 +3.7959e+000 +3.0263e+000 -1.7259e+000
5406 0 +6.398124719e-003 -4.756936019e+002 -4.756936019e+002 -8.4262e-001 -4.4365e-001 +3.7886e+000 +3.0207e+000 -1.7608e+000
5712 0 +5.958514938e-003 -4.756940415e+002 -4.756940415e+002 -8.5529e-001 -4.2327e-001 +3.7966e+000 +3.0246e+000 -1.7499e+000
5928 0 +5.430274241e-003 -4.756945697e+002 -4.756945697e+002 -8.3567e-001 -4.0015e-001 +3.8031e+000 +3.0284e+000 -1.7355e+000
5977 0 +5.341628008e-003 -4.756946584e+002 -4.756946584e+002 -8.6252e-001 -4.3347e-001 +3.8016e+000 +3.0268e+000 -1.7426e+000
6328 0 +4.360297712e-003 -4.756956397e+002 -4.756956397e+002 -8.2934e-001 -4.0968e-001 +3.8052e+000 +3.0357e+000 -1.7279e+000
6706 0 +3.773732229e-003 -4.756962263e+002 -4.756962263e+002 -7.9627e-001 -4.1935e-001 +3.7822e+000 +3.0252e+000 -1.7241e+000
6894 0 +3.105628613e-003 -4.756968944e+002 -4.756968944e+002 -8.1922e-001 -4.0739e-001 +3.7874e+000 +3.0286e+000 -1.7173e+000
7294 0 +3.083354559e-003 -4.756969166e+002 -4.756969166e+002 -8.2485e-001 -4.0264e-001 +3.7829e+000 +3.0271e+000 -1.7133e+000
7681 0 +2.453884415e-003 -4.756975461e+002 -4.756975461e+002 -8.0639e-001 -4.4104e-001 +3.8091e+000 +3.0402e+000 -1.6663e+000
8294 0 +2.119372872e-003 -4.756978806e+002 -4.756978806e+002 -8.3316e-001 -4.1392e-001 +3.7853e+000 +3.0312e+000 -1.6591e+000
8606 0 +1.937971643e-003 -4.756980620e+002 -4.756980620e+002 -8.1137e-001 -4.1545e-001 +3.7733e+000 +3.0226e+000 -1.7015e+000
8877 0 +1.482241835e-003 -4.756985178e+002 -4.756985178e+002 -8.3570e-001 -4.6962e-001 +3.7888e+000 +3.0303e+000 -1.6978e+000
9212 0 +1.001383072e-003 -4.756989986e+002 -4.756989986e+002 -8.2502e-001 -4.5089e-001 +3.7918e+000 +3.0334e+000 -1.6698e+000
9294 0 +8.318215781e-004 -4.756991682e+002 -4.756991682e+002 -8.2856e-001 -4.3115e-001 +3.7720e+000 +3.0241e+000 -1.6723e+000
9612 0 +6.193138746e-004 -4.756993807e+002 -4.756993807e+002 -8.1830e-001 -4.4203e-001 +3.7746e+000 +3.0245e+000 -1.6837e+000
% f evaluations | g evaluations | best noise-free fitness - Fopt (-1.000000000000e+003) + sum g_i+ | measured fitness | best measured fitness or single-digit g-values | x1 | x2...
1 0 +4.480582976e+001 -9.551941702e+002 -9.551941702e+002 +0.0000e+000 +0.0000e+000 +0.0000e+000 +0.0000e+000 +0.0000e+000
11 0 +3.840738456e+001 -9.615926154e+002 -9.615926154e+002 -2.2172e+000 +4.0813e-001 +3.5630e-001 -4.1053e+000 -4.7999e+000
15 0 +3.175809835e+001 -9.682419016e+002 -9.682419016e+002 -4.6829e+000 -4.9798e-001 +4.3437e+000 -1.4762e+000 +2.1686e+000
16 0 +3.118042266e+001 -9.688195773e+002 -9.688195773e+002 -4.9180e+000 +2.1206e+000 +6.8931e-001 -7.7752e-001 +2.5042e+000
18 0 +2.965711043e+001 -9.703428896e+002 -9.703428896e+002 -9.0089e-001 +4.8209e+000 +1.6693e+000 -1.7216e+000 +1.9929e+000
23 0 +6.338737416e+000 -9.936612626e+002 -9.936612626e+002 -3.7872e+000 +2.8957e+000 +4.5320e+000 -1.8805e+000 +4.7010e-001
277 0 +3.306561076e+000 -9.966934389e+002 -9.966934389e+002 -2.7194e+000 +3.7566e+000 +4.3727e+000 -2.4640e+000 -2.5021e+000
525 0 +2.747311920e+000 -9.972526881e+002 -9.972526881e+002 -3.2502e+000 +3.1517e+000 +5.2772e+000 -1.5221e+000 -1.9682e+000
548 0 +2.584967492e+000 -9.974150325e+002 -9.974150325e+002 -2.4406e+000 +3.0456e+000 +3.7189e+000 -2.2253e+000 -1.9162e+000
677 0 +1.181468760e+000 -9.988185312e+002 -9.988185312e+002 -3.6454e+000 +2.4661e+000 +4.1587e+000 -1.8603e+000 -1.6090e+000
688 0 +1.120809766e+000 -9.988791902e+002 -9.988791902e+002 -3.5628e+000 +3.4739e+000 +4.7346e+000 -1.3139e+000 -1.9923e+000
728 0 +3.654714852e-001 -9.996345285e+002 -9.996345285e+002 -3.8301e+000 +2.9841e+000 +3.9716e+000 -1.0669e+000 -2.0954e+000
748 0 +2.498644417e-001 -9.997501356e+002 -9.997501356e+002 -3.5127e+000 +3.5714e+000 +3.7133e+000 -1.6953e+000 -2.0003e+000
1478 0 +1.986394176e-001 -9.998013606e+002 -9.998013606e+002 -3.7009e+000 +3.5143e+000 +3.4004e+000 -1.5397e+000 -1.9965e+000
1730 0 +1.695848668e-001 -9.998304151e+002 -9.998304151e+002 -3.7896e+000 +3.5229e+000 +3.8787e+000 -1.1217e+000 -1.9684e+000
1804 0 +1.379828677e-001 -9.998620171e+002 -9.998620171e+002 -3.5950e+000 +3.3769e+000 +3.4911e+000 -1.5511e+000 -1.9622e+000
1884 0 +7.381291086e-002 -9.999261871e+002 -9.999261871e+002 -3.7914e+000 +3.4460e+000 +3.6263e+000 -1.2401e+000 -1.9528e+000
2336 0 +6.199374796e-002 -9.999380063e+002 -9.999380063e+002 -3.7355e+000 +3.4759e+000 +3.8736e+000 -1.4755e+000 -1.9380e+000
2429 0 +4.212361441e-002 -9.999578764e+002 -9.999578764e+002 -3.7505e+000 +3.3802e+000 +3.5830e+000 -1.3094e+000 -1.8674e+000
2484 0 +3.763732692e-002 -9.999623627e+002 -9.999623627e+002 -3.7679e+000 +3.4542e+000 +3.7238e+000 -1.3419e+000 -1.9457e+000
2829 0 +2.276264866e-002 -9.999772374e+002 -9.999772374e+002 -3.7416e+000 +3.3589e+000 +3.6268e+000 -1.3423e+000 -1.8505e+000
3277 0 +2.144467340e-002 -9.999785553e+002 -9.999785553e+002 -3.8302e+000 +3.3501e+000 +3.7347e+000 -1.2845e+000 -1.8694e+000
3477 0 +2.084031425e-002 -9.999791597e+002 -9.999791597e+002 -3.8253e+000 +3.3563e+000 +3.7322e+000 -1.2885e+000 -1.8736e+000
3795 0 +9.578616476e-003 -9.999904214e+002 -9.999904214e+002 -3.7620e+000 +3.3683e+000 +3.7273e+000 -1.3584e+000 -1.8765e+000
4003 0 +4.299445685e-004 -9.999995701e+002 -9.999995701e+002 -3.8128e+000 +3.3280e+000 +3.7317e+000 -1.4352e+000 -1.8251e+000
7129 0 +4.218175171e-004 -9.999995782e+002 -9.999995782e+002 -3.8147e+000 +3.3319e+000 +3.7287e+000 -1.4318e+000 -1.8285e+000
7184 0 +3.904937856e-004 -9.999996095e+002 -9.999996095e+002 -3.8122e+000 +3.3288e+000 +3.7309e+000 -1.4343e+000 -1.8260e+000
7805 0 +2.594658563e-004 -9.999997405e+002 -9.999997405e+002 -3.7949e+000 +3.3183e+000 +3.7256e+000 -1.4116e+000 -1.8261e+000
8506 0 +6.475283203e-005 -9.999999352e+002 -9.999999352e+002 -3.8073e+000 +3.3228e+000 +3.7321e+000 -1.4257e+000 -1.8297e+000
8584 0 +6.368246522e-005 -9.999999363e+002 -9.999999363e+002 -3.8034e+000 +3.3244e+000 +3.7321e+000 -1.4202e+000 -1.8263e+000
% f evaluations | g evaluations | best noise-free fitness - Fopt (-4.158000000000e+001) + sum g_i+ | measured fitness | best measured fitness or single-digit g-values | x1 | x2...
1 0 +1.963253440e+001 -2.194746560e+001 -2.194746560e+001 +0.0000e+000 +0.0000e+000 +0.0000e+000 +0.0000e+000 +0.0000e+000
3 0 +8.045512933e+000 -3.353448707e+001 -3.353448707e+001 -6.5963e-002 +1.5803e+000 -1.9726e+000 -1.8290e+000 -2.4188e+000
73 0 +4.580805841e+000 -3.699919416e+001 -3.699919416e+001 +1.3238e+000 +4.0762e+000 -2.8110e+000 +7.2276e-001 +1.9662e-001
205 0 +4.464556370e+000 -3.711544363e+001 -3.711544363e+001 +1.9795e+000 +3.4556e+000 -2.6941e+000 +1.0329e+000 -2.9517e-001
208 0 +4.339291201e+000 -3.724070880e+001 -3.724070880e+001 +2.9681e-001 +2.5447e+000 -4.0724e+000 +5.9809e-001 +5.3716e-001
519 0 +4.038657308e+000 -3.754134269e+001 -3.754134269e+001 +1.4384e-001 +2.8234e+000 -3.4393e+000 +6.8074e-001 +6.3544e-001
646 0 +3.927030100e+000 -3.765296990e+001 -3.765296990e+001 +2.7061e-001 +3.3090e+000 -3.3685e+000 +1.1048e+000 +3.1561e-001
679 0 +2.426222477e+000 -3.915377752e+001 -3.915377752e+001 +1.4232e+000 +2.9371e+000 -3.2639e+000 -4.3391e-001 +1.3814e-001
714 0 +5.269622197e-001 -4.105303778e+001 -4.105303778e+001 +6.9821e-001 +2.8639e+000 -2.7665e+000 -6.8270e-001 -9.1979e-001
1346 0 +3.416366536e-001 -4.123836335e+001 -4.123836335e+001 +3.8843e-001 +3.2866e+000 -3.0177e+000 -2.9741e-001 -8.9071e-001
1355 0 +1.015934333e-001 -4.147840657e+001 -4.147840657e+001 +8.2088e-001 +2.6808e+000 -3.0806e+000 -1.9147e-001 -1.0253e+000
1677 0 +9.398134741e-002 -4.148601865e+001 -4.148601865e+001 +7.9819e-001 +2.6889e+000 -3.0532e+000 -1.8678e-001 -1.0179e+000
2584 0 +8.465989978e-002 -4.149534010e+001 -4.149534010e+001 +7.2001e-001 +2.6955e+000 -3.0541e+000 -2.9694e-001 -1.1643e+000
2977 0 +7.702796571e-002 -4.150297203e+001 -4.150297203e+001 +7.4324e-001 +2.6939e+000 -3.0497e+000 -2.5457e-001 -1.1120e+000
3449 0 +6.080065072e-002 -4.151919935e+001 -4.151919935e+001 +8.0099e-001 +2.7680e+000 -3.0991e+000 -2.0854e-001 -1.1315e+000
3693 0 +3.679720248e-002 -4.154320280e+001 -4.154320280e+001 +5.0679e-001 +2.9419e+000 -3.2064e+000 -8.4925e-002 -1.0076e+000
3784 0 +5.395534299e-003 -4.157460447e+001 -4.157460447e+001 +6.2212e-001 +2.8701e+000 -3.1627e+000 -1.5812e-001 -1.1001e+000
5610 0 +4.817085932e-003 -4.157518291e+001 -4.157518291e+001 +6.1303e-001 +2.8665e+000 -3.1565e+000 -1.5542e-001 -1.0936e+000
5810 0 +4.525953677e-003 -4.157547405e+001 -4.157547405e+001 +6.0898e-001 +2.8615e+000 -3.1499e+000 -1.5581e-001 -1.0924e+000
6510 0 +4.439296095e-003 -4.157556070e+001 -4.157556070e+001 +6.0159e-001 +2.8523e+000 -3.1380e+000 -1.5654e-001 -1.0902e+000
6669 0 +4.110711843e-003 -4.157588929e+001 -4.157588929e+001 +5.5296e-001 +2.8719e+000 -3.1169e+000 -6.9488e-002 -1.1408e+000
6710 0 +2.240991605e-003 -4.157775901e+001 -4.157775901e+001 +5.6000e-001 +2.8614e+000 -3.1144e+000 -9.0873e-002 -1.1273e+000
7084 0 +1.378376506e-003 -4.157862162e+001 -4.157862162e+001 +5.8514e-001 +2.8533e+000 -3.1258e+000 -1.3056e-001 -1.1115e+000
7463 0 +4.175380257e-004 -4.157958246e+001 -4.157958246e+001 +5.8688e-001 +2.8553e+000 -3.1288e+000 -1.1264e-001 -1.1194e+000
9139 0 +4.127523968e-004 -4.157958725e+001 -4.157958725e+001 +5.9250e-001 +2.8392e+000 -3.1317e+000 -1.0011e-001 -1.1200e+000
9210 0 +1.365103720e-004 -4.157986349e+001 -4.157986349e+001 +5.9096e-001 +2.8518e+000 -3.1324e+000 -1.0250e-001 -1.1243e+000
