% f evaluations | g evaluations | best noise-free fitness - Fopt (2.997000000000e+001) + sum g_i+ | measured fitness | best measured fitness or single-digit g-values | x1 | x2...
1 0 +1.048116465e+003 +1.078086465e+003 +1.078086465e+003 +0.0000e+000 +0.0000e+000 +0.0000e+000 +0.0000e+000 +0.0000e+000
11 0 +9.175040538e+002 +9.474740538e+002 +9.474740538e+002 +4.7226e+000 -8.6303e-001 -3.0306e+000 +1.5565e+000 +3.4220e+000
14 0 +6.952196538e+002 +7.251896538e+002 +7.251896538e+002 -1.1791e+000 +1.5669e+000 -4.1940e+000 -3.3463e+000 +2.6721e+000
26 0 +5.685664311e+002 +5.985364311e+002 +5.985364311e+002 +5.2368e-001 +3.5371e+000 -2.2880e+000 -3.2097e+000 +4.2459e+000
223 0 +5.253798790e+002 +5.553498790e+002 +5.553498790e+002 -2.1220e+000 +4.4385e+000 -3.5227e-001 -2.2189e+000 +2.9410e+000
232 0 +3.659797457e+002 +3.959497457e+002 +3.959497457e+002 -1.0435e+000 -4.1164e-001 -3.0475e+000 -1.2709e+000 +4.9007e+000
262 0 +3.385212818e+002 +3.684912818e+002 +3.684912818e+002 +6.1428e-001 +5.1147e-001 -3.2780e+000 -2.7071e+000 +2.2007e+000
283 0 +3.174013438e+002 +3.473713438e+002 +3.473713438e+002 +4.7156e-001 +2.5052e+000 -3.3738e+000 -1.2438e+000 +5.0000e+000
449 0 +3.006036653e+002 +3.305736653e+002 +3.305736653e+002 +3.5599e-001 +2.7757e+000 -3.0395e+000 -1.5396e+000 +4.6528e+000
498 0 +2.705879967e+002 +3.005579967e+002 +3.005579967e+002 +2.7531e-001 +2.7053e+000 -3.0791e+000 -1.3627e+000 +5.0000e+000
552 0 +2.265118247e+002 +2.564818247e+002 +2.564818247e+002 +1.8757e-001 +2.2636e+000 -2.2987e+000 -1.3129e+000 +4.9566e+000
794 0 +1.734500686e+002 +2.034200686e+002 +2.034200686e+002 -1.1650e-001 +7.8410e-001 -3.0900e+000 -2.0464e+000 +5.0000e+000
1045 0 +1.473448860e+002 +1.773148860e+002 +1.773148860e+002 +5.9267e-002 +9.5008e-001 -3.3504e+000 -1.7408e+000 +5.0000e+000
1343 0 +1.436223873e+002 +1.735923873e+002 +1.735923873e+002 +7.8379e-002 -3.0584e-002 -3.5741e+000 -1.6630e+000 +5.0000e+000
1425 0 +1.243283465e+002 +1.542983465e+002 +1.542983465e+002 -2.4800e-001 +1.1875e+000 -2.9709e+000 -1.6928e+000 +5.0000e+000
1529 0 +1.210088531e+002 +1.509788531e+002 +1.509788531e+002 -2.2828e-001 +1.3921e+000 -2.9656e+000 -1.7163e+000 +5.0000e+000
2151 0 +1.116728881e+002 +1.416428881e+002 +1.416428881e+002 -2.4250e-001 +1.3626e+000 -3.1375e+000 -1.5968e+000 +5.0000e+000
2398 0 +1.091702429e+002 +1.391402429e+002 +1.391402429e+002 -2.4474e-001 +1.6715e+000 -2.8952e+000 -1.4204e+000 +5.0000e+000
2436 0 +1.064471690e+002 +1.364171690e+002 +1.364171690e+002 -2.4301e-001 +1.6179e+000 -2.9201e+000 -1.5260e+000 +5.0000e+000
2834 0 +9.460859159e+001 +1.245785916e+002 +1.245785916e+002 -5.1294e-001 +1.4087e+000 -3.1055e+000 -1.6664e+000 +4.5145e+000
3036 0 +7.840955747e+001 +1.083795575e+002 +1.083795575e+002 -4.9690e-001 +1.7586e+000 -2.9080e+000 -1.6720e+000 +4.7171e+000
4091 0 +7.276587841e+001 +1.027358784e+002 +1.027358784e+002 -4.9404e-001 +1.9890e+000 -2.7827e+000 -1.6709e+000 +4.6863e+000
4191 0 +7.241914741e+001 +1.023891474e+002 +1.023891474e+002 -5.9398e-001 +1.6480e+000 -2.8179e+000 -1.6564e+000 +4.5535e+000
4791 0 +6.454427167e+001 +9.451427167e+001 +9.451427167e+001 -5.4417e-001 +1.6957e+000 -2.8406e+000 -1.6538e+000 +4.5975e+000
5291 0 +6.292376287e+001 +9.289376287e+001 +9.289376287e+001 -5.2442e-001 +1.7548e+000 -2.8364e+000 -1.6560e+000 +4.6223e+000
5337 0 +5.898471831e+001 +8.895471831e+001 +8.895471831e+001 -4.6987e-001 +1.8424e+000 -2.8386e+000 -1.6159e+000 +4.6223e+000
5891 0 +5.600569089e+001 +8.597569089e+001 +8.597569089e+001 -5.0636e-001 +1.7305e+000 -2.8469e+000 -1.6102e+000 +4.5742e+000
7337 0 +5.482322248e+001 +8.479322248e+001 +8.479322248e+001 -4.7228e-001 +1.8218e+000 -2.8126e+000 -1.6070e+000 +4.6201e+000
7500 0 +4.925623666e+001 +7.922623666e+001 +7.922623666e+001 -4.5316e-001 +1.8112e+000 -2.8123e+000 -1.6018e+000 +4.5625e+000
7789 0 +4.884054384e+001 +7.881054384e+001 +7.881054384e+001 -5.6631e-001 +2.0043e+000 -2.7319e+000 -1.6071e+000 +4.5737e+000
9686 0 +4.699355559e+001 +7.696355559e+001 +7.696355559e+001 -5.1418e-001 +1.8555e+000 -2.7578e+000 -1.6148e+000 +4.4972e+000
10037 0 +4.640816585e+001 +7.637816585e+001 +7.637816585e+001 -5.1247e-001 +1.8498e+000 -2.7635e+000 -1.6156e+000 +4.4957e+000
% f evaluations | g evaluations | best noise-free fitness - Fopt (-5.171000000000e+001) + sum g_i+ | measured fitness | best measured fitness or single-digit g-values | x1 | x2...
1 0 +1.267442521e+003 +1.215732521e+003 +1.215732521e+003 +0.0000e+000 +0.0000e+000 +0.0000e+000 +0.0000e+000 +0.0000e+000
2 0 +1.131083797e+003 +1.079373797e+003 +1.079373797e+003 +1.3265e+000 +3.4421e+000 +2.1775e+000 -4.2249e+000 -4.2671e+000
3 0 +1.079975479e+003 +1.028265479e+003 +1.028265479e+003 +2.8560e+000 -4.5365e+000 -8.2728e-001 -3.4510e+000 +3.3329e+000
16 0 +9.267129484e+002 +8.750029484e+002 +8.750029484e+002 -5.7157e-001 +3.3094e+000 -3.0289e+000 -1.0119e+000 -6.2652e-001
25 0 +7.065832950e+002 +6.548732950e+002 +6.548732950e+002 +4.3873e+000 -1.5007e+000 -1.7922e+000 -3.7629e+000 +4.8652e-001
30 0 +4.830889315e+002 +4.313789315e+002 +4.313789315e+002 +2.2294e+000 +2.3791e+000 -3.5303e+000 -1.5164e+000 +4.3050e+000
156 0 +3.997912444e+002 +3.480812444e+002 +3.480812444e+002 +6.7051e-001 +5.2154e-001 -6.4973e+000 -2.4594e+000 +5.0000e+000
230 0 +3.599970118e+002 +3.082870118e+002 +3.082870118e+002 +1.8105e+000 +1.2172e+000 -5.6877e+000 -2.7056e+000 +5.0000e+000
261 0 +3.246594045e+002 +2.729494045e+002 +2.729494045e+002 +2.3472e+000 +1.7233e+000 -2.7349e+000 -3.4437e+000 +1.6178e-001
306 0 +2.894161949e+002 +2.377061949e+002 +2.377061949e+002 +4.1871e+000 +2.4915e+000 -2.9997e+000 -3.0543e+000 +1.1237e+000
349 0 +1.388738501e+002 +8.716385008e+001 +8.716385008e+001 +2.7418e+000 +2.0718e+000 -3.0846e+000 -3.4969e+000 +1.5715e+000
841 0 +1.214640771e+002 +6.975407709e+001 +6.975407709e+001 +1.8069e+000 +1.9620e+000 -3.6892e+000 -3.7061e+000 +1.7531e+000
1241 0 +1.099988371e+002 +5.828883712e+001 +5.828883712e+001 +2.3876e+000 +2.0630e+000 -3.2680e+000 -3.6184e+000 +1.5767e+000
1272 0 +8.799364976e+001 +3.628364976e+001 +3.628364976e+001 +2.4569e+000 +1.9234e+000 -3.5166e+000 -3.7424e+000 +1.7643e+000
1687 0 +8.524646832e+001 +3.353646832e+001 +3.353646832e+001 +2.4519e+000 +1.9300e+000 -3.5561e+000 -3.7781e+000 +1.6488e+000
1812 0 +7.742841488e+001 +2.571841488e+001 +2.571841488e+001 +2.6718e+000 +2.1849e+000 -3.6306e+000 -3.6793e+000 +1.7244e+000
2028 0 +3.417007970e+001 -1.753992030e+001 -1.753992030e+001 +2.3452e+000 +2.6503e+000 -3.8206e+000 -3.5025e+000 +1.7140e+000
2441 0 +2.877872080e+001 -2.293127920e+001 -2.293127920e+001 +2.3919e+000 +2.5945e+000 -3.7835e+000 -3.5212e+000 +1.7099e+000
2663 0 +2.036686844e+001 -3.134313156e+001 -3.134313156e+001 +2.3212e+000 +2.3462e+000 -3.7609e+000 -3.6089e+000 +1.7173e+000
2841 0 +1.847420164e+001 -3.323579836e+001 -3.323579836e+001 +2.2719e+000 +2.4033e+000 -3.8084e+000 -3.5922e+000 +1.7288e+000
3641 0 +1.781981301e+001 -3.389018699e+001 -3.389018699e+001 +2.2797e+000 +2.3989e+000 -3.8022e+000 -3.5933e+000 +1.7271e+000
5282 0 +1.336029865e+001 -3.834970135e+001 -3.834970135e+001 +2.2905e+000 +2.4047e+000 -3.8096e+000 -3.6050e+000 +1.7598e+000
6097 0 +1.080253184e+001 -4.090746816e+001 -4.090746816e+001 +2.2784e+000 +2.4219e+000 -3.7833e+000 -3.6622e+000 +1.7656e+000
6678 0 +1.070296897e+001 -4.100703103e+001 -4.100703103e+001 +2.2673e+000 +2.3952e+000 -3.7725e+000 -3.6740e+000 +1.7467e+000
6697 0 +9.260201681e+000 -4.244979832e+001 -4.244979832e+001 +2.2826e+000 +2.4184e+000 -3.7920e+000 -3.6455e+000 +1.7647e+000
9397 0 +9.109131622e+000 -4.260086838e+001 -4.260086838e+001 +2.2866e+000 +2.4150e+000 -3.7882e+000 -3.6456e+000 +1.7623e+000
9667 0 +8.229732826e+000 -4.348026717e+001 -4.348026717e+001 +2.2793e+000 +2.4183e+000 -3.7977e+000 -3.6475e+000 +1.7576e+000
% f evaluations | g evaluations | best noise-free fitness - Fopt (-2.799500000000e+002) + sum g_i+ | measured fitness | best measured fitness or single-digit g-values | x1 | x2...
1 0 +1.914452900e+003 +1.634502900e+003 +1.634502900e+003 +0.0000e+000 +0.0000e+000 +0.0000e+000 +0.0000e+000 +0.0000e+000
3 0 +1.586700830e+003 +1.306750830e+003 +1.306750830e+003 +2.5593e+000 -4.8227e+000 +4.9444e+000 +3.8898e+000 +3.4275e+000
4 0 +8.684630872e+002 +5.885130872e+002 +5.885130872e+002 -4.0536e+000 -1.3897e+000 -5.7354e-002 -1.4853e+000 -2.5847e+000
15 0 +4.155763264e+002 +1.356263264e+002 +1.356263264e+002 -4.0778e+000 -2.4367e+000 +3.9503e+000 -1.3665e+000 -1.5874e+000
73 0 +3.903329402e+002 +1.103829402e+002 +1.103829402e+002 -3.8272e+000 -4.1184e+000 +1.0702e+000 -7.8768e-001 -1.0472e+000
293 0 +3.388660974e+002 +5.891609738e+001 +5.891609738e+001 -3.0483e+000 -3.9201e+000 +3.4226e+000 +1.0375e+000 -2.7210e+000
355 0 +3.383249135e+002 +5.837491352e+001 +5.837491352e+001 -3.4719e+000 -3.4859e+000 +6.0944e+000 -3.9005e-001 -3.4452e+000
457 0 +3.062295123e+002 +2.627951233e+001 +2.627951233e+001 -3.5415e+000 -3.2377e+000 +3.2388e+000 -4.9370e-001 -1.8285e+000
682 0 +2.087684854e+002 -7.118151465e+001 -7.118151465e+001 -4.1296e+000 -3.1026e+000 +3.3857e+000 -5.3530e-001 -2.9510e+000
719 0 +1.874125430e+002 -9.253745699e+001 -9.253745699e+001 -3.7056e+000 -3.1888e+000 +3.6107e+000 -6.6616e-001 -3.5322e+000
919 0 +5.772380820e+001 -2.222261918e+002 -2.222261918e+002 -3.8182e+000 -3.8913e+000 +3.8081e+000 -1.0223e+000 -3.4390e+000
1022 0 +5.073649909e+001 -2.292135009e+002 -2.292135009e+002 -3.7573e+000 -3.8286e+000 +3.3963e+000 -9.5235e-001 -3.0477e+000
1411 0 +4.838377025e+001 -2.315662297e+002 -2.315662297e+002 -3.8491e+000 -3.8981e+000 +3.3138e+000 -9.9898e-001 -3.1154e+000
1870 0 +2.175601282e+001 -2.581939872e+002 -2.581939872e+002 -3.7235e+000 -3.7953e+000 +3.3609e+000 -1.0034e+000 -3.4794e+000
1966 0 +2.005762469e+001 -2.598923753e+002 -2.598923753e+002 -3.7279e+000 -3.7997e+000 +3.3690e+000 -1.0036e+000 -3.4722e+000
4666 0 +1.530191272e+001 -2.646480873e+002 -2.646480873e+002 -3.7377e+000 -3.8210e+000 +3.4896e+000 -1.0065e+000 -3.4944e+000
4966 0 +1.477209480e+001 -2.651779052e+002 -2.651779052e+002 -3.7342e+000 -3.8133e+000 +3.4461e+000 -1.0054e+000 -3.4864e+000
6906 0 +1.311104362e+001 -2.668389564e+002 -2.668389564e+002 -3.7211e+000 -3.8172e+000 +3.3912e+000 -1.1413e+000 -3.5580e+000
6968 0 +1.130883570e+001 -2.686411643e+002 -2.686411643e+002 -3.7482e+000 -3.7989e+000 +3.4196e+000 -1.1518e+000 -3.5550e+000
7035 0 +7.647668551e+000 -2.723023314e+002 -2.723023314e+002 -3.7579e+000 -3.7918e+000 +3.4220e+000 -1.1167e+000 -3.5279e+000
7168 0 +5.786382384e+000 -2.741636176e+002 -2.741636176e+002 -3.8353e+000 -3.7409e+000 +3.5168e+000 -1.1514e+000 -3.5111e+000
7706 0 +3.865767819e+000 -2.760842322e+002 -2.760842322e+002 -3.7932e+000 -3.7703e+000 +3.4852e+000 -1.1310e+000 -3.5159e+000
% f evaluations | g evaluations | best noise-free fitness - Fopt (9.319900000000e+002) + sum g_i+ | measured fitness | best measured fitness or single-digit g-values | x1 | x2...
1 0 +7.845967669e+002 +1.716586767e+003 +1.716586767e+003 +0.0000e+000 +0.0000e+000 +0.0000e+000 +0.0000e+000 +0.0000e+000
21 0 +3.648332710e+002 +1.296823271e+003 +1.296823271e+003 +1.6037e+000 -1.6668e+000 +2.3462e+000 -5.1229e-001 +3.2591e+000
56 0 +3.034583959e+002 +1.235448396e+003 +1.235448396e+003 -7.2310e-001 -9.5393e-001 +2.3567e+000 -9.0308e-001 +1.7630e+000
61 0 +2.238965269e+002 +1.155886527e+003 +1.155886527e+003 +1.9043e-001 -3.0140e-001 +4.6374e-001 -2.5073e+000 +2.4984e+000
101 0 +2.165155517e+002 +1.148505552e+003 +1.148505552e+003 +3.1565e-001 +1.3550e+000 +2.6892e+000 -2.8884e-001 +1.1941e+000
492 0 +2.019496988e+002 +1.133939699e+003 +1.133939699e+003 +4.9023e-002 +1.3498e+000 +2.9619e+000 -7.3129e-001 +1.6060e+000
561 0 +1.924476231e+002 +1.124437623e+003 +1.124437623e+003 +3.4523e-001 -5.2304e-001 +1.3926e+000 -3.1002e+000 +3.0017e+000
792 0 +1.670260599e+002 +1.099016060e+003 +1.099016060e+003 +1.9306e-001 +3.6934e-001 +2.1241e+000 -2.1261e+000 +2.2853e+000
813 0 +1.499311813e+002 +1.081921181e+003 +1.081921181e+003 -8.3539e-002 -3.4866e-001 +1.1840e+000 -2.6910e+000 +3.0419e+000
842 0 +1.162765223e+002 +1.048266522e+003 +1.048266522e+003 +4.7027e-001 +6.0213e-002 +1.7318e+000 -2.4425e+000 +2.8602e+000
1107 0 +1.036566851e+002 +1.035646685e+003 +1.035646685e+003 +3.8008e-001 +2.9303e-001 +1.5041e+000 -2.2378e+000 +2.6843e+000
1536 0 +8.748926308e+001 +1.019479263e+003 +1.019479263e+003 +6.3269e-001 +3.1750e-001 +1.5512e+000 -2.3836e+000 +2.8647e+000
2302 0 +7.796173807e+001 +1.009951738e+003 +1.009951738e+003 +6.0185e-001 -1.6040e-001 +1.6566e+000 -2.1843e+000 +3.0171e+000
2488 0 +7.494796840e+001 +1.006937968e+003 +1.006937968e+003 +6.2346e-001 +2.5205e-001 +1.4670e+000 -2.2718e+000 +2.8586e+000
2560 0 +6.828871881e+001 +1.000278719e+003 +1.000278719e+003 +5.7232e-001 +2.0173e-001 +1.5409e+000 -2.0979e+000 +2.8144e+000
2756 0 +3.804280881e+001 +9.700328088e+002 +9.700328088e+002 +7.6433e-001 +1.3721e-001 +1.7209e+000 -1.9959e+000 +2.8641e+000
3305 0 +3.696842323e+001 +9.689584232e+002 +9.689584232e+002 +7.4061e-001 +2.8798e-002 +1.5939e+000 -2.1022e+000 +2.9066e+000
3460 0 +3.627863368e+001 +9.682686337e+002 +9.682686337e+002 +7.6596e-001 -8.2502e-004 +1.7061e+000 -1.9483e+000 +2.8978e+000
3660 0 +3.446955855e+001 +9.664595585e+002 +9.664595585e+002 +7.8781e-001 +1.6139e-002 +1.6755e+000 -2.0241e+000 +2.9098e+000
3845 0 +3.123361054e+001 +9.632236105e+002 +9.632236105e+002 +8.0964e-001 +1.4454e-001 +1.7323e+000 -1.9629e+000 +2.8708e+000
4152 0 +3.037157095e+001 +9.623615710e+002 +9.623615710e+002 +8.2878e-001 +1.7313e-001 +1.7035e+000 -1.8766e+000 +2.8382e+000
4664 0 +2.576069074e+001 +9.577506907e+002 +9.577506907e+002 +8.1674e-001 +1.0891e-001 +1.6835e+000 -1.9455e+000 +2.8796e+000
4792 0 +2.533777554e+001 +9.573277755e+002 +9.573277755e+002 +8.2685e-001 +1.0097e-001 +1.6645e+000 -1.9764e+000 +2.8874e+000
5688 0 +2.424790557e+001 +9.562379056e+002 +9.562379056e+002 +8.3407e-001 +1.2469e-001 +1.6992e+000 -1.9381e+000 +2.8889e+000
6247 0 +1.891274411e+001 +9.509027441e+002 +9.509027441e+002 +9.0606e-001 +1.1213e-001 +1.7684e+000 -1.8657e+000 +2.8718e+000
7199 0 +1.854170810e+001 +9.505317081e+002 +9.505317081e+002 +8.9555e-001 +1.1800e-001 +1.7770e+000 -1.8674e+000 +2.8793e+000
7388 0 +1.803650568e+001 +9.500265057e+002 +9.500265057e+002 +8.8486e-001 +1.2185e-001 +1.7511e+000 -1.8823e+000 +2.8768e+000
7553 0 +1.760471348e+001 +9.495947135e+002 +9.495947135e+002 +8.9330e-001 +1.1991e-001 +1.7482e+000 -1.8745e+000 +2.8741e+000
8447 0 +1.662889246e+001 +9.486188925e+002 +9.486188925e+002 +9.1739e-001 +1.3901e-001 +1.7508e+000 -1.8863e+000 +2.8807e+000
8499 0 +1.605104649e+001 +9.480410465e+002 +9.480410465e+002 +9.1089e-001 +1.3791e-001 +1.7558e+000 -1.8852e+000 +2.8826e+000
% f evaluations | g evaluations | best noise-free fitness - Fopt (1.133100000000e+002) + sum g_i+ | measured fitness | best measured fitness or single-digit g-values | x1 | x2...
1 0 +5.494990338e+002 +6.628090338e+002 +6.628090338e+002 +0.0000e+000 +0.0000e+000 +0.0000e+000 +0.0000e+000 +0.0000e+000
39 0 +3.984217837e+002 +5.117317837e+002 +5.117317837e+002 +2.7904e+000 +1.1601e+000 -1.0616e+000 -1.0944e+000 +1.8164e-001
79 0 +1.561088141e+002 +2.694188141e+002 +2.694188141e+002 +2.9457e+000 +2.3583e+000 -6.8076e-001 +1.9365e+000 +1.0048e+000
363 0 +1.396192757e+002 +2.529292757e+002 +2.529292757e+002 +1.4860e+000 +2.6457e+000 +9.2644e-001 -1.4641e-001 +4.8993e-001
511 0 +1.337501151e+002 +2.470601151e+002 +2.470601151e+002 +1.5522e+000 +2.3136e+000 -7.4037e-002 +1.7513e-001 +6.5369e-001
683 0 +1.226158427e+002 +2.359258427e+002 +2.359258427e+002 +1.5673e+000 +2.2463e+000 -8.3510e-002 +2.7567e-001 +9.3663e-001
924 0 +1.017592881e+002 +2.150692881e+002 +2.150692881e+002 +1.8318e+000 +2.2246e+000 -3.1178e-001 +6.3827e-001 +9.9744e-001
1117 0 +7.601498240e+001 +1.893249824e+002 +1.893249824e+002 +2.1144e+000 +2.2232e+000 +1.2274e-003 +5.7722e-001 +9.0985e-001
1213 0 +4.163964443e+001 +1.549496444e+002 +1.549496444e+002 +2.4813e+000 +2.0640e+000 -7.6263e-001 +8.0670e-001 +1.0440e+000
1457 0 +2.558615481e+001 +1.388961548e+002 +1.388961548e+002 +2.4227e+000 +2.0214e+000 -5.2218e-001 +7.1413e-001 +9.7772e-001
2073 0 +2.483013791e+001 +1.381401379e+002 +1.381401379e+002 +2.4347e+000 +2.0419e+000 -5.5654e-001 +7.6018e-001 +9.5616e-001
3097 0 +1.994674529e+001 +1.332567453e+002 +1.332567453e+002 +2.4401e+000 +2.0260e+000 -6.4147e-001 +7.0957e-001 +1.0152e+000
3297 0 +1.842167854e+001 +1.317316785e+002 +1.317316785e+002 +2.4422e+000 +2.0271e+000 -6.2727e-001 +7.1751e-001 +1.0072e+000
4011 0 +1.519772101e+001 +1.285077210e+002 +1.285077210e+002 +2.4404e+000 +2.0567e+000 -5.4045e-001 +6.9946e-001 +9.9636e-001
4373 0 +1.477954665e+001 +1.280895466e+002 +1.280895466e+002 +2.4481e+000 +2.0269e+000 -5.6810e-001 +6.7255e-001 +1.0180e+000
4429 0 +1.261417058e+001 +1.259241706e+002 +1.259241706e+002 +2.4568e+000 +2.0571e+000 -5.5542e-001 +6.8925e-001 +1.0100e+000
6364 0 +1.248770670e+001 +1.257977067e+002 +1.257977067e+002 +2.4561e+000 +2.0573e+000 -5.5455e-001 +6.7939e-001 +1.0186e+000
9049 0 +1.160615980e+001 +1.249161598e+002 +1.249161598e+002 +2.4581e+000 +2.0615e+000 -5.5704e-001 +6.8541e-001 +1.0296e+000
% f evaluations | g evaluations | best noise-free fitness - Fopt (2.849000000000e+001) + sum g_i+ | measured fitness | best measured fitness or single-digit g-values | x1 | x2...
1 0 +8.888247590e+002 +9.173147590e+002 +9.173147590e+002 +0.0000e+000 +0.0000e+000 +0.0000e+000 +0.0000e+000 +0.0000e+000
16 0 +6.427574623e+002 +6.712474623e+002 +6.712474623e+002 -4.9526e+000 +6.2857e-001 +2.4359e+000 -1.8697e+000 -2.6031e+000
17 0 +5.352101862e+002 +5.637001862e+002 +5.637001862e+002 +3.4306e-001 -3.8116e+000 +3.4208e-001 -2.5189e+000 -3.4529e+000
47 0 +5.011390992e+002 +5.296290992e+002 +5.296290992e+002 +5.9993e-001 -3.8955e+000 -2.6219e+000 -2.3273e+000 -2.0947e+000
204 0 +4.436059455e+002 +4.720959455e+002 +4.720959455e+002 -2.4288e+000 -1.6147e+000 +1.0401e+000 -1.7838e+000 -9.8996e-001
284 0 +4.155150027e+002 +4.440050027e+002 +4.440050027e+002 -1.2896e+000 -3.1041e+000 +3.1348e-001 -4.7462e+000 -5.0000e+000
308 0 +3.471093969e+002 +3.755993969e+002 +3.755993969e+002 +2.0745e+000 -5.1942e+000 -3.1252e+000 -4.8339e+000 -4.2190e+000
508 0 +3.204522778e+002 +3.489422778e+002 +3.489422778e+002 +1.4783e+000 -4.7290e+000 -2.5433e+000 -4.3000e+000 -5.0000e+000
519 0 +3.162100919e+002 +3.447000919e+002 +3.447000919e+002 +1.4257e+000 -6.6045e+000 -3.4770e+000 -4.3015e+000 -4.9491e+000
584 0 +3.024324860e+002 +3.309224860e+002 +3.309224860e+002 +6.2803e-001 -4.1705e+000 -2.3214e+000 -4.3092e+000 -5.0000e+000
597 0 +2.219839897e+002 +2.504739897e+002 +2.504739897e+002 +6.4967e-001 -4.5796e+000 -2.1172e+000 -3.8776e+000 -4.4772e+000
651 0 +2.028115885e+002 +2.313015885e+002 +2.313015885e+002 +2.7766e-001 -4.8779e+000 -1.8863e+000 -4.4766e+000 -4.2640e+000
797 0 +1.773269152e+002 +2.058169152e+002 +2.058169152e+002 +6.3617e-001 -4.9695e+000 -2.1053e+000 -4.5590e+000 -4.2978e+000
1161 0 +1.457312222e+002 +1.742212222e+002 +1.742212222e+002 +3.7578e-001 -3.2399e+000 -1.2045e+000 -3.8681e+000 -3.2193e+000
1316 0 +1.023778796e+002 +1.308678796e+002 +1.308678796e+002 +6.5074e-001 -3.4017e+000 -9.8977e-001 -4.4792e+000 -3.0119e+000
1322 0 +9.444851064e+001 +1.229385106e+002 +1.229385106e+002 +4.9283e-001 -3.2620e+000 -1.0321e+000 -4.4315e+000 -3.1567e+000
1637 0 +8.562685719e+001 +1.141168572e+002 +1.141168572e+002 +5.3550e-001 -3.4134e+000 -1.0251e+000 -4.6492e+000 -3.2403e+000
1659 0 +3.916323618e+001 +6.765323618e+001 +6.765323618e+001 +3.2611e-001 -3.3857e+000 -8.6372e-001 -4.5116e+000 -3.0959e+000
2459 0 +2.965532366e+001 +5.814532366e+001 +5.814532366e+001 +2.0544e-001 -3.4573e+000 -7.9469e-001 -4.4733e+000 -3.0728e+000
3143 0 +2.353984901e+001 +5.202984901e+001 +5.202984901e+001 +1.9824e-001 -3.3894e+000 -7.8954e-001 -4.4704e+000 -3.0208e+000
3343 0 +1.956480572e+001 +4.805480572e+001 +4.805480572e+001 +1.8192e-001 -3.3094e+000 -7.8553e-001 -4.4414e+000 -2.9760e+000
4555 0 +1.901909541e+001 +4.750909541e+001 +4.750909541e+001 +2.4450e-001 -3.3884e+000 -8.1091e-001 -4.4254e+000 -2.9716e+000
4610 0 +1.584141639e+001 +4.433141639e+001 +4.433141639e+001 +1.7316e-001 -3.3273e+000 -7.6389e-001 -4.4242e+000 -2.9668e+000
5032 0 +1.312332991e+001 +4.161332991e+001 +4.161332991e+001 +1.8363e-001 -3.3374e+000 -7.8622e-001 -4.4097e+000 -2.9814e+000
5765 0 +1.281097639e+001 +4.130097639e+001 +4.130097639e+001 +1.8397e-001 -3.3338e+000 -7.7779e-001 -4.4100e+000 -2.9766e+000
9032 0 +1.255253794e+001 +4.104253794e+001 +4.104253794e+001 +1.8072e-001 -3.3230e+000 -7.8210e-001 -4.4075e+000 -2.9691e+000
% f evaluations | g evaluations | best noise-free fitness - Fopt (-7.405800000000e+002) + sum g_i+ | measured fitness | best measured fitness or single-digit g-values | x1 | x2...
1 0 +3.715572125e+002 -3.690227875e+002 -3.690227875e+002 +0.0000e+000 +0.0000e+000 +0.0000e+000 +0.0000e+000 +0.0000e+000
232 0 +2.943316294e+002 -4.462483706e+002 -4.462483706e+002 -3.0880e+000 +5.7062e-001 -4.4259e+000 +2.0969e-001 -1.6189e+000
236 0 +2.784988766e+002 -4.620811234e+002 -4.620811234e+002 -3.8284e+000 -1.0241e+000 -4.2775e+000 +1.2994e+000 -3.7355e+000
506 0 +2.396974297e+002 -5.008825703e+002 -5.008825703e+002 -4.0740e+000 -1.1660e+000 -3.7881e+000 +6.2938e-001 -3.5236e+000
637 0 +1.596573918e+002 -5.809226082e+002 -5.809226082e+002 -3.1822e+000 -5.6717e-001 -3.6373e+000 +5.1652e-001 -1.8469e+000
959 0 +1.370943322e+002 -6.034856678e+002 -6.034856678e+002 -3.0123e+000 -9.5809e-001 -3.6756e+000 +8.0196e-001 -2.3367e+000
1165 0 +1.308605039e+002 -6.097194961e+002 -6.097194961e+002 -3.0028e+000 -9.5528e-001 -3.6809e+000 +7.7934e-001 -2.4054e+000
1237 0 +1.182992158e+002 -6.222807842e+002 -6.222807842e+002 -3.0964e+000 -6.6056e-001 -3.3798e+000 +4.8392e-001 -2.1431e+000
1351 0 +8.779082708e+001 -6.527891729e+002 -6.527891729e+002 -2.6027e+000 -1.0551e+000 -2.9792e+000 +4.3085e-001 -2.2651e+000
1519 0 +8.641123057e+001 -6.541687694e+002 -6.541687694e+002 -2.5720e+000 -1.0449e+000 -2.9548e+000 +4.2772e-001 -2.2294e+000
1650 0 +5.621874898e+001 -6.843612510e+002 -6.843612510e+002 -2.4648e+000 -8.7474e-001 -3.0886e+000 +6.1423e-001 -2.0747e+000
1992 0 +4.909770313e+001 -6.914822969e+002 -6.914822969e+002 -2.1580e+000 -9.6526e-001 -2.7241e+000 +8.7751e-001 -2.2500e+000
2063 0 +4.821049260e+001 -6.923695074e+002 -6.923695074e+002 -2.1580e+000 -9.4148e-001 -2.7580e+000 +8.1382e-001 -2.1748e+000
2161 0 +4.706961550e+001 -6.935103845e+002 -6.935103845e+002 -2.1443e+000 -8.6866e-001 -2.6205e+000 +9.1339e-001 -2.1885e+000
2292 0 +4.672868239e+001 -6.938513176e+002 -6.938513176e+002 -2.2043e+000 -7.2220e-001 -2.9834e+000 +7.6481e-001 -2.0769e+000
2761 0 +3.871723726e+001 -7.018627627e+002 -7.018627627e+002 -2.1696e+000 -8.1183e-001 -2.7899e+000 +8.3520e-001 -2.1313e+000
3698 0 +3.175449272e+001 -7.088255073e+002 -7.088255073e+002 -2.2606e+000 -6.9351e-001 -2.9200e+000 +7.3627e-001 -2.1066e+000
4261 0 +3.112626135e+001 -7.094537386e+002 -7.094537386e+002 -2.2514e+000 -7.2333e-001 -2.9284e+000 +7.1246e-001 -2.0900e+000
4937 0 +1.575527909e+001 -7.248247209e+002 -7.248247209e+002 -2.2678e+000 -6.7290e-001 -2.8470e+000 +6.5325e-001 -2.0107e+000
5440 0 +1.534586099e+001 -7.252341390e+002 -7.252341390e+002 -2.2797e+000 -6.5154e-001 -2.8304e+000 +6.5302e-001 -1.9818e+000
5550 0 +1.479583623e+001 -7.257841638e+002 -7.257841638e+002 -2.2708e+000 -6.7903e-001 -2.8294e+000 +6.4498e-001 -1.9956e+000
6450 0 +1.473301139e+001 -7.258469886e+002 -7.258469886e+002 -2.2709e+000 -6.7618e-001 -2.8320e+000 +6.4656e-001 -1.9969e+000
6765 0 +1.399411423e+001 -7.265858858e+002 -7.265858858e+002 -2.2682e+000 -6.7281e-001 -2.8238e+000 +6.3769e-001 -1.9909e+000
7450 0 +1.370443172e+001 -7.268755683e+002 -7.268755683e+002 -2.2656e+000 -6.6445e-001 -2.8292e+000 +6.3908e-001 -1.9950e+000
9165 0 +1.344921821e+001 -7.271307818e+002 -7.271307818e+002 -2.2566e+000 -6.7186e-001 -2.8193e+000 +6.3438e-001 -1.9916e+000
% f evaluations | g evaluations | best noise-free fitness - Fopt (-5.177000000000e+001) + sum g_i+ | measured fitness | best measured fitness or single-digit g-values | x1 | x2...
1 0 +1.027210844e+003 +9.754408436e+002 +9.754408436e+002 +0.0000e+000 +0.0000e+000 +0.0000e+000 +0.0000e+000 +0.0000e+000
2 0 +1.015666879e+003 +9.638968791e+002 +9.638968791e+002 -4.7629e+000 +1.3584e+000 -1.9278e+000 +5.7393e-001 -9.6945e-001
10 0 +8.507050834e+002 +7.989350834e+002 +7.989350834e+002 -4.7084e+000 +2.6869e+000 +2.6667e+000 -4.6783e+000 -2.2840e-001
11 0 +8.208623929e+002 +7.690923929e+002 +7.690923929e+002 -1.3352e+000 +1.3761e-001 +1.2840e+000 +4.8687e-001 +2.3505e+000
30 0 +4.888824792e+002 +4.371124792e+002 +4.371124792e+002 -4.9817e+000 +1.7535e-001 +1.6075e-002 -3.4906e+000 +1.1436e+000
50 0 +3.003535580e+002 +2.485835580e+002 +2.485835580e+002 -3.8788e+000 +1.9357e+000 +1.4913e+000 -3.3534e+000 +4.1707e+000
216 0 +2.715068058e+002 +2.197368058e+002 +2.197368058e+002 -2.2586e+000 +8.3847e-001 +2.4408e+000 -2.3731e+000 +3.4341e+000
260 0 +2.603019807e+002 +2.085319807e+002 +2.085319807e+002 -4.0178e+000 +1.1985e+000 +7.6303e-001 -3.0310e+000 +2.7588e+000
494 0 +2.385005674e+002 +1.867305674e+002 +1.867305674e+002 -4.0315e+000 +1.2884e+000 +1.0137e+000 -3.0811e+000 +3.4786e+000
502 0 +2.200526905e+002 +1.682826905e+002 +1.682826905e+002 -3.8554e+000 +1.1370e+000 +2.0946e+000 -4.3004e+000 +4.8325e+000
572 0 +2.027392568e+002 +1.509692568e+002 +1.509692568e+002 -1.8915e+000 +1.9141e+000 +2.1553e+000 -4.4554e+000 +2.7594e+000
694 0 +1.817144249e+002 +1.299444249e+002 +1.299444249e+002 -2.2829e+000 +2.2460e+000 +2.0669e+000 -4.5153e+000 +3.1310e+000
705 0 +1.453435060e+002 +9.357350597e+001 +9.357350597e+001 -2.1532e+000 +2.0726e+000 +1.9020e+000 -4.5857e+000 +3.9298e+000
959 0 +7.683139153e+001 +2.506139153e+001 +2.506139153e+001 -1.5222e+000 +2.3735e+000 +1.6687e+000 -3.8609e+000 +3.6267e+000
1699 0 +6.898987758e+001 +1.721987758e+001 +1.721987758e+001 -1.4236e+000 +2.5759e+000 +1.7213e+000 -3.9270e+000 +3.9892e+000
1908 0 +5.653540897e+001 +4.765408966e+000 +4.765408966e+000 -1.5312e+000 +2.3971e+000 +1.9136e+000 -3.7095e+000 +3.9824e+000
2277 0 +5.152413364e+001 -2.458663565e-001 -2.458663565e-001 -1.5877e+000 +2.3139e+000 +1.9067e+000 -3.8996e+000 +4.0079e+000
2460 0 +5.123313861e+001 -5.368613885e-001 -5.368613885e-001 -2.4664e+000 +1.7141e+000 +2.3791e+000 -3.6526e+000 +3.8279e+000
2481 0 +4.225829831e+001 -9.511701689e+000 -9.511701689e+000 -1.4516e+000 +2.6298e+000 +2.0428e+000 -3.9437e+000 +3.8786e+000
2499 0 +3.920586283e+001 -1.256413717e+001 -1.256413717e+001 -1.4213e+000 +2.5552e+000 +2.0229e+000 -3.8347e+000 +3.7459e+000
3033 0 +3.856750448e+001 -1.320249552e+001 -1.320249552e+001 -2.9099e+000 +1.1031e+000 +2.3632e+000 -3.8097e+000 +3.9329e+000
3431 0 +3.681019239e+001 -1.495980761e+001 -1.495980761e+001 -2.8791e+000 +1.1333e+000 +2.3560e+000 -3.8101e+000 +3.9286e+000
3731 0 +2.500023590e+001 -2.676976410e+001 -2.676976410e+001 -2.2122e+000 +1.8957e+000 +2.2581e+000 -3.9119e+000 +3.9110e+000
3905 0 +1.678518332e+001 -3.498481668e+001 -3.498481668e+001 -2.0988e+000 +1.9250e+000 +2.0958e+000 -3.8631e+000 +3.8323e+000
4131 0 +1.509015603e+001 -3.667984397e+001 -3.667984397e+001 -2.3081e+000 +1.7508e+000 +2.2209e+000 -3.8740e+000 +3.8869e+000
4140 0 +1.352726443e+001 -3.824273557e+001 -3.824273557e+001 -2.1486e+000 +1.9312e+000 +2.1654e+000 -3.8334e+000 +3.8269e+000
4465 0 +1.327192321e+001 -3.849807679e+001 -3.849807679e+001 -2.1592e+000 +1.8849e+000 +2.1683e+000 -3.8772e+000 +3.8774e+000
5001 0 +1.060707351e+001 -4.116292649e+001 -4.116292649e+001 -1.8615e+000 +2.1084e+000 +2.1934e+000 -3.8576e+000 +3.8100e+000
5054 0 +9.292560488e+000 -4.247743951e+001 -4.247743951e+001 -1.9421e+000 +2.0008e+000 +2.2120e+000 -3.8716e+000 +3.8831e+000
5081 0 +8.278950481e+000 -4.349104952e+001 -4.349104952e+001 -2.0449e+000 +1.9773e+000 +2.1918e+000 -3.8589e+000 +3.8367e+000
5781 0 +8.010924620e+000 -4.375907538e+001 -4.375907538e+001 -2.1323e+000 +1.8860e+000 +2.1479e+000 -3.8257e+000 +3.8566e+000
5901 0 +5.585023079e+000 -4.618497692e+001 -4.618497692e+001 -2.0782e+000 +1.9371e+000 +2.1747e+000 -3.8427e+000 +3.8436e+000
6481 0 +4.958794405e+000 -4.681120559e+001 -4.681120559e+001 -2.0833e+000 +1.9249e+000 +2.1725e+000 -3.8366e+000 +3.8436e+000
7701 0 +4.528707109e+000 -4.724129289e+001 -4.724129289e+001 -2.0787e+000 +1.9231e+000 +2.1756e+000 -3.8345e+000 +3.8414e+000
9739 0 +4.242525904e+000 -4.752747410e+001 -4.752747410e+001 -2.0352e+000 +1.9560e+000 +2.1855e+000 -3.8327e+000 +3.8321e+000
% f evaluations | g evaluations | best noise-free fitness - Fopt (-2.229800000000e+002) + sum g_i+ | measured fitness | best measured fitness or single-digit g-values | x1 | x2...
1 0 +1.858957053e+003 +1.635977053e+003 +1.635977053e+003 +0.0000e+000 +0.0000e+000 +0.0000e+000 +0.0000e+000 +0.0000e+000
9 0 +1.006936920e+003 +7.839569200e+002 +7.839569200e+002 +1.7744e+000 -4.7274e+000 -9.9661e-001 -1.5178e+000 -4.8711e+000
10 0 +6.167092571e+002 +3.937292571e+002 +3.937292571e+002 +2.3475e+000 +3.4993e+000 -3.9853e+000 +1.7354e+000 -3.0036e+000
15 0 +5.958449588e+002 +3.728649588e+002 +3.728649588e+002 +3.2483e+000 +2.9658e+000 -3.0656e+000 +4.5252e+000 -5.0449e-001
48 0 +3.793735222e+002 +1.563935222e+002 +1.563935222e+002 +4.1220e+000 -3.3448e-001 -3.1989e+000 +4.5970e+000 -2.0690e+000
80 0 +3.508929769e+002 +1.279129769e+002 +1.279129769e+002 +2.4743e+000 -1.5991e+000 -3.9960e+000 +3.9481e-001 -4.5573e+000
260 0 +3.399914007e+002 +1.170114007e+002 +1.170114007e+002 +3.7659e+000 -2.3154e+000 -2.4676e+000 +8.0682e-001 -3.4400e+000
399 0 +2.252353594e+002 +2.255359441e+000 +2.255359441e+000 +2.2722e+000 +7.0688e-001 -2.1503e+000 +1.6220e+000 -5.0000e+000
470 0 +1.706722729e+002 -5.230772708e+001 -5.230772708e+001 +3.2021e+000 +1.5340e+000 -2.5023e+000 +1.9923e+000 -4.8264e+000
1091 0 +1.647512507e+002 -5.822874930e+001 -5.822874930e+001 +2.4909e+000 +1.6646e+000 -2.9086e+000 +2.6037e+000 -5.0000e+000
1124 0 +1.437522894e+002 -7.922771056e+001 -7.922771056e+001 +2.0895e+000 +1.7642e+000 -2.2821e+000 +2.6646e+000 -5.0000e+000
1324 0 +1.305973737e+002 -9.238262628e+001 -9.238262628e+001 +2.3299e+000 +1.7862e+000 -2.4199e+000 +2.5680e+000 -5.0000e+000
1612 0 +1.243326465e+002 -9.864735346e+001 -9.864735346e+001 +2.1147e+000 +2.7356e+000 -2.3811e+000 +2.8126e+000 -5.0000e+000
1742 0 +1.211572040e+002 -1.018227960e+002 -1.018227960e+002 +2.0774e+000 +2.6628e+000 -2.3744e+000 +2.7946e+000 -5.0000e+000
2232 0 +1.202135406e+002 -1.027664594e+002 -1.027664594e+002 +2.1139e+000 +2.4507e+000 -2.3960e+000 +2.7163e+000 -5.0000e+000
4519 0 +1.024810183e+002 -1.204989817e+002 -1.204989817e+002 +1.9279e+000 +2.6757e+000 -2.3186e+000 +3.0524e+000 -4.8666e+000
4990 0 +1.019593448e+002 -1.210206552e+002 -1.210206552e+002 +1.8879e+000 +2.7462e+000 -2.3115e+000 +3.0511e+000 -4.8473e+000
5990 0 +9.622053288e+001 -1.267594671e+002 -1.267594671e+002 +1.8818e+000 +2.7417e+000 -2.3286e+000 +3.0799e+000 -4.7286e+000
6190 0 +9.247163748e+001 -1.305083625e+002 -1.305083625e+002 +1.9541e+000 +2.6669e+000 -2.3561e+000 +3.0229e+000 -4.7617e+000
6420 0 +8.375243808e+001 -1.392275619e+002 -1.392275619e+002 +2.2214e+000 +2.4007e+000 -2.4805e+000 +2.8427e+000 -4.7258e+000
6949 0 +7.439040636e+001 -1.485895936e+002 -1.485895936e+002 +2.2202e+000 +2.3451e+000 -2.6442e+000 +2.8486e+000 -4.5769e+000
7040 0 +7.127078385e+001 -1.517092162e+002 -1.517092162e+002 +2.0838e+000 +2.5893e+000 -2.4833e+000 +3.0812e+000 -4.6394e+000
7119 0 +7.036788855e+001 -1.526121115e+002 -1.526121115e+002 +2.2193e+000 +2.3808e+000 -2.5953e+000 +2.8681e+000 -4.5576e+000
7240 0 +6.649916038e+001 -1.564808396e+002 -1.564808396e+002 +2.1060e+000 +2.7142e+000 -2.4580e+000 +3.0807e+000 -4.5705e+000
7406 0 +5.991311195e+001 -1.630668880e+002 -1.630668880e+002 +2.1138e+000 +2.7716e+000 -2.4811e+000 +3.1564e+000 -4.4930e+000
8189 0 +5.847114515e+001 -1.645088548e+002 -1.645088548e+002 +1.9795e+000 +3.0381e+000 -2.4378e+000 +3.4708e+000 -4.4362e+000
8206 0 +5.533390054e+001 -1.676460995e+002 -1.676460995e+002 +2.0041e+000 +2.9760e+000 -2.4416e+000 +3.4149e+000 -4.4360e+000
8477 0 +5.052765685e+001 -1.724523431e+002 -1.724523431e+002 +2.1682e+000 +2.7454e+000 -2.4576e+000 +3.2015e+000 -4.4801e+000
8606 0 +4.946755529e+001 -1.735124447e+002 -1.735124447e+002 +2.0908e+000 +2.8252e+000 -2.4480e+000 +3.2707e+000 -4.4614e+000
9106 0 +4.836159615e+001 -1.746184038e+002 -1.746184038e+002 +2.0516e+000 +2.9197e+000 -2.4479e+000 +3.3660e+000 -4.4456e+000
9173 0 +4.764073723e+001 -1.753392628e+002 -1.753392628e+002 +2.0580e+000 +2.9233e+000 -2.4354e+000 +3.3456e+000 -4.4777e+000
% f evaluations | g evaluations | best noise-free fitness - Fopt (5.860000000000e+000) + sum g_i+ | measured fitness | best measured fitness or single-digit g-values | x1 | x2...
1 0 +1.166861521e+003 +1.172721521e+003 +1.172721521e+003 +0.0000e+000 +0.0000e+000 +0.0000e+000 +0.0000e+000 +0.0000e+000
3 0 +1.102489655e+003 +1.108349655e+003 +1.108349655e+003 -2.2647e+000 -1.6086e+000 -3.9113e+000 +3.7225e+000 +1.2311e+000
10 0 +1.085864568e+003 +1.091724568e+003 +1.091724568e+003 -2.4962e+000 -2.2052e+000 -1.1832e+000 +4.9343e+000 +2.3785e+000
11 0 +7.321179518e+002 +7.379779518e+002 +7.379779518e+002 -2.5501e+000 +3.1925e+000 -2.5678e+000 -2.2548e+000 +1.5688e+000
38 0 +6.920396019e+002 +6.978996019e+002 +6.978996019e+002 -2.5164e+000 +5.5836e-001 -6.1465e-001 +6.4756e-001 -1.1782e-001
39 0 +4.076439071e+002 +4.135039071e+002 +4.135039071e+002 -4.2147e-002 +3.1610e+000 -8.1893e-001 +2.5520e+000 +2.2407e+000
73 0 +3.490700147e+002 +3.549300147e+002 +3.549300147e+002 -3.9366e+000 +2.6835e+000 -1.4371e+000 -6.9234e-001 +1.7603e+000
266 0 +3.129840530e+002 +3.188440530e+002 +3.188440530e+002 -4.6241e+000 +7.3343e-001 -1.0621e+000 +1.2333e+000 +2.2920e+000
271 0 +2.754426073e+002 +2.813026073e+002 +2.813026073e+002 -3.9722e+000 +2.6081e+000 -1.5118e+000 -7.2232e-001 +5.0000e+000
380 0 +2.668266760e+002 +2.726866760e+002 +2.726866760e+002 -3.5745e+000 +2.1483e+000 -2.7569e+000 -3.4743e-001 +4.5189e+000
524 0 +2.562659799e+002 +2.621259799e+002 +2.621259799e+002 -3.1936e+000 +1.7777e+000 -2.4975e+000 +6.1192e-002 +4.5645e+000
553 0 +2.138526851e+002 +2.197126851e+002 +2.197126851e+002 -3.6959e+000 +2.2181e+000 -2.3055e+000 +2.5450e-001 +4.3481e+000
612 0 +1.797095547e+002 +1.855695547e+002 +1.855695547e+002 -5.1864e+000 +1.4537e+000 -2.1237e+000 -1.0894e-001 +2.6888e+000
795 0 +1.669834139e+002 +1.728434139e+002 +1.728434139e+002 -5.0708e+000 +1.4506e+000 -2.1363e+000 -6.7636e-002 +2.8534e+000
852 0 +1.010824859e+002 +1.069424859e+002 +1.069424859e+002 -4.7844e+000 +1.8211e+000 -1.8802e+000 -5.2044e-001 +4.2095e+000
880 0 +5.683184903e+001 +6.269184903e+001 +6.269184903e+001 -5.0354e+000 +1.8884e+000 -2.0018e+000 -4.3005e-001 +3.7197e+000
1306 0 +4.599325409e+001 +5.185325409e+001 +5.185325409e+001 -4.9175e+000 +1.9309e+000 -1.9808e+000 -4.7325e-001 +3.6324e+000
2736 0 +3.780120459e+001 +4.366120459e+001 +4.366120459e+001 -4.8231e+000 +1.9417e+000 -1.9037e+000 -4.5224e-001 +3.7545e+000
4054 0 +3.690611952e+001 +4.276611952e+001 +4.276611952e+001 -4.7930e+000 +1.8718e+000 -1.9075e+000 -4.5145e-001 +3.6142e+000
4703 0 +3.463778997e+001 +4.049778997e+001 +4.049778997e+001 -4.8543e+000 +1.8561e+000 -1.8807e+000 -3.3494e-001 +3.5299e+000
4917 0 +3.384478273e+001 +3.970478273e+001 +3.970478273e+001 -4.8216e+000 +1.8635e+000 -1.9101e+000 -4.0961e-001 +3.5851e+000
8366 0 +3.117618104e+001 +3.703618104e+001 +3.703618104e+001 -4.8653e+000 +1.8879e+000 -1.9186e+000 -3.7615e-001 +3.6062e+000
8985 0 +2.900844221e+001 +3.486844221e+001 +3.486844221e+001 -4.8492e+000 +1.9068e+000 -1.9109e+000 -4.1101e-001 +3.6616e+000
9166 0 +2.628468743e+001 +3.214468743e+001 +3.214468743e+001 -4.8121e+000 +1.8880e+000 -1.8977e+000 -3.8409e-001 +3.6503e+000
% f evaluations | g evaluations | best noise-free fitness - Fopt (2.048600000000e+002) + sum g_i+ | measured fitness | best measured fitness or single-digit g-values | x1 | x2...
1 0 +3.811875881e+002 +5.860475881e+002 +5.860475881e+002 +0.0000e+000 +0.0000e+000 +0.0000e+000 +0.0000e+000 +0.0000e+000
21 0 +3.258180036e+002 +5.306780036e+002 +5.306780036e+002 -3.6813e+000 -1.7431e+000 +2.5299e+000 +4.6049e+000 -2.3037e+000
227 0 +2.829521219e+002 +4.878121219e+002 +4.878121219e+002 -2.7501e+000 -3.1650e-001 +1.8715e+000 +2.8938e+000 -4.7327e+000
324 0 +2.364018360e+002 +4.412618360e+002 +4.412618360e+002 +2.6376e-001 -2.8424e-002 -1.8220e+000 -1.7050e-002 -1.7518e-001
352 0 +1.627709528e+002 +3.676309528e+002 +3.676309528e+002 -1.3363e+000 -3.2527e-001 +1.5258e+000 +2.5892e+000 -2.8245e+000
415 0 +1.244130454e+002 +3.292730454e+002 +3.292730454e+002 -1.7155e+000 -5.5977e-001 +1.6977e+000 +2.7936e+000 -2.7651e+000
655 0 +1.145453818e+002 +3.194053818e+002 +3.194053818e+002 -2.5568e+000 -9.9974e-001 +2.0271e+000 +3.4349e+000 -2.8013e+000
812 0 +9.711050604e+001 +3.019705060e+002 +3.019705060e+002 -2.1140e+000 -7.5801e-001 +1.7219e+000 +3.0357e+000 -2.6049e+000
1020 0 +7.142289993e+001 +2.762828999e+002 +2.762828999e+002 -2.3794e+000 -8.3656e-001 +1.5709e+000 +3.4252e+000 -3.1135e+000
1471 0 +6.747229609e+001 +2.723322961e+002 +2.723322961e+002 -2.3890e+000 -8.4620e-001 +1.6050e+000 +3.4117e+000 -3.0762e+000
1493 0 +5.735448344e+001 +2.622144834e+002 +2.622144834e+002 -2.0810e+000 -7.4813e-001 +1.3720e+000 +3.1547e+000 -2.6322e+000
2242 0 +5.125553495e+001 +2.561155350e+002 +2.561155350e+002 -2.2295e+000 -7.2969e-001 +1.5850e+000 +3.2427e+000 -2.7499e+000
2902 0 +4.886465150e+001 +2.537246515e+002 +2.537246515e+002 -2.1428e+000 -6.9726e-001 +1.4871e+000 +3.1994e+000 -2.7745e+000
3326 0 +4.654619143e+001 +2.514061914e+002 +2.514061914e+002 -2.2826e+000 -7.5167e-001 +1.5904e+000 +3.2869e+000 -2.8180e+000
3820 0 +4.563896922e+001 +2.504989692e+002 +2.504989692e+002 -2.3032e+000 -7.8728e-001 +1.5446e+000 +3.3875e+000 -2.8359e+000
4116 0 +3.814385518e+001 +2.430038552e+002 +2.430038552e+002 -2.3035e+000 -7.5446e-001 +1.5380e+000 +3.3671e+000 -2.8507e+000
4465 0 +3.281068964e+001 +2.376706896e+002 +2.376706896e+002 -2.2904e+000 -7.3056e-001 +1.4986e+000 +3.3346e+000 -2.8452e+000
5026 0 +3.160895189e+001 +2.364689519e+002 +2.364689519e+002 -2.3481e+000 -7.2759e-001 +1.5007e+000 +3.3765e+000 -2.9313e+000
5571 0 +2.769780667e+001 +2.325578067e+002 +2.325578067e+002 -2.3407e+000 -6.9765e-001 +1.3617e+000 +3.2636e+000 -2.8264e+000
6235 0 +2.598760786e+001 +2.308476079e+002 +2.308476079e+002 -2.2863e+000 -6.5355e-001 +1.3809e+000 +3.2363e+000 -2.7741e+000
6331 0 +1.784784363e+001 +2.227078436e+002 +2.227078436e+002 -2.3077e+000 -6.5092e-001 +1.4581e+000 +3.3478e+000 -2.8363e+000
8206 0 +1.681850739e+001 +2.216785074e+002 +2.216785074e+002 -2.2991e+000 -6.5734e-001 +1.4535e+000 +3.3460e+000 -2.8369e+000
9980 0 +1.501338564e+001 +2.198733856e+002 +2.198733856e+002 -2.3210e+000 -6.6348e-001 +1.4659e+000 +3.3739e+000 -2.8382e+000
% f evaluations | g evaluations | best noise-free fitness - Fopt (1.154900000000e+002) + sum g_i+ | measured fitness | best measured fitness or single-digit g-values | x1 | x2...
1 0 +1.456583734e+003 +1.572073734e+003 +1.572073734e+003 +0.0000e+000 +0.0000e+000 +0.0000e+000 +0.0000e+000 +0.0000e+000
2 0 +1.034598894e+003 +1.150088894e+003 +1.150088894e+003 +3.2306e+000 +1.3859e+000 -1.0257e+000 -2.7528e+000 +3.3121e+000
18 0 +8.669740712e+002 +9.824640712e+002 +9.824640712e+002 +1.6253e+000 -4.9024e+000 +1.2010e+000 -3.9555e+000 +8.2813e-001
19 0 +7.639008016e+002 +8.793908016e+002 +8.793908016e+002 -3.9227e+000 +1.9617e+000 +2.0287e+000 -6.3269e-001 +4.1696e+000
41 0 +7.472571708e+002 +8.627471708e+002 +8.627471708e+002 +2.3100e+000 +2.0703e+000 +2.2149e+000 -1.0227e+000 +2.8669e+000
72 0 +6.608716242e+002 +7.763616242e+002 +7.763616242e+002 +5.6557e-002 +4.1340e+000 +1.8799e+000 -9.6212e-001 +4.3792e+000
234 0 +5.454981501e+002 +6.609881501e+002 +6.609881501e+002 -1.6848e+000 -2.4995e-001 +3.6415e+000 -2.2940e+000 +9.1483e-001
239 0 +4.185076102e+002 +5.339976102e+002 +5.339976102e+002 -2.3886e+000 -1.2664e+000 +2.7912e+000 -3.8727e+000 +5.0000e+000
348 0 +2.267286808e+002 +3.422186808e+002 +3.422186808e+002 -1.4573e+000 -4.8369e-001 +1.2792e+000 -2.4417e+000 +5.0000e+000
403 0 +2.009041602e+002 +3.163941602e+002 +3.163941602e+002 -2.4457e+000 +1.1386e+000 +2.5270e+000 -2.5178e+000 +5.0000e+000
491 0 +1.717048738e+002 +2.871948738e+002 +2.871948738e+002 -1.4707e+000 +3.6380e-001 +1.8905e+000 -2.5520e+000 +4.3999e+000
533 0 +1.616593439e+002 +2.771493439e+002 +2.771493439e+002 -1.9187e+000 +1.1452e+000 +1.4484e+000 -2.5428e+000 +5.0000e+000
548 0 +1.392010697e+002 +2.546910697e+002 +2.546910697e+002 -2.7604e+000 -2.7162e-001 +2.3511e+000 -2.6785e+000 +5.0000e+000
734 0 +1.295353640e+002 +2.450253640e+002 +2.450253640e+002 -2.1049e+000 -1.0344e-001 +2.0975e+000 -2.6203e+000 +5.0000e+000
755 0 +7.028779705e+001 +1.857777971e+002 +1.857777971e+002 -2.7082e+000 +5.0374e-002 +1.9221e+000 -2.7314e+000 +5.0000e+000
959 0 +4.144362617e+001 +1.569336262e+002 +1.569336262e+002 -2.7209e+000 +3.5916e-001 +1.7653e+000 -2.7154e+000 +4.8699e+000
1865 0 +3.786772611e+001 +1.533577261e+002 +1.533577261e+002 -2.7394e+000 +3.6883e-001 +1.7366e+000 -2.7031e+000 +5.0000e+000
2299 0 +3.628992996e+001 +1.517799300e+002 +1.517799300e+002 -2.7245e+000 +3.2863e-001 +1.7382e+000 -2.6983e+000 +5.0000e+000
2699 0 +3.356482707e+001 +1.490548271e+002 +1.490548271e+002 -2.7207e+000 +2.9293e-001 +1.7073e+000 -2.6756e+000 +5.0000e+000
4471 0 +3.278881299e+001 +1.482788130e+002 +1.482788130e+002 -2.7154e+000 +3.0462e-001 +1.7027e+000 -2.6795e+000 +5.0000e+000
5427 0 +3.227834572e+001 +1.477683457e+002 +1.477683457e+002 -2.6893e+000 +3.3406e-001 +1.6877e+000 -2.6809e+000 +5.0000e+000
5658 0 +3.107395142e+001 +1.465639514e+002 +1.465639514e+002 -2.7206e+000 +3.7681e-001 +1.7269e+000 -2.6754e+000 +5.0000e+000
6599 0 +3.069640563e+001 +1.461864056e+002 +1.461864056e+002 -2.7207e+000 +3.2845e-001 +1.7056e+000 -2.6640e+000 +5.0000e+000
7570 0 +2.896998081e+001 +1.444599808e+002 +1.444599808e+002 -2.7149e+000 +3.5849e-001 +1.7214e+000 -2.6658e+000 +5.0000e+000
9384 0 +2.867665579e+001 +1.441666558e+002 +1.441666558e+002 -2.7160e+000 +3.5713e-001 +1.7194e+000 -2.6624e+000 +5.0000e+000
% f evaluations | g evaluations | best noise-free fitness - Fopt (1.950500000000e+002) + sum g_i+ | measured fitness | best measured fitness or single-digit g-values | x1 | x2...
1 0 +5.088012700e+002 +7.038512700e+002 +7.038512700e+002 +0.0000e+000 +0.0000e+000 +0.0000e+000 +0.0000e+000 +0.0000e+000
13 0 +2.286480189e+002 +4.236980189e+002 +4.236980189e+002 +1.1890e+000 +1.3903e+000 -1.3923e+000 -1.5157e+000 -1.6255e+000
93 0 +1.724315342e+002 +3.674815342e+002 +3.674815342e+002 +2.4691e+000 +8.8905e-001 +7.3243e-002 +1.7749e-001 -5.1554e-001
210 0 +1.552466605e+002 +3.502966605e+002 +3.502966605e+002 +1.6764e+000 +5.9658e-001 -4.2589e-001 -1.2761e-001 -6.4905e-001
306 0 +1.478120333e+002 +3.428620333e+002 +3.428620333e+002 +3.1369e+000 +4.0374e-001 +5.5570e-001 +3.2717e-001 -8.6698e-002
631 0 +1.167770402e+002 +3.118270402e+002 +3.118270402e+002 +3.2950e+000 +3.3665e-001 +4.6056e-001 +2.3038e-001 +2.3791e-001
789 0 +1.123007223e+002 +3.073507223e+002 +3.073507223e+002 +3.3629e+000 +5.8321e-001 +7.1974e-001 +1.7016e-001 +1.0851e-001
1019 0 +1.075354255e+002 +3.025854255e+002 +3.025854255e+002 +2.9579e+000 +5.5115e-001 +3.6135e-001 +1.4169e-001 -1.5563e-001
1130 0 +1.041893692e+002 +2.992393692e+002 +2.992393692e+002 +2.8397e+000 +5.4545e-001 +3.4841e-001 +2.2247e-001 +1.3175e-001
1619 0 +9.915437202e+001 +2.942043720e+002 +2.942043720e+002 +2.8068e+000 +5.1374e-001 +2.5051e-001 +1.0925e-001 -1.6965e-001
1692 0 +8.712307864e+001 +2.821730786e+002 +2.821730786e+002 +2.7267e+000 +4.9126e-001 +2.0164e-001 +1.3490e-001 +1.6191e-001
1989 0 +7.322232429e+001 +2.682723243e+002 +2.682723243e+002 +2.9210e+000 +4.9525e-001 +3.3161e-001 +8.5718e-002 +1.6474e-001
2019 0 +7.188843203e+001 +2.669384320e+002 +2.669384320e+002 +2.7576e+000 +4.6620e-001 +2.0028e-001 +6.4945e-002 +1.1581e-001
2419 0 +6.922280929e+001 +2.642728093e+002 +2.642728093e+002 +2.7531e+000 +4.6046e-001 +1.9054e-001 +4.7965e-002 +7.5640e-002
3193 0 +5.984937956e+001 +2.548993796e+002 +2.548993796e+002 +2.6974e+000 +3.6975e-001 +4.5595e-002 -4.9570e-002 +7.0017e-002
3232 0 +5.209190293e+001 +2.471419029e+002 +2.471419029e+002 +2.7075e+000 +4.6615e-001 +4.9533e-002 -5.0005e-002 +3.5768e-002
3455 0 +4.600413181e+001 +2.410541318e+002 +2.410541318e+002 +2.6377e+000 +4.3360e-001 -8.7659e-002 -1.9058e-001 -3.7913e-002
3819 0 +4.204951925e+001 +2.370995193e+002 +2.370995193e+002 +2.6495e+000 +4.3298e-001 -8.8523e-002 -2.0739e-001 -1.2034e-001
3893 0 +3.595224257e+001 +2.310022426e+002 +2.310022426e+002 +2.6260e+000 +4.4963e-001 -8.2944e-002 -1.7236e-001 -9.9438e-002
5899 0 +3.484363081e+001 +2.298936308e+002 +2.298936308e+002 +2.6596e+000 +4.7326e-001 -4.4512e-002 -1.6589e-001 -9.9686e-002
6455 0 +3.312738555e+001 +2.281773855e+002 +2.281773855e+002 +2.6364e+000 +4.7472e-001 -6.4209e-002 -1.8118e-001 -1.0447e-001
7771 0 +2.876341242e+001 +2.238134124e+002 +2.238134124e+002 +2.6161e+000 +4.8746e-001 -4.9732e-002 -1.9814e-001 -1.2397e-001
9959 0 +2.812049766e+001 +2.231704977e+002 +2.231704977e+002 +2.5632e+000 +4.9404e-001 -8.7877e-002 -2.0003e-001 -1.4296e-001
% f evaluations | g evaluations | best noise-free fitness - Fopt (-2.144800000000e+002) + sum g_i+ | measured fitness | best measured fitness or single-digit g-values | x1 | x2...
1 0 +1.048917530e+003 +8.344375298e+002 +8.344375298e+002 +0.0000e+000 +0.0000e+000 +0.0000e+000 +0.0000e+000 +0.0000e+000
3 0 +7.878528125e+002 +5.733728125e+002 +5.733728125e+002 +1.6850e+000 +5.3346e-001 +1.7409e-001 -3.8358e+000 -3.5896e+000
7 0 +5.014259799e+002 +2.869459799e+002 +2.869459799e+002 +3.3631e+000 +4.7334e+000 -1.8055e+000 -1.0688e+000 +4.4032e-001
247 0 +2.732638344e+002 +5.878383436e+001 +5.878383436e+001 +1.3895e+000 +4.0798e+000 +4.3847e-001 -1.1432e+000 -2.1922e+000
442 0 +2.494725471e+002 +3.499254712e+001 +3.499254712e+001 +7.8579e-002 +4.2777e+000 -5.4345e-001 -1.5745e+000 -5.1747e-001
513 0 +2.404201964e+002 +2.594019640e+001 +2.594019640e+001 +1.4440e+000 +3.9490e+000 +7.5365e-001 -7.2030e-001 -1.4299e+000
552 0 +2.109871037e+002 -3.492896285e+000 -3.492896285e+000 +1.6916e+000 +4.1226e+000 -5.5229e-001 -6.6466e-001 -7.6620e-001
642 0 +1.763890449e+002 -3.809095509e+001 -3.809095509e+001 +1.1371e+000 +3.7369e+000 -2.4568e-001 -1.3237e+000 -9.4584e-001
668 0 +1.549428836e+002 -5.953711643e+001 -5.953711643e+001 +7.9107e-001 +3.4569e+000 +4.7806e-001 -1.3254e+000 -1.3837e+000
756 0 +1.244849690e+002 -8.999503096e+001 -8.999503096e+001 +6.1634e-001 +3.6993e+000 +4.9200e-002 -1.3650e+000 -1.5075e+000
1157 0 +1.178104429e+002 -9.666955713e+001 -9.666955713e+001 +5.1285e-001 +3.6718e+000 +9.3198e-002 -1.4336e+000 -1.4132e+000
1293 0 +1.117370827e+002 -1.027429173e+002 -1.027429173e+002 +6.3207e-002 +4.1306e+000 +8.5132e-002 -1.5844e+000 -1.5001e+000
1450 0 +9.380031065e+001 -1.206796894e+002 -1.206796894e+002 +5.5713e-001 +4.0353e+000 +9.5745e-002 -1.0583e+000 -1.5420e+000
1545 0 +8.821533621e+001 -1.262646638e+002 -1.262646638e+002 -8.5007e-001 +3.6998e+000 +5.2184e-001 -1.5029e+000 -1.4622e+000
1657 0 +8.449082652e+001 -1.299891735e+002 -1.299891735e+002 +5.0912e-002 +3.9654e+000 +4.1704e-002 -1.3632e+000 -1.3790e+000
2102 0 +7.121098056e+001 -1.432690194e+002 -1.432690194e+002 +4.8934e-001 +4.4243e+000 -1.0216e-002 -9.8918e-001 -1.5529e+000
2178 0 +4.476352719e+001 -1.697164728e+002 -1.697164728e+002 -4.5914e-001 +4.0217e+000 +4.5269e-001 -1.3417e+000 -1.6548e+000
2806 0 +3.995464802e+001 -1.745253520e+002 -1.745253520e+002 -3.6750e-001 +4.0354e+000 +4.5001e-001 -1.3747e+000 -1.6662e+000
3193 0 +3.918921294e+001 -1.752907871e+002 -1.752907871e+002 -5.2667e-001 +4.1833e+000 +3.3150e-001 -1.4159e+000 -1.6293e+000
3201 0 +3.772342529e+001 -1.767565747e+002 -1.767565747e+002 -4.6828e-001 +3.9875e+000 +5.9462e-001 -1.4927e+000 -1.6410e+000
4078 0 +3.650104411e+001 -1.779789559e+002 -1.779789559e+002 -4.4125e-001 +3.9845e+000 +5.2763e-001 -1.4355e+000 -1.6474e+000
4363 0 +3.075056943e+001 -1.837294306e+002 -1.837294306e+002 -9.9559e-001 +3.6002e+000 +7.1693e-001 -1.8175e+000 -1.5797e+000
4563 0 +2.648121677e+001 -1.879987832e+002 -1.879987832e+002 -6.5888e-001 +3.8420e+000 +6.2980e-001 -1.6026e+000 -1.6191e+000
4612 0 +2.337300309e+001 -1.911069969e+002 -1.911069969e+002 -6.9427e-001 +3.8347e+000 +6.3940e-001 -1.6456e+000 -1.6194e+000
4831 0 +2.136293587e+001 -1.931170641e+002 -1.931170641e+002 -7.8825e-001 +3.7653e+000 +6.4590e-001 -1.7096e+000 -1.5989e+000
6222 0 +1.318616783e+001 -2.012938322e+002 -2.012938322e+002 -1.0385e+000 +3.7416e+000 +7.2517e-001 -1.7690e+000 -1.6283e+000
7857 0 +8.736958485e+000 -2.057430415e+002 -2.057430415e+002 -1.1433e+000 +3.7333e+000 +7.3528e-001 -1.8253e+000 -1.6846e+000
9362 0 +7.099226466e+000 -2.073807735e+002 -2.073807735e+002 -1.2710e+000 +3.7318e+000 +8.0607e-001 -1.8608e+000 -1.7067e+000
9962 0 +7.001247309e+000 -2.074787527e+002 -2.074787527e+002 -1.2671e+000 +3.7332e+000 +8.0412e-001 -1.8590e+000 -1.7051e+000
% f evaluations | g evaluations | best noise-free fitness - Fopt (-4.590000000000e+001) + sum g_i+ | measured fitness | best measured fitness or single-digit g-values | x1 | x2...
1 0 +9.855133308e+002 +9.396133308e+002 +9.396133308e+002 +0.0000e+000 +0.0000e+000 +0.0000e+000 +0.0000e+000 +0.0000e+000
5 0 +9.086197536e+002 +8.627197536e+002 +8.627197536e+002 +4.2508e-001 -3.9413e+000 -7.9403e-001 +1.1647e+000 -1.0664e+000
15 0 +5.549082863e+002 +5.090082863e+002 +5.090082863e+002 -3.0279e-002 +8.7190e-001 +2.9885e-001 -4.9726e+000 -4.3798e+000
21 0 +4.612846090e+002 +4.153846090e+002 +4.153846090e+002 -1.9958e+000 +1.7762e-001 -1.6564e-001 -7.5864e-001 -3.3912e+000
97 0 +3.629379079e+002 +3.170379079e+002 +3.170379079e+002 +8.6437e-001 -9.5065e-002 -1.0280e+000 -3.8637e+000 -4.3231e+000
281 0 +3.049553313e+002 +2.590553313e+002 +2.590553313e+002 +1.7208e+000 -1.3486e+000 -8.6661e-001 -3.5980e+000 -4.8510e+000
378 0 +2.369583095e+002 +1.910583095e+002 +1.910583095e+002 +1.1540e+000 -1.2295e+000 -1.1131e+000 -3.2166e+000 -4.5112e+000
423 0 +2.124794089e+002 +1.665794089e+002 +1.665794089e+002 -1.0376e-001 -1.7686e+000 -5.0130e-001 -3.5068e+000 -3.8112e+000
547 0 +2.087474223e+002 +1.628474223e+002 +1.628474223e+002 -2.1874e-001 -1.6270e+000 -2.8187e-001 -3.3661e+000 -4.7592e+000
577 0 +1.330969597e+002 +8.719695968e+001 +8.719695968e+001 +6.0235e-001 -1.3077e+000 -8.1195e-001 -3.1712e+000 -4.3012e+000
1447 0 +9.869435871e+001 +5.279435871e+001 +5.279435871e+001 -4.4303e-001 -1.0814e+000 -7.3668e-001 -2.4924e+000 -4.4365e+000
1540 0 +8.960500093e+001 +4.370500093e+001 +4.370500093e+001 -6.2801e-002 -1.3617e+000 -9.4961e-001 -2.5039e+000 -4.3028e+000
1831 0 +6.766276395e+001 +2.176276395e+001 +2.176276395e+001 -3.0578e-001 -1.2458e+000 -8.0189e-001 -2.3500e+000 -4.2931e+000
2442 0 +4.503117756e+001 -8.688224449e-001 -8.688224449e-001 -1.8007e-001 -1.2454e+000 -7.0902e-001 -2.5093e+000 -4.2328e+000
2671 0 +4.196267686e+001 -3.937323142e+000 -3.937323142e+000 -1.3095e-001 -1.2559e+000 -6.7554e-001 -2.5201e+000 -4.2455e+000
3274 0 +3.765124421e+001 -8.248755786e+000 -8.248755786e+000 -1.4972e-001 -1.3064e+000 -6.6179e-001 -2.5292e+000 -4.2596e+000
3574 0 +3.612583140e+001 -9.774168605e+000 -9.774168605e+000 -1.4505e-001 -1.2767e+000 -6.6196e-001 -2.5046e+000 -4.2256e+000
4318 0 +3.487401779e+001 -1.102598221e+001 -1.102598221e+001 -2.6544e-001 -1.4014e+000 -3.9054e-001 -1.8630e+000 -4.1719e+000
4574 0 +3.053617719e+001 -1.536382281e+001 -1.536382281e+001 -2.0632e-001 -1.3596e+000 -5.3192e-001 -2.2168e+000 -4.2265e+000
5474 0 +2.537589635e+001 -2.052410365e+001 -2.052410365e+001 -2.0281e-001 -1.3371e+000 -5.3197e-001 -2.1979e+000 -4.2007e+000
5874 0 +2.397221016e+001 -2.192778984e+001 -2.192778984e+001 -1.9978e-001 -1.3177e+000 -5.3200e-001 -2.1815e+000 -4.1784e+000
6456 0 +2.202181227e+001 -2.387818773e+001 -2.387818773e+001 -1.8354e-001 -1.3417e+000 -5.2071e-001 -2.2017e+000 -4.1923e+000
7174 0 +2.148547167e+001 -2.441452833e+001 -2.441452833e+001 -1.8569e-001 -1.3233e+000 -5.2357e-001 -2.1862e+000 -4.1745e+000
8156 0 +1.460810095e+001 -3.129189905e+001 -3.129189905e+001 -1.4009e-001 -1.3349e+000 -4.9653e-001 -2.1951e+000 -4.1551e+000
9094 0 +1.416030703e+001 -3.173969297e+001 -3.173969297e+001 -1.5351e-001 -1.3437e+000 -4.9808e-001 -2.2189e+000 -4.1646e+000
9456 0 +1.321340796e+001 -3.268659204e+001 -3.268659204e+001 -1.1543e-001 -1.3563e+000 -4.8163e-001 -2.2094e+000 -4.1621e+000
