% f evaluations | g evaluations | best noise-free fitness - Fopt (2.997000000000e+001) + sum g_i+ | measured fitness | best measured fitness or single-digit g-values | x1 | x2...
1 0 +7.202573670e+002 +7.502273670e+002 +7.502273670e+002 +0.0000e+000 +0.0000e+000 +0.0000e+000
2 0 +4.149385397e+002 +4.449085397e+002 +4.449085397e+002 -2.4170e-001 -4.4006e+000 -2.2098e+000
3 0 +1.451130667e+002 +1.750830667e+002 +1.750830667e+002 +1.7248e+000 -4.2395e+000 -1.9016e+000
88 0 +1.302256770e+002 +1.601956770e+002 +1.601956770e+002 +3.0202e+000 -4.4137e+000 -1.1187e+000
202 0 +1.270387375e+002 +1.570087375e+002 +1.570087375e+002 +2.2588e+000 -3.3423e+000 -2.8332e+000
258 0 +6.807199169e+001 +9.804199169e+001 +9.804199169e+001 +1.2573e+000 -1.5573e+000 -3.4459e+000
553 0 +5.223452845e+001 +8.220452845e+001 +8.220452845e+001 +1.2576e+000 -1.7351e+000 -3.3610e+000
688 0 +1.984007881e+001 +4.981007881e+001 +4.981007881e+001 +1.1521e+000 -1.9141e+000 -3.3894e+000
980 0 +5.266172745e+000 +3.523617275e+001 +3.523617275e+001 +6.8773e-001 -1.3967e+000 -3.9462e+000
1945 0 +3.974487452e+000 +3.394448745e+001 +3.394448745e+001 +6.2971e-001 -1.3565e+000 -3.9556e+000
2646 0 +2.782797300e+000 +3.275279730e+001 +3.275279730e+001 +6.5616e-001 -1.3652e+000 -3.9620e+000
3153 0 +2.032866095e+000 +3.200286609e+001 +3.200286609e+001 +6.4703e-001 -1.3627e+000 -3.9674e+000
4055 0 +1.634956646e+000 +3.160495665e+001 +3.160495665e+001 +6.4001e-001 -1.3596e+000 -3.9697e+000
9055 0 +1.418241559e+000 +3.138824156e+001 +3.138824156e+001 +6.3935e-001 -1.3577e+000 -3.9668e+000
9136 0 +1.346408311e+000 +3.131640831e+001 +3.131640831e+001 +6.3939e-001 -1.3576e+000 -3.9683e+000
% f evaluations | g evaluations | best noise-free fitness - Fopt (-5.171000000000e+001) + sum g_i+ | measured fitness | best measured fitness or single-digit g-values | x1 | x2...
1 0 +9.345492948e+002 +8.828392948e+002 +8.828392948e+002 +0.0000e+000 +0.0000e+000 +0.0000e+000
3 0 +3.005550656e+002 +2.488450656e+002 +2.488450656e+002 +4.6968e+000 +8.2343e-001 -1.9690e+000
12 0 +2.757157805e+001 -2.413842195e+001 -2.413842195e+001 +3.0345e+000 +2.8085e+000 -3.2320e+000
488 0 +1.335974619e+001 -3.835025381e+001 -3.835025381e+001 +2.6571e+000 +3.1382e+000 -3.4321e+000
1023 0 +5.053302416e+000 -4.665669758e+001 -4.665669758e+001 +2.5189e+000 +3.1568e+000 -3.3424e+000
4908 0 +4.002887870e+000 -4.770711213e+001 -4.770711213e+001 +2.4474e+000 +3.1887e+000 -3.3807e+000
5154 0 +3.244821966e+000 -4.846517803e+001 -4.846517803e+001 +2.5148e+000 +3.1706e+000 -3.3545e+000
5787 0 +3.196983326e+000 -4.851301667e+001 -4.851301667e+001 +2.5544e+000 +3.1562e+000 -3.3523e+000
6544 0 +2.569764193e+000 -4.914023581e+001 -4.914023581e+001 +2.5467e+000 +3.1516e+000 -3.3534e+000
6568 0 +2.333726766e+000 -4.937627323e+001 -4.937627323e+001 +2.5291e+000 +3.1606e+000 -3.3567e+000
6919 0 +1.590522085e+000 -5.011947791e+001 -5.011947791e+001 +2.6231e+000 +3.1262e+000 -3.3534e+000
7668 0 +1.531995464e+000 -5.017800454e+001 -5.017800454e+001 +2.6252e+000 +3.1172e+000 -3.3511e+000
8114 0 +1.495408454e+000 -5.021459155e+001 -5.021459155e+001 +2.5946e+000 +3.1373e+000 -3.3700e+000
8219 0 +1.447095522e+000 -5.026290448e+001 -5.026290448e+001 +2.7226e+000 +3.0722e+000 -3.3439e+000
8483 0 +1.023568439e+000 -5.068643156e+001 -5.068643156e+001 +2.9861e+000 +2.9586e+000 -3.3218e+000
8819 0 +6.320349001e-001 -5.107796510e+001 -5.107796510e+001 +2.7428e+000 +3.0673e+000 -3.3428e+000
% f evaluations | g evaluations | best noise-free fitness - Fopt (-2.799500000000e+002) + sum g_i+ | measured fitness | best measured fitness or single-digit g-values | x1 | x2...
1 0 +1.696773180e+003 +1.416823180e+003 +1.416823180e+003 +0.0000e+000 +0.0000e+000 +0.0000e+000
2 0 +1.412575710e+003 +1.132625710e+003 +1.132625710e+003 -1.8116e+000 -2.5697e+000 -2.2038e+000
5 0 +5.330257827e+002 +2.530757827e+002 +2.530757827e+002 -2.5817e+000 -2.9283e+000 +1.9204e+000
9 0 +3.792618020e+002 +9.931180195e+001 +9.931180195e+001 -5.6330e-001 -2.9118e+000 +4.3692e+000
42 0 +3.154634073e+002 +3.551340730e+001 +3.551340730e+001 +5.6532e-001 -4.8068e+000 +2.6912e+000
49 0 +1.453632260e+002 -1.345867740e+002 -1.345867740e+002 -1.5783e+000 -4.5192e+000 +2.9501e+000
325 0 +1.189640573e+002 -1.609859427e+002 -1.609859427e+002 -3.3299e+000 -3.0755e+000 +4.3562e+000
426 0 +7.436390808e+001 -2.055860919e+002 -2.055860919e+002 -1.8235e+000 -5.0223e+000 +1.8864e+000
750 0 +5.363105670e+001 -2.263189433e+002 -2.263189433e+002 -3.3371e+000 -4.0828e+000 +3.4059e+000
888 0 +1.575571125e+001 -2.641942887e+002 -2.641942887e+002 -3.3596e+000 -4.3079e+000 +2.9029e+000
1588 0 +1.115922860e+001 -2.687907714e+002 -2.687907714e+002 -3.3297e+000 -4.3018e+000 +2.8924e+000
2680 0 +5.230133556e+000 -2.747198664e+002 -2.747198664e+002 -3.3907e+000 -4.1683e+000 +3.0515e+000
4306 0 +2.931792148e+000 -2.770182079e+002 -2.770182079e+002 -3.3921e+000 -4.1636e+000 +3.0451e+000
5115 0 +2.270487971e+000 -2.776795120e+002 -2.776795120e+002 -3.3942e+000 -4.1511e+000 +3.0382e+000
5597 0 +1.482138268e+000 -2.784678617e+002 -2.784678617e+002 -3.3929e+000 -4.1611e+000 +3.0405e+000
7906 0 +9.444830361e-001 -2.790055170e+002 -2.790055170e+002 -3.3956e+000 -4.1571e+000 +3.0427e+000
8306 0 +7.688527051e-001 -2.791811473e+002 -2.791811473e+002 -3.3984e+000 -4.1523e+000 +3.0443e+000
9106 0 +6.913853720e-001 -2.792586146e+002 -2.792586146e+002 -3.3981e+000 -4.1528e+000 +3.0441e+000
9306 0 +6.014958340e-001 -2.793485042e+002 -2.793485042e+002 -3.3977e+000 -4.1535e+000 +3.0439e+000
9977 0 +5.622379819e-001 -2.793877620e+002 -2.793877620e+002 -3.3976e+000 -4.1539e+000 +3.0436e+000
% f evaluations | g evaluations | best noise-free fitness - Fopt (9.319900000000e+002) + sum g_i+ | measured fitness | best measured fitness or single-digit g-values | x1 | x2...
1 0 +3.905578211e+002 +1.322547821e+003 +1.322547821e+003 +0.0000e+000 +0.0000e+000 +0.0000e+000
9 0 +3.326208926e+002 +1.264610893e+003 +1.264610893e+003 +1.1529e+000 +3.2314e+000 +4.2610e+000
67 0 +2.556870100e+002 +1.187677010e+003 +1.187677010e+003 -6.0092e-001 -1.5432e+000 +2.6454e+000
75 0 +1.718867739e+002 +1.103876774e+003 +1.103876774e+003 +2.3450e+000 +2.6542e+000 +3.9072e+000
147 0 +1.633292620e+002 +1.095319262e+003 +1.095319262e+003 +1.1382e+000 +1.9318e+000 +2.1667e+000
224 0 +1.078889599e+002 +1.039878960e+003 +1.039878960e+003 +1.3451e+000 +1.8081e+000 +2.2092e+000
467 0 +5.975191511e+001 +9.917419151e+002 +9.917419151e+002 +1.1984e+000 +1.0669e+000 +2.5595e+000
508 0 +4.708870237e+001 +9.790787024e+002 +9.790787024e+002 +1.4374e+000 +1.5129e+000 +2.5476e+000
524 0 +3.694906441e+001 +9.689390644e+002 +9.689390644e+002 +1.5818e+000 +1.2845e+000 +2.4710e+000
857 0 +2.666882251e+001 +9.586588225e+002 +9.586588225e+002 +1.4351e+000 +9.8949e-001 +2.6391e+000
1104 0 +2.302704951e+001 +9.550170495e+002 +9.550170495e+002 +1.6110e+000 +1.2826e+000 +2.7869e+000
1140 0 +1.217726975e+001 +9.441672697e+002 +9.441672697e+002 +1.5444e+000 +1.2500e+000 +2.8525e+000
1212 0 +7.795808422e+000 +9.397858084e+002 +9.397858084e+002 +1.4677e+000 +1.2541e+000 +2.8042e+000
1588 0 +7.646640312e+000 +9.396366403e+002 +9.396366403e+002 +1.4690e+000 +1.2535e+000 +2.8003e+000
1912 0 +7.521299065e+000 +9.395112991e+002 +9.395112991e+002 +1.4701e+000 +1.2545e+000 +2.7998e+000
2573 0 +7.008027189e+000 +9.389980272e+002 +9.389980272e+002 +1.4974e+000 +1.3160e+000 +2.8033e+000
2699 0 +3.096316157e+000 +9.350863162e+002 +9.350863162e+002 +1.5124e+000 +1.3075e+000 +2.8180e+000
3094 0 +1.961006112e+000 +9.339510061e+002 +9.339510061e+002 +1.5022e+000 +1.2746e+000 +2.8220e+000
6829 0 +1.768778952e+000 +9.337587790e+002 +9.337587790e+002 +1.5027e+000 +1.2746e+000 +2.8168e+000
8429 0 +1.698987249e+000 +9.336889872e+002 +9.336889872e+002 +1.5028e+000 +1.2743e+000 +2.8176e+000
9729 0 +1.581578688e+000 +9.335715787e+002 +9.335715787e+002 +1.5036e+000 +1.2728e+000 +2.8218e+000
% f evaluations | g evaluations | best noise-free fitness - Fopt (1.133100000000e+002) + sum g_i+ | measured fitness | best measured fitness or single-digit g-values | x1 | x2...
1 0 +7.209444707e+002 +8.342544707e+002 +8.342544707e+002 +0.0000e+000 +0.0000e+000 +0.0000e+000
3 0 +5.961086326e+002 +7.094186326e+002 +7.094186326e+002 +3.9442e+000 -1.6907e+000 -6.5537e-001
7 0 +5.069925036e+002 +6.203025036e+002 +6.203025036e+002 +4.9506e+000 +2.4454e+000 +6.2710e-001
12 0 +2.743580551e+002 +3.876680551e+002 +3.876680551e+002 +1.8788e+000 +4.2557e+000 -2.1779e+000
46 0 +1.471071715e+002 +2.604171715e+002 +2.604171715e+002 +2.2490e+000 +2.3376e+000 -4.6235e-002
50 0 +8.645544137e+001 +1.997654414e+002 +1.997654414e+002 +1.5872e+000 +3.3734e+000 +1.2607e+000
203 0 +4.176576764e+001 +1.550757676e+002 +1.550757676e+002 +1.9603e+000 +2.4787e+000 +1.6820e+000
453 0 +2.418305239e+001 +1.374930524e+002 +1.374930524e+002 +1.9660e+000 +2.6527e+000 +1.2153e+000
1435 0 +1.114380458e+001 +1.244538046e+002 +1.244538046e+002 +2.1264e+000 +3.7929e+000 -4.9723e-002
2221 0 +9.970168416e+000 +1.232801684e+002 +1.232801684e+002 +2.1811e+000 +3.5095e+000 +2.4464e-001
2235 0 +9.011260549e+000 +1.223212605e+002 +1.223212605e+002 +2.1316e+000 +3.7197e+000 +4.2088e-003
3857 0 +5.302537598e+000 +1.186125376e+002 +1.186125376e+002 +2.1525e+000 +3.2990e+000 +4.6035e-001
4180 0 +3.560307460e+000 +1.168703075e+002 +1.168703075e+002 +2.1503e+000 +3.0367e+000 +6.7011e-001
4939 0 +2.872172909e+000 +1.161821729e+002 +1.161821729e+002 +2.1477e+000 +3.2881e+000 +4.5512e-001
5443 0 +2.570738248e+000 +1.158807382e+002 +1.158807382e+002 +2.1205e+000 +3.2133e+000 +5.4187e-001
6023 0 +1.963300044e+000 +1.152733000e+002 +1.152733000e+002 +2.1448e+000 +3.1759e+000 +5.6089e-001
6480 0 +1.598818813e+000 +1.149088188e+002 +1.149088188e+002 +2.1417e+000 +3.2134e+000 +5.2655e-001
7560 0 +8.311815919e-001 +1.141411816e+002 +1.141411816e+002 +2.1396e+000 +3.2108e+000 +5.2480e-001
8060 0 +2.974937302e-001 +1.136074937e+002 +1.136074937e+002 +2.1389e+000 +3.2033e+000 +5.2477e-001
9475 0 +2.613692492e-001 +1.135713692e+002 +1.135713692e+002 +2.1367e+000 +3.1885e+000 +5.4107e-001
% f evaluations | g evaluations | best noise-free fitness - Fopt (2.849000000000e+001) + sum g_i+ | measured fitness | best measured fitness or single-digit g-values | x1 | x2...
1 0 +2.423916500e+002 +2.708816500e+002 +2.708816500e+002 +0.0000e+000 +0.0000e+000 +0.0000e+000
16 0 +1.748403773e+002 +2.033303773e+002 +2.033303773e+002 -8.1423e-001 -1.4950e-001 +2.7046e-001
216 0 +1.036437949e+002 +1.321337949e+002 +1.321337949e+002 -3.5552e-003 -4.6981e-001 +4.2597e-001
366 0 +9.275392737e+001 +1.212439274e+002 +1.212439274e+002 +6.6499e-001 -2.6277e-001 +6.3051e-001
528 0 +4.630109771e+001 +7.479109771e+001 +7.479109771e+001 -1.2600e+000 -2.0733e+000 +1.3383e-001
720 0 +1.137534635e+001 +3.986534635e+001 +3.986534635e+001 -2.5166e-001 -1.5734e+000 +2.2555e-001
1387 0 +9.248342660e+000 +3.773834266e+001 +3.773834266e+001 -4.5853e-001 -1.6726e+000 +1.8657e-001
1668 0 +7.268633635e+000 +3.575863363e+001 +3.575863363e+001 -2.1419e-001 -1.5981e+000 +2.3326e-001
2518 0 +6.396029648e+000 +3.488602965e+001 +3.488602965e+001 -2.3190e-001 -1.6005e+000 +2.3467e-001
3768 0 +6.307397561e+000 +3.479739756e+001 +3.479739756e+001 -2.1611e-001 -1.5983e+000 +2.3670e-001
3807 0 +4.339062918e+000 +3.282906292e+001 +3.282906292e+001 -2.1497e-001 -1.6013e+000 +2.5905e-001
4059 0 +2.274111381e+000 +3.076411138e+001 +3.076411138e+001 -1.8853e-001 -1.6025e+000 +2.5315e-001
4607 0 +1.231426128e+000 +2.972142613e+001 +2.972142613e+001 -1.9954e-001 -1.6282e+000 +2.4782e-001
5407 0 +1.029950014e+000 +2.951995001e+001 +2.951995001e+001 -1.9901e-001 -1.6256e+000 +2.4849e-001
6507 0 +8.226112767e-001 +2.931261128e+001 +2.931261128e+001 -1.9847e-001 -1.6229e+000 +2.4918e-001
% f evaluations | g evaluations | best noise-free fitness - Fopt (-7.405800000000e+002) + sum g_i+ | measured fitness | best measured fitness or single-digit g-values | x1 | x2...
1 0 +7.159750687e+002 -2.460493128e+001 -2.460493128e+001 +0.0000e+000 +0.0000e+000 +0.0000e+000
7 0 +5.495408546e+002 -1.910391454e+002 -1.910391454e+002 +1.2955e+000 -3.8892e-001 -3.4349e+000
9 0 +5.156778065e+002 -2.249021935e+002 -2.249021935e+002 -2.0553e+000 -2.5709e+000 -1.6559e+000
35 0 +3.892669163e+002 -3.513130837e+002 -3.513130837e+002 +4.7140e-001 +1.4215e-001 -2.8962e+000
78 0 +1.523197313e+002 -5.882602687e+002 -5.882602687e+002 +5.9313e-001 +1.1012e+000 -4.5601e+000
236 0 +1.300054228e+002 -6.105745772e+002 -6.105745772e+002 +7.5619e-001 +1.1287e+000 -5.0000e+000
246 0 +1.211261107e+002 -6.194538893e+002 -6.194538893e+002 -7.3868e-002 -1.0212e-001 -5.0000e+000
249 0 +6.920271960e+001 -6.713772804e+002 -6.713772804e+002 -9.8849e-002 +1.3370e-001 -4.7771e+000
314 0 +2.761582227e+001 -7.129641777e+002 -7.129641777e+002 -2.6695e-001 +2.8444e-001 -4.4849e+000
1483 0 +1.893144531e+001 -7.216485547e+002 -7.216485547e+002 +2.3069e-001 +5.1985e-001 -5.0000e+000
2393 0 +1.566900928e+001 -7.249109907e+002 -7.249109907e+002 -5.4030e-001 +3.4082e-001 -4.1401e+000
2720 0 +1.496983990e+001 -7.256101601e+002 -7.256101601e+002 -3.5312e-001 +3.8806e-001 -4.3124e+000
2993 0 +1.241877470e+001 -7.281612253e+002 -7.281612253e+002 -3.7098e-001 +3.4076e-001 -4.2798e+000
5478 0 +9.730009561e+000 -7.308499904e+002 -7.308499904e+002 -3.3673e-001 +3.6144e-001 -4.3488e+000
9997 0 +9.230100735e+000 -7.313498993e+002 -7.313498993e+002 -3.3287e-001 +3.5853e-001 -4.3465e+000
% f evaluations | g evaluations | best noise-free fitness - Fopt (-5.177000000000e+001) + sum g_i+ | measured fitness | best measured fitness or single-digit g-values | x1 | x2...
1 0 +1.012061498e+003 +9.602914976e+002 +9.602914976e+002 +0.0000e+000 +0.0000e+000 +0.0000e+000
3 0 +2.869872497e+002 +2.352172497e+002 +2.352172497e+002 +4.7842e+000 +1.8301e+000 +3.6056e+000
14 0 +1.396088979e+002 +8.783889794e+001 +8.783889794e+001 +3.4259e+000 +1.2654e+000 +4.0680e+000
337 0 +1.237521154e+002 +7.198211539e+001 +7.198211539e+001 -1.2409e+000 +2.1626e+000 +1.9173e+000
389 0 +1.222820483e+002 +7.051204826e+001 +7.051204826e+001 -2.8362e+000 +1.9545e+000 +1.4917e+000
414 0 +9.598545818e+001 +4.421545818e+001 +4.421545818e+001 -4.4108e-001 +2.0713e+000 +2.4796e+000
438 0 +5.398473630e+001 +2.214736301e+000 +2.214736301e+000 -2.0262e-001 +1.6915e+000 +2.7438e+000
589 0 +3.348518523e+001 -1.828481477e+001 -1.828481477e+001 -2.5248e+000 +1.8594e+000 +1.9667e+000
844 0 +2.870284491e+001 -2.306715509e+001 -2.306715509e+001 -2.7430e+000 +1.6215e+000 +2.0605e+000
1375 0 +1.688007853e+001 -3.488992147e+001 -3.488992147e+001 -2.6857e+000 +1.6268e+000 +2.1476e+000
2270 0 +1.177776521e+001 -3.999223479e+001 -3.999223479e+001 -2.4059e+000 +1.7893e+000 +2.1300e+000
2625 0 +1.119366670e+001 -4.057633330e+001 -4.057633330e+001 -2.2614e+000 +1.7407e+000 +2.1753e+000
2714 0 +4.179196529e+000 -4.759080347e+001 -4.759080347e+001 -1.8825e+000 +1.6518e+000 +2.3560e+000
3993 0 +3.532278984e+000 -4.823772102e+001 -4.823772102e+001 -2.0570e+000 +1.6396e+000 +2.3039e+000
4768 0 +1.731458388e+000 -5.003854161e+001 -5.003854161e+001 -2.0848e+000 +1.6467e+000 +2.3001e+000
6346 0 +1.663312651e+000 -5.010668735e+001 -5.010668735e+001 -1.9982e+000 +1.6423e+000 +2.3239e+000
7513 0 +1.548027988e+000 -5.022197201e+001 -5.022197201e+001 -2.0964e+000 +1.6510e+000 +2.2942e+000
7967 0 +1.431098155e+000 -5.033890185e+001 -5.033890185e+001 -1.9885e+000 +1.6436e+000 +2.3269e+000
% f evaluations | g evaluations | best noise-free fitness - Fopt (-2.229800000000e+002) + sum g_i+ | measured fitness | best measured fitness or single-digit g-values | x1 | x2...
1 0 +3.741982412e+002 +1.512182412e+002 +1.512182412e+002 +0.0000e+000 +0.0000e+000 +0.0000e+000
2 0 +1.984214009e+002 -2.455859911e+001 -2.455859911e+001 +2.8436e+000 -5.5713e-001 -1.6770e+000
13 0 +1.903204297e+002 -3.265957034e+001 -3.265957034e+001 +1.9256e+000 +2.8391e-001 -2.6589e+000
53 0 +4.444300654e+001 -1.785369935e+002 -1.785369935e+002 +2.3819e+000 +4.7747e-001 -1.9190e+000
796 0 +3.561639838e+001 -1.873636016e+002 -1.873636016e+002 +2.4394e+000 +6.0547e-001 -2.0518e+000
996 0 +2.680965487e+001 -1.961703451e+002 -1.961703451e+002 +2.2356e+000 +7.3791e-001 -2.0237e+000
1625 0 +2.369370788e+001 -1.992862921e+002 -1.992862921e+002 +2.1719e+000 +6.3502e-001 -2.0029e+000
2398 0 +1.535135335e+001 -2.076286466e+002 -2.076286466e+002 +2.1957e+000 +6.8922e-001 -2.0080e+000
2850 0 +1.162933492e+001 -2.113506651e+002 -2.113506651e+002 +2.2014e+000 +7.1480e-001 -2.0706e+000
5369 0 +1.100885755e+001 -2.119711425e+002 -2.119711425e+002 +2.2084e+000 +7.0046e-001 -2.0608e+000
7896 0 +1.085791985e+001 -2.121220802e+002 -2.121220802e+002 +2.2059e+000 +7.0192e-001 -2.0604e+000
8006 0 +8.806802189e+000 -2.141731978e+002 -2.141731978e+002 +2.1970e+000 +7.0303e-001 -2.0670e+000
% f evaluations | g evaluations | best noise-free fitness - Fopt (5.860000000000e+000) + sum g_i+ | measured fitness | best measured fitness or single-digit g-values | x1 | x2...
1 0 +2.860680494e+002 +2.919280494e+002 +2.919280494e+002 +0.0000e+000 +0.0000e+000 +0.0000e+000
25 0 +2.776242814e+002 +2.834842814e+002 +2.834842814e+002 -2.2821e-001 +1.8940e+000 -9.3366e-002
37 0 +9.784657653e+001 +1.037065765e+002 +1.037065765e+002 -3.6844e+000 +2.4402e+000 -6.7437e-001
79 0 +8.699412686e+001 +9.285412686e+001 +9.285412686e+001 -3.5852e+000 +1.5905e+000 -1.4552e+000
213 0 +4.332794865e+001 +4.918794865e+001 +4.918794865e+001 -2.8991e+000 +1.6393e+000 -1.1638e+000
619 0 +1.326157461e+001 +1.912157461e+001 +1.912157461e+001 -2.9547e+000 +1.8163e+000 -8.7246e-001
1398 0 +9.937854500e+000 +1.579785450e+001 +1.579785450e+001 -3.0361e+000 +1.8150e+000 -9.0558e-001
1598 0 +8.645457587e+000 +1.450545759e+001 +1.450545759e+001 -3.1148e+000 +1.8125e+000 -8.3804e-001
2167 0 +6.703284064e+000 +1.256328406e+001 +1.256328406e+001 -3.3383e+000 +1.8790e+000 -8.9150e-001
2467 0 +3.134673901e+000 +8.994673901e+000 +8.994673901e+000 -4.2463e+000 +2.1589e+000 -1.0862e+000
2812 0 +2.951923474e+000 +8.811923474e+000 +8.811923474e+000 -3.8835e+000 +2.0578e+000 -1.0448e+000
3167 0 +1.457428194e+000 +7.317428194e+000 +7.317428194e+000 -4.2685e+000 +2.1697e+000 -1.1043e+000
4603 0 +1.435066861e+000 +7.295066861e+000 +7.295066861e+000 -4.0859e+000 +2.1176e+000 -1.0553e+000
4653 0 +8.791095741e-001 +6.739109574e+000 +6.739109574e+000 -4.1874e+000 +2.1469e+000 -1.0848e+000
8191 0 +7.200205516e-001 +6.580020552e+000 +6.580020552e+000 -4.0984e+000 +2.1198e+000 -1.0677e+000
% f evaluations | g evaluations | best noise-free fitness - Fopt (2.048600000000e+002) + sum g_i+ | measured fitness | best measured fitness or single-digit g-values | x1 | x2...
1 0 +5.159962663e+002 +7.208562663e+002 +7.208562663e+002 +0.0000e+000 +0.0000e+000 +0.0000e+000
5 0 +1.887941220e+002 +3.936541220e+002 +3.936541220e+002 -3.0627e+000 +2.6972e+000 +3.9980e+000
29 0 +1.190056102e+002 +3.238656102e+002 +3.238656102e+002 -3.2078e-001 -2.8728e+000 -2.8025e+000
52 0 +5.832797997e+001 +2.631879800e+002 +2.631879800e+002 -9.8408e-001 -2.4568e+000 -2.7776e+000
239 0 +4.903807417e+001 +2.538980742e+002 +2.538980742e+002 -9.0117e-001 -2.5159e+000 -2.5830e+000
588 0 +2.577880699e+001 +2.306388070e+002 +2.306388070e+002 -1.3271e+000 -1.5664e+000 -1.5169e+000
1222 0 +1.872948005e+001 +2.235894800e+002 +2.235894800e+002 -1.2865e+000 -1.6005e+000 -1.5075e+000
2369 0 +7.332691253e+000 +2.121926913e+002 +2.121926913e+002 -2.0329e+000 -1.8132e-001 +8.1753e-001
2495 0 +5.182506064e+000 +2.100425061e+002 +2.100425061e+002 -1.9403e+000 -2.8635e-001 +6.8709e-001
2634 0 +5.019906533e+000 +2.098799065e+002 +2.098799065e+002 -1.9139e+000 -3.4589e-001 +5.3235e-001
3491 0 +4.199500601e+000 +2.090595006e+002 +2.090595006e+002 -1.8744e+000 -4.3393e-001 +3.9416e-001
3912 0 +3.072173507e+000 +2.079321735e+002 +2.079321735e+002 -1.8724e+000 -4.3452e-001 +4.1066e-001
5138 0 +1.998138999e+000 +2.068581390e+002 +2.068581390e+002 -1.8347e+000 -5.0734e-001 +3.2507e-001
6788 0 +1.876254617e+000 +2.067362546e+002 +2.067362546e+002 -1.8361e+000 -5.0585e-001 +3.1916e-001
6922 0 +1.831479554e+000 +2.066914796e+002 +2.066914796e+002 -1.8390e+000 -5.0497e-001 +3.1105e-001
7688 0 +1.364305370e+000 +2.062243054e+002 +2.062243054e+002 -1.8336e+000 -5.1439e-001 +3.1061e-001
8799 0 +5.108354251e-001 +2.053708354e+002 +2.053708354e+002 -1.8412e+000 -5.1220e-001 +3.1400e-001
% f evaluations | g evaluations | best noise-free fitness - Fopt (1.154900000000e+002) + sum g_i+ | measured fitness | best measured fitness or single-digit g-values | x1 | x2...
1 0 +1.003919608e+003 +1.119409608e+003 +1.119409608e+003 +0.0000e+000 +0.0000e+000 +0.0000e+000
3 0 +8.078836706e+002 +9.233736706e+002 +9.233736706e+002 +4.2230e+000 -4.6506e+000 +3.2157e-001
4 0 +7.735720664e+002 +8.890620664e+002 +8.890620664e+002 -2.9924e+000 -4.6955e+000 -1.9148e+000
6 0 +5.311605406e+002 +6.466505406e+002 +6.466505406e+002 -1.9906e+000 -4.7968e+000 +2.7780e+000
17 0 +3.343783541e+002 +4.498683541e+002 +4.498683541e+002 -1.3267e+000 -2.2281e+000 +1.3790e+000
22 0 +2.611633363e+002 +3.766533363e+002 +3.766533363e+002 -3.1778e+000 -1.7030e+000 +4.0117e+000
31 0 +1.616141067e+002 +2.771041067e+002 +2.771041067e+002 -3.5061e+000 -1.7175e-001 +3.6214e+000
36 0 +1.435889732e+002 +2.590789732e+002 +2.590789732e+002 -3.6747e+000 -2.1661e-001 +3.4719e+000
57 0 +7.022288916e+001 +1.857128892e+002 +1.857128892e+002 -3.7163e-001 -2.8811e+000 +3.1274e+000
420 0 +1.793162353e+001 +1.334216235e+002 +1.334216235e+002 -1.9462e+000 -1.7539e+000 +3.0711e+000
1018 0 +1.022210794e+001 +1.257121079e+002 +1.257121079e+002 -1.9829e+000 -1.7862e+000 +3.0732e+000
1973 0 +1.754879703e+000 +1.172448797e+002 +1.172448797e+002 -1.9050e+000 -1.8904e+000 +3.0420e+000
9527 0 +1.722858126e+000 +1.172128581e+002 +1.172128581e+002 -1.9004e+000 -1.8901e+000 +3.0482e+000
% f evaluations | g evaluations | best noise-free fitness - Fopt (1.950500000000e+002) + sum g_i+ | measured fitness | best measured fitness or single-digit g-values | x1 | x2...
1 0 +3.345695000e+002 +5.296195000e+002 +5.296195000e+002 +0.0000e+000 +0.0000e+000 +0.0000e+000
2 0 +1.489559145e+002 +3.440059145e+002 +3.440059145e+002 +2.7852e+000 +1.1306e+000 -3.3029e+000
227 0 +1.086436767e+002 +3.036936767e+002 +3.036936767e+002 +2.4603e+000 +6.1152e-001 -4.1318e+000
276 0 +6.754757815e+001 +2.625975781e+002 +2.625975781e+002 +2.3594e+000 +6.4973e-001 -3.4636e+000
379 0 +3.735794439e+001 +2.324079444e+002 +2.324079444e+002 +1.8934e+000 +3.5282e-001 -3.3891e+000
511 0 +1.168421328e+001 +2.067342133e+002 +2.067342133e+002 +2.2133e+000 +2.8051e-001 -3.6726e+000
717 0 +1.084707343e+001 +2.058970734e+002 +2.058970734e+002 +2.2169e+000 +2.9688e-001 -3.6311e+000
4758 0 +9.024372492e+000 +2.040743725e+002 +2.040743725e+002 +2.2905e+000 +3.0052e-001 -3.6972e+000
6284 0 +7.589423956e+000 +2.026394240e+002 +2.026394240e+002 +2.2566e+000 +2.8031e-001 -3.6921e+000
% f evaluations | g evaluations | best noise-free fitness - Fopt (-2.144800000000e+002) + sum g_i+ | measured fitness | best measured fitness or single-digit g-values | x1 | x2...
1 0 +6.021721676e+002 +3.876921676e+002 +3.876921676e+002 +0.0000e+000 +0.0000e+000 +0.0000e+000
6 0 +4.095816390e+002 +1.951016390e+002 +1.951016390e+002 +2.2576e+000 +3.4210e+000 +3.3760e+000
8 0 +1.530275796e+002 -6.145242038e+001 -6.145242038e+001 +2.2234e-002 +3.5547e+000 +2.2578e+000
28 0 +1.151380412e+002 -9.934195879e+001 -9.934195879e+001 -2.7440e+000 +2.1434e+000 -1.2909e+000
273 0 +1.432738955e+001 -2.001526105e+002 -2.001526105e+002 -3.0249e+000 +2.5077e+000 -8.6704e-001
3816 0 +1.410817142e+001 -2.003718286e+002 -2.003718286e+002 -2.9887e+000 +2.5431e+000 -8.1543e-001
5900 0 +1.367801541e+001 -2.008019846e+002 -2.008019846e+002 -2.9644e+000 +2.5485e+000 -8.1270e-001
6112 0 +1.343688369e+001 -2.010431163e+002 -2.010431163e+002 -3.0200e+000 +2.5070e+000 -8.6768e-001
6400 0 +1.218849865e+001 -2.022915014e+002 -2.022915014e+002 -2.9741e+000 +2.5246e+000 -8.3472e-001
9672 0 +1.130098971e+001 -2.031790103e+002 -2.031790103e+002 -2.9917e+000 +2.5160e+000 -8.4811e-001
% f evaluations | g evaluations | best noise-free fitness - Fopt (-4.590000000000e+001) + sum g_i+ | measured fitness | best measured fitness or single-digit g-values | x1 | x2...
1 0 +2.774102835e+002 +2.315102835e+002 +2.315102835e+002 +0.0000e+000 +0.0000e+000 +0.0000e+000
4 0 +2.665863507e+002 +2.206863507e+002 +2.206863507e+002 -3.7103e+000 -7.2719e-001 +1.9458e-001
24 0 +1.342825315e+002 +8.838253151e+001 +8.838253151e+001 +3.3721e-001 -1.9782e+000 -8.4268e-001
206 0 +1.195237465e+002 +7.362374647e+001 +7.362374647e+001 +6.3924e-001 -1.4255e+000 +5.4734e-001
215 0 +6.148797936e+001 +1.558797936e+001 +1.558797936e+001 -1.1344e+000 -1.5237e+000 +5.8724e-001
398 0 +5.369645234e+000 -4.053035477e+001 -4.053035477e+001 +6.0196e-001 -1.6626e+000 -1.3268e-001
898 0 +4.933893716e+000 -4.096610628e+001 -4.096610628e+001 +5.4323e-001 -1.6834e+000 -1.2915e-001
1797 0 +3.044646252e+000 -4.285535375e+001 -4.285535375e+001 +5.2551e-001 -1.6740e+000 -1.2929e-001
3735 0 +2.219380967e+000 -4.368061903e+001 -4.368061903e+001 +5.1562e-001 -1.6684e+000 -1.4287e-001
3760 0 +1.584095018e+000 -4.431590498e+001 -4.431590498e+001 +5.3202e-001 -1.6667e+000 -1.3639e-001
9670 0 +1.513349874e+000 -4.438665013e+001 -4.438665013e+001 +5.3258e-001 -1.6649e+000 -1.3718e-001
