% f evaluations | g evaluations | best noise-free fitness - Fopt (2.997000000000e+001) + sum g_i+ | measured fitness | best measured fitness or single-digit g-values | x1 | x2...
1 0 +3.715498553e+002 +4.015198553e+002 +4.015198553e+002 +0.0000e+000 +0.0000e+000
3 0 +1.352359783e+002 +1.652059783e+002 +1.652059783e+002 +6.0149e-001 -9.0452e-001
21 0 +5.797652706e+001 +8.794652706e+001 +8.794652706e+001 +2.5898e+000 +3.9787e+000
22 0 +3.526992389e+001 +6.523992389e+001 +6.523992389e+001 +6.8837e-002 -4.6005e+000
46 0 +2.124390035e+001 +5.121390035e+001 +5.121390035e+001 +1.5877e+000 +7.6376e-001
83 0 +6.629996524e+000 +3.659999652e+001 +3.659999652e+001 +1.4345e+000 +1.3577e-001
597 0 +1.837840857e+000 +3.180784086e+001 +3.180784086e+001 +1.0785e+000 -1.0260e+000
2433 0 +1.685797012e+000 +3.165579701e+001 +3.165579701e+001 +1.1113e+000 -9.4393e-001
4240 0 +1.526039176e+000 +3.149603918e+001 +3.149603918e+001 +1.1166e+000 -9.0911e-001
4587 0 +1.293245160e+000 +3.126324516e+001 +3.126324516e+001 +1.1155e+000 -9.1541e-001
4649 0 +1.214932674e+000 +3.118493267e+001 +3.118493267e+001 +1.1044e+000 -9.5146e-001
5170 0 +6.562655269e-001 +3.062626553e+001 +3.062626553e+001 +1.0517e+000 -1.1255e+000
5949 0 +6.175049265e-001 +3.058750493e+001 +3.058750493e+001 +1.0251e+000 -1.2108e+000
6549 0 +4.441897524e-001 +3.041418975e+001 +3.041418975e+001 +1.0298e+000 -1.1980e+000
% f evaluations | g evaluations | best noise-free fitness - Fopt (-5.171000000000e+001) + sum g_i+ | measured fitness | best measured fitness or single-digit g-values | x1 | x2...
1 0 +8.787843953e+001 +3.616843953e+001 +3.616843953e+001 +0.0000e+000 +0.0000e+000
37 0 +2.072426951e+001 -3.098573049e+001 -3.098573049e+001 +4.0469e+000 +4.7332e+000
339 0 +8.427366910e+000 -4.328263309e+001 -4.328263309e+001 +1.7865e+000 +2.1869e+000
748 0 +4.882116829e+000 -4.682788317e+001 -4.682788317e+001 +3.0117e+000 +3.5597e+000
1154 0 +4.566542032e+000 -4.714345797e+001 -4.714345797e+001 +3.3152e+000 +3.9384e+000
1191 0 +2.746088097e+000 -4.896391190e+001 -4.896391190e+001 +2.8743e+000 +3.4573e+000
1262 0 +8.481970288e-001 -5.086180297e+001 -5.086180297e+001 +2.3490e+000 +2.8419e+000
3918 0 +5.133695694e-001 -5.119663043e+001 -5.119663043e+001 +2.5401e+000 +3.0561e+000
4100 0 +2.024646809e-001 -5.150753532e+001 -5.150753532e+001 +2.5113e+000 +3.0292e+000
5718 0 +1.687166301e-001 -5.154128337e+001 -5.154128337e+001 +2.5337e+000 +3.0522e+000
% f evaluations | g evaluations | best noise-free fitness - Fopt (-2.799500000000e+002) + sum g_i+ | measured fitness | best measured fitness or single-digit g-values | x1 | x2...
1 0 +5.395532116e+002 +2.596032116e+002 +2.596032116e+002 +0.0000e+000 +0.0000e+000
4 0 +2.767860595e+002 -3.163940499e+000 -3.163940499e+000 -4.7449e+000 -3.0451e+000
5 0 +2.726788120e+002 -7.271187975e+000 -7.271187975e+000 -3.1829e+000 -2.4523e+000
7 0 +1.700644890e+002 -1.098855110e+002 -1.098855110e+002 -1.6135e+000 -4.0082e+000
10 0 +2.592019053e+001 -2.540298095e+002 -2.540298095e+002 -4.1815e+000 -4.0361e+000
406 0 +2.378922609e+001 -2.561607739e+002 -2.561607739e+002 -6.5075e+000 -5.0000e+000
533 0 +2.274996366e+001 -2.572000363e+002 -2.572000363e+002 -6.5662e+000 -5.0000e+000
673 0 +2.024820892e+001 -2.597017911e+002 -2.597017911e+002 -6.4476e+000 -4.9644e+000
1027 0 +1.306531133e+001 -2.668846887e+002 -2.668846887e+002 -4.4163e+000 -4.1868e+000
1273 0 +4.194338294e+000 -2.757556617e+002 -2.757556617e+002 -2.6956e+000 -3.6227e+000
1418 0 +1.253878981e+000 -2.786961210e+002 -2.786961210e+002 -2.9852e+000 -3.7346e+000
2475 0 +1.028341377e+000 -2.789216586e+002 -2.789216586e+002 -3.3552e+000 -3.8627e+000
3049 0 +1.021794859e+000 -2.789282051e+002 -2.789282051e+002 -3.2648e+000 -3.8385e+000
4283 0 +4.678284111e-001 -2.794821716e+002 -2.794821716e+002 -3.2792e+000 -3.8410e+000
5636 0 +3.666323020e-001 -2.795833677e+002 -2.795833677e+002 -3.2984e+000 -3.8474e+000
5926 0 +2.335444717e-001 -2.797164555e+002 -2.797164555e+002 -3.3483e+000 -3.8648e+000
% f evaluations | g evaluations | best noise-free fitness - Fopt (9.319900000000e+002) + sum g_i+ | measured fitness | best measured fitness or single-digit g-values | x1 | x2...
1 0 +2.054759652e+002 +1.137465965e+003 +1.137465965e+003 +0.0000e+000 +0.0000e+000
9 0 +1.993810033e+002 +1.131371003e+003 +1.131371003e+003 -8.5186e-001 +5.7985e-001
10 0 +1.679224358e+002 +1.099912436e+003 +1.099912436e+003 +1.1354e+000 +2.2903e+000
13 0 +1.000800935e+002 +1.032070094e+003 +1.032070094e+003 +3.9442e+000 +1.9527e-001
27 0 +4.885039862e+001 +9.808403986e+002 +9.808403986e+002 +3.9658e+000 -1.8783e-001
59 0 +2.551216022e+001 +9.575021602e+002 +9.575021602e+002 +2.4802e+000 +5.3113e-001
294 0 +2.220526985e+001 +9.541952698e+002 +9.541952698e+002 +8.5115e-001 +1.2559e+000
315 0 +1.388837417e+001 +9.458783742e+002 +9.458783742e+002 +1.3485e+000 +9.8836e-001
471 0 +6.873439766e+000 +9.388634398e+002 +9.388634398e+002 +7.7871e-001 +1.1600e+000
527 0 +1.159677293e+000 +9.331496773e+002 +9.331496773e+002 +1.3395e+000 +8.9188e-001
754 0 +5.410040183e-001 +9.325310040e+002 +9.325310040e+002 +1.0568e+000 +1.0022e+000
2960 0 +2.401623919e-001 +9.322301624e+002 +9.322301624e+002 +1.1475e+000 +9.6400e-001
3423 0 +1.587525563e-001 +9.321487526e+002 +9.321487526e+002 +1.2827e+000 +9.0571e-001
6756 0 +4.776197901e-002 +9.320377620e+002 +9.320377620e+002 +1.2581e+000 +9.1718e-001
% f evaluations | g evaluations | best noise-free fitness - Fopt (1.133100000000e+002) + sum g_i+ | measured fitness | best measured fitness or single-digit g-values | x1 | x2...
1 0 +6.153732223e+002 +7.286832223e+002 +7.286832223e+002 +0.0000e+000 +0.0000e+000
3 0 +2.887505313e+002 +4.020605313e+002 +4.020605313e+002 -1.2052e+000 +3.1380e+000
10 0 +1.231625516e+002 +2.364725516e+002 +2.364725516e+002 -2.9752e+000 +1.1828e+000
26 0 +7.191819193e+001 +1.852281919e+002 +1.852281919e+002 +2.9009e+000 +3.1276e+000
38 0 +2.689187620e+001 +1.402018762e+002 +1.402018762e+002 +3.0085e+000 +3.5497e+000
526 0 +1.941510007e+001 +1.327251001e+002 +1.327251001e+002 +2.6037e+000 +3.3929e+000
603 0 +1.068870930e+001 +1.239987093e+002 +1.239987093e+002 -6.1209e-002 +2.4736e+000
815 0 +1.015315059e+001 +1.234631506e+002 +1.234631506e+002 +2.5829e+000 +3.2695e+000
921 0 +7.840297591e+000 +1.211502976e+002 +1.211502976e+002 +3.1804e+000 +3.5250e+000
1117 0 +4.410272711e+000 +1.177202727e+002 +1.177202727e+002 +3.1990e+000 +3.5167e+000
1451 0 +1.675203498e+000 +1.149852035e+002 +1.149852035e+002 +2.7539e+000 +3.3679e+000
3654 0 +1.657764241e+000 +1.149677642e+002 +1.149677642e+002 +2.7748e+000 +3.3664e+000
3784 0 +1.561015616e+000 +1.148710156e+002 +1.148710156e+002 +1.7437e+000 +3.0455e+000
4006 0 +9.057706942e-001 +1.142157707e+002 +1.142157707e+002 +2.2689e+000 +3.2120e+000
4406 0 +4.561368408e-002 +1.133556137e+002 +1.133556137e+002 +2.3013e+000 +3.2188e+000
% f evaluations | g evaluations | best noise-free fitness - Fopt (2.849000000000e+001) + sum g_i+ | measured fitness | best measured fitness or single-digit g-values | x1 | x2...
1 0 +3.356594126e+002 +3.641494126e+002 +3.641494126e+002 +0.0000e+000 +0.0000e+000
8 0 +1.345077833e+002 +1.629977833e+002 +1.629977833e+002 -2.0254e+000 +1.0878e+000
17 0 +7.980822780e+001 +1.082982278e+002 +1.082982278e+002 -2.4705e+000 +4.2844e+000
41 0 +4.132228345e+001 +6.981228345e+001 +6.981228345e+001 -1.0996e+000 +6.2061e-002
90 0 +1.660917977e+001 +4.509917977e+001 +4.509917977e+001 -7.2114e-001 -1.3652e+000
94 0 +1.009344640e+001 +3.858344640e+001 +3.858344640e+001 -1.3736e+000 +5.3250e-001
112 0 +9.243137540e+000 +3.773313754e+001 +3.773313754e+001 -2.8138e-001 -2.8551e+000
393 0 +8.675993163e+000 +3.716599316e+001 +3.716599316e+001 -3.4137e-001 -2.8448e+000
775 0 +3.202079346e+000 +3.169207935e+001 +3.169207935e+001 -3.6488e-001 -2.6570e+000
1456 0 +1.193690250e+000 +2.968369025e+001 +2.968369025e+001 -3.4965e-001 -2.7313e+000
3388 0 +1.033227393e+000 +2.952322739e+001 +2.952322739e+001 -4.1991e-001 -2.5154e+000
4318 0 +5.319962017e-001 +2.902199620e+001 +2.902199620e+001 -4.8404e-001 -2.3044e+000
5078 0 +2.469275440e-001 +2.873692754e+001 +2.873692754e+001 -5.0378e-001 -2.2453e+000
5794 0 +1.825654469e-001 +2.867256545e+001 +2.867256545e+001 -5.8246e-001 -1.9977e+000
% f evaluations | g evaluations | best noise-free fitness - Fopt (-7.405800000000e+002) + sum g_i+ | measured fitness | best measured fitness or single-digit g-values | x1 | x2...
1 0 +3.202022222e+002 -4.203777778e+002 -4.203777778e+002 +0.0000e+000 +0.0000e+000
6 0 +1.389550434e+002 -6.016249566e+002 -6.016249566e+002 +7.6633e-001 -1.3812e+000
16 0 +1.354504851e+002 -6.051295149e+002 -6.051295149e+002 -4.3464e+000 +2.4681e+000
29 0 +5.985375063e+001 -6.807262494e+002 -6.807262494e+002 -4.3722e+000 +2.1583e+000
83 0 +3.103712783e+001 -7.095428722e+002 -7.095428722e+002 +1.6882e+000 -2.6597e+000
174 0 +2.287145776e+001 -7.177085422e+002 -7.177085422e+002 -2.0536e+000 +1.0614e-001
264 0 +1.050086209e+001 -7.300791379e+002 -7.300791379e+002 -6.1403e-001 -9.1763e-001
779 0 +1.019488946e+001 -7.303851105e+002 -7.303851105e+002 -6.3872e-001 -8.3013e-001
1241 0 +7.516060082e+000 -7.330639399e+002 -7.330639399e+002 -2.0456e+000 +1.6617e-001
1270 0 +6.511508474e+000 -7.340684915e+002 -7.340684915e+002 -3.7795e-001 -1.0479e+000
1723 0 +1.701709833e+000 -7.388782902e+002 -7.388782902e+002 -1.2165e+000 -4.3303e-001
2741 0 +6.410496672e-001 -7.399389503e+002 -7.399389503e+002 -2.1122e+000 +2.4633e-001
5441 0 +2.272384500e-001 -7.403527615e+002 -7.403527615e+002 -2.1001e+000 +2.3889e-001
% f evaluations | g evaluations | best noise-free fitness - Fopt (-5.177000000000e+001) + sum g_i+ | measured fitness | best measured fitness or single-digit g-values | x1 | x2...
1 0 +3.606311853e+002 +3.088611853e+002 +3.088611853e+002 +0.0000e+000 +0.0000e+000
6 0 +7.254439590e+001 +2.077439590e+001 +2.077439590e+001 -4.2832e+000 +1.8027e+000
9 0 +1.919716701e+001 -3.257283299e+001 -3.257283299e+001 -2.8731e-001 +1.9369e+000
140 0 +4.156908283e+000 -4.761309172e+001 -4.761309172e+001 -2.7761e+000 +1.6179e+000
325 0 +3.414363824e+000 -4.835563618e+001 -4.835563618e+001 -2.9723e+000 +1.6235e+000
1939 0 +1.959819265e+000 -4.981018073e+001 -4.981018073e+001 -2.9634e+000 +1.6080e+000
2105 0 +1.364540094e+000 -5.040545991e+001 -5.040545991e+001 -2.8515e+000 +1.6305e+000
3181 0 +1.071878530e+000 -5.069812147e+001 -5.069812147e+001 -2.8763e+000 +1.6250e+000
3615 0 +1.018470810e+000 -5.075152919e+001 -5.075152919e+001 -2.8828e+000 +1.6237e+000
5949 0 +6.498111426e-001 -5.112018886e+001 -5.112018886e+001 -2.0181e+000 +1.7381e+000
7282 0 +3.712202836e-001 -5.139877972e+001 -5.139877972e+001 -2.0262e+000 +1.7385e+000
7432 0 +1.768744598e-001 -5.159312554e+001 -5.159312554e+001 -2.2529e+000 +1.7091e+000
8359 0 +1.664853154e-001 -5.160351468e+001 -5.160351468e+001 -2.5684e+000 +1.6655e+000
% f evaluations | g evaluations | best noise-free fitness - Fopt (-2.229800000000e+002) + sum g_i+ | measured fitness | best measured fitness or single-digit g-values | x1 | x2...
1 0 +1.669401275e+002 -5.603987251e+001 -5.603987251e+001 +0.0000e+000 +0.0000e+000
3 0 +6.359964002e+000 -2.166200360e+002 -2.166200360e+002 +3.2911e+000 +1.9545e-001
667 0 +3.752740979e+000 -2.192272590e+002 -2.192272590e+002 +3.0357e+000 +6.5482e-002
1341 0 +1.905813142e+000 -2.210741869e+002 -2.210741869e+002 +3.3831e+000 +1.8121e-001
1534 0 +1.250112858e+000 -2.217298871e+002 -2.217298871e+002 +3.5403e+000 +2.1149e-001
2136 0 +1.040458155e+000 -2.219395418e+002 -2.219395418e+002 +3.4158e+000 +1.8175e-001
3492 0 +7.339441840e-001 -2.222460558e+002 -2.222460558e+002 +3.4233e+000 +1.6896e-001
3692 0 +3.177165374e-001 -2.226622835e+002 -2.226622835e+002 +3.4160e+000 +1.7078e-001
5257 0 +1.808028840e-001 -2.227991971e+002 -2.227991971e+002 +3.4266e+000 +1.7428e-001
6711 0 +9.128265219e-002 -2.228887173e+002 -2.228887173e+002 +3.4178e+000 +1.7440e-001
8525 0 +7.112236699e-002 -2.229088776e+002 -2.229088776e+002 +3.4070e+000 +1.7171e-001
9066 0 +4.817266636e-002 -2.229318273e+002 -2.229318273e+002 +3.4238e+000 +1.7542e-001
% f evaluations | g evaluations | best noise-free fitness - Fopt (5.860000000000e+000) + sum g_i+ | measured fitness | best measured fitness or single-digit g-values | x1 | x2...
1 0 +5.889704843e+002 +5.948304843e+002 +5.948304843e+002 +0.0000e+000 +0.0000e+000
4 0 +1.052870792e+002 +1.111470792e+002 +1.111470792e+002 -3.0900e+000 +1.7397e+000
23 0 +8.447773742e+001 +9.033773742e+001 +9.033773742e+001 -3.8628e+000 +4.6092e+000
56 0 +7.414299569e+001 +8.000299569e+001 +8.000299569e+001 -2.9520e+000 -1.1798e+000
83 0 +1.640198376e+001 +2.226198376e+001 +2.226198376e+001 -3.9710e+000 +3.5858e+000
601 0 +8.983648473e+000 +1.484364847e+001 +1.484364847e+001 -3.4948e+000 +5.5885e-001
760 0 +4.806478677e+000 +1.066647868e+001 +1.066647868e+001 -3.7060e+000 +1.9171e+000
970 0 +3.221457493e+000 +9.081457493e+000 +9.081457493e+000 -3.7368e+000 +1.8269e+000
1968 0 +1.887298830e+000 +7.747298830e+000 +7.747298830e+000 -3.7590e+000 +2.0001e+000
2540 0 +1.808042635e+000 +7.668042635e+000 +7.668042635e+000 -3.7120e+000 +1.8460e+000
2772 0 +2.675082370e-001 +6.127508237e+000 +6.127508237e+000 -3.7582e+000 +2.0517e+000
4270 0 +1.374559773e-001 +5.997455977e+000 +5.997455977e+000 -3.7410e+000 +1.9633e+000
5936 0 +3.027564114e-002 +5.890275641e+000 +5.890275641e+000 -3.7421e+000 +1.9646e+000
% f evaluations | g evaluations | best noise-free fitness - Fopt (2.048600000000e+002) + sum g_i+ | measured fitness | best measured fitness or single-digit g-values | x1 | x2...
1 0 +4.922389930e+002 +6.970989930e+002 +6.970989930e+002 +0.0000e+000 +0.0000e+000
2 0 +6.000574425e+001 +2.648657443e+002 +2.648657443e+002 -1.0104e+000 +4.8243e+000
4 0 +1.102897909e+001 +2.158889791e+002 +2.158889791e+002 -1.6636e+000 -1.0199e-001
31 0 +9.695327537e+000 +2.145553275e+002 +2.145553275e+002 -1.5388e+000 +1.0256e+000
642 0 +7.513262027e+000 +2.123732620e+002 +2.123732620e+002 -1.6491e+000 +1.2311e-001
755 0 +5.602512834e+000 +2.104625128e+002 +2.104625128e+002 -1.9797e+000 -2.2810e+000
795 0 +2.789955334e+000 +2.076499553e+002 +2.076499553e+002 -1.6676e+000 +2.1670e-001
2129 0 +1.673754560e+000 +2.065337546e+002 +2.065337546e+002 -1.8719e+000 -1.5016e+000
2918 0 +3.127211337e-001 +2.051727211e+002 +2.051727211e+002 -1.7213e+000 -2.6486e-001
8458 0 +1.829423338e-001 +2.050429423e+002 +2.050429423e+002 -1.7282e+000 -3.2278e-001
% f evaluations | g evaluations | best noise-free fitness - Fopt (1.154900000000e+002) + sum g_i+ | measured fitness | best measured fitness or single-digit g-values | x1 | x2...
1 0 +3.069623969e+002 +4.224523969e+002 +4.224523969e+002 +0.0000e+000 +0.0000e+000
2 0 +2.506831806e+002 +3.661731806e+002 +3.661731806e+002 -2.5999e+000 +4.3237e+000
6 0 +8.949648341e+001 +2.049864834e+002 +2.049864834e+002 -3.0733e+000 -3.7529e-001
46 0 +5.829512560e+001 +1.737851256e+002 +1.737851256e+002 -2.4332e+000 -4.2217e+000
93 0 +4.321119444e+001 +1.587011944e+002 +1.587011944e+002 -2.0737e+000 -1.7773e+000
214 0 +4.063350638e+001 +1.561235064e+002 +1.561235064e+002 -2.5981e+000 -3.0799e+000
217 0 +1.753837561e+001 +1.330283756e+002 +1.330283756e+002 -2.4674e+000 -2.6702e+000
653 0 +1.387799764e+001 +1.293679976e+002 +1.293679976e+002 -2.5347e+000 -6.4572e-001
797 0 +9.482470228e+000 +1.249724702e+002 +1.249724702e+002 -2.3626e+000 -1.4431e+000
901 0 +7.175285415e+000 +1.226652854e+002 +1.226652854e+002 -2.4975e+000 -1.1979e+000
939 0 +3.985842969e+000 +1.194758430e+002 +1.194758430e+002 -2.4711e+000 -1.0051e+000
2252 0 +2.576674260e+000 +1.180666743e+002 +1.180666743e+002 -2.4212e+000 -1.4278e+000
2722 0 +2.492040652e+000 +1.179820407e+002 +1.179820407e+002 -2.4602e+000 -1.2352e+000
2845 0 +1.007558168e+000 +1.164975582e+002 +1.164975582e+002 -2.4468e+000 -1.3516e+000
4160 0 +6.373285933e-001 +1.161273286e+002 +1.161273286e+002 -2.4315e+000 -1.5059e+000
4245 0 +4.766244296e-001 +1.159666244e+002 +1.159666244e+002 -2.4402e+000 -1.4416e+000
4560 0 +3.258735605e-001 +1.158158736e+002 +1.158158736e+002 -2.4380e+000 -1.4719e+000
9708 0 +2.793707787e-001 +1.157693708e+002 +1.157693708e+002 -2.4354e+000 -1.5346e+000
% f evaluations | g evaluations | best noise-free fitness - Fopt (1.950500000000e+002) + sum g_i+ | measured fitness | best measured fitness or single-digit g-values | x1 | x2...
1 0 +1.870699115e+002 +3.821199115e+002 +3.821199115e+002 +0.0000e+000 +0.0000e+000
11 0 +7.425066257e+001 +2.693006626e+002 +2.693006626e+002 +3.2962e-001 -3.0808e+000
22 0 +4.142891267e+001 +2.364789127e+002 +2.364789127e+002 +1.0632e+000 +1.7528e-001
35 0 +2.121192314e+001 +2.162619231e+002 +2.162619231e+002 +6.2224e-001 -2.7719e+000
212 0 +5.507350736e+000 +2.005573507e+002 +2.005573507e+002 +8.1598e-001 -6.6884e-001
519 0 +2.977918816e+000 +1.980279188e+002 +1.980279188e+002 +8.3303e-001 -3.8858e-001
2193 0 +1.166818601e+000 +1.962168186e+002 +1.962168186e+002 +9.0170e-001 +4.9131e-001
4577 0 +5.682157015e-001 +1.956182157e+002 +1.956182157e+002 +8.1923e-001 -4.1314e-001
5752 0 +4.646272017e-001 +1.955146272e+002 +1.955146272e+002 +8.5712e-001 -1.9328e-002
8508 0 +7.170671121e-002 +1.951217067e+002 +1.951217067e+002 +8.5266e-001 -4.1069e-002
% f evaluations | g evaluations | best noise-free fitness - Fopt (-2.144800000000e+002) + sum g_i+ | measured fitness | best measured fitness or single-digit g-values | x1 | x2...
1 0 +3.673824357e+002 +1.529024357e+002 +1.529024357e+002 +0.0000e+000 +0.0000e+000
3 0 +2.329947061e+002 +1.851470609e+001 +1.851470609e+001 +4.8102e+000 -4.0826e+000
12 0 +1.444865804e+002 -6.999341958e+001 -6.999341958e+001 +8.2757e-002 +9.3080e-001
30 0 +6.285898235e+001 -1.516210176e+002 -1.516210176e+002 +6.1437e-001 +7.6137e-001
63 0 +3.113042722e+001 -1.833495728e+002 -1.833495728e+002 +9.2787e-001 +7.3698e-001
68 0 +1.196202484e+001 -2.025179752e+002 -2.025179752e+002 -1.4585e+000 +3.2701e+000
230 0 +5.208995479e-001 -2.139591005e+002 -2.139591005e+002 -1.4233e+000 +3.1739e+000
4858 0 +3.396879788e-001 -2.141403120e+002 -2.141403120e+002 -1.4435e+000 +3.1963e+000
6884 0 +3.004454214e-001 -2.141795546e+002 -2.141795546e+002 -1.4570e+000 +3.2127e+000
7858 0 +2.677302084e-001 -2.142122698e+002 -2.142122698e+002 -1.4386e+000 +3.1927e+000
8476 0 +1.868733477e-001 -2.142931267e+002 -2.142931267e+002 -1.4628e+000 +3.2183e+000
% f evaluations | g evaluations | best noise-free fitness - Fopt (-4.590000000000e+001) + sum g_i+ | measured fitness | best measured fitness or single-digit g-values | x1 | x2...
1 0 +3.351869082e+002 +2.892869082e+002 +2.892869082e+002 +0.0000e+000 +0.0000e+000
7 0 +3.257306577e+002 +2.798306577e+002 +2.798306577e+002 +1.7671e+000 -2.4409e-001
9 0 +1.364809357e+002 +9.058093574e+001 +9.058093574e+001 -1.0858e+000 -2.2721e+000
10 0 +8.772712584e+001 +4.182712584e+001 +4.182712584e+001 -2.5018e+000 -1.8935e+000
32 0 +7.799817858e+001 +3.209817858e+001 +3.209817858e+001 +3.1019e-001 -1.2866e+000
43 0 +7.437774692e+001 +2.847774692e+001 +2.847774692e+001 -2.7598e+000 -1.8011e+000
54 0 +6.845737311e+001 +2.255737311e+001 +2.255737311e+001 -3.2641e+000 -1.3011e+000
89 0 +5.584495849e+001 +9.944958493e+000 +9.944958493e+000 -4.2445e+000 -1.4449e+000
258 0 +4.001196263e+001 -5.888037372e+000 -5.888037372e+000 -3.3194e+000 -1.4685e+000
326 0 +2.553213409e+001 -2.036786591e+001 -2.036786591e+001 +2.0789e+000 -1.6851e+000
396 0 +1.605372128e+001 -2.984627872e+001 -2.984627872e+001 -1.3847e+000 -1.6611e+000
439 0 +1.219311890e+001 -3.370688110e+001 -3.370688110e+001 +7.4603e-001 -1.6440e+000
452 0 +9.820218821e+000 -3.607978118e+001 -3.607978118e+001 +4.9393e-001 -1.7364e+000
855 0 +6.746810863e+000 -3.915318914e+001 -3.915318914e+001 +8.9753e-001 -1.6810e+000
948 0 +3.189516067e+000 -4.271048393e+001 -4.271048393e+001 +4.1484e-001 -1.6993e+000
1085 0 +3.028499130e-001 -4.559715009e+001 -4.559715009e+001 +2.8144e-001 -1.6782e+000
3884 0 +2.083377676e-001 -4.569166223e+001 -4.569166223e+001 +2.8252e-001 -1.6788e+000
5084 0 +1.928429978e-001 -4.570715700e+001 -4.570715700e+001 +2.8359e-001 -1.6793e+000
5155 0 +1.668416574e-001 -4.573315834e+001 -4.573315834e+001 +2.5591e-001 -1.6781e+000
5584 0 +1.446335113e-001 -4.575536649e+001 -4.575536649e+001 +2.5129e-001 -1.6776e+000
10040 0 +1.384692879e-001 -4.576153071e+001 -4.576153071e+001 +1.6744e-001 -1.6737e+000
