% f evaluations | g evaluations | best noise-free fitness - Fopt (1.491500000000e+002) + sum g_i+ | measured fitness | best measured fitness or single-digit g-values | x1 | x2...
1 0 +6.626101642e+000 +1.557761016e+002 +1.557761016e+002 +0.0000e+000 +0.0000e+000
61 0 +6.437142314e+000 +1.555871423e+002 +1.555871423e+002 -5.6247e-001 -8.7943e-001
69 0 +3.582711364e-001 +1.495082711e+002 +1.495082711e+002 -4.5157e-001 -9.6157e-001
293 0 +1.532823174e-001 +1.493032823e+002 +1.493032823e+002 +7.9278e-002 -1.2053e-001
544 0 +5.167049333e-002 +1.492016705e+002 +1.492016705e+002 -1.6001e-002 -3.1326e-001
641 0 +4.538761124e-002 +1.491953876e+002 +1.491953876e+002 +1.1873e-002 -2.5238e-001
681 0 +3.249565972e-002 +1.491824957e+002 +1.491824957e+002 -1.6009e-001 -5.8424e-001
1343 0 +2.782599086e-002 +1.491778260e+002 +1.491778260e+002 -1.7294e-001 -5.8060e-001
2320 0 +2.413738580e-002 +1.491741374e+002 +1.491741374e+002 -1.7359e-001 -5.8350e-001
3070 0 +1.172816335e-002 +1.491617282e+002 +1.491617282e+002 -1.6187e-001 -5.7463e-001
4032 0 +3.225842879e-003 +1.491532258e+002 +1.491532258e+002 -1.0064e-001 -4.5621e-001
4734 0 +2.027864499e-003 +1.491520279e+002 +1.491520279e+002 -9.9765e-002 -4.5730e-001
5042 0 +8.189538744e-004 +1.491508190e+002 +1.491508190e+002 -7.4276e-002 -4.0646e-001
5534 0 +2.170371919e-004 +1.491502170e+002 +1.491502170e+002 -6.3346e-002 -3.8580e-001
6634 0 +1.489834902e-004 +1.491501490e+002 +1.491501490e+002 -6.1312e-002 -3.8193e-001
6834 0 +3.520506613e-005 +1.491500352e+002 +1.491500352e+002 -5.6152e-002 -3.7212e-001
8334 0 +1.259528872e-005 +1.491500126e+002 +1.491500126e+002 -5.3223e-002 -3.6655e-001
% f evaluations | g evaluations | best noise-free fitness - Fopt (-1.000000000000e+003) + sum g_i+ | measured fitness | best measured fitness or single-digit g-values | x1 | x2...
1 0 +2.246386374e+004 +2.146386374e+004 +2.146386374e+004 +0.0000e+000 +0.0000e+000
5 0 +3.826618804e+003 +2.826618804e+003 +2.826618804e+003 -2.0032e+000 -2.6048e+000
6 0 +1.318857570e+003 +3.188575700e+002 +3.188575700e+002 -4.4213e+000 -3.1231e+000
9 0 +9.390247055e+002 -6.097529452e+001 -6.097529452e+001 -2.0925e+000 +1.9571e-001
14 0 +8.619335324e+002 -1.380664676e+002 -1.380664676e+002 -1.1780e+000 +4.3757e+000
21 0 +2.421063573e+002 -7.578936427e+002 -7.578936427e+002 -4.5714e+000 +2.2460e+000
38 0 +3.258161642e+001 -9.674183836e+002 -9.674183836e+002 -1.9893e+000 +4.1965e+000
49 0 +1.243103144e+000 -9.987568969e+002 -9.987568969e+002 -2.6542e+000 +1.4924e+000
83 0 +1.183639102e+000 -9.988163609e+002 -9.988163609e+002 -3.0927e+000 +6.4135e-001
147 0 +2.418815722e-001 -9.997581184e+002 -9.997581184e+002 -3.0084e+000 +9.2842e-001
583 0 +1.210225004e-001 -9.998789775e+002 -9.998789775e+002 -3.0036e+000 +9.2101e-001
605 0 +2.289591205e-002 -9.999771041e+002 -9.999771041e+002 -2.9964e+000 +9.0514e-001
1615 0 +1.248977206e-002 -9.999875102e+002 -9.999875102e+002 -2.8296e+000 +1.2031e+000
2391 0 +1.513516279e-003 -9.999984865e+002 -9.999984865e+002 -2.8365e+000 +1.2038e+000
4678 0 +2.264222235e-004 -9.999997736e+002 -9.999997736e+002 -2.8597e+000 +1.1548e+000
% f evaluations | g evaluations | best noise-free fitness - Fopt (9.862000000000e+001) + sum g_i+ | measured fitness | best measured fitness or single-digit g-values | x1 | x2...
1 0 +1.240686796e+002 +2.226886796e+002 +2.226886796e+002 +0.0000e+000 +0.0000e+000
4 0 +4.119676252e+000 +1.027396763e+002 +1.027396763e+002 +2.9331e-001 +2.4266e+000
61 0 +1.282584033e-001 +9.874825840e+001 +9.874825840e+001 -9.3502e-001 -1.4240e+000
821 0 +4.182036504e-002 +9.866182037e+001 +9.866182037e+001 -6.4208e-001 -8.0730e-001
1467 0 +2.972083825e-002 +9.864972084e+001 +9.864972084e+001 -6.3311e-001 -7.7298e-001
2088 0 +2.061246431e-002 +9.864061246e+001 +9.864061246e+001 -7.8240e-001 -1.1159e+000
2133 0 +1.179042841e-002 +9.863179043e+001 +9.863179043e+001 -8.3903e-001 -1.2246e+000
3688 0 +1.138147762e-002 +9.863138148e+001 +9.863138148e+001 -8.6293e-001 -1.2689e+000
4182 0 +8.861526724e-003 +9.862886153e+001 +9.862886153e+001 -7.6703e-001 -1.0614e+000
4582 0 +5.881920380e-003 +9.862588192e+001 +9.862588192e+001 -7.7772e-001 -1.0992e+000
5912 0 +2.735984675e-003 +9.862273598e+001 +9.862273598e+001 -8.5327e-001 -1.2437e+000
6477 0 +1.523340579e-003 +9.862152334e+001 +9.862152334e+001 -8.1582e-001 -1.1727e+000
6698 0 +8.135519922e-004 +9.862081355e+001 +9.862081355e+001 -8.0816e-001 -1.1509e+000
7184 0 +5.169618692e-004 +9.862051696e+001 +9.862051696e+001 -7.9022e-001 -1.1193e+000
8066 0 +3.632136420e-004 +9.862036321e+001 +9.862036321e+001 -7.8901e-001 -1.1162e+000
8151 0 +9.835010404e-005 +9.862009835e+001 +9.862009835e+001 -8.1457e-001 -1.1661e+000
9421 0 +9.733404379e-005 +9.862009733e+001 +9.862009733e+001 -8.1117e-001 -1.1589e+000
% f evaluations | g evaluations | best noise-free fitness - Fopt (-4.715000000000e+001) + sum g_i+ | measured fitness | best measured fitness or single-digit g-values | x1 | x2...
1 0 +2.023435653e-001 -4.694765643e+001 -4.694765643e+001 +0.0000e+000 +0.0000e+000
1606 0 +9.383520191e-003 -4.714061648e+001 -4.714061648e+001 -4.0734e-001 -9.4268e-001
3564 0 +7.813045687e-003 -4.714218695e+001 -4.714218695e+001 -4.1761e-001 -9.6901e-001
5104 0 +2.048012445e-003 -4.714795199e+001 -4.714795199e+001 -3.3390e-001 -8.1211e-001
5364 0 +1.273100051e-003 -4.714872690e+001 -4.714872690e+001 -3.5909e-001 -8.5502e-001
9041 0 +1.124791007e-003 -4.714887521e+001 -4.714887521e+001 -3.2961e-001 -7.9567e-001
9231 0 +4.152401155e-004 -4.714958476e+001 -4.714958476e+001 -3.5037e-001 -8.4065e-001
9621 0 +1.057982227e-004 -4.714989420e+001 -4.714989420e+001 -3.2044e-001 -7.8041e-001
% f evaluations | g evaluations | best noise-free fitness - Fopt (3.752000000000e+001) + sum g_i+ | measured fitness | best measured fitness or single-digit g-values | x1 | x2...
1 0 +6.231518100e+001 +9.983518100e+001 +9.983518100e+001 +0.0000e+000 +0.0000e+000
9 0 +2.337693049e+001 +6.089693049e+001 +6.089693049e+001 +2.8571e+000 -1.5823e+000
24 0 +1.444059276e+000 +3.896405928e+001 +3.896405928e+001 +1.3274e+000 -2.9124e+000
784 0 +9.171223041e-001 +3.843712230e+001 +3.843712230e+001 +1.6563e+000 -2.9887e+000
1181 0 +3.732950773e-001 +3.789329508e+001 +3.789329508e+001 +2.7380e+000 -1.4675e+000
1366 0 +2.278165890e-001 +3.774781659e+001 +3.774781659e+001 +2.5901e+000 -1.8056e+000
1930 0 +1.457236878e-001 +3.766572369e+001 +3.766572369e+001 +2.1316e+000 -2.5444e+000
2529 0 +1.135186605e-001 +3.763351866e+001 +3.763351866e+001 +2.1720e+000 -2.4929e+000
2764 0 +8.232607847e-002 +3.760232608e+001 +3.760232608e+001 +2.2842e+000 -2.3185e+000
3153 0 +5.090042273e-002 +3.757090042e+001 +3.757090042e+001 +2.3003e+000 -2.3004e+000
3232 0 +2.288999040e-002 +3.754288999e+001 +3.754288999e+001 +2.6312e+000 -1.6723e+000
4044 0 +2.116146951e-002 +3.754116147e+001 +3.754116147e+001 +2.5117e+000 -1.9110e+000
5230 0 +1.310233649e-003 +3.752131023e+001 +3.752131023e+001 +2.4539e+000 -2.0404e+000
8966 0 +1.258430377e-003 +3.752125843e+001 +3.752125843e+001 +2.5222e+000 -1.9022e+000
% f evaluations | g evaluations | best noise-free fitness - Fopt (6.740000000000e+000) + sum g_i+ | measured fitness | best measured fitness or single-digit g-values | x1 | x2...
1 0 +4.626381579e+001 +5.300381579e+001 +5.300381579e+001 +0.0000e+000 +0.0000e+000
7 0 +1.117159946e+001 +1.791159946e+001 +1.791159946e+001 -3.9483e-001 +6.6235e-001
64 0 +1.890386529e+000 +8.630386529e+000 +8.630386529e+000 +3.7731e-001 +5.7388e-001
238 0 +1.303136745e-001 +6.870313674e+000 +6.870313674e+000 +1.2981e+000 +1.9552e+000
1338 0 +2.988897014e-002 +6.769888970e+000 +6.769888970e+000 +1.2245e+000 +1.7441e+000
2138 0 +2.140955494e-002 +6.761409555e+000 +6.761409555e+000 +1.2251e+000 +1.7483e+000
2987 0 +6.254748101e-003 +6.746254748e+000 +6.746254748e+000 +1.2175e+000 +1.7518e+000
3766 0 +3.117999959e-003 +6.743118000e+000 +6.743118000e+000 +1.2194e+000 +1.7516e+000
5008 0 +5.839575044e-004 +6.740583958e+000 +6.740583958e+000 +1.1907e+000 +1.6907e+000
% f evaluations | g evaluations | best noise-free fitness - Fopt (-1.897900000000e+002) + sum g_i+ | measured fitness | best measured fitness or single-digit g-values | x1 | x2...
1 0 +1.875450827e+003 +1.685660827e+003 +1.685660827e+003 +0.0000e+000 +0.0000e+000
3 0 +2.767226627e+002 +8.693266269e+001 +8.693266269e+001 -1.0683e+000 +3.4185e+000
15 0 +1.563068170e+002 -3.348318304e+001 -3.348318304e+001 -1.1432e+000 +2.9100e+000
21 0 +1.472972468e+001 -1.750602753e+002 -1.750602753e+002 -3.1327e+000 +2.9469e+000
47 0 +9.190673272e+000 -1.805993267e+002 -1.805993267e+002 -2.5355e+000 +2.1835e+000
56 0 +3.586045106e+000 -1.862039549e+002 -1.862039549e+002 -6.4739e-001 +2.3081e+000
216 0 +1.369738357e+000 -1.884202616e+002 -1.884202616e+002 +1.6351e-001 +5.0000e+000
677 0 +7.261803580e-001 -1.890638196e+002 -1.890638196e+002 -3.8833e-002 +4.1479e+000
1037 0 +6.165213839e-001 -1.891734786e+002 -1.891734786e+002 -3.1539e-001 +3.2663e+000
1163 0 +2.285911115e-001 -1.895614089e+002 -1.895614089e+002 -2.6696e-001 +3.4652e+000
2217 0 +1.368279865e-001 -1.896531720e+002 -1.896531720e+002 -9.0111e-001 +1.9743e+000
2316 0 +2.105556819e-002 -1.897689444e+002 -1.897689444e+002 -5.9440e-001 +2.6167e+000
3016 0 +1.397287026e-002 -1.897760271e+002 -1.897760271e+002 -6.3727e-001 +2.5135e+000
5313 0 +1.294976487e-002 -1.897770502e+002 -1.897770502e+002 -7.9080e-001 +2.1945e+000
5516 0 +2.737973034e-003 -1.897872620e+002 -1.897872620e+002 -6.8688e-001 +2.4126e+000
7928 0 +1.835276003e-004 -1.897898165e+002 -1.897898165e+002 -7.2743e-001 +2.3282e+000
% f evaluations | g evaluations | best noise-free fitness - Fopt (-2.774000000000e+001) + sum g_i+ | measured fitness | best measured fitness or single-digit g-values | x1 | x2...
1 0 +1.076835731e+003 +1.049095731e+003 +1.049095731e+003 +0.0000e+000 +0.0000e+000
3 0 +7.005048466e+002 +6.727648466e+002 +6.727648466e+002 -5.3302e-001 -7.0944e-001
16 0 +5.434603067e+002 +5.157203067e+002 +5.157203067e+002 -2.4701e+000 +3.4777e+000
17 0 +1.235710716e+002 +9.583107156e+001 +9.583107156e+001 -1.5925e+000 -7.2206e-001
51 0 +8.352179835e+001 +5.578179835e+001 +5.578179835e+001 +1.0966e+000 -2.2575e+000
58 0 +4.931068348e+001 +2.157068348e+001 +2.157068348e+001 -1.8565e-001 -2.6736e+000
61 0 +3.562667840e+000 -2.417733216e+001 -2.417733216e+001 -1.0392e+000 -2.9773e+000
399 0 +1.324847081e+000 -2.641515292e+001 -2.641515292e+001 +9.0203e-001 -1.9762e+000
489 0 +1.440680384e-001 -2.759593196e+001 -2.759593196e+001 +4.5969e-001 -2.7300e+000
1195 0 +9.996970762e-002 -2.764003029e+001 -2.764003029e+001 +4.1168e-001 -2.8170e+000
1217 0 +4.111414578e-002 -2.769888585e+001 -2.769888585e+001 +7.7417e-001 -2.1805e+000
2668 0 +2.613725907e-002 -2.771386274e+001 -2.771386274e+001 +7.6533e-001 -2.1702e+000
3005 0 +4.144851621e-003 -2.773585515e+001 -2.773585515e+001 +7.2495e-001 -2.2677e+000
4368 0 +2.172534760e-003 -2.773782747e+001 -2.773782747e+001 +7.1191e-001 -2.2973e+000
6700 0 +2.086166896e-003 -2.773791383e+001 -2.773791383e+001 +7.0522e-001 -2.3093e+000
8505 0 +8.340929319e-004 -2.773916591e+001 -2.773916591e+001 +6.9265e-001 -2.3366e+000
9105 0 +7.980638057e-004 -2.773920194e+001 -2.773920194e+001 +6.9211e-001 -2.3396e+000
9841 0 +7.491737414e-004 -2.773925083e+001 -2.773925083e+001 +6.7968e-001 -2.3617e+000
% f evaluations | g evaluations | best noise-free fitness - Fopt (6.930000000000e+000) + sum g_i+ | measured fitness | best measured fitness or single-digit g-values | x1 | x2...
1 0 +6.699765651e+002 +6.769065651e+002 +6.769065651e+002 +0.0000e+000 +0.0000e+000
2 0 +6.119819694e+002 +6.189119694e+002 +6.189119694e+002 -7.5439e-001 -1.4816e+000
3 0 +2.654928016e+000 +9.584928016e+000 +9.584928016e+000 -2.0065e+000 +8.1241e-001
28 0 +1.914760904e+000 +8.844760904e+000 +8.844760904e+000 -8.9068e-002 +2.4743e+000
270 0 +1.449789719e+000 +8.379789719e+000 +8.379789719e+000 +6.0135e-001 +4.7368e+000
291 0 +5.869979451e-001 +7.516997945e+000 +7.516997945e+000 -1.5070e-001 +2.2494e+000
401 0 +5.431604407e-001 +7.473160441e+000 +7.473160441e+000 -1.1593e-001 +2.3352e+000
1099 0 +3.470841995e-001 +7.277084200e+000 +7.277084200e+000 -1.6915e-001 +2.1837e+000
1830 0 +1.521659139e-001 +7.082165914e+000 +7.082165914e+000 -1.1182e-001 +2.3015e+000
1878 0 +9.818802486e-002 +7.028188025e+000 +7.028188025e+000 -1.2184e-001 +2.2543e+000
2596 0 +9.706080111e-002 +7.027060801e+000 +7.027060801e+000 -1.3143e-001 +2.2351e+000
2692 0 +7.206452836e-002 +7.002064528e+000 +7.002064528e+000 -1.6795e-001 +2.1315e+000
3087 0 +7.009056139e-002 +7.000090561e+000 +7.000090561e+000 -1.7090e-001 +2.1249e+000
3765 0 +2.945112800e-002 +6.959451128e+000 +6.959451128e+000 -3.5176e-001 +1.7172e+000
3930 0 +1.565277910e-002 +6.945652779e+000 +6.945652779e+000 -3.7532e-001 +1.6627e+000
4930 0 +1.384878113e-003 +6.931384878e+000 +6.931384878e+000 -4.0436e-001 +1.5889e+000
7822 0 +9.721125529e-004 +6.930972113e+000 +6.930972113e+000 -4.0383e-001 +1.5922e+000
% f evaluations | g evaluations | best noise-free fitness - Fopt (-4.456000000000e+001) + sum g_i+ | measured fitness | best measured fitness or single-digit g-values | x1 | x2...
1 0 +7.102388350e+002 +6.656788350e+002 +6.656788350e+002 +0.0000e+000 +0.0000e+000
7 0 +9.226768976e+000 -3.533323102e+001 -3.533323102e+001 -2.2809e+000 +1.4305e+000
13 0 +4.200456049e+000 -4.035954395e+001 -4.035954395e+001 -1.1597e+000 -1.8110e+000
58 0 +3.377121757e+000 -4.118287824e+001 -4.118287824e+001 -7.9227e-001 -2.3230e+000
331 0 +3.026187652e+000 -4.153381235e+001 -4.153381235e+001 -9.8163e-001 -2.1713e+000
469 0 +2.471139126e+000 -4.208886087e+001 -4.208886087e+001 +5.0673e-002 -2.4963e+000
633 0 +1.616745296e+000 -4.294325470e+001 -4.294325470e+001 +1.3369e+000 -1.1282e-001
723 0 +1.359500287e+000 -4.320049971e+001 -4.320049971e+001 +1.9226e+000 +1.9674e+000
730 0 +1.251656749e+000 -4.330834325e+001 -4.330834325e+001 -2.6908e-001 -2.6779e+000
761 0 +3.244561935e-001 -4.423554381e+001 -4.423554381e+001 +1.2289e+000 -5.8742e-001
943 0 +1.019129250e-003 -4.455898087e+001 -4.455898087e+001 +7.7077e-001 -1.6918e+000
4655 0 +6.931402072e-004 -4.455930686e+001 -4.455930686e+001 +7.8177e-001 -1.6714e+000
6117 0 +5.301698835e-004 -4.455946983e+001 -4.455946983e+001 +7.7750e-001 -1.6819e+000
8919 0 +3.675021122e-004 -4.455963250e+001 -4.455963250e+001 +7.7398e-001 -1.6890e+000
% f evaluations | g evaluations | best noise-free fitness - Fopt (1.000000000000e+003) + sum g_i+ | measured fitness | best measured fitness or single-digit g-values | x1 | x2...
1 0 +8.550519955e+003 +9.550519955e+003 +9.550519955e+003 +0.0000e+000 +0.0000e+000
4 0 +1.483457563e+002 +1.148345756e+003 +1.148345756e+003 -4.6581e+000 -1.1627e+000
13 0 +5.535813166e+001 +1.055358132e+003 +1.055358132e+003 -3.6546e+000 -2.3823e+000
21 0 +1.187582090e+001 +1.011875821e+003 +1.011875821e+003 -3.8368e+000 -1.1851e+000
24 0 +4.266705145e+000 +1.004266705e+003 +1.004266705e+003 -3.5592e+000 -1.5404e+000
58 0 +1.500962113e-002 +1.000015010e+003 +1.000015010e+003 -2.2221e+000 -5.5558e-001
4763 0 +2.129900144e-003 +1.000002130e+003 +1.000002130e+003 -2.2816e+000 -6.8729e-001
9669 0 +1.935374173e-003 +1.000001935e+003 +1.000001935e+003 -2.3286e+000 -7.8107e-001
% f evaluations | g evaluations | best noise-free fitness - Fopt (-6.797100000000e+002) + sum g_i+ | measured fitness | best measured fitness or single-digit g-values | x1 | x2...
1 0 +1.083051806e+003 +4.033418057e+002 +4.033418057e+002 +0.0000e+000 +0.0000e+000
2 0 +3.102226992e+001 -6.486877301e+002 -6.486877301e+002 +1.2041e+000 -1.2576e+000
3 0 +7.996987405e+000 -6.717130126e+002 -6.717130126e+002 +1.0250e+000 -2.4999e+000
27 0 +4.526727923e+000 -6.751832721e+002 -6.751832721e+002 +2.7014e+000 +3.9388e+000
133 0 +4.049875630e+000 -6.756601244e+002 -6.756601244e+002 -4.8462e-001 -2.9279e+000
269 0 +3.372816046e+000 -6.763371840e+002 -6.763371840e+002 +1.1638e+000 -2.0932e+000
478 0 +2.388268956e+000 -6.773217310e+002 -6.773217310e+002 +2.3912e+000 +2.4138e+000
585 0 +1.092201153e+000 -6.786177988e+002 -6.786177988e+002 +1.7189e+000 -3.7309e-001
803 0 +2.457511165e-001 -6.794642489e+002 -6.794642489e+002 +5.0090e-001 -3.0364e+000
1161 0 +1.785133085e-001 -6.795314867e+002 -6.795314867e+002 +1.3698e+000 -1.3657e+000
1985 0 +1.735565217e-001 -6.795364435e+002 -6.795364435e+002 +1.3749e+000 -1.3858e+000
2704 0 +1.521744500e-001 -6.795578256e+002 -6.795578256e+002 +1.3647e+000 -1.3876e+000
2983 0 +8.925384324e-002 -6.796207462e+002 -6.796207462e+002 +1.1609e+000 -1.8928e+000
3386 0 +4.140574781e-002 -6.796685943e+002 -6.796685943e+002 +1.1591e+000 -1.9327e+000
4004 0 +7.636020204e-003 -6.797023640e+002 -6.797023640e+002 +1.0523e+000 -2.1659e+000
6585 0 +1.423908170e-003 -6.797085761e+002 -6.797085761e+002 +9.6246e-001 -2.3454e+000
6985 0 +5.272000782e-004 -6.797094728e+002 -6.797094728e+002 +1.0121e+000 -2.2441e+000
% f evaluations | g evaluations | best noise-free fitness - Fopt (1.000000000000e+003) + sum g_i+ | measured fitness | best measured fitness or single-digit g-values | x1 | x2...
1 0 +2.986587026e+003 +3.986587026e+003 +3.986587026e+003 +0.0000e+000 +0.0000e+000
5 0 +2.786446373e+003 +3.786446373e+003 +3.786446373e+003 +1.2812e-001 +8.7409e-001
6 0 +7.525426697e+002 +1.752542670e+003 +1.752542670e+003 -4.6650e+000 +7.0544e-002
7 0 +1.251099855e-001 +1.000125110e+003 +1.000125110e+003 -1.4197e+000 +7.3234e-002
1027 0 +1.827373860e-002 +1.000018274e+003 +1.000018274e+003 -1.6972e+000 -5.5511e-001
1608 0 +1.677053177e-002 +1.000016771e+003 +1.000016771e+003 -1.6875e+000 -5.1527e-001
3445 0 +8.328414669e-003 +1.000008328e+003 +1.000008328e+003 -1.6345e+000 -4.1580e-001
3608 0 +3.134474668e-003 +1.000003134e+003 +1.000003134e+003 -1.6720e+000 -4.9860e-001
5545 0 +2.187786915e-003 +1.000002188e+003 +1.000002188e+003 -1.6190e+000 -3.9867e-001
6145 0 +1.868850097e-003 +1.000001869e+003 +1.000001869e+003 -1.6189e+000 -3.9821e-001
7396 0 +5.923962160e-004 +1.000000592e+003 +1.000000592e+003 -1.6201e+000 -3.9856e-001
7732 0 +4.949186516e-004 +1.000000495e+003 +1.000000495e+003 -1.6393e+000 -4.3339e-001
% f evaluations | g evaluations | best noise-free fitness - Fopt (1.007000000000e+001) + sum g_i+ | measured fitness | best measured fitness or single-digit g-values | x1 | x2...
1 0 +5.467747085e+002 +5.568447085e+002 +5.568447085e+002 +0.0000e+000 +0.0000e+000
6 0 +3.309921050e+002 +3.410621050e+002 +3.410621050e+002 -2.0660e+000 +2.3941e+000
10 0 +1.621763688e+002 +1.722463688e+002 +1.722463688e+002 -4.6880e-001 -3.6889e+000
14 0 +4.050742465e+001 +5.057742465e+001 +5.057742465e+001 -3.1183e-001 -1.8129e+000
17 0 +2.108145932e+001 +3.115145932e+001 +3.115145932e+001 -1.0945e+000 -1.4233e+000
22 0 +1.699194852e+001 +2.706194852e+001 +2.706194852e+001 -1.4830e+000 -1.4477e+000
66 0 +1.032943408e+001 +2.039943408e+001 +2.039943408e+001 +1.8983e+000 +2.7904e+000
246 0 +8.013429283e+000 +1.808342928e+001 +1.808342928e+001 -2.0396e+000 +5.8385e-001
288 0 +2.789091009e+000 +1.285909101e+001 +1.285909101e+001 +1.6909e+000 +1.4820e+000
395 0 +1.215758816e+000 +1.128575882e+001 +1.128575882e+001 +1.6967e+000 +1.5962e+000
477 0 +2.079306149e-001 +1.027793061e+001 +1.027793061e+001 +9.7228e-001 -7.9826e-001
1517 0 +1.536496237e-001 +1.022364962e+001 +1.022364962e+001 +3.6036e-001 -1.9977e+000
1702 0 +2.647325255e-002 +1.009647325e+001 +1.009647325e+001 +5.6038e-001 -1.6724e+000
4058 0 +1.051924983e-002 +1.008051925e+001 +1.008051925e+001 +6.6326e-001 -1.4789e+000
4658 0 +3.309579627e-004 +1.007033096e+001 +1.007033096e+001 +6.6263e-001 -1.4711e+000
% f evaluations | g evaluations | best noise-free fitness - Fopt (-7.540000000000e+000) + sum g_i+ | measured fitness | best measured fitness or single-digit g-values | x1 | x2...
1 0 +7.765892630e+002 +7.690492630e+002 +7.690492630e+002 +0.0000e+000 +0.0000e+000
8 0 +3.162764859e+002 +3.087364859e+002 +3.087364859e+002 +1.6696e+000 +2.1711e+000
11 0 +1.071016215e+000 -6.468983785e+000 -6.468983785e+000 +2.5991e+000 +1.3824e+000
604 0 +2.210695741e-001 -7.318930426e+000 -7.318930426e+000 +2.3513e+000 +1.0686e+000
1068 0 +6.924802544e-002 -7.470751975e+000 -7.470751975e+000 +2.7633e+000 +1.8729e+000
1857 0 +4.628623171e-002 -7.493713768e+000 -7.493713768e+000 +2.4835e+000 +1.2765e+000
2150 0 +4.289165779e-002 -7.497108342e+000 -7.497108342e+000 +2.5228e+000 +1.3516e+000
2725 0 +7.507954635e-003 -7.532492045e+000 -7.532492045e+000 +2.4612e+000 +1.2140e+000
4024 0 +6.257112212e-003 -7.533742888e+000 -7.533742888e+000 +2.6241e+000 +1.5409e+000
6086 0 +3.871151726e-004 -7.539612885e+000 -7.539612885e+000 +2.5327e+000 +1.3517e+000
7206 0 +2.027978508e-004 -7.539797202e+000 -7.539797202e+000 +2.5377e+000 +1.3613e+000
