% f evaluations | g evaluations | best noise-free fitness - Fopt (1.491500000000e+002) + sum g_i+ | measured fitness | best measured fitness or single-digit g-values | x1 | x2...
1 0 +1.737629871e+004 +1.752544871e+004 +1.752544871e+004 +0.0000e+000 +0.0000e+000 +0.0000e+000 +0.0000e+000 +0.0000e+000 +0.0000e+000 +0.0000e+000 +0.0000e+000 +0.0000e+000 +0.0000e+000
235 0 +1.123397568e+004 +1.138312568e+004 +1.138312568e+004 -9.1937e-001 -2.0423e+000 -3.6745e+000 +3.4315e+000 -3.5890e+000 -2.4232e+000 +3.9304e-001 -2.8966e+000 -3.3395e-001 -8.6457e-001
240 0 +4.464312580e+003 +4.613462580e+003 +4.613462580e+003 +8.7054e-002 -1.7411e+000 -1.2140e+000 -1.4622e+000 -2.4627e+000 -2.3444e+000 -3.7191e+000 -1.6672e+000 -2.0339e+000 +4.3619e-001
485 0 +4.038711926e+003 +4.187861926e+003 +4.187861926e+003 +1.0157e-001 -1.2361e+000 -1.0223e+000 -1.5700e+000 -2.3709e+000 -1.9919e+000 -3.4653e+000 -1.5614e+000 -1.7046e+000 -7.9207e-001
555 0 +2.017531227e+003 +2.166681227e+003 +2.166681227e+003 -8.1631e-001 -1.5795e+000 -1.5814e+000 -7.8305e-001 -2.9899e+000 -1.6572e+000 -3.0001e+000 -8.0772e-001 -1.9475e+000 -1.0427e+000
608 0 +1.255381565e+003 +1.404531565e+003 +1.404531565e+003 -9.9037e-001 -1.5152e+000 -1.3460e+000 -5.9373e-001 -2.9788e+000 -1.8864e+000 -2.7570e+000 -8.2550e-001 -1.5942e+000 -1.3128e+000
941 0 +1.130663561e+003 +1.279813561e+003 +1.279813561e+003 -1.2698e-001 -1.4951e+000 -3.9494e-001 -8.3261e-001 -2.5379e+000 -2.0834e+000 -2.1864e+000 -1.6082e+000 -1.5195e+000 -7.3259e-001
949 0 +9.334755184e+002 +1.082625518e+003 +1.082625518e+003 -5.5600e-001 -1.3322e+000 -1.1705e+000 -7.2456e-001 -2.7009e+000 -1.9535e+000 -2.4105e+000 -1.4503e+000 -2.0762e+000 -9.4217e-003
1015 0 +8.326364749e+002 +9.817864749e+002 +9.817864749e+002 -7.8307e-001 -1.5444e+000 -1.0899e+000 -6.2698e-001 -2.6276e+000 -2.2091e+000 -2.4402e+000 -1.2840e+000 -1.5926e+000 -9.6907e-001
1246 0 +8.093831543e+002 +9.585331543e+002 +9.585331543e+002 -7.9729e-001 -1.4984e+000 -1.0635e+000 -7.2415e-001 -2.6841e+000 -2.1317e+000 -2.4758e+000 -1.4169e+000 -1.5972e+000 -7.2112e-001
1483 0 +6.760446780e+002 +8.251946780e+002 +8.251946780e+002 -9.3264e-001 -1.3188e+000 -1.0069e+000 +1.3169e-001 -2.4122e+000 -1.7754e+000 -2.5771e+000 -1.0122e+000 -1.3633e+000 +2.3688e-002
1491 0 +5.962511820e+002 +7.454011820e+002 +7.454011820e+002 +1.8944e-001 -8.8613e-001 -1.6945e+000 -2.3696e-001 -3.6289e+000 -2.3444e+000 -1.6221e+000 -2.0765e+000 -9.8916e-001 -6.6858e-001
1595 0 +5.043642286e+002 +6.535142286e+002 +6.535142286e+002 +8.7204e-002 -9.6714e-001 -1.5261e+000 -3.4415e-001 -3.4410e+000 -2.2269e+000 -1.7967e+000 -1.9390e+000 -1.0630e+000 -6.5729e-001
1649 0 +4.648397955e+002 +6.139897955e+002 +6.139897955e+002 +1.0463e-002 -1.0554e+000 -1.5083e+000 -3.0453e-001 -3.2140e+000 -2.2146e+000 -1.8233e+000 -1.7255e+000 -1.4752e+000 -4.1604e-001
2159 0 +4.464247232e+002 +5.955747232e+002 +5.955747232e+002 -1.6257e-001 -9.0590e-001 -1.2287e+000 -4.3677e-001 -3.2660e+000 -2.0543e+000 -2.0570e+000 -1.5176e+000 -1.2224e+000 -6.8942e-001
2291 0 +4.266017936e+002 +5.757517936e+002 +5.757517936e+002 +7.1956e-002 -8.1348e-001 -1.4763e+000 -2.5412e-001 -3.5051e+000 -2.2162e+000 -1.7317e+000 -1.7719e+000 -1.0384e+000 -6.9159e-001
2353 0 +2.523516707e+002 +4.015016707e+002 +4.015016707e+002 -1.0436e+000 -2.0534e+000 -1.1068e+000 +9.7699e-001 -4.2048e+000 -1.8556e+000 -8.0856e-001 -1.2722e+000 -6.6293e-001 -1.0355e+000
2580 0 +1.146207951e+002 +2.637707951e+002 +2.637707951e+002 -7.4169e-001 -1.7147e+000 -1.0362e+000 +7.3567e-001 -3.4421e+000 -2.6123e+000 -1.5961e+000 -1.3906e+000 -6.0164e-001 -6.2798e-001
2781 0 +7.455524607e+001 +2.237052461e+002 +2.237052461e+002 -1.1602e+000 -1.4285e+000 -9.8830e-001 +6.4223e-001 -3.4532e+000 -2.3509e+000 -1.3689e+000 -1.4158e+000 -2.9136e-001 -4.0847e-001
3312 0 +7.345902141e+001 +2.226090214e+002 +2.226090214e+002 -9.1171e-001 -1.5942e+000 -9.6315e-001 +7.1216e-001 -3.5179e+000 -2.4711e+000 -1.4612e+000 -1.4581e+000 -4.0933e-001 -5.5943e-001
3385 0 +7.133682445e+001 +2.204868245e+002 +2.204868245e+002 -6.6886e-001 -1.4964e+000 -7.7270e-001 +8.3973e-001 -3.6076e+000 -2.0863e+000 -1.1551e+000 -1.5803e+000 -4.7254e-001 -5.0755e-002
3438 0 +7.008907230e+001 +2.192390723e+002 +2.192390723e+002 -1.0392e+000 -1.3800e+000 -9.0422e-001 +8.8114e-001 -3.8845e+000 -2.4110e+000 -1.1424e+000 -1.7520e+000 -8.4815e-001 -1.2150e-001
3459 0 +6.116805431e+001 +2.103180543e+002 +2.103180543e+002 -7.7471e-001 -1.3754e+000 -8.3477e-001 +6.7613e-001 -3.4107e+000 -2.2990e+000 -1.4140e+000 -1.5300e+000 -4.1341e-001 -1.2646e-001
3880 0 +5.643242115e+001 +2.055824211e+002 +2.055824211e+002 -9.2306e-001 -1.5408e+000 -8.8213e-001 +7.6285e-001 -3.6114e+000 -2.1102e+000 -1.1886e+000 -1.4745e+000 -4.4468e-001 -2.7619e-001
4073 0 +5.582668736e+001 +2.049766874e+002 +2.049766874e+002 -9.9330e-001 -1.5770e+000 -9.2877e-001 +7.2081e-001 -3.5555e+000 -2.2126e+000 -1.3179e+000 -1.4446e+000 -4.2375e-001 -2.6281e-001
4304 0 +5.293818237e+001 +2.020881824e+002 +2.020881824e+002 -9.2112e-001 -1.5564e+000 -9.1112e-001 +7.2667e-001 -3.5779e+000 -2.1687e+000 -1.3017e+000 -1.4788e+000 -4.4010e-001 -2.5283e-001
4504 0 +5.200506122e+001 +2.011550612e+002 +2.011550612e+002 -9.1165e-001 -1.5356e+000 -9.1475e-001 +7.0848e-001 -3.5723e+000 -2.1684e+000 -1.3168e+000 -1.4872e+000 -4.3938e-001 -2.4256e-001
5004 0 +5.062331240e+001 +1.997733124e+002 +1.997733124e+002 -8.3285e-001 -1.3621e+000 -9.4492e-001 +5.5711e-001 -3.5263e+000 -2.1659e+000 -1.4423e+000 -1.5572e+000 -4.3330e-001 -1.5705e-001
5204 0 +4.994884216e+001 +1.990988422e+002 +1.990988422e+002 -8.5256e-001 -1.4055e+000 -9.3737e-001 +5.9498e-001 -3.5378e+000 -2.1665e+000 -1.4109e+000 -1.5397e+000 -4.3482e-001 -1.7844e-001
5704 0 +4.853571313e+001 +1.976857131e+002 +1.976857131e+002 -8.9893e-001 -1.4251e+000 -9.0926e-001 +6.1669e-001 -3.5494e+000 -2.1960e+000 -1.4575e+000 -1.5367e+000 -4.3453e-001 -2.1398e-001
6197 0 +4.647120163e+001 +1.956212016e+002 +1.956212016e+002 -7.9140e-001 -1.3486e+000 -8.3209e-001 +5.4566e-001 -3.4862e+000 -2.0783e+000 -1.5564e+000 -1.6423e+000 -5.7078e-001 -2.1396e-001
6818 0 +4.235829024e+001 +1.915082902e+002 +1.915082902e+002 -9.7350e-001 -1.4895e+000 -9.7158e-001 +8.2048e-001 -3.5313e+000 -2.1315e+000 -1.4609e+000 -1.7048e+000 -4.4062e-001 -1.8473e-001
7306 0 +4.075010659e+001 +1.899001066e+002 +1.899001066e+002 -9.2740e-001 -1.5005e+000 -9.5677e-001 +7.7195e-001 -3.5500e+000 -2.1198e+000 -1.4859e+000 -1.6959e+000 -4.5756e-001 -2.0015e-001
7372 0 +4.069119931e+001 +1.898411993e+002 +1.898411993e+002 -9.0456e-001 -1.4024e+000 -9.4426e-001 +6.9523e-001 -3.5137e+000 -2.0996e+000 -1.5049e+000 -1.7159e+000 -4.6672e-001 -1.7488e-001
7734 0 +3.951230824e+001 +1.886623082e+002 +1.886623082e+002 -7.4842e-001 -1.1591e+000 -1.0034e+000 +5.5523e-001 -3.5798e+000 -2.1049e+000 -1.7350e+000 -1.7811e+000 -4.7547e-001 -3.6542e-001
7848 0 +3.259323064e+001 +1.817432306e+002 +1.817432306e+002 -1.0588e+000 -1.4633e+000 -1.1551e+000 +8.0600e-001 -3.7597e+000 -2.1542e+000 -1.7763e+000 -1.8797e+000 -5.0235e-001 -1.9274e-001
8112 0 +3.190658717e+001 +1.810565872e+002 +1.810565872e+002 -9.7106e-001 -1.4768e+000 -1.0245e+000 +8.1105e-001 -3.6944e+000 -2.1527e+000 -1.6610e+000 -1.8516e+000 -4.6211e-001 -2.3527e-001
8789 0 +2.721850990e+001 +1.763685099e+002 +1.763685099e+002 -9.1922e-001 -1.4575e+000 -1.1097e+000 +7.6238e-001 -3.7780e+000 -2.1372e+000 -1.7230e+000 -1.9133e+000 -5.8096e-001 -2.3316e-001
9155 0 +2.661072411e+001 +1.757607241e+002 +1.757607241e+002 -9.6004e-001 -1.5056e+000 -1.0498e+000 +7.6683e-001 -3.7442e+000 -2.1410e+000 -1.7149e+000 -1.8409e+000 -5.6697e-001 -2.9956e-001
% f evaluations | g evaluations | best noise-free fitness - Fopt (-1.000000000000e+003) + sum g_i+ | measured fitness | best measured fitness or single-digit g-values | x1 | x2...
1 0 +3.907870576e+004 +3.807870576e+004 +3.807870576e+004 +0.0000e+000 +0.0000e+000 +0.0000e+000 +0.0000e+000 +0.0000e+000 +0.0000e+000 +0.0000e+000 +0.0000e+000 +0.0000e+000 +0.0000e+000
57 0 +7.300554171e+003 +6.300554171e+003 +6.300554171e+003 -1.6438e+000 -8.5628e-001 +8.0898e-001 -4.4944e+000 -3.6498e+000 +1.9538e-001 -4.5195e+000 -1.7298e+000 -1.1735e+000 +4.3801e+000
228 0 +6.816870583e+003 +5.816870583e+003 +5.816870583e+003 -2.5709e+000 +5.9273e-001 +2.5359e+000 -3.6959e+000 -2.5778e+000 -1.3149e+000 -2.6268e+000 -1.5162e-001 -1.0810e+000 +4.5855e+000
236 0 +5.343841962e+003 +4.343841962e+003 +4.343841962e+003 -1.5746e+000 -7.4353e-002 -7.0163e-001 -2.9291e+000 -2.5410e+000 +1.8466e-001 -3.4984e+000 -1.2241e+000 -1.8874e+000 +3.8972e+000
340 0 +3.178913831e+003 +2.178913831e+003 +2.178913831e+003 -2.0696e+000 -9.5159e-001 +7.2038e-001 -3.1969e+000 -3.0493e+000 +4.9605e-001 -3.6622e+000 -1.8576e+000 -1.2743e+000 +5.0000e+000
417 0 +3.001429030e+003 +2.001429030e+003 +2.001429030e+003 -2.0620e+000 -9.6769e-001 +6.7539e-001 -3.3892e+000 -4.0829e+000 -3.4985e-001 -3.9358e+000 -1.8443e+000 -1.5887e+000 +5.0000e+000
593 0 +2.122089370e+003 +1.122089370e+003 +1.122089370e+003 -2.3182e+000 -9.6154e-001 +3.2566e-001 -2.9506e+000 -3.6534e+000 -5.6902e-001 -3.6576e+000 -1.6759e+000 -1.7294e+000 +5.0000e+000
640 0 +2.084912331e+003 +1.084912331e+003 +1.084912331e+003 -2.2972e+000 -1.0291e+000 +5.5410e-001 -2.9689e+000 -3.5569e+000 -2.4585e-001 -3.6323e+000 -1.7950e+000 -1.5728e+000 +5.0000e+000
904 0 +1.714282950e+003 +7.142829496e+002 +7.142829496e+002 -2.4464e+000 -9.3970e-001 +7.7355e-001 -3.0089e+000 -3.7293e+000 +1.1060e-001 -3.5001e+000 -1.9838e+000 -1.3096e+000 +5.0000e+000
1037 0 +1.657751215e+003 +6.577512152e+002 +6.577512152e+002 -2.5073e+000 -1.0311e+000 +9.3601e-001 -3.0891e+000 -3.9044e+000 -2.5365e-001 -3.6219e+000 -1.8121e+000 -1.3240e+000 +5.0000e+000
1253 0 +1.327642660e+003 +3.276426598e+002 +3.276426598e+002 -2.6161e+000 -8.4849e-001 +7.1165e-001 -2.9535e+000 -3.6871e+000 -1.3355e-001 -3.7090e+000 -1.8630e+000 -1.2766e+000 +5.0000e+000
1332 0 +9.544962739e+002 -4.550372610e+001 -4.550372610e+001 -2.6225e+000 -2.0308e-001 +8.5378e-001 -1.7269e+000 -2.2099e+000 -6.1326e-001 -3.5628e+000 -1.5133e+000 -1.3508e+000 +5.0000e+000
1510 0 +6.420325598e+002 -3.579674402e+002 -3.579674402e+002 -3.1045e+000 -1.5034e-001 +1.2052e+000 -2.4992e+000 -2.9078e+000 -5.3139e-001 -3.7822e+000 -2.4757e+000 -1.4908e+000 +5.0000e+000
1684 0 +4.937913706e+002 -5.062086294e+002 -5.062086294e+002 -2.8121e+000 +1.1763e-001 +1.1835e+000 -2.2641e+000 -2.7419e+000 -7.3926e-001 -3.2219e+000 -2.0129e+000 -1.3681e+000 +5.0000e+000
2155 0 +4.736768758e+002 -5.263231242e+002 -5.263231242e+002 -3.1072e+000 +4.0633e-001 +1.3520e+000 -1.7073e+000 -2.1058e+000 -7.1795e-001 -3.2321e+000 -2.4117e+000 -1.5215e+000 +5.0000e+000
2496 0 +4.088551837e+002 -5.911448163e+002 -5.911448163e+002 -3.1443e+000 +7.1181e-001 +1.1315e+000 -1.9757e+000 -2.2991e+000 -1.0332e+000 -2.7469e+000 -1.9448e+000 -1.4080e+000 +5.0000e+000
2570 0 +4.060654935e+002 -5.939345065e+002 -5.939345065e+002 -2.9527e+000 +3.9724e-001 +1.0708e+000 -2.0507e+000 -2.5444e+000 -4.6811e-001 -3.3523e+000 -2.1513e+000 -1.5116e+000 +5.0000e+000
2840 0 +3.957815655e+002 -6.042184345e+002 -6.042184345e+002 -3.1413e+000 +2.1557e-001 +1.3545e+000 -1.7550e+000 -2.4560e+000 -4.5836e-001 -3.1290e+000 -2.2659e+000 -1.4015e+000 +5.0000e+000
2996 0 +3.774105452e+002 -6.225894548e+002 -6.225894548e+002 -3.1315e+000 +6.2352e-001 +1.1530e+000 -1.9542e+000 -2.3396e+000 -9.1407e-001 -2.8433e+000 -2.0009e+000 -1.4149e+000 +5.0000e+000
3206 0 +3.558847822e+002 -6.441152178e+002 -6.441152178e+002 -3.1022e+000 +7.0853e-001 +1.0849e+000 -1.9632e+000 -2.4426e+000 -1.0631e+000 -2.8298e+000 -2.1086e+000 -1.3411e+000 +5.0000e+000
3355 0 +3.528499833e+002 -6.471500167e+002 -6.471500167e+002 -3.1258e+000 +5.3323e-001 +1.2017e+000 -1.8060e+000 -2.3629e+000 -7.4171e-001 -3.0699e+000 -2.2864e+000 -1.4203e+000 +5.0000e+000
3368 0 +3.458973949e+002 -6.541026051e+002 -6.541026051e+002 -3.0677e+000 +6.1408e-001 +1.1137e+000 -2.0429e+000 -2.5328e+000 -9.9024e-001 -2.8874e+000 -2.0621e+000 -1.3803e+000 +5.0000e+000
4265 0 +3.292350690e+002 -6.707649310e+002 -6.707649310e+002 -3.1274e+000 +5.4046e-001 +1.1497e+000 -2.0705e+000 -2.8044e+000 -9.5764e-001 -3.1057e+000 -2.1206e+000 -1.4220e+000 +5.0000e+000
4765 0 +3.233898583e+002 -6.766101417e+002 -6.766101417e+002 -3.0506e+000 +6.9146e-001 +1.0108e+000 -2.0252e+000 -2.6641e+000 -1.0384e+000 -3.0635e+000 -2.1538e+000 -1.4096e+000 +5.0000e+000
6765 0 +3.133085406e+002 -6.866914594e+002 -6.866914594e+002 -3.1518e+000 +6.8984e-001 +1.0993e+000 -2.0501e+000 -2.8470e+000 -1.0470e+000 -2.9843e+000 -2.1598e+000 -1.4062e+000 +5.0000e+000
8921 0 +3.073457732e+002 -6.926542268e+002 -6.926542268e+002 -3.1696e+000 +7.2284e-001 +1.0689e+000 -2.1542e+000 -2.8932e+000 -1.0464e+000 -2.9660e+000 -2.1817e+000 -1.3789e+000 +5.0000e+000
% f evaluations | g evaluations | best noise-free fitness - Fopt (9.862000000000e+001) + sum g_i+ | measured fitness | best measured fitness or single-digit g-values | x1 | x2...
1 0 +4.199469811e+004 +4.209331811e+004 +4.209331811e+004 +0.0000e+000 +0.0000e+000 +0.0000e+000 +0.0000e+000 +0.0000e+000 +0.0000e+000 +0.0000e+000 +0.0000e+000 +0.0000e+000 +0.0000e+000
209 0 +2.360398318e+004 +2.370260318e+004 +2.370260318e+004 -3.9525e+000 +7.5730e-001 +2.7535e+000 -3.4568e+000 -4.0180e-001 +1.5066e+000 +1.0549e+000 -4.1418e+000 -4.7993e-001 +5.0000e+000
297 0 +1.596494371e+004 +1.606356371e+004 +1.606356371e+004 -2.4644e+000 +1.3069e+000 +2.3712e+000 -4.2687e+000 +8.1601e-001 +2.3720e+000 -1.2569e+000 -4.5114e+000 -7.9825e-001 +3.5871e+000
389 0 +1.763379775e+003 +1.861999775e+003 +1.861999775e+003 -2.8455e+000 -9.4541e-001 +1.7913e+000 -3.0631e+000 +1.7767e+000 +1.3501e+000 -9.5603e-001 -1.7256e+000 -1.0457e+000 +5.0000e+000
556 0 +3.894263924e+002 +4.880463924e+002 +4.880463924e+002 -2.6069e+000 -1.6235e+000 +1.2786e+000 -3.2734e+000 +1.2602e+000 +2.1587e+000 -1.2315e+000 -2.5397e+000 -1.1808e+000 +5.0000e+000
1116 0 +2.493249055e+002 +3.479449055e+002 +3.479449055e+002 -2.4079e+000 -1.8129e+000 +1.0169e+000 -2.9017e+000 +8.2404e-001 +1.8328e+000 -8.5344e-001 -2.3444e+000 -1.3774e+000 +5.0000e+000
1328 0 +1.689097652e+002 +2.675297652e+002 +2.675297652e+002 -2.5300e+000 -1.6528e+000 +1.1763e+000 -2.9418e+000 +9.9872e-001 +1.8348e+000 -1.1062e+000 -2.2439e+000 -1.3575e+000 +4.8642e+000
2098 0 +1.610955105e+002 +2.597155105e+002 +2.597155105e+002 -2.3343e+000 -1.8900e+000 +1.3147e+000 -2.7002e+000 +9.3074e-001 +1.5392e+000 -1.0989e+000 -2.1339e+000 -1.2654e+000 +5.0000e+000
2329 0 +1.443899252e+002 +2.430099252e+002 +2.430099252e+002 -2.3633e+000 -1.8317e+000 +1.4276e+000 -2.5823e+000 +8.4510e-001 +1.6013e+000 -1.2459e+000 -2.0615e+000 -1.1968e+000 +4.9796e+000
2865 0 +1.245012074e+002 +2.231212074e+002 +2.231212074e+002 -2.2309e+000 -1.9144e+000 +1.4640e+000 -2.6856e+000 +7.8331e-001 +1.7413e+000 -1.3862e+000 -2.1609e+000 -1.1997e+000 +5.0000e+000
3296 0 +1.150478414e+002 +2.136678414e+002 +2.136678414e+002 -2.2547e+000 -1.8906e+000 +1.4447e+000 -2.7007e+000 +8.2520e-001 +1.7235e+000 -1.3313e+000 -2.1613e+000 -1.2149e+000 +5.0000e+000
3673 0 +1.135793805e+002 +2.121993805e+002 +2.121993805e+002 -2.1407e+000 -1.8566e+000 +1.3714e+000 -2.6891e+000 +8.2704e-001 +1.8586e+000 -1.2369e+000 -2.2809e+000 -1.1607e+000 +5.0000e+000
3754 0 +1.082933552e+002 +2.069133552e+002 +2.069133552e+002 -1.8756e+000 -1.8619e+000 +1.7054e+000 -2.5338e+000 +7.4752e-001 +1.6880e+000 -1.1681e+000 -2.1253e+000 -1.1605e+000 +5.0000e+000
3873 0 +1.041902009e+002 +2.028102009e+002 +2.028102009e+002 -2.0693e+000 -1.8581e+000 +1.4620e+000 -2.6471e+000 +8.0551e-001 +1.8120e+000 -1.2186e+000 -2.2384e+000 -1.1608e+000 +5.0000e+000
3886 0 +9.284155014e+001 +1.914615501e+002 +1.914615501e+002 -1.9189e+000 -1.9050e+000 +1.6507e+000 -2.5469e+000 +7.4355e-001 +1.7416e+000 -1.1820e+000 -2.1681e+000 -1.1835e+000 +5.0000e+000
4191 0 +8.622588792e+001 +1.848458879e+002 +1.848458879e+002 -1.8648e+000 -1.8461e+000 +1.5747e+000 -2.5376e+000 +7.8035e-001 +1.8123e+000 -1.1178e+000 -2.2075e+000 -1.2218e+000 +5.0000e+000
5879 0 +8.426670537e+001 +1.828867054e+002 +1.828867054e+002 -1.7616e+000 -1.9454e+000 +1.5975e+000 -2.5337e+000 +7.3622e-001 +1.8390e+000 -1.1726e+000 -2.2108e+000 -1.2389e+000 +5.0000e+000
7528 0 +8.288330304e+001 +1.815033030e+002 +1.815033030e+002 -1.7014e+000 -2.0004e+000 +1.5269e+000 -2.5740e+000 +7.5383e-001 +1.8114e+000 -1.0974e+000 -2.2373e+000 -1.2169e+000 +5.0000e+000
8879 0 +8.126247344e+001 +1.798824734e+002 +1.798824734e+002 -1.6667e+000 -1.9992e+000 +1.5544e+000 -2.5488e+000 +7.2033e-001 +1.8260e+000 -1.1368e+000 -2.2154e+000 -1.2313e+000 +5.0000e+000
% f evaluations | g evaluations | best noise-free fitness - Fopt (-4.715000000000e+001) + sum g_i+ | measured fitness | best measured fitness or single-digit g-values | x1 | x2...
1 0 +1.627277393e+004 +1.622562393e+004 +1.622562393e+004 +0.0000e+000 +0.0000e+000 +0.0000e+000 +0.0000e+000 +0.0000e+000 +0.0000e+000 +0.0000e+000 +0.0000e+000 +0.0000e+000 +0.0000e+000
22 0 +5.704654868e+003 +5.657504868e+003 +5.657504868e+003 -1.5545e+000 -3.6576e+000 -2.2214e+000 -3.8976e+000 -2.6562e+000 +4.3092e-001 -1.9655e+000 -2.4456e+000 -3.6907e+000 +2.6127e-001
221 0 +5.216797369e+003 +5.169647369e+003 +5.169647369e+003 -2.2535e+000 -1.1510e+000 -2.9614e+000 -2.0583e+000 -9.5467e-001 -1.1729e+000 -2.6728e+000 -4.9776e-001 -1.6843e+000 -1.4124e+000
222 0 +3.494350692e+003 +3.447200692e+003 +3.447200692e+003 +1.2604e-002 -2.8811e+000 -2.3341e+000 -2.4544e+000 -1.8276e+000 +2.5890e+000 -7.5353e-001 -1.4238e+000 -3.4463e+000 +1.1442e+000
240 0 +1.155188112e+003 +1.108038112e+003 +1.108038112e+003 -1.4174e+000 -2.7968e+000 -1.2789e+000 -3.5404e+000 -1.2485e+000 +9.3788e-001 -2.4820e+000 -2.5671e+000 -3.0337e+000 +1.2238e+000
455 0 +9.517593073e+002 +9.046093073e+002 +9.046093073e+002 -8.2517e-001 -2.0166e+000 -1.0164e+000 -3.4687e+000 +8.2026e-001 +1.2828e+000 -2.1202e+000 -2.4672e+000 -1.5164e+000 -8.4734e-001
503 0 +5.710041949e+002 +5.238541949e+002 +5.238541949e+002 -1.5056e+000 -2.1585e+000 -1.4343e+000 -3.1466e+000 -9.6412e-001 +5.0646e-001 -2.7647e+000 -2.0594e+000 -2.9775e+000 -2.8109e-001
572 0 +4.410023396e+002 +3.938523396e+002 +3.938523396e+002 -9.3078e-001 -1.8917e+000 -1.0311e+000 -3.0077e+000 -1.2526e+000 +1.5459e+000 -1.4148e+000 -2.3407e+000 -1.6939e+000 -2.9337e+000
575 0 +3.378706734e+002 +2.907206734e+002 +2.907206734e+002 -1.3860e+000 -1.9167e+000 -1.3902e+000 -3.5973e+000 -4.3383e-001 +1.1252e+000 -1.9037e+000 -1.8556e+000 -2.0320e+000 -2.1164e+000
735 0 +1.510637900e+002 +1.039137900e+002 +1.039137900e+002 -8.5495e-001 -1.5561e+000 -1.7534e+000 -3.4968e+000 -8.4856e-001 +9.9251e-001 -1.5695e+000 -2.1119e+000 -1.6119e+000 -2.9513e+000
1082 0 +1.071109259e+002 +5.996092586e+001 +5.996092586e+001 -1.2081e+000 -2.1214e+000 -1.9697e+000 -3.3942e+000 -3.9454e-001 +8.6086e-001 -1.6770e+000 -2.2647e+000 -1.6947e+000 -2.5567e+000
1759 0 +7.378784873e+001 +2.663784873e+001 +2.663784873e+001 -1.0767e+000 -1.9226e+000 -2.5368e+000 -3.2774e+000 -7.4720e-001 +5.5255e-001 -2.4382e+000 -3.0140e+000 -1.5769e+000 -2.4237e+000
1838 0 +2.617502710e+001 -2.097497290e+001 -2.097497290e+001 -1.7112e+000 -1.7449e+000 -2.3346e+000 -3.4315e+000 -3.6243e-001 +5.7966e-001 -2.5643e+000 -2.8771e+000 -1.9012e+000 -2.6215e+000
2682 0 +1.916106645e+001 -2.798893355e+001 -2.798893355e+001 -1.6030e+000 -1.7390e+000 -2.2156e+000 -3.4599e+000 -4.0779e-001 +6.5852e-001 -2.3833e+000 -2.7282e+000 -1.8739e+000 -2.6233e+000
3727 0 +1.682316976e+001 -3.032683024e+001 -3.032683024e+001 -1.4811e+000 -1.6170e+000 -2.1994e+000 -3.2795e+000 -1.9890e-001 +7.3819e-001 -2.4744e+000 -2.7463e+000 -1.9078e+000 -2.7377e+000
4063 0 +1.575094300e+001 -3.139905700e+001 -3.139905700e+001 -1.4806e+000 -1.6457e+000 -2.1891e+000 -3.2738e+000 -2.0432e-001 +7.2024e-001 -2.4653e+000 -2.7260e+000 -1.9067e+000 -2.7186e+000
5465 0 +1.520333384e+001 -3.194666616e+001 -3.194666616e+001 -1.4435e+000 -1.7177e+000 -2.1611e+000 -3.3392e+000 -2.9021e-001 +7.3497e-001 -2.3581e+000 -2.6547e+000 -1.8682e+000 -2.6723e+000
5641 0 +1.447043657e+001 -3.267956343e+001 -3.267956343e+001 -1.4684e+000 -1.6777e+000 -2.1686e+000 -3.3297e+000 -2.6300e-001 +7.1725e-001 -2.4066e+000 -2.6772e+000 -1.8843e+000 -2.6914e+000
5798 0 +1.367860979e+001 -3.347139021e+001 -3.347139021e+001 -1.5283e+000 -1.6431e+000 -2.2063e+000 -3.3015e+000 -3.1702e-001 +6.9550e-001 -2.5059e+000 -2.7542e+000 -1.9199e+000 -2.7187e+000
5963 0 +1.296792005e+001 -3.418207995e+001 -3.418207995e+001 -1.4892e+000 -1.6953e+000 -2.1762e+000 -3.2785e+000 -2.9065e-001 +6.8000e-001 -2.4683e+000 -2.6981e+000 -1.9096e+000 -2.6908e+000
6957 0 +1.260312906e+001 -3.454687094e+001 -3.454687094e+001 -1.5138e+000 -1.6937e+000 -2.1710e+000 -3.3163e+000 -2.7820e-001 +6.9812e-001 -2.5097e+000 -2.7037e+000 -1.9097e+000 -2.7045e+000
7863 0 +1.243125442e+001 -3.471874558e+001 -3.471874558e+001 -1.5049e+000 -1.7157e+000 -2.1605e+000 -3.3128e+000 -2.8466e-001 +6.8837e-001 -2.5001e+000 -2.6836e+000 -1.9071e+000 -2.6926e+000
9548 0 +1.227566947e+001 -3.487433053e+001 -3.487433053e+001 -1.5261e+000 -1.7500e+000 -2.1476e+000 -3.3446e+000 -3.5168e-001 +6.6456e-001 -2.5259e+000 -2.6560e+000 -1.9176e+000 -2.6859e+000
9863 0 +1.200599532e+001 -3.514400468e+001 -3.514400468e+001 -1.5322e+000 -1.7184e+000 -2.1619e+000 -3.3426e+000 -3.3087e-001 +6.8053e-001 -2.5319e+000 -2.6842e+000 -1.9183e+000 -2.7006e+000
% f evaluations | g evaluations | best noise-free fitness - Fopt (3.752000000000e+001) + sum g_i+ | measured fitness | best measured fitness or single-digit g-values | x1 | x2...
1 0 +2.454046287e+004 +2.457798287e+004 +2.457798287e+004 +0.0000e+000 +0.0000e+000 +0.0000e+000 +0.0000e+000 +0.0000e+000 +0.0000e+000 +0.0000e+000 +0.0000e+000 +0.0000e+000 +0.0000e+000
217 0 +1.128810095e+004 +1.132562095e+004 +1.132562095e+004 +4.8978e-001 -2.5607e+000 +3.1725e+000 -1.3431e+000 +1.9855e+000 +2.7671e-001 +1.1992e+000 +4.0838e-001 -1.6557e+000 -1.9694e+000
342 0 +6.613746091e+003 +6.651266091e+003 +6.651266091e+003 +2.5885e+000 -2.3247e+000 +1.6881e+000 -1.1726e+000 +8.1277e-001 +2.9001e-001 +6.5445e-002 +8.2894e-001 -2.8625e-001 -5.0000e+000
359 0 +4.937195717e+003 +4.974715717e+003 +4.974715717e+003 +2.7292e-001 -2.2283e+000 +2.0391e+000 -1.5127e+000 +1.6780e+000 +1.2609e+000 +1.2508e-001 +6.9747e-001 -1.0196e+000 -1.2362e+000
527 0 +2.476428211e+003 +2.513948211e+003 +2.513948211e+003 +1.4072e+000 -2.4750e+000 +3.0432e+000 -2.2065e+000 +2.4001e+000 +7.0509e-001 -2.1026e-001 +7.6103e-001 -9.9201e-002 -1.0646e+000
673 0 +1.208872556e+003 +1.246392556e+003 +1.246392556e+003 +5.1722e-001 -1.7706e+000 +2.5439e+000 -1.8606e+000 +2.3631e+000 +9.2547e-001 -4.7847e-002 +1.1480e+000 +2.9251e-001 -1.5098e+000
1141 0 +7.637254814e+002 +8.012454814e+002 +8.012454814e+002 +9.0010e-001 -1.9737e+000 +2.9311e+000 -1.6535e+000 +2.2251e+000 +8.5552e-001 +2.1709e-001 +1.5468e+000 +2.0657e-001 -1.7956e+000
1539 0 +7.521976386e+002 +7.897176386e+002 +7.897176386e+002 +1.3498e+000 -2.2010e+000 +2.6348e+000 -2.3217e+000 +2.7700e+000 +4.6875e-001 +5.3272e-001 +1.2963e+000 +3.6322e-001 -1.7927e+000
1557 0 +5.755383690e+002 +6.130583690e+002 +6.130583690e+002 +1.0819e+000 -2.2080e+000 +2.4545e+000 -1.2994e+000 +2.4806e+000 +1.2813e+000 +2.4764e-001 +1.8760e+000 +4.6209e-001 -1.5331e+000
1857 0 +5.404751355e+002 +5.779951355e+002 +5.779951355e+002 +9.5889e-001 -2.0791e+000 +2.7900e+000 -1.5157e+000 +2.3480e+000 +9.9748e-001 +2.6692e-001 +1.7314e+000 +3.3321e-001 -1.6716e+000
1985 0 +4.475282255e+002 +4.850482255e+002 +4.850482255e+002 +5.4795e-001 -2.0715e+000 +2.5791e+000 -1.4737e+000 +2.6581e+000 +1.0808e+000 +3.6236e-001 +1.8492e+000 +3.5719e-001 -1.7752e+000
2007 0 +3.655580547e+002 +4.030780547e+002 +4.030780547e+002 +1.0441e+000 -2.2140e+000 +2.4676e+000 -1.5832e+000 +2.6535e+000 +9.4972e-001 +3.6375e-001 +1.8628e+000 +4.6536e-001 -1.5131e+000
2127 0 +3.139096160e+002 +3.514296160e+002 +3.514296160e+002 +1.0730e+000 -2.3252e+000 +2.4157e+000 -1.2811e+000 +2.9185e+000 +1.3097e+000 +4.1016e-001 +2.3157e+000 +9.2697e-001 -1.4956e+000
2327 0 +3.072361002e+002 +3.447561002e+002 +3.447561002e+002 +1.0914e+000 -2.3341e+000 +2.4327e+000 -1.2826e+000 +2.9340e+000 +1.3077e+000 +4.1599e-001 +2.3408e+000 +9.5869e-001 -1.4940e+000
2500 0 +2.560506171e+002 +2.935706171e+002 +2.935706171e+002 +6.7948e-001 -2.3065e+000 +2.2274e+000 -1.5026e+000 +3.0304e+000 +1.2663e+000 +5.0883e-001 +2.1315e+000 +8.5859e-001 -1.4125e+000
3116 0 +2.453219770e+002 +2.828419770e+002 +2.828419770e+002 +6.5754e-001 -2.2935e+000 +2.2625e+000 -1.4836e+000 +3.0099e+000 +1.2987e+000 +5.2076e-001 +2.1689e+000 +8.6544e-001 -1.4445e+000
3590 0 +1.797418072e+002 +2.172618072e+002 +2.172618072e+002 +6.6993e-001 -2.3803e+000 +2.3014e+000 -1.6366e+000 +2.9524e+000 +1.3201e+000 +6.4056e-001 +2.0410e+000 +8.8448e-001 -1.4363e+000
3902 0 +1.756091257e+002 +2.131291257e+002 +2.131291257e+002 +1.1114e+000 -2.3966e+000 +2.2271e+000 -1.7711e+000 +2.9309e+000 +1.3891e+000 +8.0298e-001 +1.6430e+000 +1.1489e+000 -1.6341e+000
3926 0 +1.464304286e+002 +1.839504286e+002 +1.839504286e+002 +6.8799e-001 -2.4240e+000 +2.3405e+000 -1.8052e+000 +2.9172e+000 +1.3420e+000 +7.5384e-001 +1.9035e+000 +9.0924e-001 -1.4256e+000
3990 0 +1.375832725e+002 +1.751032725e+002 +1.751032725e+002 +6.3019e-001 -2.5887e+000 +2.3800e+000 -1.9855e+000 +2.8953e+000 +1.3962e+000 +9.6491e-001 +1.8285e+000 +9.4246e-001 -1.3831e+000
4216 0 +1.147549437e+002 +1.522749437e+002 +1.522749437e+002 +5.1662e-001 -2.2549e+000 +2.6174e+000 -1.9734e+000 +2.7535e+000 +1.4930e+000 +9.5075e-001 +1.7215e+000 +1.0751e+000 -1.7426e+000
4263 0 +9.531012232e+001 +1.328301223e+002 +1.328301223e+002 +9.3531e-001 -2.5780e+000 +2.3851e+000 -2.0857e+000 +2.6800e+000 +1.4423e+000 +9.5590e-001 +1.7202e+000 +1.1999e+000 -1.3983e+000
4313 0 +9.054303968e+001 +1.280630397e+002 +1.280630397e+002 +8.2970e-001 -2.4997e+000 +2.4368e+000 -2.0107e+000 +2.6560e+000 +1.5301e+000 +1.0146e+000 +1.7590e+000 +1.3008e+000 -1.3828e+000
4615 0 +8.000048285e+001 +1.175204828e+002 +1.175204828e+002 +7.0492e-001 -2.4319e+000 +2.4253e+000 -1.9116e+000 +2.7448e+000 +1.5138e+000 +1.0583e+000 +1.7375e+000 +1.1952e+000 -1.4158e+000
5133 0 +7.371812834e+001 +1.112381283e+002 +1.112381283e+002 +6.2367e-001 -2.3594e+000 +2.4727e+000 -1.8342e+000 +2.7666e+000 +1.5864e+000 +1.1488e+000 +1.7814e+000 +1.2950e+000 -1.4228e+000
6327 0 +7.188130748e+001 +1.094013075e+002 +1.094013075e+002 +6.6727e-001 -2.3956e+000 +2.5363e+000 -1.7729e+000 +2.7716e+000 +1.5940e+000 +1.1635e+000 +1.8820e+000 +1.3588e+000 -1.4505e+000
6781 0 +7.015125020e+001 +1.076712502e+002 +1.076712502e+002 +7.6852e-001 -2.4378e+000 +2.5955e+000 -1.7970e+000 +2.7690e+000 +1.5282e+000 +1.2263e+000 +1.5484e+000 +1.3468e+000 -1.5635e+000
6793 0 +5.565726806e+001 +9.317726806e+001 +9.317726806e+001 +7.9170e-001 -2.2003e+000 +2.6736e+000 -1.8796e+000 +2.7509e+000 +1.3212e+000 +1.0503e+000 +1.8626e+000 +1.1430e+000 -1.3623e+000
6797 0 +5.436237099e+001 +9.188237099e+001 +9.188237099e+001 +6.3826e-001 -2.4282e+000 +2.5618e+000 -1.7979e+000 +2.6664e+000 +1.4797e+000 +1.2319e+000 +1.8076e+000 +1.4356e+000 -1.4301e+000
7002 0 +5.011780181e+001 +8.763780181e+001 +8.763780181e+001 +7.0879e-001 -2.4346e+000 +2.5610e+000 -1.8132e+000 +2.6287e+000 +1.4360e+000 +1.2442e+000 +1.7283e+000 +1.4860e+000 -1.4606e+000
7693 0 +4.038731461e+001 +7.790731461e+001 +7.790731461e+001 +7.7294e-001 -2.3265e+000 +2.6164e+000 -1.8507e+000 +2.6694e+000 +1.3606e+000 +1.1587e+000 +1.7622e+000 +1.3435e+000 -1.4238e+000
7727 0 +3.873455423e+001 +7.625455423e+001 +7.625455423e+001 +6.4389e-001 -2.3193e+000 +2.5592e+000 -1.8676e+000 +2.6466e+000 +1.3879e+000 +1.1754e+000 +1.7207e+000 +1.2876e+000 -1.4059e+000
7993 0 +3.684476784e+001 +7.436476784e+001 +7.436476784e+001 +6.9210e-001 -2.3105e+000 +2.5844e+000 -1.8710e+000 +2.6506e+000 +1.3618e+000 +1.1659e+000 +1.7296e+000 +1.2958e+000 -1.4077e+000
8026 0 +3.324743862e+001 +7.076743862e+001 +7.076743862e+001 +6.9010e-001 -2.3309e+000 +2.5736e+000 -1.8907e+000 +2.5757e+000 +1.3004e+000 +1.2053e+000 +1.6350e+000 +1.3439e+000 -1.4231e+000
8193 0 +3.281645681e+001 +7.033645681e+001 +7.033645681e+001 +7.1796e-001 -2.2689e+000 +2.6086e+000 -1.9203e+000 +2.6018e+000 +1.2569e+000 +1.1652e+000 +1.6663e+000 +1.2708e+000 -1.3958e+000
8302 0 +3.153934821e+001 +6.905934821e+001 +6.905934821e+001 +7.0183e-001 -2.2852e+000 +2.5844e+000 -1.9416e+000 +2.5389e+000 +1.2184e+000 +1.2029e+000 +1.5732e+000 +1.3100e+000 -1.4106e+000
9763 0 +2.874232880e+001 +6.626232880e+001 +6.626232880e+001 +6.5239e-001 -2.2149e+000 +2.5648e+000 -1.8101e+000 +2.6408e+000 +1.1386e+000 +1.1792e+000 +1.6533e+000 +1.2803e+000 -1.3433e+000
9902 0 +2.783263615e+001 +6.535263615e+001 +6.535263615e+001 +6.6134e-001 -2.2272e+000 +2.5689e+000 -1.8290e+000 +2.6232e+000 +1.1479e+000 +1.1837e+000 +1.6409e+000 +1.2873e+000 -1.3549e+000
% f evaluations | g evaluations | best noise-free fitness - Fopt (6.740000000000e+000) + sum g_i+ | measured fitness | best measured fitness or single-digit g-values | x1 | x2...
1 0 +2.377435148e+004 +2.378109148e+004 +2.378109148e+004 +0.0000e+000 +0.0000e+000 +0.0000e+000 +0.0000e+000 +0.0000e+000 +0.0000e+000 +0.0000e+000 +0.0000e+000 +0.0000e+000 +0.0000e+000
87 0 +1.102271863e+004 +1.102945863e+004 +1.102945863e+004 +1.1095e+000 -6.3747e-001 -3.3098e+000 +7.3183e-001 -4.8129e+000 -1.4660e+000 -5.7342e-001 +1.1152e-001 +3.2572e+000 +4.5416e+000
213 0 +2.820768190e+003 +2.827508190e+003 +2.827508190e+003 -1.7019e-001 +2.7217e-001 -2.9517e+000 +7.2097e-001 -5.1742e+000 -1.6836e+000 -9.5502e-001 +7.6066e-001 +1.9196e+000 +5.0000e+000
340 0 +2.521430653e+003 +2.528170653e+003 +2.528170653e+003 +1.8496e+000 -8.5438e-002 -1.2201e+000 +9.8538e-001 -2.8828e+000 -1.3994e+000 -3.3372e+000 -2.0131e-001 +2.2083e+000 +3.6639e+000
379 0 +1.493962139e+003 +1.500702139e+003 +1.500702139e+003 -6.1914e-001 +1.4334e+000 -1.2779e+000 +1.8658e+000 -3.4925e+000 -8.3871e-001 -1.2330e+000 +1.2100e+000 +4.7113e-001 +1.5332e+000
552 0 +1.397844541e+003 +1.404584541e+003 +1.404584541e+003 -2.3560e-001 +1.3458e+000 -1.3755e+000 +1.4408e+000 -3.8317e+000 -1.4773e-001 -9.0821e-001 +1.3514e+000 +6.4905e-001 +1.6274e+000
579 0 +1.200133259e+003 +1.206873259e+003 +1.206873259e+003 -1.1446e+000 +1.5026e+000 -1.3091e+000 +2.0743e+000 -2.7663e+000 -1.2901e+000 -8.5041e-001 +8.6876e-001 +1.2425e+000 +1.3685e+000
762 0 +8.669364336e+002 +8.736764336e+002 +8.736764336e+002 -3.3501e-001 +3.4671e-001 -2.0040e+000 +1.9707e+000 -3.6500e+000 -1.5854e+000 -1.3465e+000 +4.1157e-001 +1.7501e+000 +2.3554e+000
902 0 +7.953252702e+002 +8.020652702e+002 +8.020652702e+002 -1.5154e-001 +3.2135e-001 -1.9289e+000 +1.8256e+000 -3.7963e+000 -1.4355e+000 -1.4226e+000 +4.7749e-001 +1.5088e+000 +2.3766e+000
1239 0 +7.246502500e+002 +7.313902500e+002 +7.313902500e+002 -7.6764e-002 +3.6640e-001 -1.9068e+000 +1.7323e+000 -3.7907e+000 -1.2923e+000 -1.5101e+000 +5.8574e-001 +1.4834e+000 +2.4304e+000
1540 0 +4.991579026e+002 +5.058979026e+002 +5.058979026e+002 +7.0477e-001 +7.1467e-001 -9.4078e-001 +1.5733e+000 -3.0409e+000 -7.9949e-001 -2.4894e+000 +8.8960e-001 +1.4878e+000 +1.8838e+000
1814 0 +4.869536211e+002 +4.936936211e+002 +4.936936211e+002 +4.3519e-001 +5.0805e-001 -1.0665e+000 +1.7079e+000 -3.0455e+000 -9.3059e-001 -2.3187e+000 +8.9464e-001 +1.4281e+000 +1.9290e+000
2088 0 +3.878156697e+002 +3.945556697e+002 +3.945556697e+002 -1.4772e-001 +3.3607e-001 -1.5162e+000 +1.8346e+000 -3.2652e+000 -9.3410e-001 -2.0454e+000 +1.1276e+000 +1.5680e+000 +2.3477e+000
2416 0 +3.550935719e+002 +3.618335719e+002 +3.618335719e+002 +3.3848e-001 +7.8369e-001 -1.8931e+000 +1.3886e+000 -3.6332e+000 -6.3664e-001 -2.0488e+000 +1.0494e+000 +1.5377e+000 +2.0545e+000
2763 0 +3.458219939e+002 +3.525619939e+002 +3.525619939e+002 +3.0904e-001 +5.7576e-001 -1.5581e+000 +1.5418e+000 -3.7419e+000 -6.3908e-001 -2.1456e+000 +1.0878e+000 +1.6486e+000 +2.0079e+000
3231 0 +3.297254415e+002 +3.364654415e+002 +3.364654415e+002 -2.6828e-001 +1.2118e+000 -1.4975e+000 +2.0948e+000 -3.0653e+000 -5.5071e-001 -1.5505e+000 +1.1743e+000 +1.4030e+000 +1.7323e+000
3500 0 +2.125965391e+002 +2.193365391e+002 +2.193365391e+002 -4.0004e-001 +1.4180e+000 -1.2793e+000 +2.0758e+000 -2.6618e+000 -2.6028e-001 -1.7888e+000 +1.4603e+000 +1.5749e+000 +1.2089e+000
3866 0 +1.900281212e+002 +1.967681212e+002 +1.967681212e+002 -5.4654e-001 +1.5363e+000 -1.1813e+000 +2.0940e+000 -2.7479e+000 -1.6240e-001 -1.8700e+000 +1.5302e+000 +1.4007e+000 +9.4450e-001
4411 0 +1.858003450e+002 +1.925403450e+002 +1.925403450e+002 -5.6337e-001 +1.1609e+000 -1.0267e+000 +2.1190e+000 -2.5673e+000 -2.7215e-001 -1.6318e+000 +1.4234e+000 +1.6511e+000 +1.6257e+000
4527 0 +1.766505272e+002 +1.833905272e+002 +1.833905272e+002 -3.2575e-001 +1.1055e+000 -1.3778e+000 +1.9771e+000 -2.8262e+000 -4.3396e-001 -1.6414e+000 +1.3838e+000 +1.5927e+000 +1.7079e+000
4544 0 +1.549580431e+002 +1.616980431e+002 +1.616980431e+002 -8.4562e-001 +1.4399e+000 -1.3082e+000 +2.2296e+000 -2.7773e+000 -2.9452e-001 -1.5488e+000 +1.4522e+000 +1.5791e+000 +1.3740e+000
4927 0 +1.491071704e+002 +1.558471704e+002 +1.558471704e+002 -6.8897e-001 +1.3865e+000 -1.3630e+000 +2.1001e+000 -2.8460e+000 -3.0140e-001 -1.6016e+000 +1.4169e+000 +1.5649e+000 +1.4808e+000
5037 0 +1.386824733e+002 +1.454224733e+002 +1.454224733e+002 -6.7416e-001 +1.2182e+000 -1.1436e+000 +2.1756e+000 -2.6165e+000 -3.5631e-001 -1.5345e+000 +1.4879e+000 +1.5477e+000 +1.6152e+000
5927 0 +1.360901802e+002 +1.428301802e+002 +1.428301802e+002 -7.8852e-001 +1.3392e+000 -1.2250e+000 +2.2337e+000 -2.6890e+000 -3.2929e-001 -1.5312e+000 +1.4744e+000 +1.5723e+000 +1.4632e+000
7174 0 +1.291642384e+002 +1.359042384e+002 +1.359042384e+002 -8.0885e-001 +1.3632e+000 -1.2270e+000 +2.2277e+000 -2.6720e+000 -3.0384e-001 -1.5150e+000 +1.4941e+000 +1.5714e+000 +1.4380e+000
7276 0 +1.266097020e+002 +1.333497020e+002 +1.333497020e+002 -7.6245e-001 +1.3665e+000 -1.2320e+000 +2.1878e+000 -2.6872e+000 -3.2677e-001 -1.5376e+000 +1.4873e+000 +1.5679e+000 +1.4263e+000
8074 0 +1.173064270e+002 +1.240464270e+002 +1.240464270e+002 -8.2678e-001 +1.3628e+000 -1.2040e+000 +2.2120e+000 -2.5944e+000 -2.6274e-001 -1.4509e+000 +1.5706e+000 +1.5916e+000 +1.4292e+000
8858 0 +1.054013303e+002 +1.121413303e+002 +1.121413303e+002 -6.0967e-001 +1.2968e+000 -1.2541e+000 +2.1660e+000 -2.7222e+000 -2.1799e-001 -1.5455e+000 +1.5742e+000 +1.5014e+000 +1.4948e+000
9000 0 +1.024499277e+002 +1.091899277e+002 +1.091899277e+002 -7.2847e-001 +1.3394e+000 -1.2279e+000 +2.1889e+000 -2.6619e+000 -2.5366e-001 -1.5076e+000 +1.5603e+000 +1.5507e+000 +1.4491e+000
9858 0 +1.017346519e+002 +1.084746519e+002 +1.084746519e+002 -6.6758e-001 +1.3394e+000 -1.2385e+000 +2.1836e+000 -2.6849e+000 -2.1960e-001 -1.5345e+000 +1.5818e+000 +1.5113e+000 +1.4653e+000
10009 0 +9.504855634e+001 +1.017885563e+002 +1.017885563e+002 -7.2102e-001 +1.3777e+000 -1.2552e+000 +2.1953e+000 -2.6705e+000 -1.9806e-001 -1.4882e+000 +1.5917e+000 +1.5305e+000 +1.4410e+000
% f evaluations | g evaluations | best noise-free fitness - Fopt (-1.897900000000e+002) + sum g_i+ | measured fitness | best measured fitness or single-digit g-values | x1 | x2...
1 0 +7.922827911e+003 +7.733037911e+003 +7.733037911e+003 +0.0000e+000 +0.0000e+000 +0.0000e+000 +0.0000e+000 +0.0000e+000 +0.0000e+000 +0.0000e+000 +0.0000e+000 +0.0000e+000 +0.0000e+000
202 0 +3.112343292e+003 +2.922553292e+003 +2.922553292e+003 -3.2046e+000 +3.0481e+000 +1.8542e+000 -1.0697e+000 +3.1805e+000 +1.4737e+000 -5.7685e-001 +1.9048e+000 +8.6143e-001 +5.2505e-001
270 0 +2.999713638e+003 +2.809923638e+003 +2.809923638e+003 -2.7019e+000 +1.5518e+000 +6.7260e-001 -1.6227e+000 +1.5056e+000 +7.4301e-001 +8.6466e-001 -5.1320e-001 +2.0224e+000 -6.6127e-001
308 0 +2.315238449e+003 +2.125448449e+003 +2.125448449e+003 -1.1624e+000 +1.4951e+000 +7.9591e-001 -4.9229e-001 -1.6477e-001 -4.5353e-001 -1.6767e-001 +3.1524e-001 +2.6650e+000 +1.1266e+000
382 0 +2.157199215e+003 +1.967409215e+003 +1.967409215e+003 -1.8697e+000 +2.2067e+000 +1.0321e+000 -1.1902e+000 +1.3989e+000 +2.8906e-001 -3.8635e-001 -5.7015e-002 +1.6274e+000 -3.9351e-001
423 0 +1.697000123e+003 +1.507210123e+003 +1.507210123e+003 -2.0549e+000 +1.8181e+000 +8.6633e-001 -2.4033e+000 +1.3095e+000 -4.7583e-001 -4.4505e-001 +1.5183e-001 +2.4707e+000 -1.0879e+000
701 0 +1.071227594e+003 +8.814375940e+002 +8.814375940e+002 -1.8763e+000 +8.8245e-001 +1.4586e+000 -2.4729e+000 +5.3937e-001 +2.0820e-001 -7.1746e-001 +8.0230e-001 +2.0388e+000 -4.4279e-001
782 0 +4.862300244e+002 +2.964400244e+002 +2.964400244e+002 -2.2475e+000 +1.7254e+000 +1.2359e+000 -1.6684e+000 +9.8426e-001 +5.3600e-001 -2.2446e-001 +6.6068e-001 +2.1014e+000 -4.7362e-002
1077 0 +2.824314175e+002 +9.264141750e+001 +9.264141750e+001 -1.4217e+000 +9.1096e-001 +1.5565e+000 -2.4480e+000 +1.0641e+000 +4.2397e-001 -3.3230e-001 +1.9843e+000 +7.5740e-001 -8.3530e-001
1192 0 +2.636976622e+002 +7.390766223e+001 +7.390766223e+001 -1.2300e+000 +1.1463e+000 +1.5089e+000 -2.4622e+000 +1.2531e+000 -5.9878e-001 +2.7009e-001 +1.5409e+000 +1.0009e+000 -1.0504e+000
1677 0 +2.254232576e+002 +3.563325764e+001 +3.563325764e+001 -1.6844e+000 +1.3117e+000 +1.2690e+000 -1.9495e+000 +1.3106e+000 -2.2553e-001 +1.7059e-001 +1.0443e+000 +1.4215e+000 -6.9476e-001
1761 0 +1.564934199e+002 -3.329658011e+001 -3.329658011e+001 -2.1604e+000 +1.7277e+000 +1.5803e+000 -1.6374e+000 +9.2120e-001 -2.0873e-001 +4.9064e-001 +9.0241e-001 +2.0191e+000 -4.0142e-001
1812 0 +1.488897651e+002 -4.090023494e+001 -4.090023494e+001 -1.9119e+000 +1.4709e+000 +1.7826e+000 -2.2750e+000 +1.3615e+000 -7.9618e-002 +3.3884e-001 +1.0133e+000 +1.7150e+000 -6.3172e-001
2083 0 +1.454604956e+002 -4.432950440e+001 -4.432950440e+001 -2.0086e+000 +1.5622e+000 +1.7284e+000 -2.1514e+000 +1.4971e+000 -8.1628e-002 +3.2797e-001 +1.0076e+000 +1.7658e+000 -6.0356e-001
2452 0 +1.210589757e+002 -6.873102434e+001 -6.873102434e+001 -2.2179e+000 +1.4322e+000 +1.7360e+000 -2.1192e+000 +1.3069e+000 -4.8318e-002 +3.0318e-001 +1.0644e+000 +1.8940e+000 -5.0844e-001
2761 0 +1.141557300e+002 -7.563426996e+001 -7.563426996e+001 -2.2427e+000 +1.5465e+000 +1.6570e+000 -1.8630e+000 +1.1372e+000 -9.3419e-002 +3.7967e-001 +9.8384e-001 +1.9788e+000 -4.1671e-001
3360 0 +1.054058110e+002 -8.438418898e+001 -8.438418898e+001 -2.1890e+000 +1.5832e+000 +1.6710e+000 -1.8940e+000 +1.1970e+000 -8.8629e-002 +4.2457e-001 +1.0304e+000 +1.9805e+000 -4.0818e-001
4021 0 +1.005529228e+002 -8.923707720e+001 -8.923707720e+001 -2.2617e+000 +1.6061e+000 +1.7802e+000 -1.8012e+000 +1.1713e+000 +3.2687e-002 +4.9703e-001 +1.1333e+000 +2.0313e+000 -1.8747e-001
5599 0 +9.946259937e+001 -9.032740063e+001 -9.032740063e+001 -2.2557e+000 +1.6067e+000 +1.7662e+000 -1.8256e+000 +1.1745e+000 +9.0777e-003 +4.7885e-001 +1.1047e+000 +2.0364e+000 -2.2675e-001
5832 0 +8.861385725e+001 -1.011761428e+002 -1.011761428e+002 -2.0235e+000 +1.5151e+000 +1.7767e+000 -2.0144e+000 +1.3356e+000 -1.6337e-002 +3.5485e-001 +1.1506e+000 +1.8385e+000 -8.7454e-001
6054 0 +8.187411013e+001 -1.079158899e+002 -1.079158899e+002 -2.0738e+000 +1.4853e+000 +1.8474e+000 -2.0138e+000 +1.2875e+000 -1.7883e-002 +3.9533e-001 +1.2215e+000 +1.8280e+000 -8.3410e-001
6531 0 +7.827299841e+001 -1.115170016e+002 -1.115170016e+002 -2.1780e+000 +1.5272e+000 +1.8689e+000 -2.1110e+000 +1.2326e+000 +3.5745e-002 +4.6605e-001 +1.2015e+000 +1.7850e+000 -1.0163e+000
6780 0 +7.631215676e+001 -1.134778432e+002 -1.134778432e+002 -2.1923e+000 +1.5015e+000 +1.8486e+000 -2.1094e+000 +1.2463e+000 -1.2983e-002 +4.7238e-001 +1.2370e+000 +1.7636e+000 -1.0860e+000
7522 0 +7.326392202e+001 -1.165260780e+002 -1.165260780e+002 -2.1826e+000 +1.6566e+000 +1.9277e+000 -2.0534e+000 +1.3519e+000 +3.8826e-002 +5.5251e-001 +1.2488e+000 +1.7463e+000 -1.0045e+000
7697 0 +7.195605694e+001 -1.178339431e+002 -1.178339431e+002 -2.1890e+000 +1.5957e+000 +1.9200e+000 -2.0873e+000 +1.2807e+000 +3.9413e-002 +5.7173e-001 +1.2670e+000 +1.7354e+000 -9.9736e-001
7820 0 +7.016258420e+001 -1.196274158e+002 -1.196274158e+002 -2.1103e+000 +1.5955e+000 +1.8962e+000 -2.0720e+000 +1.2800e+000 -1.0312e-001 +5.5522e-001 +1.2829e+000 +1.6193e+000 -1.2336e+000
8878 0 +5.873133134e+001 -1.310586687e+002 -1.310586687e+002 -2.2393e+000 +1.5085e+000 +1.8625e+000 -2.0131e+000 +1.2408e+000 -1.9681e-003 +5.9406e-001 +1.3978e+000 +1.6590e+000 -1.0216e+000
9120 0 +5.625274269e+001 -1.335372573e+002 -1.335372573e+002 -2.2532e+000 +1.4906e+000 +1.8556e+000 -2.0120e+000 +1.2358e+000 -4.6601e-003 +5.9966e-001 +1.4275e+000 +1.6346e+000 -1.0642e+000
9197 0 +5.490671357e+001 -1.348832864e+002 -1.348832864e+002 -2.2865e+000 +1.4230e+000 +1.8511e+000 -1.9858e+000 +1.1700e+000 -4.2081e-003 +6.4726e-001 +1.5434e+000 +1.5698e+000 -1.0559e+000
9320 0 +5.289821956e+001 -1.368917804e+002 -1.368917804e+002 -2.2550e+000 +1.4560e+000 +1.8575e+000 -2.0054e+000 +1.1968e+000 -2.4610e-002 +6.2664e-001 +1.4939e+000 +1.5746e+000 -1.1135e+000
9420 0 +4.966398373e+001 -1.401260163e+002 -1.401260163e+002 -2.1876e+000 +1.4665e+000 +1.8754e+000 -2.0375e+000 +1.1853e+000 -1.0748e-001 +6.2999e-001 +1.5049e+000 +1.4747e+000 -1.3344e+000
9633 0 +4.838893366e+001 -1.414010663e+002 -1.414010663e+002 -2.1281e+000 +1.4011e+000 +1.7887e+000 -2.0543e+000 +1.1668e+000 -1.1221e-001 +6.2903e-001 +1.4841e+000 +1.4531e+000 -1.2593e+000
% f evaluations | g evaluations | best noise-free fitness - Fopt (-2.774000000000e+001) + sum g_i+ | measured fitness | best measured fitness or single-digit g-values | x1 | x2...
1 0 +2.963792506e+004 +2.961018506e+004 +2.961018506e+004 +0.0000e+000 +0.0000e+000 +0.0000e+000 +0.0000e+000 +0.0000e+000 +0.0000e+000 +0.0000e+000 +0.0000e+000 +0.0000e+000 +0.0000e+000
54 0 +2.052266873e+004 +2.049492873e+004 +2.049492873e+004 +1.2495e+000 -3.6689e+000 -2.9531e+000 -2.2658e+000 -2.0144e+000 -3.4142e+000 -3.0933e+000 +3.8273e-003 -3.9413e+000 +4.1799e+000
204 0 +1.081114827e+004 +1.078340827e+004 +1.078340827e+004 +3.2564e-001 -3.2600e+000 -1.4706e+000 -1.8248e+000 -2.2092e+000 -2.8934e+000 -1.5178e+000 -9.8275e-002 -3.2032e+000 +5.0000e+000
228 0 +8.629987442e+003 +8.602247442e+003 +8.602247442e+003 +1.9530e+000 -1.8570e+000 -3.3883e+000 -1.3652e+000 -1.0318e+000 -2.5560e+000 -1.8434e+000 +3.5567e-001 -4.1328e+000 +3.6924e+000
256 0 +1.619505021e+003 +1.591765021e+003 +1.591765021e+003 -1.4091e+000 -4.3913e+000 -2.1352e+000 +2.4125e-001 -5.2473e-001 -1.2215e+000 -9.3353e-001 -7.3725e-003 -2.3674e+000 +8.2114e-001
387 0 +1.133748116e+003 +1.106008116e+003 +1.106008116e+003 -1.1051e+000 -3.7055e+000 -1.6080e+000 -2.4339e-001 -5.3872e-001 -6.3225e-001 +2.7714e-001 -1.3382e+000 -2.1654e+000 -2.4201e-001
454 0 +9.417167186e+002 +9.139767186e+002 +9.139767186e+002 +4.1775e-002 -3.4725e+000 -2.1022e+000 -1.2601e+000 -1.1787e+000 -1.8636e+000 -9.6519e-001 -1.2859e+000 -3.0342e+000 +8.3413e-001
498 0 +5.031544888e+002 +4.754144888e+002 +4.754144888e+002 -1.0616e+000 -4.3863e+000 -2.1344e+000 -6.8264e-001 -3.5627e-001 -1.2067e+000 -4.0605e-001 -1.4849e+000 -2.1651e+000 +2.0423e+000
985 0 +4.274149452e+002 +3.996749452e+002 +3.996749452e+002 -5.3087e-001 -4.1149e+000 -1.3750e+000 -6.2562e-001 -2.2032e-001 -1.0669e+000 -1.9471e-001 -2.2379e+000 -2.4689e+000 +1.5952e+000
1047 0 +3.628645507e+002 +3.351245507e+002 +3.351245507e+002 -7.1325e-001 -4.4609e+000 -1.6071e+000 -3.9331e-001 -3.9736e-001 -1.2833e+000 -3.2303e-001 -2.4627e+000 -2.4875e+000 +1.4254e+000
1708 0 +3.362375655e+002 +3.084975655e+002 +3.084975655e+002 -9.1152e-002 -3.7216e+000 -1.6900e+000 -6.9823e-001 -4.9846e-001 -1.0794e+000 -7.6339e-001 -1.2640e+000 -2.2996e+000 +2.0190e+000
1719 0 +2.706574781e+002 +2.429174781e+002 +2.429174781e+002 -6.1325e-001 -3.7870e+000 -2.1174e+000 -1.0072e+000 -3.9958e-001 -1.1261e+000 -5.6465e-001 -1.3796e+000 -2.6483e+000 +2.0577e+000
1998 0 +2.510807918e+002 +2.233407918e+002 +2.233407918e+002 -8.2343e-001 -3.6090e+000 -1.8835e+000 -7.6143e-001 -4.7205e-001 -8.2060e-001 -3.3797e-001 -1.1964e+000 -2.4043e+000 +2.1276e+000
2181 0 +2.453511379e+002 +2.176111379e+002 +2.176111379e+002 -7.2976e-001 -3.6612e+000 -1.9560e+000 -7.9214e-001 -4.3488e-001 -8.7897e-001 -3.5305e-001 -1.3065e+000 -2.4853e+000 +2.1211e+000
2476 0 +2.316538716e+002 +2.039138716e+002 +2.039138716e+002 -6.4491e-001 -3.6625e+000 -2.1077e+000 -9.4238e-001 -4.7118e-001 -7.6765e-001 -2.8600e-001 -1.1777e+000 -2.6254e+000 +2.1166e+000
3195 0 +2.050892980e+002 +1.773492980e+002 +1.773492980e+002 -7.2900e-001 -3.6620e+000 -2.1342e+000 -7.8220e-001 -3.7273e-001 -9.1310e-001 -3.2785e-001 -1.1550e+000 -2.5226e+000 +2.0578e+000
3698 0 +2.008652771e+002 +1.731252771e+002 +1.731252771e+002 -7.9072e-001 -3.5039e+000 -2.0039e+000 -5.7994e-001 -4.5842e-001 -6.8704e-001 -3.6837e-002 -1.1896e+000 -2.5988e+000 +1.7179e+000
3798 0 +1.905243345e+002 +1.627843345e+002 +1.627843345e+002 -7.9943e-001 -3.5275e+000 -2.0677e+000 -5.7183e-001 -4.2938e-001 -7.3419e-001 -9.2764e-002 -1.1953e+000 -2.6220e+000 +1.6901e+000
3898 0 +1.843896312e+002 +1.566496312e+002 +1.566496312e+002 -8.0728e-001 -3.5486e+000 -2.1250e+000 -5.6454e-001 -4.0324e-001 -7.7664e-001 -1.4310e-001 -1.2005e+000 -2.6429e+000 +1.6651e+000
3983 0 +1.548538073e+002 +1.271138073e+002 +1.271138073e+002 -1.1204e+000 -3.3462e+000 -2.2400e+000 -6.9400e-001 -3.8367e-001 -5.8936e-001 -1.3344e-001 -7.7648e-001 -2.3756e+000 +1.6458e+000
4628 0 +1.462838576e+002 +1.185438576e+002 +1.185438576e+002 -1.1021e+000 -3.2944e+000 -2.2963e+000 -7.0237e-001 -3.8679e-001 -6.7099e-001 -2.0379e-001 -6.9576e-001 -2.3751e+000 +1.6875e+000
4747 0 +1.368952127e+002 +1.091552127e+002 +1.091552127e+002 -9.2018e-001 -3.3223e+000 -2.2659e+000 -8.5445e-001 -3.8025e-001 -6.3904e-001 -1.5884e-001 -6.9772e-001 -2.4637e+000 +1.9043e+000
5459 0 +1.315204921e+002 +1.037804921e+002 +1.037804921e+002 -6.4083e-001 -3.2308e+000 -2.4531e+000 -1.0493e+000 -3.1668e-001 -7.9573e-001 +3.0487e-001 -5.0474e-001 -2.7281e+000 +1.3392e+000
5576 0 +1.014951722e+002 +7.375517224e+001 +7.375517224e+001 -8.5603e-001 -3.3177e+000 -2.2616e+000 -8.3306e-001 -2.8795e-001 -9.3591e-001 +1.0002e-001 -7.8830e-001 -2.5172e+000 +1.2806e+000
5747 0 +9.851174846e+001 +7.077174846e+001 +7.077174846e+001 -9.0142e-001 -3.3446e+000 -2.3775e+000 -8.1843e-001 -3.5978e-001 -8.8393e-001 +6.5970e-002 -7.2781e-001 -2.5456e+000 +1.3144e+000
5776 0 +9.117311942e+001 +6.343311942e+001 +6.343311942e+001 -8.0508e-001 -3.2837e+000 -2.3614e+000 -8.8085e-001 -2.9793e-001 -8.8354e-001 +2.5998e-001 -6.8498e-001 -2.6166e+000 +1.1051e+000
7847 0 +8.897782600e+001 +6.123782600e+001 +6.123782600e+001 -8.2518e-001 -3.2814e+000 -2.3962e+000 -8.4203e-001 -3.1862e-001 -8.7862e-001 +1.8512e-001 -6.8356e-001 -2.6060e+000 +1.1272e+000
% f evaluations | g evaluations | best noise-free fitness - Fopt (6.930000000000e+000) + sum g_i+ | measured fitness | best measured fitness or single-digit g-values | x1 | x2...
1 0 +2.725965181e+004 +2.726658181e+004 +2.726658181e+004 +0.0000e+000 +0.0000e+000 +0.0000e+000 +0.0000e+000 +0.0000e+000 +0.0000e+000 +0.0000e+000 +0.0000e+000 +0.0000e+000 +0.0000e+000
205 0 +1.133516684e+004 +1.134209684e+004 +1.134209684e+004 +8.2656e-001 +4.7080e-001 +9.5267e-001 +8.9597e-003 -3.8309e-001 +2.7065e+000 -2.3803e+000 -3.5614e-001 -2.2278e+000 -2.3142e+000
426 0 +6.412026288e+003 +6.418956288e+003 +6.418956288e+003 +7.1134e-001 -1.2611e+000 -5.6406e-001 -1.7496e+000 +3.9924e-001 +8.7483e-001 -2.4576e+000 -1.4845e+000 -2.1421e+000 -2.6225e+000
555 0 +4.220259885e+003 +4.227189885e+003 +4.227189885e+003 +4.3200e-001 -2.9833e-001 -5.6546e-001 -1.2507e+000 +8.8662e-001 +2.4876e+000 -2.7480e+000 -2.1483e-001 -2.0066e+000 -4.0085e+000
590 0 +4.098019582e+003 +4.104949582e+003 +4.104949582e+003 -1.8208e+000 +9.2505e-001 +5.0520e-001 -1.5123e+000 +6.3309e-001 +2.1622e+000 -4.9044e+000 -5.9913e-001 -3.0743e+000 -1.6442e+000
620 0 +2.555996804e+003 +2.562926804e+003 +2.562926804e+003 -8.2332e-001 -5.8782e-001 -2.6180e-001 -2.1455e+000 +8.7711e-001 +5.0451e-001 -4.0167e+000 -1.7252e+000 -3.1292e+000 -1.8983e+000
654 0 +2.151381270e+003 +2.158311270e+003 +2.158311270e+003 -1.4214e+000 +1.1870e+000 -9.2801e-002 -9.0603e-001 +6.3192e-001 +2.6040e+000 -3.4193e+000 -3.8381e-001 -1.9515e+000 -1.8994e+000
704 0 +1.984482330e+003 +1.991412330e+003 +1.991412330e+003 -1.2915e+000 +1.0986e+000 -1.1530e-001 -7.1087e-001 +7.3807e-001 +2.4734e+000 -3.4054e+000 -6.1197e-001 -2.1299e+000 -2.0262e+000
871 0 +1.112222431e+003 +1.119152431e+003 +1.119152431e+003 -7.7589e-001 +1.2435e+000 -3.7104e-001 -7.8054e-001 +1.1932e+000 +2.1844e+000 -3.1421e+000 -5.1118e-001 -2.0463e+000 -2.2431e+000
903 0 +1.012600092e+003 +1.019530092e+003 +1.019530092e+003 -1.0737e+000 +6.8891e-001 -6.1766e-001 -1.2026e+000 +1.5149e+000 +2.2467e+000 -3.1328e+000 -5.3760e-001 -2.3046e+000 -1.9617e+000
1071 0 +9.859060714e+002 +9.928360714e+002 +9.928360714e+002 -7.0770e-001 +1.2843e+000 -5.3817e-001 -9.0714e-001 +1.4938e+000 +2.1216e+000 -2.9937e+000 -4.4679e-001 -2.0336e+000 -2.1982e+000
1570 0 +9.446774453e+002 +9.516074453e+002 +9.516074453e+002 -1.4354e+000 +4.5741e-001 -2.9298e-001 -1.5399e+000 +9.8545e-001 +1.9866e+000 -3.3745e+000 -4.3240e-001 -2.2543e+000 -1.9619e+000
1581 0 +8.610393757e+002 +8.679693757e+002 +8.679693757e+002 -9.1110e-001 +1.3641e+000 -5.0020e-001 -1.0735e+000 +1.3345e+000 +2.0148e+000 -3.3493e+000 -6.4260e-001 -1.8626e+000 -2.0527e+000
2023 0 +7.487230311e+002 +7.556530311e+002 +7.556530311e+002 -9.1715e-001 +1.3179e+000 -4.3806e-001 -9.2840e-001 +1.1511e+000 +1.7952e+000 -3.4229e+000 -7.8075e-001 -2.1477e+000 -1.9859e+000
2528 0 +7.343580427e+002 +7.412880427e+002 +7.412880427e+002 -9.5141e-001 +1.3115e+000 -4.3535e-001 -9.3385e-001 +1.1115e+000 +1.7670e+000 -3.3962e+000 -8.0247e-001 -2.0815e+000 -1.9577e+000
2656 0 +7.048294257e+002 +7.117594257e+002 +7.117594257e+002 -9.2671e-001 +1.2725e+000 -4.8001e-001 -1.0163e+000 +1.1830e+000 +1.7563e+000 -3.4550e+000 -8.3433e-001 -2.1621e+000 -1.9654e+000
3115 0 +6.714590488e+002 +6.783890488e+002 +6.783890488e+002 -7.4446e-001 +1.3382e+000 -9.2089e-001 -1.2031e+000 +1.2283e+000 +1.4146e+000 -3.4756e+000 -5.9934e-001 -2.8155e+000 -1.5181e+000
3650 0 +6.341705501e+002 +6.411005501e+002 +6.411005501e+002 -1.2968e+000 +1.0228e+000 -5.1805e-001 -1.4273e+000 +8.6091e-001 +1.0480e+000 -3.0635e+000 -7.8952e-001 -1.5190e+000 -1.1328e+000
3727 0 +5.253030117e+002 +5.322330117e+002 +5.322330117e+002 -1.3741e+000 +1.7063e+000 -6.1828e-001 -1.0510e+000 +1.1938e+000 +1.4496e+000 -3.2821e+000 -6.8192e-001 -1.9898e+000 -1.2346e+000
3815 0 +4.808817979e+002 +4.878117979e+002 +4.878117979e+002 -1.2072e+000 +1.6156e+000 -9.8956e-001 -1.3387e+000 +1.1136e+000 +9.4595e-001 -3.1926e+000 -4.8290e-001 -2.3249e+000 -7.9794e-001
4159 0 +3.305476457e+002 +3.374776457e+002 +3.374776457e+002 -8.6755e-001 +1.3232e+000 -9.1049e-001 -1.5486e+000 +1.0161e+000 +1.0713e+000 -3.5908e+000 -6.6469e-001 -2.1963e+000 -1.1686e+000
4364 0 +3.076785886e+002 +3.146085886e+002 +3.146085886e+002 -1.0263e+000 +1.3351e+000 -8.4616e-001 -1.4435e+000 +7.1436e-001 +8.6807e-001 -3.4137e+000 -5.6116e-001 -2.3430e+000 -1.2025e+000
4490 0 +1.572857451e+002 +1.642157451e+002 +1.642157451e+002 -1.2202e+000 +1.2600e+000 -5.9132e-001 -1.4684e+000 +7.9799e-001 +1.0836e+000 -3.3863e+000 -6.5237e-001 -2.1265e+000 +5.8768e-001
4515 0 +1.525225835e+002 +1.594525835e+002 +1.594525835e+002 -1.1911e+000 +1.2702e+000 -5.2760e-001 -1.4907e+000 +7.4623e-001 +1.1266e+000 -3.5078e+000 -6.9476e-001 -1.9041e+000 -1.1377e-002
4627 0 +1.275629318e+002 +1.344929318e+002 +1.344929318e+002 -8.7769e-001 +1.0568e+000 -6.9564e-001 -1.6475e+000 +7.4617e-001 +1.0405e+000 -3.6310e+000 -7.1621e-001 -2.1476e+000 -2.5677e-001
6129 0 +1.017247520e+002 +1.086547520e+002 +1.086547520e+002 -8.8376e-001 +1.0892e+000 -6.9288e-001 -1.5951e+000 +6.9572e-001 +9.7972e-001 -3.6302e+000 -6.6944e-001 -2.2095e+000 -9.8779e-002
6263 0 +9.927739484e+001 +1.062073948e+002 +1.062073948e+002 -8.7987e-001 +1.1014e+000 -7.6285e-001 -1.6001e+000 +7.4580e-001 +9.9672e-001 -3.5656e+000 -6.6492e-001 -2.2132e+000 -1.3679e-001
6720 0 +6.342210663e+001 +7.035210663e+001 +7.035210663e+001 -8.1507e-001 +1.3257e+000 -8.4276e-001 -1.3930e+000 +8.1464e-001 +1.2952e+000 -3.3756e+000 -4.1912e-001 -1.9748e+000 -1.2058e-001
6924 0 +6.249872298e+001 +6.942872298e+001 +6.942872298e+001 -8.1593e-001 +1.3041e+000 -8.2577e-001 -1.4020e+000 +8.0687e-001 +1.2892e+000 -3.3839e+000 -4.4774e-001 -1.9808e+000 -1.2661e-001
7163 0 +6.154153840e+001 +6.847153840e+001 +6.847153840e+001 -8.4042e-001 +1.2662e+000 -8.1074e-001 -1.4494e+000 +7.9290e-001 +1.2163e+000 -3.4244e+000 -4.8526e-001 -2.0423e+000 -9.8300e-002
8236 0 +5.612956367e+001 +6.305956367e+001 +6.305956367e+001 -8.1631e-001 +1.1484e+000 -8.7306e-001 -1.4775e+000 +6.4568e-001 +1.4613e+000 -3.6230e+000 -5.1225e-001 -2.1900e+000 +2.8726e-003
8377 0 +4.119452558e+001 +4.812452558e+001 +4.812452558e+001 -8.3262e-001 +1.1472e+000 -9.5687e-001 -1.5930e+000 +7.5098e-001 +1.4351e+000 -3.4791e+000 -4.7230e-001 -2.2072e+000 +2.8666e-002
8493 0 +3.948197841e+001 +4.641197841e+001 +4.641197841e+001 -8.3662e-001 +1.1657e+000 -9.3655e-001 -1.5642e+000 +7.6267e-001 +1.3975e+000 -3.4468e+000 -4.6331e-001 -2.1731e+000 +3.7336e-002
8829 0 +3.833153206e+001 +4.526153206e+001 +4.526153206e+001 -8.0930e-001 +1.1595e+000 -9.2619e-001 -1.4853e+000 +6.6315e-001 +1.3802e+000 -3.5273e+000 -4.2923e-001 -2.2740e+000 +1.7387e-001
9193 0 +3.612153877e+001 +4.305153877e+001 +4.305153877e+001 -8.2418e-001 +1.1444e+000 -9.4414e-001 -1.5161e+000 +6.9733e-001 +1.3893e+000 -3.4703e+000 -4.2416e-001 -2.2479e+000 +1.9562e-001
9720 0 +3.516346071e+001 +4.209346071e+001 +4.209346071e+001 -8.2199e-001 +1.2103e+000 -9.1278e-001 -1.5100e+000 +7.5076e-001 +1.4037e+000 -3.4412e+000 -4.2271e-001 -2.1248e+000 +8.0015e-002
% f evaluations | g evaluations | best noise-free fitness - Fopt (-4.456000000000e+001) + sum g_i+ | measured fitness | best measured fitness or single-digit g-values | x1 | x2...
1 0 +3.579033187e+004 +3.574577187e+004 +3.574577187e+004 +0.0000e+000 +0.0000e+000 +0.0000e+000 +0.0000e+000 +0.0000e+000 +0.0000e+000 +0.0000e+000 +0.0000e+000 +0.0000e+000 +0.0000e+000
8 0 +2.901312219e+004 +2.896856219e+004 +2.896856219e+004 +3.3517e+000 -1.8652e+000 +3.5531e+000 -3.5293e+000 -6.1388e-001 +1.9992e+000 -2.0337e+000 +9.8922e-001 -2.1974e+000 +2.9427e+000
213 0 +2.314014646e+004 +2.309558646e+004 +2.309558646e+004 -5.9366e-001 +8.6095e-002 +3.3356e+000 -3.9307e+000 -1.5014e-001 +9.5915e-001 +1.8592e+000 +1.9610e+000 -3.6661e+000 -5.0000e+000
220 0 +1.925989273e+004 +1.921533273e+004 +1.921533273e+004 +3.2672e+000 -2.6430e+000 +1.1847e+000 -2.5255e+000 -5.3033e-001 +1.9677e+000 -1.3496e+000 -1.5517e-001 -1.2679e+000 +3.0141e+000
221 0 +1.182382531e+004 +1.177926531e+004 +1.177926531e+004 +2.2651e+000 -1.5728e+000 +3.2365e+000 -2.9615e+000 -1.0152e+000 +2.6515e+000 -3.0813e-001 +8.2163e-002 -2.3724e+000 +2.4043e+000
374 0 +9.442063940e+003 +9.397503940e+003 +9.397503940e+003 +2.1947e+000 -2.4834e+000 +1.6810e+000 -4.0555e+000 +1.1122e+000 +2.9532e+000 -5.9114e-002 +7.5511e-001 -2.8897e+000 +1.1919e+000
450 0 +7.785568060e+003 +7.741008060e+003 +7.741008060e+003 +1.4512e+000 -1.2872e+000 +1.8369e+000 -2.0519e+000 +1.6350e-001 +3.3480e+000 -1.4195e+000 +1.5796e+000 -1.6539e+000 +5.0000e+000
517 0 +6.926110059e+003 +6.881550059e+003 +6.881550059e+003 -3.7897e-001 -7.2301e-001 +1.7857e+000 -2.7198e+000 -1.8839e+000 +2.5925e+000 +6.3812e-001 +2.2111e+000 -2.1139e+000 +5.0000e+000
535 0 +9.346289030e+002 +8.900689030e+002 +8.900689030e+002 +5.2531e-001 -1.8791e+000 +5.2603e-001 -2.8855e+000 +4.7463e-001 +1.4337e+000 +8.7588e-001 +9.1641e-001 -2.1512e+000 +4.8935e+000
1141 0 +8.309867199e+002 +7.864267199e+002 +7.864267199e+002 +3.2183e-001 -2.0700e+000 +6.1336e-001 -2.5521e+000 -4.7028e-001 +9.4494e-001 -3.0368e-001 +7.6196e-002 -1.6830e+000 +4.2921e+000
1294 0 +5.207612375e+002 +4.762012375e+002 +4.762012375e+002 -2.3771e-001 -2.2896e+000 +1.2380e+000 -2.6594e+000 -4.3419e-001 +1.4566e+000 -5.3858e-001 +8.9102e-001 -1.7928e+000 +5.0000e+000
2137 0 +4.373760046e+002 +3.928160046e+002 +3.928160046e+002 -4.0074e-001 -2.7299e+000 +1.1589e+000 -2.7476e+000 -2.6740e-001 +1.3693e+000 -9.2986e-001 +6.0331e-001 -2.0391e+000 +5.0000e+000
2622 0 +3.930957978e+002 +3.485357978e+002 +3.485357978e+002 -1.9226e-001 -2.6366e+000 +9.8697e-001 -2.6871e+000 -5.5072e-001 +1.2571e+000 -6.1746e-001 +6.9033e-001 -1.7789e+000 +5.0000e+000
2873 0 +3.543351450e+002 +3.097751450e+002 +3.097751450e+002 -3.6287e-001 -2.6901e+000 +1.0247e+000 -2.7506e+000 -3.2604e-001 +1.2059e+000 -9.1878e-001 +7.1201e-001 -2.0511e+000 +5.0000e+000
2896 0 +2.703942981e+002 +2.258342981e+002 +2.258342981e+002 -6.0633e-001 -2.4001e+000 +1.1377e+000 -1.9345e+000 -9.2369e-001 +6.7713e-001 -1.2548e+000 +5.6656e-001 -2.0973e+000 +5.0000e+000
3029 0 +1.738500621e+002 +1.292900621e+002 +1.292900621e+002 -6.3961e-001 -2.5328e+000 +8.4178e-001 -1.6048e+000 -8.7558e-001 +7.9050e-001 -1.1460e+000 +8.7857e-001 -1.9647e+000 +4.6533e+000
4393 0 +1.677840409e+002 +1.232240409e+002 +1.232240409e+002 -8.7793e-001 -2.6037e+000 +6.0908e-001 -1.5297e+000 -1.0218e+000 +7.0896e-001 -1.1929e+000 +8.1846e-001 -2.1421e+000 +4.6514e+000
4469 0 +1.569926583e+002 +1.124326583e+002 +1.124326583e+002 -5.9414e-001 -2.5976e+000 +8.0497e-001 -1.8115e+000 -8.7408e-001 +8.9211e-001 -1.0695e+000 +8.2951e-001 -1.9695e+000 +4.7356e+000
4807 0 +1.536670941e+002 +1.091070941e+002 +1.091070941e+002 -5.7275e-001 -2.4955e+000 +7.7408e-001 -1.7277e+000 -8.8456e-001 +7.2196e-001 -1.0971e+000 +7.7910e-001 -2.0775e+000 +4.8575e+000
4969 0 +1.510760584e+002 +1.065160584e+002 +1.065160584e+002 -4.7564e-001 -2.5729e+000 +8.3384e-001 -1.8870e+000 -1.2294e+000 +8.1994e-001 -1.1593e+000 +6.9221e-001 -1.9978e+000 +4.7725e+000
5162 0 +1.382777767e+002 +9.371777670e+001 +9.371777670e+001 -6.6965e-001 -2.7322e+000 +4.1837e-001 -1.9624e+000 -1.0283e+000 +7.9192e-001 -8.7748e-001 +6.6515e-001 -2.0237e+000 +4.7778e+000
5462 0 +1.310023054e+002 +8.644230536e+001 +8.644230536e+001 -6.2615e-001 -2.7057e+000 +5.0504e-001 -1.9591e+000 -1.0857e+000 +8.0003e-001 -9.4021e-001 +6.6083e-001 -2.0175e+000 +4.7803e+000
6247 0 +1.282828990e+002 +8.372289903e+001 +8.372289903e+001 -5.5141e-001 -2.6449e+000 +5.9583e-001 -1.9315e+000 -1.1333e+000 +8.1455e-001 -9.9285e-001 +6.7206e-001 -2.0029e+000 +4.7804e+000
7125 0 +1.250121420e+002 +8.045214196e+001 +8.045214196e+001 -6.0136e-001 -2.6007e+000 +5.9647e-001 -1.8485e+000 -1.0630e+000 +7.5927e-001 -9.8560e-001 +7.3485e-001 -2.0068e+000 +4.8018e+000
% f evaluations | g evaluations | best noise-free fitness - Fopt (1.000000000000e+003) + sum g_i+ | measured fitness | best measured fitness or single-digit g-values | x1 | x2...
1 0 +4.457197851e+004 +4.557197851e+004 +4.557197851e+004 +0.0000e+000 +0.0000e+000 +0.0000e+000 +0.0000e+000 +0.0000e+000 +0.0000e+000 +0.0000e+000 +0.0000e+000 +0.0000e+000 +0.0000e+000
202 0 +4.321888507e+004 +4.421888507e+004 +4.421888507e+004 -2.8994e+000 -2.5712e+000 -1.3372e-001 -2.5813e-001 -3.2205e+000 +7.9979e-001 -1.8164e+000 +9.5676e-001 +1.6611e-001 -8.5521e-001
219 0 +8.841373870e+003 +9.841373870e+003 +9.841373870e+003 -2.0697e+000 -1.9193e+000 -1.1250e+000 -3.3272e+000 -2.2947e+000 -1.3941e+000 +1.6239e+000 -1.3203e+000 -6.9409e-001 -2.5335e+000
370 0 +7.397367620e+003 +8.397367620e+003 +8.397367620e+003 -3.2569e+000 -1.9921e+000 -9.3069e-002 -2.1991e+000 -1.6310e+000 -1.6229e+000 +1.5142e+000 -9.3332e-001 -8.6199e-001 -3.4286e+000
424 0 +4.066396542e+003 +5.066396542e+003 +5.066396542e+003 -2.8176e+000 -2.1520e+000 -3.7181e-001 -2.4296e+000 -2.3262e+000 -1.5047e+000 +8.0841e-001 -1.4291e+000 -9.1900e-001 -3.5220e+000
499 0 +3.596035858e+003 +4.596035858e+003 +4.596035858e+003 -1.9799e+000 -2.2905e+000 +2.8878e-001 -1.8340e+000 -1.7264e+000 -1.6146e-001 +1.5409e+000 -1.2490e+000 -1.2575e+000 -1.0203e+000
624 0 +3.200982561e+003 +4.200982561e+003 +4.200982561e+003 -2.6388e+000 -2.2113e+000 -3.8449e-001 -2.4426e+000 -2.4849e+000 -1.3267e+000 +6.2675e-001 -1.5661e+000 -9.8284e-001 -3.2604e+000
653 0 +2.822726466e+003 +3.822726466e+003 +3.822726466e+003 -3.0538e+000 -3.1810e+000 -1.0716e-001 -3.4318e+000 -2.8522e+000 -3.1577e-001 +5.8352e-001 -1.4785e+000 -1.1031e+000 -1.8275e+000
729 0 +1.076022159e+003 +2.076022159e+003 +2.076022159e+003 -2.8119e+000 -2.6658e+000 +1.2113e+000 -3.7880e+000 -3.3161e+000 -1.6903e+000 +1.0392e+000 -1.8446e+000 -1.8636e+000 -1.4846e+000
805 0 +7.029178529e+002 +1.702917853e+003 +1.702917853e+003 -2.5791e+000 -2.6226e+000 +8.6186e-001 -3.5922e+000 -3.2322e+000 -1.3854e+000 +8.3535e-001 -1.7139e+000 -1.7859e+000 -1.4217e+000
1258 0 +6.788053444e+002 +1.678805344e+003 +1.678805344e+003 -2.9494e+000 -2.7576e+000 +6.0941e-001 -3.7630e+000 -3.1404e+000 -1.3988e+000 +7.3917e-001 -1.6603e+000 -1.6712e+000 -1.4975e+000
1344 0 +5.096731636e+002 +1.509673164e+003 +1.509673164e+003 -2.9678e+000 -2.8329e+000 +8.6828e-001 -3.5625e+000 -3.2527e+000 -1.3073e+000 +5.5913e-001 -1.8567e+000 -1.8575e+000 -1.4591e+000
1733 0 +4.246700175e+002 +1.424670018e+003 +1.424670018e+003 -2.8894e+000 -2.7169e+000 +8.7535e-001 -3.6766e+000 -3.1853e+000 -1.4240e+000 +3.3399e-001 -2.0841e+000 -2.0663e+000 -1.5566e+000
2354 0 +3.801590042e+002 +1.380159004e+003 +1.380159004e+003 -3.0450e+000 -2.6217e+000 +5.9350e-001 -3.8127e+000 -3.1821e+000 -1.4250e+000 +1.9869e-001 -1.9611e+000 -2.1681e+000 -1.6107e+000
2467 0 +3.161108469e+002 +1.316110847e+003 +1.316110847e+003 -3.1494e+000 -2.3389e+000 +7.4662e-001 -3.6300e+000 -2.9803e+000 -1.6587e+000 +4.5766e-001 -1.6695e+000 -2.0301e+000 -1.8255e+000
2654 0 +3.007977380e+002 +1.300797738e+003 +1.300797738e+003 -3.1433e+000 -2.3886e+000 +7.0882e-001 -3.6811e+000 -3.0197e+000 -1.6269e+000 +3.9579e-001 -1.7208e+000 -2.0637e+000 -1.7520e+000
2924 0 +2.493418333e+002 +1.249341833e+003 +1.249341833e+003 -2.7640e+000 -2.3592e+000 +7.7021e-001 -3.4233e+000 -3.1152e+000 -1.5037e+000 +2.4022e-001 -1.8760e+000 -2.1279e+000 -1.7655e+000
3296 0 +2.403271650e+002 +1.240327165e+003 +1.240327165e+003 -3.7395e+000 -2.1513e+000 +1.1855e+000 -3.7767e+000 -2.8696e+000 -1.0357e+000 -1.5214e-001 -1.9600e+000 -1.7593e+000 -1.6572e+000
3427 0 +2.055960290e+002 +1.205596029e+003 +1.205596029e+003 -2.9077e+000 -2.2431e+000 +7.4654e-001 -3.5894e+000 -2.9538e+000 -1.4302e+000 +1.5811e-001 -1.9140e+000 -1.8659e+000 -1.6874e+000
3558 0 +1.402124683e+002 +1.140212468e+003 +1.140212468e+003 -3.2753e+000 -2.2512e+000 +8.8094e-001 -3.6974e+000 -2.9655e+000 -1.2481e+000 +1.5625e-001 -1.8290e+000 -1.8617e+000 -1.6944e+000
3720 0 +1.310109151e+002 +1.131010915e+003 +1.131010915e+003 -3.4003e+000 -2.2215e+000 +9.6304e-001 -3.7126e+000 -2.9641e+000 -1.1878e+000 +8.0693e-002 -1.8499e+000 -1.8754e+000 -1.6874e+000
4445 0 +1.189567104e+002 +1.118956710e+003 +1.118956710e+003 -3.2811e+000 -2.1749e+000 +8.8561e-001 -3.7012e+000 -3.0256e+000 -1.2458e+000 +1.6882e-001 -1.7174e+000 -1.8636e+000 -1.7042e+000
4863 0 +1.116642623e+002 +1.111664262e+003 +1.111664262e+003 -3.4868e+000 -2.1117e+000 +9.8070e-001 -3.8328e+000 -3.0027e+000 -1.1749e+000 +8.9742e-002 -1.7326e+000 -1.8631e+000 -1.6784e+000
5945 0 +1.093564261e+002 +1.109356426e+003 +1.109356426e+003 -3.4492e+000 -2.1004e+000 +9.5811e-001 -3.8273e+000 -3.0191e+000 -1.1934e+000 +1.1367e-001 -1.6992e+000 -1.8624e+000 -1.6829e+000
6390 0 +1.051557232e+002 +1.105155723e+003 +1.105155723e+003 -3.1579e+000 -2.1237e+000 +1.0087e+000 -3.7823e+000 -3.1413e+000 -1.1297e+000 +1.0853e-001 -1.8252e+000 -2.0342e+000 -1.7745e+000
6563 0 +1.038354547e+002 +1.103835455e+003 +1.103835455e+003 -3.3916e+000 -2.1296e+000 +1.0067e+000 -3.8347e+000 -3.0258e+000 -1.1568e+000 +9.7109e-002 -1.7813e+000 -1.9150e+000 -1.7191e+000
7090 0 +1.012406758e+002 +1.101240676e+003 +1.101240676e+003 -3.2697e+000 -2.1264e+000 +1.0007e+000 -3.7968e+000 -3.0874e+000 -1.1471e+000 +1.0016e-001 -1.8033e+000 -1.9756e+000 -1.7404e+000
7442 0 +9.531599422e+001 +1.095315994e+003 +1.095315994e+003 -3.4084e+000 -2.1435e+000 +1.1368e+000 -3.8208e+000 -3.0325e+000 -1.1947e+000 +1.7541e-001 -1.8271e+000 -2.0619e+000 -1.9893e+000
7742 0 +8.715398394e+001 +1.087153984e+003 +1.087153984e+003 -3.4343e+000 -2.0440e+000 +1.0742e+000 -3.8070e+000 -3.1342e+000 -1.2014e+000 +1.2425e-001 -1.7925e+000 -1.9579e+000 -1.8739e+000
8645 0 +8.615648267e+001 +1.086156483e+003 +1.086156483e+003 -3.4035e+000 -2.0555e+000 +1.0721e+000 -3.8078e+000 -3.1268e+000 -1.2248e+000 +1.7288e-001 -1.7596e+000 -1.9838e+000 -1.9272e+000
9445 0 +8.510796219e+001 +1.085107962e+003 +1.085107962e+003 -3.4233e+000 -2.0447e+000 +1.0917e+000 -3.8031e+000 -3.1365e+000 -1.2141e+000 +1.3658e-001 -1.8012e+000 -1.9785e+000 -1.9006e+000
9923 0 +8.184507269e+001 +1.081845073e+003 +1.081845073e+003 -3.4385e+000 -1.9552e+000 +1.1015e+000 -3.8760e+000 -3.0688e+000 -1.1920e+000 +1.2594e-001 -1.8322e+000 -2.0112e+000 -1.9025e+000
% f evaluations | g evaluations | best noise-free fitness - Fopt (-6.797100000000e+002) + sum g_i+ | measured fitness | best measured fitness or single-digit g-values | x1 | x2...
1 0 +4.150386022e+004 +4.082415022e+004 +4.082415022e+004 +0.0000e+000 +0.0000e+000 +0.0000e+000 +0.0000e+000 +0.0000e+000 +0.0000e+000 +0.0000e+000 +0.0000e+000 +0.0000e+000 +0.0000e+000
50 0 +2.528771857e+004 +2.460800857e+004 +2.460800857e+004 -2.3257e+000 -2.6127e+000 -1.1767e+000 -3.5807e+000 -8.8184e-001 +4.1780e+000 -5.4019e-002 -2.1632e-001 -1.9930e+000 +2.6557e+000
86 0 +2.184990884e+004 +2.117019884e+004 +2.117019884e+004 +1.4806e+000 -4.9564e+000 -1.2737e+000 -5.3094e-001 -2.1836e+000 -3.1031e-001 +3.5031e+000 +2.0291e+000 -1.1297e+000 +3.4364e+000
204 0 +1.771440424e+004 +1.703469424e+004 +1.703469424e+004 +3.1657e-001 -4.6139e+000 -2.1866e+000 -1.1546e+000 -1.1840e+000 -4.4100e-001 +3.2923e+000 +2.0022e+000 -8.4762e-001 +1.8555e+000
221 0 +1.116221589e+004 +1.048250589e+004 +1.048250589e+004 +2.1889e+000 -5.3378e+000 -7.4352e-001 -1.7388e+000 -5.5571e-001 +1.0586e-002 +2.1364e+000 +1.3844e+000 -1.0728e+000 +4.4143e+000
278 0 +5.461513653e+003 +4.781803653e+003 +4.781803653e+003 +9.5866e-001 -4.2551e+000 -1.5048e+000 -4.8422e-001 -7.9694e-001 +1.9770e+000 +2.7734e+000 +1.3251e+000 -1.0305e+000 +5.0000e+000
454 0 +2.629196092e+003 +1.949486092e+003 +1.949486092e+003 +1.6861e-001 -4.5077e+000 -6.4502e-001 -1.1145e+000 -9.2538e-001 +1.8380e+000 +4.7566e-001 +1.6444e+000 -2.0687e+000 +4.0561e+000
677 0 +1.552178687e+003 +8.724686868e+002 +8.724686868e+002 +7.4630e-002 -3.7622e+000 -4.6617e-001 -4.1303e-001 -2.3249e-001 +1.1032e+000 +9.9866e-001 +2.0977e+000 -2.0045e+000 +5.0000e+000
885 0 +4.889959255e+002 -1.907140745e+002 -1.907140745e+002 +5.8180e-001 -3.2623e+000 +1.9901e-001 -8.7381e-001 +7.4258e-001 +1.2891e+000 +3.3591e-001 +2.3478e+000 -1.7053e+000 +5.0000e+000
1409 0 +4.312000544e+002 -2.485099456e+002 -2.485099456e+002 +3.3153e-001 -3.8268e+000 -2.1289e-001 -1.4242e+000 +4.8109e-001 +1.4284e+000 +3.8199e-001 +1.9581e+000 -1.7057e+000 +5.0000e+000
1431 0 +3.178255587e+002 -3.618844413e+002 -3.618844413e+002 +1.1538e-001 -3.3272e+000 +7.9799e-001 -1.5713e+000 +9.6827e-001 +1.0415e+000 +2.7655e-001 +2.2103e+000 -1.9205e+000 +5.0000e+000
1522 0 +3.029917743e+002 -3.767182257e+002 -3.767182257e+002 +2.8297e-001 -3.1501e+000 +5.5621e-001 -1.2654e+000 +9.4997e-001 +1.2309e+000 +3.1220e-001 +2.2787e+000 -1.7400e+000 +5.0000e+000
1527 0 +2.230849806e+002 -4.566250194e+002 -4.566250194e+002 +2.6113e-001 -3.5615e+000 +2.1631e-001 -1.3324e+000 +6.5927e-001 +9.4704e-001 +5.2721e-001 +2.0642e+000 -1.7771e+000 +5.0000e+000
2652 0 +1.665655901e+002 -5.131444099e+002 -5.131444099e+002 +2.1197e-001 -3.2845e+000 +3.1658e-001 -1.5102e+000 +7.9942e-001 +8.9912e-001 +3.1026e-001 +2.1403e+000 -1.6493e+000 +5.0000e+000
2766 0 +1.599067181e+002 -5.198032819e+002 -5.198032819e+002 +2.4296e-001 -3.3186e+000 +2.5558e-001 -1.4803e+000 +9.6869e-001 +7.7010e-001 +4.3495e-001 +2.0887e+000 -1.6448e+000 +5.0000e+000
3763 0 +1.573687981e+002 -5.223412019e+002 -5.223412019e+002 +2.6326e-001 -3.3236e+000 +3.5893e-001 -1.4414e+000 +9.1105e-001 +8.1940e-001 +3.6353e-001 +2.0943e+000 -1.6352e+000 +5.0000e+000
4144 0 +1.477830999e+002 -5.319269001e+002 -5.319269001e+002 +2.7255e-001 -3.2540e+000 +4.6990e-001 -1.4984e+000 +8.4876e-001 +8.7618e-001 +2.6598e-001 +1.9394e+000 -1.6850e+000 +5.0000e+000
6339 0 +1.410398025e+002 -5.386701975e+002 -5.386701975e+002 +1.8760e-001 -3.2470e+000 +3.0820e-001 -1.6379e+000 +9.1993e-001 +8.1265e-001 +3.3642e-001 +1.9444e+000 -1.7258e+000 +5.0000e+000
6763 0 +1.374356342e+002 -5.422743658e+002 -5.422743658e+002 +2.1552e-001 -3.2654e+000 +3.6345e-001 -1.5634e+000 +9.1112e-001 +8.1827e-001 +3.2608e-001 +1.9803e+000 -1.6897e+000 +5.0000e+000
9274 0 +1.340867009e+002 -5.456232991e+002 -5.456232991e+002 +2.0936e-001 -3.2395e+000 +4.5271e-001 -1.6588e+000 +9.3072e-001 +8.1285e-001 +3.1261e-001 +1.9740e+000 -1.6989e+000 +5.0000e+000
% f evaluations | g evaluations | best noise-free fitness - Fopt (1.000000000000e+003) + sum g_i+ | measured fitness | best measured fitness or single-digit g-values | x1 | x2...
1 0 +7.041719291e+003 +8.041719291e+003 +8.041719291e+003 +0.0000e+000 +0.0000e+000 +0.0000e+000 +0.0000e+000 +0.0000e+000 +0.0000e+000 +0.0000e+000 +0.0000e+000 +0.0000e+000 +0.0000e+000
278 0 +3.304082342e+003 +4.304082342e+003 +4.304082342e+003 -1.0755e+000 -1.0450e+000 -7.3533e-001 -6.5269e-001 -1.1681e+000 +2.8066e+000 +1.8894e+000 +7.6019e-001 -1.6870e+000 +4.8382e-001
445 0 +3.197038574e+003 +4.197038574e+003 +4.197038574e+003 -2.0228e+000 +1.9960e-001 -5.0587e-001 +1.3490e+000 -1.2461e+000 +1.1571e+000 +2.2084e+000 -4.4679e-001 -8.9737e-001 +2.5076e+000
496 0 +1.963918502e+003 +2.963918502e+003 +2.963918502e+003 -5.5938e-001 -1.3551e+000 -1.7425e+000 -1.0888e-002 -5.1578e-001 +2.0585e+000 +8.0010e-001 +5.8670e-001 -3.1134e-001 +2.0581e+000
533 0 +1.454532094e+003 +2.454532094e+003 +2.454532094e+003 -1.6421e+000 -1.0363e+000 -1.2289e+000 +4.7064e-001 -3.7465e-001 +2.4504e+000 +1.1233e+000 +1.9160e+000 -3.3155e-001 +2.3349e+000
728 0 +1.407279090e+003 +2.407279090e+003 +2.407279090e+003 -1.3612e+000 -9.8827e-002 -5.5990e-001 +1.6159e+000 +3.8584e-001 +3.3978e+000 +1.1341e+000 +1.5301e+000 +2.7409e-001 +5.0000e+000
936 0 +1.269614969e+003 +2.269614969e+003 +2.269614969e+003 -1.5922e+000 -9.3149e-002 -5.0712e-001 +1.5816e+000 +2.2948e-002 +3.1482e+000 +9.8668e-001 +1.7128e+000 +2.8228e-001 +4.4621e+000
1061 0 +7.570728919e+002 +1.757072892e+003 +1.757072892e+003 -1.6173e+000 -3.0382e-001 -3.8525e-001 +1.9720e+000 +9.0439e-002 +3.0169e+000 +9.9055e-001 +1.6547e+000 +6.7564e-001 +5.0000e+000
1207 0 +5.568817078e+002 +1.556881708e+003 +1.556881708e+003 -1.3427e+000 -8.1199e-001 -4.9893e-001 +1.5074e+000 +2.5187e-001 +2.6146e+000 +1.3018e+000 +1.2829e+000 +3.7673e-001 +3.2380e+000
1493 0 +5.314319110e+002 +1.531431911e+003 +1.531431911e+003 -1.3262e+000 -7.5399e-001 -4.9233e-001 +1.5586e+000 +2.4064e-001 +2.6426e+000 +1.3306e+000 +1.3270e+000 +3.8210e-001 +3.2725e+000
1495 0 +2.671771349e+002 +1.267177135e+003 +1.267177135e+003 -2.0401e+000 -1.6072e+000 -1.0047e+000 +1.8753e+000 +1.4071e-001 +2.0397e+000 +1.1936e+000 +9.9324e-001 +5.2515e-001 +3.5204e+000
2192 0 +2.472799322e+002 +1.247279932e+003 +1.247279932e+003 -1.8880e+000 -1.3834e+000 -8.9602e-001 +1.7265e+000 +1.9501e-001 +2.2738e+000 +1.2364e+000 +1.1167e+000 +5.0178e-001 +3.5093e+000
2378 0 +2.399242172e+002 +1.239924217e+003 +1.239924217e+003 -2.2407e+000 -8.3954e-001 -1.4795e+000 +1.3834e+000 +4.1151e-001 +2.5229e+000 +1.2910e+000 +7.1316e-001 -5.3925e-002 +3.2758e+000
2457 0 +1.913888069e+002 +1.191388807e+003 +1.191388807e+003 -2.2984e+000 -1.0603e+000 -1.6643e+000 +9.2553e-001 -4.4426e-001 +2.3939e+000 +6.7846e-001 +1.0597e+000 +1.8327e-001 +2.9608e+000
2495 0 +1.483730268e+002 +1.148373027e+003 +1.148373027e+003 -1.6954e+000 -1.2274e+000 -1.2195e+000 +1.4546e+000 -8.7722e-002 +2.3412e+000 +9.5680e-001 +9.4619e-001 +2.7288e-001 +3.6010e+000
2598 0 +1.280974957e+002 +1.128097496e+003 +1.128097496e+003 -1.7267e+000 -1.0880e+000 -1.3770e+000 +1.2824e+000 +1.1307e-002 +2.3850e+000 +1.0224e+000 +8.0445e-001 +6.4205e-002 +3.3763e+000
3113 0 +1.132537255e+002 +1.113253726e+003 +1.113253726e+003 -2.2605e+000 -1.2160e+000 -1.3030e+000 +1.2943e+000 -2.3452e-001 +2.5420e+000 +1.1781e+000 +9.1490e-001 +1.0715e-001 +3.2398e+000
3257 0 +1.048740435e+002 +1.104874043e+003 +1.104874043e+003 -2.2108e+000 -1.0701e+000 -1.2252e+000 +1.5076e+000 -8.9366e-002 +2.5966e+000 +1.1787e+000 +8.6397e-001 +9.4033e-003 +3.1846e+000
3609 0 +9.898041872e+001 +1.098980419e+003 +1.098980419e+003 -1.9817e+000 -1.0676e+000 -1.2331e+000 +1.4125e+000 +1.0500e-002 +2.4986e+000 +1.0920e+000 +8.4792e-001 +4.0647e-002 +3.2738e+000
4562 0 +9.306586421e+001 +1.093065864e+003 +1.093065864e+003 -1.9637e+000 -1.1015e+000 -1.2116e+000 +1.4832e+000 -7.0291e-002 +2.4692e+000 +1.2140e+000 +9.0572e-001 +6.1806e-003 +3.2340e+000
4762 0 +8.667707767e+001 +1.086677078e+003 +1.086677078e+003 -1.9667e+000 -1.0966e+000 -1.2302e+000 +1.5113e+000 -6.0351e-002 +2.4814e+000 +1.1592e+000 +8.8305e-001 +3.8699e-002 +3.2775e+000
5278 0 +8.425536844e+001 +1.084255368e+003 +1.084255368e+003 -2.0127e+000 -1.0622e+000 -1.2626e+000 +1.4806e+000 -1.6414e-002 +2.4955e+000 +1.1693e+000 +8.5651e-001 +1.3248e-002 +3.1972e+000
6171 0 +7.633771016e+001 +1.076337710e+003 +1.076337710e+003 -1.9534e+000 -1.0524e+000 -1.2281e+000 +1.5355e+000 -4.2128e-002 +2.4811e+000 +1.1398e+000 +9.1238e-001 +5.2178e-002 +3.2534e+000
6693 0 +7.294704647e+001 +1.072947046e+003 +1.072947046e+003 -1.9493e+000 -9.2340e-001 -1.3237e+000 +1.5604e+000 +6.2444e-003 +2.5193e+000 +1.2388e+000 +9.0777e-001 -3.8985e-002 +3.1906e+000
7077 0 +6.860276258e+001 +1.068602763e+003 +1.068602763e+003 -1.7758e+000 -7.6433e-001 -1.2836e+000 +1.5894e+000 +1.2446e-001 +2.5196e+000 +1.2661e+000 +8.7510e-001 -6.0518e-002 +3.1238e+000
7357 0 +6.189205940e+001 +1.061892059e+003 +1.061892059e+003 -1.7609e+000 -7.5861e-001 -1.2888e+000 +1.5442e+000 +1.2866e-001 +2.4890e+000 +1.1630e+000 +8.7459e-001 -4.7672e-002 +3.0919e+000
7732 0 +5.847514876e+001 +1.058475149e+003 +1.058475149e+003 -1.6573e+000 -6.9715e-001 -1.2329e+000 +1.6525e+000 +1.6874e-001 +2.4681e+000 +1.2944e+000 +9.1053e-001 -4.2957e-002 +2.8635e+000
7910 0 +5.678184391e+001 +1.056781844e+003 +1.056781844e+003 -1.8553e+000 -8.4959e-001 -1.2039e+000 +1.6099e+000 +5.9255e-002 +2.5356e+000 +1.2414e+000 +9.3997e-001 -2.8142e-002 +3.0519e+000
8014 0 +5.187601066e+001 +1.051876011e+003 +1.051876011e+003 -1.8175e+000 -8.1767e-001 -1.2454e+000 +1.5941e+000 +9.5378e-002 +2.5027e+000 +1.1955e+000 +8.8431e-001 -2.1675e-002 +2.9775e+000
8233 0 +4.962561142e+001 +1.049625611e+003 +1.049625611e+003 -1.8381e+000 -7.0229e-001 -1.2832e+000 +1.5796e+000 +1.1746e-001 +2.5147e+000 +1.1026e+000 +9.5541e-001 -3.0930e-002 +2.8558e+000
8327 0 +3.732242311e+001 +1.037322423e+003 +1.037322423e+003 -1.8191e+000 -7.2889e-001 -1.1028e+000 +1.6798e+000 +7.3699e-002 +2.5019e+000 +1.1201e+000 +9.3964e-001 +1.9739e-002 +2.8311e+000
8677 0 +3.475069366e+001 +1.034750694e+003 +1.034750694e+003 -1.7470e+000 -6.5720e-001 -1.1066e+000 +1.6747e+000 +1.2882e-001 +2.4978e+000 +1.1083e+000 +9.2526e-001 +8.9598e-003 +2.7949e+000
8685 0 +3.217476215e+001 +1.032174762e+003 +1.032174762e+003 -1.7944e+000 -6.8713e-001 -1.1235e+000 +1.6813e+000 +9.9668e-002 +2.5033e+000 +1.1441e+000 +9.2854e-001 +1.1964e-002 +2.8445e+000
9463 0 +2.247863337e+001 +1.022478633e+003 +1.022478633e+003 -1.7180e+000 -5.5997e-001 -1.1141e+000 +1.8000e+000 +1.7473e-001 +2.5655e+000 +1.1700e+000 +9.1600e-001 -3.1650e-002 +2.7301e+000
9625 0 +2.039345713e+001 +1.020393457e+003 +1.020393457e+003 -1.6597e+000 -4.9700e-001 -1.0984e+000 +1.8870e+000 +2.1632e-001 +2.5877e+000 +1.2063e+000 +9.3124e-001 -6.4048e-002 +2.6623e+000
9785 0 +1.935784744e+001 +1.019357847e+003 +1.019357847e+003 -1.7092e+000 -5.7541e-001 -1.0822e+000 +1.8313e+000 +1.6684e-001 +2.5608e+000 +1.1741e+000 +9.3172e-001 -3.2956e-002 +2.7036e+000
% f evaluations | g evaluations | best noise-free fitness - Fopt (1.007000000000e+001) + sum g_i+ | measured fitness | best measured fitness or single-digit g-values | x1 | x2...
1 0 +1.676624055e+004 +1.677631055e+004 +1.677631055e+004 +0.0000e+000 +0.0000e+000 +0.0000e+000 +0.0000e+000 +0.0000e+000 +0.0000e+000 +0.0000e+000 +0.0000e+000 +0.0000e+000 +0.0000e+000
218 0 +1.633270138e+004 +1.634277138e+004 +1.634277138e+004 +1.9241e+000 +4.3940e-001 +6.0887e-001 -2.0973e+000 -2.1903e+000 -2.4538e+000 +2.1309e+000 -8.5953e-001 -9.7617e-001 +3.6166e+000
219 0 +1.319287425e+004 +1.320294425e+004 +1.320294425e+004 +1.8896e+000 +2.5363e-001 +1.5174e+000 -1.9284e+000 -1.7771e+000 -6.3704e-001 +1.4329e+000 -7.8514e-001 -4.0689e-001 +2.9083e-001
222 0 +7.878933205e+003 +7.889003205e+003 +7.889003205e+003 +7.7169e-001 -1.2036e-001 +1.5492e+000 -3.0775e+000 -2.4588e+000 -5.0120e-001 +1.3293e+000 -8.4172e-002 -9.2639e-001 +1.8185e+000
226 0 +6.354532208e+003 +6.364602208e+003 +6.364602208e+003 +1.8325e+000 -1.8162e+000 +5.5527e-001 -2.9765e+000 -2.3476e-001 +2.1407e+000 +9.7590e-001 +2.2305e+000 -2.3203e+000 +5.0000e+000
505 0 +5.509778453e+003 +5.519848453e+003 +5.519848453e+003 +2.0463e+000 -1.8845e+000 +1.0406e+000 -2.6206e+000 +9.4443e-002 -7.0320e-001 +5.8948e-001 +2.3741e+000 -1.5167e+000 +5.0000e+000
570 0 +5.430836949e+003 +5.440906949e+003 +5.440906949e+003 +1.8903e+000 -1.6422e+000 +6.3514e-001 -2.9494e+000 -4.8275e-001 +1.6035e+000 +1.0182e+000 +1.8791e+000 -2.1324e+000 +5.0000e+000
617 0 +4.169334244e+003 +4.179404244e+003 +4.179404244e+003 +1.7106e+000 -1.4617e+000 +6.7206e-001 -2.8290e+000 -5.3066e-001 +1.5918e+000 +8.8702e-001 +1.6086e+000 -1.8970e+000 +5.0000e+000
648 0 +2.905787680e+003 +2.915857680e+003 +2.915857680e+003 +1.2355e+000 -9.1548e-001 +1.6693e-001 -2.4985e+000 -7.9670e-001 +4.8097e-002 +1.6501e+000 +1.1961e+000 -1.1493e+000 +5.0000e+000
731 0 +2.119339568e+003 +2.129409568e+003 +2.129409568e+003 +5.4808e-001 -1.1505e+000 +8.0971e-001 -2.4273e+000 +4.0373e-004 +1.2752e+000 +7.0122e-002 +2.1800e+000 -1.7756e+000 +4.3442e+000
876 0 +8.812648276e+002 +8.913348276e+002 +8.913348276e+002 +7.9252e-001 -9.7860e-001 +5.5059e-001 -1.9435e+000 -1.2336e+000 +1.1278e+000 -3.1175e-001 +1.3225e+000 -1.2865e+000 +2.6157e+000
1188 0 +8.684666013e+002 +8.785366013e+002 +8.785366013e+002 +8.4597e-001 -1.1412e+000 +6.4878e-001 -1.9249e+000 -1.2706e+000 +1.0630e+000 -2.0970e-001 +1.3792e+000 -1.2696e+000 +2.1864e+000
1278 0 +8.388234654e+002 +8.488934654e+002 +8.488934654e+002 +7.3021e-001 -1.2705e+000 +6.3953e-001 -2.0539e+000 -1.1854e+000 +1.1290e+000 -4.5078e-001 +1.7109e+000 -1.3751e+000 +2.3539e+000
1334 0 +5.863056481e+002 +5.963756481e+002 +5.963756481e+002 +7.8850e-001 -1.3170e+000 +7.1056e-001 -1.9904e+000 -7.1915e-001 +7.3012e-001 -1.0526e-002 +1.7774e+000 -1.5890e+000 +1.5186e+000
1627 0 +4.231212037e+002 +4.331912037e+002 +4.331912037e+002 +1.1603e+000 -1.2998e+000 +1.9205e-002 -1.5243e+000 -1.9085e-001 +4.0326e-001 +2.5502e-001 +2.3127e+000 -1.8013e+000 +1.7997e+000
1827 0 +3.702112032e+002 +3.802812032e+002 +3.802812032e+002 +1.1223e+000 -1.3014e+000 +9.6681e-002 -1.5828e+000 -2.6651e-001 +4.5930e-001 +2.1676e-001 +2.2454e+000 -1.7731e+000 +1.8116e+000
1956 0 +3.045839736e+002 +3.146539736e+002 +3.146539736e+002 +1.0920e+000 -1.3203e+000 +1.4199e-001 -1.6206e+000 -2.9906e-001 +4.7055e-001 +1.8976e-001 +2.2495e+000 -1.7635e+000 +1.5940e+000
2238 0 +2.114881365e+002 +2.215581365e+002 +2.215581365e+002 +7.9483e-001 -1.5678e+000 +3.3236e-001 -1.6065e+000 -3.3550e-001 +5.9345e-001 -1.7653e-001 +2.5649e+000 -1.4508e+000 +2.0103e+000
3219 0 +2.050648435e+002 +2.151348435e+002 +2.151348435e+002 +8.7433e-001 -1.4976e+000 +2.8393e-001 -1.6552e+000 -3.1679e-001 +5.2168e-001 -2.1527e-002 +2.4639e+000 -1.5435e+000 +1.8600e+000
3331 0 +1.925167220e+002 +2.025867220e+002 +2.025867220e+002 +8.1709e-001 -1.5683e+000 +2.4077e-001 -1.6315e+000 -4.4938e-001 +6.5219e-001 +1.4055e-001 +2.4812e+000 -1.4660e+000 +1.8570e+000
3641 0 +1.892847566e+002 +1.993547566e+002 +1.993547566e+002 +9.2654e-001 -1.6240e+000 +1.5153e-001 -1.5436e+000 -3.7987e-001 +4.8386e-001 +3.0620e-001 +2.6103e+000 -1.6454e+000 +1.5406e+000
4125 0 +1.829204884e+002 +1.929904884e+002 +1.929904884e+002 +8.6095e-001 -1.5303e+000 +2.0141e-001 -1.6092e+000 -4.3225e-001 +5.8302e-001 +2.0027e-001 +2.4640e+000 -1.5096e+000 +1.8255e+000
4301 0 +1.762499498e+002 +1.863199498e+002 +1.863199498e+002 +8.5691e-001 -1.4506e+000 +2.4320e-001 -1.5863e+000 -4.9852e-001 +5.6314e-001 +2.9847e-001 +2.4126e+000 -1.5989e+000 +1.8135e+000
4684 0 +1.709318267e+002 +1.810018267e+002 +1.810018267e+002 +8.9423e-001 -1.5520e+000 +2.0255e-001 -1.5592e+000 -4.2861e-001 +5.1216e-001 +2.9794e-001 +2.5374e+000 -1.6381e+000 +1.6331e+000
5147 0 +1.619055936e+002 +1.719755936e+002 +1.719755936e+002 +8.7852e-001 -1.4751e+000 +1.0637e-001 -1.5280e+000 -4.1886e-001 +5.3371e-001 +4.7986e-001 +2.4480e+000 -1.6785e+000 +1.5275e+000
5159 0 +1.361047551e+002 +1.461747551e+002 +1.461747551e+002 +6.4607e-001 -1.4989e+000 +1.3613e-002 -1.4780e+000 -5.0032e-001 +6.5994e-001 +4.8793e-001 +2.6297e+000 -1.5970e+000 +1.6362e+000
6347 0 +1.324876239e+002 +1.425576239e+002 +1.425576239e+002 +7.2716e-001 -1.5046e+000 +7.0471e-002 -1.5028e+000 -4.8123e-001 +6.0948e-001 +4.4331e-001 +2.5934e+000 -1.6174e+000 +1.6278e+000
6928 0 +1.286141411e+002 +1.386841411e+002 +1.386841411e+002 +7.2812e-001 -1.5149e+000 +1.8796e-001 -1.6008e+000 -5.5744e-001 +6.4432e-001 +3.8052e-001 +2.6739e+000 -1.5837e+000 +1.8229e+000
7147 0 +1.249443933e+002 +1.350143933e+002 +1.350143933e+002 +7.2271e-001 -1.5016e+000 +1.2498e-001 -1.5513e+000 -5.2207e-001 +6.3128e-001 +4.2314e-001 +2.6301e+000 -1.6010e+000 +1.7264e+000
7505 0 +1.226392628e+002 +1.327092628e+002 +1.327092628e+002 +7.4041e-001 -1.4752e+000 +1.0441e-001 -1.5412e+000 -5.1775e-001 +6.2644e-001 +4.7316e-001 +2.5945e+000 -1.5998e+000 +1.6419e+000
7705 0 +1.164663754e+002 +1.265363754e+002 +1.265363754e+002 +8.1084e-001 -1.4540e+000 +1.6137e-001 -1.5915e+000 -5.4456e-001 +6.3397e-001 +5.1666e-001 +2.5905e+000 -1.5862e+000 +1.5703e+000
8265 0 +1.095320252e+002 +1.196020252e+002 +1.196020252e+002 +7.4364e-001 -1.5104e+000 +1.0598e-001 -1.5576e+000 -5.3209e-001 +6.7269e-001 +5.2827e-001 +2.6501e+000 -1.5959e+000 +1.5867e+000
8426 0 +1.024623512e+002 +1.125323512e+002 +1.125323512e+002 +7.3735e-001 -1.4886e+000 +8.3296e-002 -1.5961e+000 -5.7737e-001 +7.0682e-001 +5.9231e-001 +2.6665e+000 -1.6206e+000 +1.5582e+000
8519 0 +9.503510015e+001 +1.051051001e+002 +1.051051001e+002 +7.5302e-001 -1.5205e+000 +1.0128e-001 -1.6976e+000 -5.4761e-001 +6.1680e-001 +6.0784e-001 +2.6938e+000 -1.6082e+000 +1.5755e+000
9501 0 +9.247962301e+001 +1.025496230e+002 +1.025496230e+002 +6.9623e-001 -1.5524e+000 +9.2752e-002 -1.6864e+000 -6.8525e-001 +7.5632e-001 +7.7984e-001 +2.7006e+000 -1.5734e+000 +1.4854e+000
9611 0 +9.062515491e+001 +1.006951549e+002 +1.006951549e+002 +7.1271e-001 -1.5494e+000 +9.9488e-002 -1.6875e+000 -6.6238e-001 +7.3687e-001 +7.4785e-001 +2.6992e+000 -1.5758e+000 +1.5252e+000
% f evaluations | g evaluations | best noise-free fitness - Fopt (-7.540000000000e+000) + sum g_i+ | measured fitness | best measured fitness or single-digit g-values | x1 | x2...
1 0 +1.617054449e+004 +1.616300449e+004 +1.616300449e+004 +0.0000e+000 +0.0000e+000 +0.0000e+000 +0.0000e+000 +0.0000e+000 +0.0000e+000 +0.0000e+000 +0.0000e+000 +0.0000e+000 +0.0000e+000
208 0 +1.606114248e+004 +1.605360248e+004 +1.605360248e+004 +1.6481e+000 +2.2563e+000 -2.7506e-001 -4.7773e+000 -1.0415e+000 +2.6679e-001 -4.7937e+000 -1.3536e+000 -3.2255e+000 +1.5930e+000
221 0 +1.582634004e+004 +1.581880004e+004 +1.581880004e+004 -8.1466e-001 +4.1835e-001 +1.5634e+000 -3.7490e+000 -2.0967e-001 +5.1795e-001 -2.8848e+000 -6.1814e-001 -3.9092e+000 +5.0000e+000
247 0 +8.882539026e+003 +8.874999026e+003 +8.874999026e+003 +1.4560e+000 +3.9504e-001 +7.0190e-002 -3.7759e+000 +2.8258e-002 -3.1451e-001 -3.6278e+000 -8.2761e-001 -2.7701e+000 +1.2988e+000
275 0 +3.218144543e+003 +3.210604543e+003 +3.210604543e+003 +6.7352e-001 +1.1784e-001 +2.1612e-001 -2.3861e+000 -1.3624e-002 +6.2715e-001 -3.6315e+000 -2.0002e+000 -7.2310e-001 +2.2680e+000
339 0 +2.649045359e+003 +2.641505359e+003 +2.641505359e+003 +1.7232e+000 -3.2022e-001 +1.0906e+000 -3.8483e+000 -7.6268e-001 +9.6742e-001 -2.9696e+000 -2.2318e+000 -1.9704e+000 +8.0576e-001
697 0 +2.128184184e+003 +2.120644184e+003 +2.120644184e+003 +1.0662e+000 -1.6245e-001 +4.6124e-001 -3.4195e+000 +2.5573e-002 +7.5869e-001 -3.2052e+000 -2.1972e+000 -2.4027e+000 +8.3144e-001
902 0 +2.005330222e+003 +1.997790222e+003 +1.997790222e+003 +1.7265e+000 -9.7631e-001 +1.1567e+000 -2.8712e+000 -9.6343e-001 +7.8686e-001 -2.6293e+000 -2.9183e+000 -1.4995e+000 +7.0335e-001
1041 0 +1.708585091e+003 +1.701045091e+003 +1.701045091e+003 +1.5133e+000 -6.7634e-001 +9.6044e-001 -3.0829e+000 -4.9125e-001 +5.4238e-001 -2.7417e+000 -2.7141e+000 -1.3650e+000 +7.5954e-001
1095 0 +1.641012271e+003 +1.633472271e+003 +1.633472271e+003 +1.9800e+000 -2.9092e-001 +1.2148e+000 -3.5438e+000 -1.2749e+000 +1.0325e+000 -3.1246e+000 -2.3782e+000 -2.1812e+000 -2.2589e+000
1102 0 +1.178915215e+003 +1.171375215e+003 +1.171375215e+003 +2.2517e+000 -1.0530e+000 +1.3915e+000 -2.8995e+000 -1.7507e+000 +9.6502e-001 -2.2056e+000 -2.9877e+000 -1.4166e+000 -1.9518e+000
1214 0 +1.043376213e+003 +1.035836213e+003 +1.035836213e+003 +2.6902e-001 +6.7771e-001 +1.8277e+000 -1.3032e+000 +4.7130e-001 -2.4510e-001 -1.5815e+000 -2.2726e+000 -1.6610e+000 -2.8063e+000
1614 0 +7.123557131e+002 +7.048157131e+002 +7.048157131e+002 +7.8828e-001 -1.5134e-001 +7.7901e-001 -1.7948e+000 +4.9203e-002 +2.6038e-001 -2.1586e+000 -2.7183e+000 -2.0580e+000 -3.6297e+000
1839 0 +7.065109401e+002 +6.989709401e+002 +6.989709401e+002 +1.9313e+000 -7.2222e-001 +1.4031e+000 -2.8783e+000 -1.1010e+000 +8.9598e-001 -2.0995e+000 -2.9980e+000 -1.9752e+000 -2.9369e+000
1848 0 +4.585750317e+002 +4.510350317e+002 +4.510350317e+002 +9.5616e-001 -3.5607e-001 +1.8210e+000 -1.7882e+000 -9.9308e-002 +2.7615e-001 -2.1727e+000 -2.9448e+000 -1.8920e+000 -3.7169e+000
1852 0 +2.237266014e+002 +2.161866014e+002 +2.161866014e+002 +1.6870e+000 -8.3939e-002 +1.2292e+000 -2.4389e+000 -6.6242e-001 +3.1280e-001 -2.8676e+000 -2.7076e+000 -9.2554e-001 -3.0817e+000
2048 0 +2.088757586e+002 +2.013357586e+002 +2.013357586e+002 +1.4694e+000 -1.5274e-001 +1.3968e+000 -2.2447e+000 -4.9266e-001 +2.9521e-001 -2.6622e+000 -2.7702e+000 -1.2009e+000 -3.2690e+000
3048 0 +2.035552786e+002 +1.960152786e+002 +1.960152786e+002 +1.4289e+000 -9.8646e-002 +1.3804e+000 -2.2067e+000 -4.4977e-001 +2.5543e-001 -2.6326e+000 -2.7379e+000 -1.1840e+000 -3.2937e+000
3491 0 +1.904756285e+002 +1.829356285e+002 +1.829356285e+002 +1.1592e+000 +8.8299e-001 +1.8769e+000 -3.2471e+000 -4.6510e-001 -2.5935e-001 -2.2885e+000 -3.2948e+000 -1.5300e+000 -2.5902e+000
3548 0 +9.868873337e+001 +9.114873337e+001 +9.114873337e+001 +1.2146e+000 +6.0517e-001 +1.7006e+000 -2.8746e+000 -4.2498e-001 -1.2299e-001 -2.3772e+000 -3.0856e+000 -1.4027e+000 -2.8412e+000
3768 0 +9.756250792e+001 +9.002250792e+001 +9.002250792e+001 +1.1953e+000 +4.3428e-001 +1.7121e+000 -2.7874e+000 -4.7766e-001 -1.2128e-001 -2.4901e+000 -3.1214e+000 -1.4370e+000 -2.8333e+000
3820 0 +8.703824047e+001 +7.949824047e+001 +7.949824047e+001 +1.2851e+000 +3.3084e-001 +1.6089e+000 -2.6225e+000 -4.3613e-001 -5.4298e-002 -2.4797e+000 -3.0490e+000 -1.3342e+000 -2.9641e+000
4357 0 +7.563156580e+001 +6.809156580e+001 +6.809156580e+001 +1.2903e+000 +3.1821e-001 +1.5151e+000 -2.5357e+000 -4.5236e-001 +9.6426e-003 -2.3196e+000 -3.1597e+000 -1.5194e+000 -3.0063e+000
4798 0 +5.443137008e+001 +4.689137008e+001 +4.689137008e+001 +1.3223e+000 +3.8934e-001 +1.5003e+000 -2.6741e+000 -4.8126e-001 +1.4422e-002 -2.3650e+000 -3.1674e+000 -1.3943e+000 -2.7910e+000
5349 0 +4.990180996e+001 +4.236180996e+001 +4.236180996e+001 +1.2600e+000 +3.4316e-001 +1.5104e+000 -2.5314e+000 -5.1946e-001 +7.7849e-002 -2.2779e+000 -3.1630e+000 -1.2416e+000 -2.7985e+000
5463 0 +4.446559192e+001 +3.692559192e+001 +3.692559192e+001 +1.2282e+000 +4.4543e-001 +1.5263e+000 -2.7614e+000 -5.2943e-001 +7.3466e-002 -2.2403e+000 -3.2748e+000 -1.3258e+000 -2.5823e+000
6134 0 +4.221913587e+001 +3.467913587e+001 +3.467913587e+001 +1.2390e+000 +3.8420e-001 +1.4852e+000 -2.7015e+000 -5.1920e-001 +8.5518e-002 -2.2114e+000 -3.2242e+000 -1.3005e+000 -2.6448e+000
6630 0 +4.022729585e+001 +3.268729585e+001 +3.268729585e+001 +1.1930e+000 +4.6391e-001 +1.4757e+000 -2.6676e+000 -4.5416e-001 +2.0558e-002 -2.2536e+000 -3.2376e+000 -1.2711e+000 -2.5820e+000
6824 0 +3.681413288e+001 +2.927413288e+001 +2.927413288e+001 +1.1239e+000 +5.2549e-001 +1.4847e+000 -2.7392e+000 -4.5594e-001 +2.5668e-002 -2.1242e+000 -3.2936e+000 -1.2961e+000 -2.5608e+000
6989 0 +3.480410414e+001 +2.726410414e+001 +2.726410414e+001 +1.0825e+000 +5.4551e-001 +1.4616e+000 -2.6102e+000 -5.5566e-001 -6.6904e-002 -2.0431e+000 -3.1213e+000 -1.2316e+000 -2.5011e+000
7397 0 +3.286476338e+001 +2.532476338e+001 +2.532476338e+001 +1.0853e+000 +5.6121e-001 +1.4568e+000 -2.5205e+000 -5.1973e-001 -1.0227e-001 -2.0604e+000 -3.1582e+000 -1.2093e+000 -2.6469e+000
7577 0 +3.215794999e+001 +2.461794999e+001 +2.461794999e+001 +9.1701e-001 +5.5135e-001 +1.3173e+000 -2.4710e+000 -6.7613e-001 -2.5810e-003 -2.0083e+000 -3.1833e+000 -1.1741e+000 -2.7392e+000
8097 0 +3.145593781e+001 +2.391593781e+001 +2.391593781e+001 +1.0620e+000 +4.8581e-001 +1.4026e+000 -2.6259e+000 -5.9568e-001 +3.7163e-002 -2.1049e+000 -3.1848e+000 -1.2433e+000 -2.5713e+000
8189 0 +3.053181078e+001 +2.299181078e+001 +2.299181078e+001 +1.0278e+000 +5.2532e-001 +1.3946e+000 -2.5460e+000 -6.1961e-001 -3.2269e-002 -2.0532e+000 -3.1211e+000 -1.2049e+000 -2.5689e+000
9018 0 +2.987621207e+001 +2.233621207e+001 +2.233621207e+001 +1.1620e+000 +5.1202e-001 +1.4439e+000 -2.6313e+000 -6.1429e-001 -4.1268e-003 -2.1173e+000 -3.2666e+000 -1.1034e+000 -2.5873e+000
9131 0 +2.738949259e+001 +1.984949259e+001 +1.984949259e+001 +1.0085e+000 +5.5301e-001 +1.3814e+000 -2.5127e+000 -6.6234e-001 -4.0109e-002 -2.0143e+000 -3.1759e+000 -1.1170e+000 -2.6234e+000
9206 0 +2.491991905e+001 +1.737991905e+001 +1.737991905e+001 +1.0387e+000 +6.1408e-001 +1.3053e+000 -2.4751e+000 -7.2431e-001 -2.0259e-002 -1.9839e+000 -3.1268e+000 -1.2191e+000 -2.6359e+000
9224 0 +2.415858000e+001 +1.661858000e+001 +1.661858000e+001 +1.3188e+000 +3.5291e-001 +1.3388e+000 -2.5931e+000 -7.4360e-001 -3.0516e-002 -2.1346e+000 -3.2367e+000 -1.1214e+000 -2.6048e+000
9448 0 +2.200076517e+001 +1.446076517e+001 +1.446076517e+001 +1.2918e+000 +4.0460e-001 +1.3437e+000 -2.6072e+000 -7.2416e-001 -8.6512e-002 -2.1017e+000 -3.1939e+000 -1.1933e+000 -2.5719e+000
10057 0 +2.018435524e+001 +1.264435524e+001 +1.264435524e+001 +1.2533e+000 +4.3943e-001 +1.3569e+000 -2.5916e+000 -6.7424e-001 +5.1832e-003 -2.0461e+000 -3.2841e+000 -1.2183e+000 -2.5820e+000
