% f evaluations | g evaluations | best noise-free fitness - Fopt (7.135000000000e+001) + sum g_i+ | measured fitness | best measured fitness or single-digit g-values | x1 | x2...
1 0 +7.554021144e+001 +1.468902114e+002 +1.468902114e+002 +0.0000e+000 +0.0000e+000
2 0 +3.284051954e+001 +1.041905195e+002 +1.041905195e+002 +4.8929e+000 -2.0171e+000
8 0 +2.100109971e+001 +9.235109971e+001 +9.235109971e+001 +2.0165e+000 -5.6557e-001
17 0 +6.974178237e+000 +7.832417824e+001 +7.832417824e+001 +1.7733e+000 +2.9413e+000
29 0 +2.224653598e+000 +7.357465360e+001 +7.357465360e+001 +5.7847e-001 +4.1979e+000
220 0 +1.158997054e+000 +7.250899705e+001 +7.250899705e+001 +9.5099e-001 +9.1356e-001
391 0 +8.729580151e-002 +7.143729580e+001 +7.143729580e+001 +1.4723e+000 +9.2967e-001
864 0 +1.013662528e-002 +7.136013663e+001 +7.136013663e+001 +1.0726e+000 +4.2095e+000
1918 0 +8.160105163e-003 +7.135816011e+001 +7.135816011e+001 +1.0727e+000 +4.2097e+000
2363 0 +4.583655234e-003 +7.135458366e+001 +7.135458366e+001 +1.0542e+000 +4.2107e+000
2463 0 +1.446744851e-003 +7.135144674e+001 +7.135144674e+001 +1.0431e+000 +4.2084e+000
2483 0 +6.968124980e-004 +7.135069681e+001 +7.135069681e+001 +1.0529e+000 +4.2098e+000
3012 0 +6.083748670e-004 +7.135060837e+001 +7.135060837e+001 +1.0497e+000 +4.2098e+000
3175 0 +1.089707279e-004 +7.135010897e+001 +7.135010897e+001 +1.0400e+000 +4.2090e+000
3216 0 +9.575444122e-005 +7.135009575e+001 +7.135009575e+001 +1.0356e+000 +4.2095e+000
3287 0 +6.754381853e-005 +7.135006754e+001 +7.135006754e+001 +1.0413e+000 +4.2094e+000
3521 0 +3.542887320e-005 +7.135003543e+001 +7.135003543e+001 +1.0417e+000 +4.2096e+000
3619 0 +3.035283332e-005 +7.135003035e+001 +7.135003035e+001 +1.0397e+000 +4.2094e+000
3677 0 +2.642534054e-005 +7.135002643e+001 +7.135002643e+001 +1.0395e+000 +4.2097e+000
3771 0 +1.520478199e-005 +7.135001520e+001 +7.135001520e+001 +1.0407e+000 +4.2095e+000
3788 0 +1.249633499e-007 +7.135000012e+001 +7.135000012e+001 +1.0399e+000 +4.2095e+000
4019 0 +5.350993604e-008 +7.135000005e+001 +7.135000005e+001 +1.0400e+000 +4.2095e+000
4219 0 +1.223092738e-008 +7.135000001e+001 +7.135000001e+001 +1.0399e+000 +4.2095e+000
4582 0 +1.237893343e-009 +7.135000000e+001 +7.135000000e+001 +1.0399e+000 +4.2095e+000
5109 0 +0.000000000e+000 +7.135000000e+001 +7.135000000e+001 +1.0399e+000 +4.2095e+000
% f evaluations | g evaluations | best noise-free fitness - Fopt (-3.552200000000e+002) + sum g_i+ | measured fitness | best measured fitness or single-digit g-values | x1 | x2...
1 0 +2.629527895e+002 -9.226721048e+001 -9.226721048e+001 +0.0000e+000 +0.0000e+000
2 0 +1.220749967e+001 -3.430125003e+002 -3.430125003e+002 -3.6833e+000 -1.9570e+000
26 0 +6.426476726e+000 -3.487935233e+002 -3.487935233e+002 +3.4928e+000 -2.9458e+000
29 0 +4.724924558e+000 -3.504950754e+002 -3.504950754e+002 +4.9626e+000 -3.3322e+000
49 0 +4.003003494e+000 -3.512169965e+002 -3.512169965e+002 -2.6342e+000 +3.0678e+000
135 0 +2.607164507e+000 -3.526128355e+002 -3.526128355e+002 -1.9146e+000 -2.0617e+000
195 0 +1.580629965e+000 -3.536393700e+002 -3.536393700e+002 +1.2331e+000 +2.5192e+000
270 0 +7.442503795e-001 -3.544757496e+002 -3.544757496e+002 +2.7260e+000 +2.0420e+000
369 0 +1.291554253e-001 -3.550908446e+002 -3.550908446e+002 +1.1084e+000 +2.4369e+000
1082 0 +1.031916023e-001 -3.551168084e+002 -3.551168084e+002 +1.2090e+000 +2.4829e+000
1102 0 +4.155965205e-003 -3.552158440e+002 -3.552158440e+002 +1.1744e+000 +2.4660e+000
1282 0 +4.544855697e-004 -3.552195455e+002 -3.552195455e+002 +1.1714e+000 +2.4683e+000
2119 0 +2.607223185e-004 -3.552197393e+002 -3.552197393e+002 +1.1759e+000 +2.4695e+000
2409 0 +8.256682980e-005 -3.552199174e+002 -3.552199174e+002 +1.1714e+000 +2.4673e+000
2578 0 +4.944113022e-005 -3.552199506e+002 -3.552199506e+002 +1.1732e+000 +2.4683e+000
2631 0 +2.702654734e-005 -3.552199730e+002 -3.552199730e+002 +1.1727e+000 +2.4681e+000
2731 0 +3.484796082e-006 -3.552199965e+002 -3.552199965e+002 +1.1730e+000 +2.4681e+000
2778 0 +1.016521480e-006 -3.552199990e+002 -3.552199990e+002 +1.1727e+000 +2.4680e+000
3369 0 +6.488144777e-007 -3.552199994e+002 -3.552199994e+002 +1.1726e+000 +2.4679e+000
3382 0 +1.588500709e-007 -3.552199998e+002 -3.552199998e+002 +1.1727e+000 +2.4680e+000
3569 0 +1.435839749e-007 -3.552199999e+002 -3.552199999e+002 +1.1727e+000 +2.4680e+000
3769 0 +9.101171372e-008 -3.552199999e+002 -3.552199999e+002 +1.1727e+000 +2.4679e+000
3990 0 +6.961198551e-008 -3.552199999e+002 -3.552199999e+002 +1.1727e+000 +2.4679e+000
4082 0 +5.543938641e-008 -3.552199999e+002 -3.552199999e+002 +1.1727e+000 +2.4679e+000
4182 0 +7.483379250e-009 -3.552200000e+002 -3.552200000e+002 +1.1727e+000 +2.4679e+000
4828 0 +0.000000000e+000 -3.552200000e+002 -3.552200000e+002 +1.1727e+000 +2.4679e+000
% f evaluations | g evaluations | best noise-free fitness - Fopt (9.917000000000e+001) + sum g_i+ | measured fitness | best measured fitness or single-digit g-values | x1 | x2...
1 0 +3.418304207e+001 +1.333530421e+002 +1.333530421e+002 +0.0000e+000 +0.0000e+000
2 0 +6.681314791e+000 +1.058513148e+002 +1.058513148e+002 +1.8473e+000 +1.6876e+000
24 0 +3.400452029e+000 +1.025704520e+002 +1.025704520e+002 +1.8359e-002 +2.0142e+000
106 0 +2.095640384e+000 +1.012656404e+002 +1.012656404e+002 -3.9915e+000 -3.0883e+000
161 0 +1.695312439e+000 +1.008653124e+002 +1.008653124e+002 +6.7939e-001 +1.2513e+000
308 0 +2.614548628e-001 +9.943145486e+001 +9.943145486e+001 +6.0527e-001 +1.2990e+000
659 0 +1.350950032e-001 +9.930509500e+001 +9.930509500e+001 +5.9968e-001 +1.2978e+000
692 0 +1.300601282e-001 +9.930006013e+001 +9.930006013e+001 +5.8978e-001 +1.3074e+000
743 0 +3.116610335e-002 +9.920116610e+001 +9.920116610e+001 +4.9133e-001 +1.4131e+000
1024 0 +1.817477993e-002 +9.918817478e+001 +9.918817478e+001 +5.1780e-001 +1.3797e+000
1078 0 +1.777815180e-002 +9.918777815e+001 +9.918777815e+001 +5.5057e-001 +1.3489e+000
1228 0 +1.134240919e-002 +9.918134241e+001 +9.918134241e+001 +5.3090e-001 +1.3764e+000
1271 0 +7.594426183e-003 +9.917759443e+001 +9.917759443e+001 +5.4840e-001 +1.3497e+000
1713 0 +2.352780989e-003 +9.917235278e+001 +9.917235278e+001 +5.0974e-001 +1.3957e+000
1865 0 +1.152537591e-003 +9.917115254e+001 +9.917115254e+001 +5.2411e-001 +1.3809e+000
2043 0 +1.998163587e-004 +9.917019982e+001 +9.917019982e+001 +5.1804e-001 +1.3860e+000
2128 0 +1.824936842e-004 +9.917018249e+001 +9.917018249e+001 +5.1911e-001 +1.3836e+000
2294 0 +7.149278025e-005 +9.917007149e+001 +9.917007149e+001 +5.1950e-001 +1.3839e+000
2464 0 +5.587450056e-005 +9.917005587e+001 +9.917005587e+001 +5.2131e-001 +1.3822e+000
2613 0 +2.763069179e-005 +9.917002763e+001 +9.917002763e+001 +5.1978e-001 +1.3837e+000
2681 0 +2.103264718e-005 +9.917002103e+001 +9.917002103e+001 +5.2013e-001 +1.3831e+000
2724 0 +1.133087012e-005 +9.917001133e+001 +9.917001133e+001 +5.1976e-001 +1.3837e+000
2881 0 +9.839468802e-006 +9.917000984e+001 +9.917000984e+001 +5.2074e-001 +1.3827e+000
3059 0 +4.150037370e-006 +9.917000415e+001 +9.917000415e+001 +5.2067e-001 +1.3827e+000
3289 0 +8.095316986e-007 +9.917000081e+001 +9.917000081e+001 +5.2049e-001 +1.3828e+000
3296 0 +6.243229365e-007 +9.917000062e+001 +9.917000062e+001 +5.2067e-001 +1.3826e+000
3487 0 +3.203878407e-008 +9.917000003e+001 +9.917000003e+001 +5.2055e-001 +1.3828e+000
3824 0 +6.695984212e-009 +9.917000001e+001 +9.917000001e+001 +5.2057e-001 +1.3827e+000
4508 0 +0.000000000e+000 +9.917000000e+001 +9.917000000e+001 +5.2058e-001 +1.3827e+000
% f evaluations | g evaluations | best noise-free fitness - Fopt (-5.179100000000e+002) + sum g_i+ | measured fitness | best measured fitness or single-digit g-values | x1 | x2...
1 0 +6.376199996e+001 -4.541480000e+002 -4.541480000e+002 +0.0000e+000 +0.0000e+000
2 0 +4.710706982e+001 -4.708029302e+002 -4.708029302e+002 -4.4557e+000 -2.3102e+000
3 0 +1.576033831e+001 -5.021496617e+002 -5.021496617e+002 -2.2446e+000 +1.3172e+000
9 0 +1.524172848e+001 -5.026682715e+002 -5.026682715e+002 +1.5506e+000 -4.7232e+000
15 0 +1.211870832e+001 -5.057912917e+002 -5.057912917e+002 +4.6184e+000 +5.3474e-001
33 0 +4.636721231e+000 -5.132732788e+002 -5.132732788e+002 +3.0804e+000 +1.9806e-001
35 0 +1.638057072e+000 -5.162719429e+002 -5.162719429e+002 +4.5461e+000 -3.5146e+000
93 0 +4.349159133e-002 -5.178665084e+002 -5.178665084e+002 +2.6118e+000 -5.0255e-002
971 0 +1.643667937e-002 -5.178935633e+002 -5.178935633e+002 +2.6389e+000 -3.5353e-002
1181 0 +1.575347060e-002 -5.178942465e+002 -5.178942465e+002 +2.6363e+000 -3.4908e-002
1528 0 +3.996917212e-003 -5.179060031e+002 -5.179060031e+002 +2.6159e+000 -5.4616e-002
1610 0 +1.603433000e-003 -5.179083966e+002 -5.179083966e+002 +2.6089e+000 -6.1623e-002
1739 0 +5.003922830e-004 -5.179094996e+002 -5.179094996e+002 +2.6088e+000 -6.0262e-002
2164 0 +2.874414246e-004 -5.179097126e+002 -5.179097126e+002 +2.6028e+000 -6.3950e-002
2381 0 +1.865176606e-004 -5.179098135e+002 -5.179098135e+002 +2.6025e+000 -6.4440e-002
2431 0 +1.258963816e-004 -5.179098741e+002 -5.179098741e+002 +2.6058e+000 -6.2569e-002
2499 0 +1.077048437e-004 -5.179098923e+002 -5.179098923e+002 +2.6015e+000 -6.5995e-002
2510 0 +7.671806861e-005 -5.179099233e+002 -5.179099233e+002 +2.6054e+000 -6.3001e-002
2654 0 +7.286013317e-005 -5.179099271e+002 -5.179099271e+002 +2.6071e+000 -6.1074e-002
2693 0 +5.508384447e-005 -5.179099449e+002 -5.179099449e+002 +2.6052e+000 -6.2837e-002
2715 0 +4.160536355e-005 -5.179099584e+002 -5.179099584e+002 +2.6037e+000 -6.3722e-002
2733 0 +7.291656630e-006 -5.179099927e+002 -5.179099927e+002 +2.6039e+000 -6.3604e-002
2981 0 +6.825034234e-006 -5.179099932e+002 -5.179099932e+002 +2.6044e+000 -6.3315e-002
3064 0 +3.197939918e-006 -5.179099968e+002 -5.179099968e+002 +2.6040e+000 -6.3654e-002
3395 0 +2.306356805e-006 -5.179099977e+002 -5.179099977e+002 +2.6043e+000 -6.3528e-002
3433 0 +6.613578307e-007 -5.179099993e+002 -5.179099993e+002 +2.6044e+000 -6.3392e-002
3540 0 +1.795937123e-007 -5.179099998e+002 -5.179099998e+002 +2.6042e+000 -6.3593e-002
3815 0 +5.881440757e-008 -5.179099999e+002 -5.179099999e+002 +2.6043e+000 -6.3469e-002
3915 0 +2.006436262e-008 -5.179100000e+002 -5.179100000e+002 +2.6043e+000 -6.3517e-002
3924 0 +9.762970876e-009 -5.179100000e+002 -5.179100000e+002 +2.6042e+000 -6.3532e-002
5110 0 +0.000000000e+000 -5.179100000e+002 -5.179100000e+002 +2.6043e+000 -6.3498e-002
% f evaluations | g evaluations | best noise-free fitness - Fopt (-5.721000000000e+001) + sum g_i+ | measured fitness | best measured fitness or single-digit g-values | x1 | x2...
1 0 +7.084914332e+001 +1.363914332e+001 +1.363914332e+001 +0.0000e+000 +0.0000e+000
2 0 +7.990873633e+000 -4.921912637e+001 -4.921912637e+001 +1.6986e+000 -3.7339e+000
14 0 +3.436173408e+000 -5.377382659e+001 -5.377382659e+001 -4.2030e+000 +1.3643e+000
94 0 +2.497766602e+000 -5.471223340e+001 -5.471223340e+001 -2.7191e+000 -4.7980e+000
106 0 +9.637687242e-001 -5.624623128e+001 -5.624623128e+001 -3.8690e+000 -3.7646e-001
395 0 +3.815979233e-001 -5.682840208e+001 -5.682840208e+001 -3.7605e+000 -5.3414e-001
721 0 +3.576421964e-001 -5.685235780e+001 -5.685235780e+001 -3.7614e+000 -5.7574e-001
877 0 +2.851695462e-001 -5.692483045e+001 -5.692483045e+001 -3.9053e+000 -2.7005e-001
1034 0 +1.544795468e-002 -5.719455205e+001 -5.719455205e+001 -3.8102e+000 -4.0432e-001
1431 0 +9.812759074e-003 -5.720018724e+001 -5.720018724e+001 -3.7976e+000 -4.3536e-001
1453 0 +7.358106001e-003 -5.720264189e+001 -5.720264189e+001 -3.8091e+000 -4.0407e-001
1521 0 +1.197153105e-003 -5.720880285e+001 -5.720880285e+001 -3.8020e+000 -4.2063e-001
1809 0 +9.407020501e-005 -5.720990593e+001 -5.720990593e+001 -3.8071e+000 -4.1401e-001
2960 0 +7.103814382e-005 -5.720992896e+001 -5.720992896e+001 -3.8059e+000 -4.1621e-001
2975 0 +5.120909162e-005 -5.720994879e+001 -5.720994879e+001 -3.8024e+000 -4.2217e-001
2989 0 +4.591328744e-005 -5.720995409e+001 -5.720995409e+001 -3.8025e+000 -4.2210e-001
3008 0 +3.174300441e-005 -5.720996826e+001 -5.720996826e+001 -3.8025e+000 -4.2175e-001
3020 0 +2.376289956e-005 -5.720997624e+001 -5.720997624e+001 -3.8031e+000 -4.2101e-001
3060 0 +2.237556129e-005 -5.720997762e+001 -5.720997762e+001 -3.8044e+000 -4.1874e-001
3075 0 +1.729302993e-005 -5.720998271e+001 -5.720998271e+001 -3.8040e+000 -4.1934e-001
3091 0 +5.321495934e-006 -5.720999468e+001 -5.720999468e+001 -3.8036e+000 -4.1985e-001
3131 0 +9.059346695e-008 -5.720999991e+001 -5.720999991e+001 -3.8037e+000 -4.1983e-001
3675 0 +7.175948014e-008 -5.720999993e+001 -5.720999993e+001 -3.8035e+000 -4.2010e-001
3808 0 +4.119858943e-008 -5.720999996e+001 -5.720999996e+001 -3.8036e+000 -4.1991e-001
3860 0 +2.253975850e-008 -5.720999998e+001 -5.720999998e+001 -3.8036e+000 -4.2004e-001
3875 0 +8.191918255e-010 -5.721000000e+001 -5.721000000e+001 -3.8036e+000 -4.1999e-001
5131 0 +0.000000000e+000 -5.721000000e+001 -5.721000000e+001 -3.8036e+000 -4.2000e-001
% f evaluations | g evaluations | best noise-free fitness - Fopt (6.626000000000e+001) + sum g_i+ | measured fitness | best measured fitness or single-digit g-values | x1 | x2...
1 0 +8.820121044e+001 +1.544612104e+002 +1.544612104e+002 +0.0000e+000 +0.0000e+000
3 0 +3.464583505e+001 +1.009058350e+002 +1.009058350e+002 +2.4099e+000 +3.6978e+000
7 0 +5.441651079e+000 +7.170165108e+001 +7.170165108e+001 +1.8350e+000 -9.6068e-001
121 0 +4.115337527e+000 +7.037533753e+001 +7.037533753e+001 +5.0832e+000 +5.9083e-001
203 0 +3.684891491e+000 +6.994489149e+001 +6.994489149e+001 +2.0545e+000 -2.0410e+000
243 0 +3.214631822e+000 +6.947463182e+001 +6.947463182e+001 +5.1138e+000 +7.7516e-004
425 0 +2.715944277e-001 +6.653159443e+001 +6.653159443e+001 +5.0466e+000 +1.7288e-001
824 0 +9.974786433e-002 +6.635974786e+001 +6.635974786e+001 +5.0529e+000 +2.4137e-001
1129 0 +5.059555978e-002 +6.631059556e+001 +6.631059556e+001 -4.8512e-001 +1.2134e+000
2029 0 +1.484454344e-002 +6.627484454e+001 +6.627484454e+001 -4.7177e-001 +1.2108e+000
2429 0 +5.688967203e-003 +6.626568897e+001 +6.626568897e+001 -4.7860e-001 +1.2122e+000
2756 0 +3.461531213e-003 +6.626346153e+001 +6.626346153e+001 -4.7895e-001 +1.2168e+000
3006 0 +1.582063314e-003 +6.626158206e+001 +6.626158206e+001 -4.8146e-001 +1.2359e+000
3229 0 +9.252730179e-004 +6.626092527e+001 +6.626092527e+001 -4.7780e-001 +1.2291e+000
3288 0 +5.542766748e-004 +6.626055428e+001 +6.626055428e+001 -4.7734e-001 +1.2258e+000
3290 0 +5.328141136e-004 +6.626053281e+001 +6.626053281e+001 -4.7860e-001 +1.2266e+000
3388 0 +1.300885369e-004 +6.626013009e+001 +6.626013009e+001 -4.7724e-001 +1.2229e+000
3688 0 +7.802197432e-005 +6.626007802e+001 +6.626007802e+001 -4.7727e-001 +1.2237e+000
3690 0 +6.273528622e-005 +6.626006274e+001 +6.626006274e+001 -4.7723e-001 +1.2230e+000
3706 0 +4.674952451e-005 +6.626004675e+001 +6.626004675e+001 -4.7764e-001 +1.2258e+000
3938 0 +2.070377505e-006 +6.626000207e+001 +6.626000207e+001 -4.7778e-001 +1.2248e+000
4138 0 +1.270819325e-006 +6.626000127e+001 +6.626000127e+001 -4.7784e-001 +1.2251e+000
4453 0 +2.987142977e-007 +6.626000030e+001 +6.626000030e+001 -4.7778e-001 +1.2250e+000
4638 0 +6.183951484e-008 +6.626000006e+001 +6.626000006e+001 -4.7776e-001 +1.2248e+000
4888 0 +6.009598508e-008 +6.626000006e+001 +6.626000006e+001 -4.7776e-001 +1.2248e+000
4908 0 +5.216591603e-009 +6.626000001e+001 +6.626000001e+001 -4.7774e-001 +1.2248e+000
6097 0 +0.000000000e+000 +6.626000000e+001 +6.626000000e+001 -4.7774e-001 +1.2248e+000
% f evaluations | g evaluations | best noise-free fitness - Fopt (-1.386200000000e+002) + sum g_i+ | measured fitness | best measured fitness or single-digit g-values | x1 | x2...
1 0 +5.560927136e+001 -8.301072864e+001 -8.301072864e+001 +0.0000e+000 +0.0000e+000
4 0 +1.325468369e+001 -1.253653163e+002 -1.253653163e+002 +1.4287e-001 +1.1510e+000
8 0 +9.231725504e+000 -1.293882745e+002 -1.293882745e+002 -3.1325e+000 -3.5925e+000
11 0 +3.838257102e+000 -1.347817429e+002 -1.347817429e+002 +1.8983e+000 -3.7726e+000
394 0 +1.767933308e+000 -1.368520667e+002 -1.368520667e+002 -4.9605e-001 -2.9842e+000
556 0 +3.861169732e-001 -1.382338830e+002 -1.382338830e+002 -4.7936e-001 -2.9587e+000
982 0 +1.134600347e-001 -1.385065400e+002 -1.385065400e+002 -5.1262e-001 -2.7768e+000
1047 0 +9.091094715e-002 -1.385290891e+002 -1.385290891e+002 -5.5084e-001 -2.6677e+000
1182 0 +6.917847216e-002 -1.385508215e+002 -1.385508215e+002 -5.3084e-001 -2.7641e+000
1374 0 +1.133091487e-002 -1.386086691e+002 -1.386086691e+002 -5.4199e-001 -2.7076e+000
1632 0 +4.043017814e-003 -1.386159570e+002 -1.386159570e+002 -5.5193e-001 -2.6891e+000
1750 0 +1.120960533e-003 -1.386188790e+002 -1.386188790e+002 -5.5263e-001 -2.6854e+000
1861 0 +2.484941919e-005 -1.386199752e+002 -1.386199752e+002 -5.5068e-001 -2.6875e+000
2761 0 +2.324730050e-005 -1.386199768e+002 -1.386199768e+002 -5.5073e-001 -2.6872e+000
2836 0 +1.308806776e-005 -1.386199869e+002 -1.386199869e+002 -5.5152e-001 -2.6857e+000
2865 0 +1.198623909e-005 -1.386199880e+002 -1.386199880e+002 -5.5176e-001 -2.6845e+000
3073 0 +5.409613010e-006 -1.386199946e+002 -1.386199946e+002 -5.5100e-001 -2.6867e+000
3173 0 +6.161352815e-007 -1.386199994e+002 -1.386199994e+002 -5.5116e-001 -2.6865e+000
3232 0 +4.249190511e-008 -1.386200000e+002 -1.386200000e+002 -5.5122e-001 -2.6863e+000
3532 0 +1.428009000e-008 -1.386200000e+002 -1.386200000e+002 -5.5122e-001 -2.6863e+000
3932 0 +1.393939897e-008 -1.386200000e+002 -1.386200000e+002 -5.5122e-001 -2.6863e+000
4036 0 +1.049212983e-008 -1.386200000e+002 -1.386200000e+002 -5.5124e-001 -2.6862e+000
4132 0 +3.775966206e-009 -1.386200000e+002 -1.386200000e+002 -5.5123e-001 -2.6863e+000
4558 0 +0.000000000e+000 -1.386200000e+002 -1.386200000e+002 -5.5124e-001 -2.6862e+000
% f evaluations | g evaluations | best noise-free fitness - Fopt (7.313900000000e+002) + sum g_i+ | measured fitness | best measured fitness or single-digit g-values | x1 | x2...
1 0 +3.659983653e+001 +7.679898365e+002 +7.679898365e+002 +0.0000e+000 +0.0000e+000
2 0 +3.368751627e+001 +7.650775163e+002 +7.650775163e+002 +1.7249e-001 +3.4879e+000
6 0 +2.825744681e+001 +7.596474468e+002 +7.596474468e+002 +4.3675e+000 -3.5502e+000
10 0 +8.970453133e+000 +7.403604531e+002 +7.403604531e+002 -2.9287e+000 +1.4263e-001
18 0 +7.443160054e-001 +7.321343160e+002 +7.321343160e+002 -4.8780e+000 +2.5247e+000
159 0 +1.033190963e-001 +7.314933191e+002 +7.314933191e+002 -3.1788e+000 +1.0110e+000
1420 0 +5.653538343e-003 +7.313956535e+002 +7.313956535e+002 -3.1494e+000 +9.1721e-001
1920 0 +3.907934729e-003 +7.313939079e+002 +7.313939079e+002 -3.1484e+000 +9.1796e-001
1948 0 +1.666933618e-003 +7.313916669e+002 +7.313916669e+002 -3.1493e+000 +9.2025e-001
2250 0 +8.139248461e-004 +7.313908139e+002 +7.313908139e+002 -3.1549e+000 +9.3908e-001
2320 0 +6.514768692e-004 +7.313906515e+002 +7.313906515e+002 -3.1505e+000 +9.2485e-001
2420 0 +1.551187962e-004 +7.313901551e+002 +7.313901551e+002 -3.1504e+000 +9.2712e-001
2650 0 +1.037610342e-004 +7.313901038e+002 +7.313901038e+002 -3.1519e+000 +9.3082e-001
2840 0 +1.716658448e-005 +7.313900172e+002 +7.313900172e+002 -3.1511e+000 +9.2839e-001
2952 0 +2.648409577e-006 +7.313900026e+002 +7.313900026e+002 -3.1510e+000 +9.2852e-001
3003 0 +1.943818347e-006 +7.313900019e+002 +7.313900019e+002 -3.1511e+000 +9.2844e-001
3420 0 +1.250141395e-006 +7.313900013e+002 +7.313900013e+002 -3.1510e+000 +9.2830e-001
3520 0 +6.461959856e-009 +7.313900000e+002 +7.313900000e+002 -3.1511e+000 +9.2870e-001
4944 0 +0.000000000e+000 +7.313900000e+002 +7.313900000e+002 -3.1511e+000 +9.2869e-001
% f evaluations | g evaluations | best noise-free fitness - Fopt (7.526000000000e+001) + sum g_i+ | measured fitness | best measured fitness or single-digit g-values | x1 | x2...
1 0 +2.387879109e+002 +3.140479109e+002 +3.140479109e+002 +0.0000e+000 +0.0000e+000
2 0 +8.191050932e+001 +1.571705093e+002 +1.571705093e+002 -4.0672e+000 +1.9895e+000
3 0 +6.502497164e+001 +1.402849716e+002 +1.402849716e+002 +1.1156e+000 -2.2539e+000
8 0 +6.080707894e+001 +1.360670789e+002 +1.360670789e+002 -7.8519e-001 -4.9644e+000
12 0 +4.806646721e+001 +1.233264672e+002 +1.233264672e+002 +1.0883e+000 -2.7419e+000
13 0 +9.957083007e+000 +8.521708301e+001 +8.521708301e+001 -1.6699e+000 -8.9761e-001
38 0 +6.323615613e+000 +8.158361561e+001 +8.158361561e+001 -2.1127e+000 -1.4938e+000
93 0 +2.782694975e+000 +7.804269497e+001 +7.804269497e+001 -1.6918e+000 +3.9347e-001
125 0 +1.872695954e+000 +7.713269595e+001 +7.713269595e+001 -2.6094e+000 -2.0217e+000
196 0 +8.103289859e-001 +7.607032899e+001 +7.607032899e+001 +2.4578e+000 +5.7920e-001
449 0 +6.186896889e-001 +7.587868969e+001 +7.587868969e+001 +2.5919e+000 +6.7577e-001
712 0 +2.556148589e-001 +7.551561486e+001 +7.551561486e+001 +2.6213e+000 +7.5601e-001
1052 0 +1.692862932e-001 +7.542928629e+001 +7.542928629e+001 +2.6550e+000 +8.1148e-001
1083 0 +6.689736124e-002 +7.532689736e+001 +7.532689736e+001 +2.6092e+000 +7.5377e-001
1294 0 +5.771826954e-002 +7.531771827e+001 +7.531771827e+001 +2.6142e+000 +7.5882e-001
1348 0 +2.039276633e-002 +7.528039277e+001 +7.528039277e+001 +2.5768e+000 +7.2820e-001
1439 0 +8.229904132e-003 +7.526822990e+001 +7.526822990e+001 +2.5667e+000 +7.1661e-001
1448 0 +3.455337885e-003 +7.526345534e+001 +7.526345534e+001 +2.5728e+000 +7.2015e-001
1548 0 +3.382228173e-003 +7.526338223e+001 +7.526338223e+001 +2.5708e+000 +7.1613e-001
1746 0 +1.831737516e-003 +7.526183174e+001 +7.526183174e+001 +2.5586e+000 +7.0701e-001
1848 0 +6.876794717e-004 +7.526068768e+001 +7.526068768e+001 +2.5619e+000 +7.1029e-001
2048 0 +6.196084426e-004 +7.526061961e+001 +7.526061961e+001 +2.5621e+000 +7.1042e-001
2142 0 +3.343595783e-005 +7.526003344e+001 +7.526003344e+001 +2.5611e+000 +7.0729e-001
2455 0 +2.310484726e-005 +7.526002310e+001 +7.526002310e+001 +2.5614e+000 +7.0808e-001
2548 0 +2.118477887e-005 +7.526002118e+001 +7.526002118e+001 +2.5613e+000 +7.0763e-001
2648 0 +2.737255599e-006 +7.526000274e+001 +7.526000274e+001 +2.5611e+000 +7.0774e-001
2939 0 +2.600605328e-006 +7.526000260e+001 +7.526000260e+001 +2.5609e+000 +7.0734e-001
2946 0 +1.308165736e-006 +7.526000131e+001 +7.526000131e+001 +2.5610e+000 +7.0740e-001
3050 0 +7.616614255e-007 +7.526000076e+001 +7.526000076e+001 +2.5611e+000 +7.0762e-001
3148 0 +6.898455638e-007 +7.526000069e+001 +7.526000069e+001 +2.5612e+000 +7.0772e-001
3312 0 +5.050070087e-007 +7.526000051e+001 +7.526000051e+001 +2.5611e+000 +7.0765e-001
3412 0 +2.251616991e-007 +7.526000023e+001 +7.526000023e+001 +2.5611e+000 +7.0757e-001
3450 0 +2.134542569e-007 +7.526000021e+001 +7.526000021e+001 +2.5611e+000 +7.0767e-001
3548 0 +8.868032353e-008 +7.526000009e+001 +7.526000009e+001 +2.5612e+000 +7.0768e-001
3733 0 +7.061295548e-008 +7.526000007e+001 +7.526000007e+001 +2.5611e+000 +7.0765e-001
3812 0 +4.067278780e-008 +7.526000004e+001 +7.526000004e+001 +2.5611e+000 +7.0760e-001
3876 0 +2.668616617e-008 +7.526000003e+001 +7.526000003e+001 +2.5611e+000 +7.0761e-001
4084 0 +2.599688287e-008 +7.526000003e+001 +7.526000003e+001 +2.5611e+000 +7.0761e-001
4155 0 +1.948453132e-008 +7.526000002e+001 +7.526000002e+001 +2.5611e+000 +7.0761e-001
4212 0 +1.648604098e-008 +7.526000002e+001 +7.526000002e+001 +2.5611e+000 +7.0761e-001
4250 0 +7.403329505e-009 +7.526000001e+001 +7.526000001e+001 +2.5611e+000 +7.0760e-001
5341 0 +0.000000000e+000 +7.526000000e+001 +7.526000000e+001 +2.5610e+000 +7.0756e-001
% f evaluations | g evaluations | best noise-free fitness - Fopt (-4.913000000000e+001) + sum g_i+ | measured fitness | best measured fitness or single-digit g-values | x1 | x2...
1 0 +2.134808253e+001 -2.778191747e+001 -2.778191747e+001 +0.0000e+000 +0.0000e+000
29 0 +1.366241528e+001 -3.546758472e+001 -3.546758472e+001 +3.2344e-001 -1.7162e+000
38 0 +1.034514764e+000 -4.809548524e+001 -4.809548524e+001 -1.7463e+000 -2.6097e+000
454 0 +3.553754335e-001 -4.877462457e+001 -4.877462457e+001 -1.7285e+000 -2.6244e+000
979 0 +9.278313842e-002 -4.903721686e+001 -4.903721686e+001 -1.6136e+000 -2.5317e+000
1080 0 +5.637369276e-002 -4.907362631e+001 -4.907362631e+001 -1.6098e+000 -2.5347e+000
1146 0 +2.829528447e-002 -4.910170472e+001 -4.910170472e+001 -1.5502e+000 -2.4856e+000
1288 0 +2.246474262e-002 -4.910753526e+001 -4.910753526e+001 -1.5818e+000 -2.5084e+000
1346 0 +5.275277334e-003 -4.912472472e+001 -4.912472472e+001 -1.5617e+000 -2.4947e+000
1487 0 +2.937505731e-003 -4.912706249e+001 -4.912706249e+001 -1.5489e+000 -2.4878e+000
1573 0 +1.789505491e-003 -4.912821049e+001 -4.912821049e+001 -1.5500e+000 -2.4905e+000
1788 0 +1.664595913e-003 -4.912833540e+001 -4.912833540e+001 -1.5524e+000 -2.4915e+000
1809 0 +9.961806690e-004 -4.912900382e+001 -4.912900382e+001 -1.5633e+000 -2.4987e+000
1948 0 +2.024571285e-004 -4.912979754e+001 -4.912979754e+001 -1.5573e+000 -2.4947e+000
2088 0 +1.411373051e-004 -4.912985886e+001 -4.912985886e+001 -1.5575e+000 -2.4942e+000
2287 0 +7.351506218e-005 -4.912992648e+001 -4.912992648e+001 -1.5583e+000 -2.4950e+000
2488 0 +6.652612461e-005 -4.912993347e+001 -4.912993347e+001 -1.5574e+000 -2.4947e+000
2514 0 +9.593468178e-006 -4.912999041e+001 -4.912999041e+001 -1.5593e+000 -2.4957e+000
2987 0 +8.192269561e-006 -4.912999181e+001 -4.912999181e+001 -1.5595e+000 -2.4958e+000
3209 0 +5.060668045e-006 -4.912999494e+001 -4.912999494e+001 -1.5597e+000 -2.4959e+000
3270 0 +4.519351251e-006 -4.912999548e+001 -4.912999548e+001 -1.5603e+000 -2.4963e+000
3346 0 +1.648400044e-006 -4.912999835e+001 -4.912999835e+001 -1.5597e+000 -2.4958e+000
3509 0 +1.418218936e-006 -4.912999858e+001 -4.912999858e+001 -1.5597e+000 -2.4959e+000
3541 0 +6.664609913e-007 -4.912999933e+001 -4.912999933e+001 -1.5602e+000 -2.4961e+000
3609 0 +6.012834675e-007 -4.912999940e+001 -4.912999940e+001 -1.5599e+000 -2.4959e+000
3674 0 +5.123719831e-007 -4.912999949e+001 -4.912999949e+001 -1.5599e+000 -2.4959e+000
3783 0 +3.609725496e-008 -4.912999996e+001 -4.912999996e+001 -1.5600e+000 -2.4960e+000
3986 0 +2.101785412e-011 -4.913000000e+001 -4.913000000e+001 -1.5600e+000 -2.4960e+000
4783 0 +0.000000000e+000 -4.913000000e+001 -4.913000000e+001 -1.5600e+000 -2.4960e+000
% f evaluations | g evaluations | best noise-free fitness - Fopt (-1.418900000000e+002) + sum g_i+ | measured fitness | best measured fitness or single-digit g-values | x1 | x2...
1 0 +7.898968867e+001 -6.290031133e+001 -6.290031133e+001 +0.0000e+000 +0.0000e+000
3 0 +5.267805477e+001 -8.921194523e+001 -8.921194523e+001 -4.3307e+000 +1.3299e+000
4 0 +5.242601747e+001 -8.946398253e+001 -8.946398253e+001 +2.6775e-001 -9.7124e-001
10 0 +3.344130043e+001 -1.084486996e+002 -1.084486996e+002 +4.1223e-001 +1.9441e+000
19 0 +2.991699727e+001 -1.119730027e+002 -1.119730027e+002 -3.0662e+000 +4.3884e+000
21 0 +2.426369612e+001 -1.176263039e+002 -1.176263039e+002 +4.2202e+000 -5.9588e-001
22 0 +1.809827996e+001 -1.237917200e+002 -1.237917200e+002 -4.3618e+000 -1.7201e+000
29 0 +1.076677082e+001 -1.311232292e+002 -1.311232292e+002 +3.2417e+000 +1.2991e+000
118 0 +5.727159406e+000 -1.361628406e+002 -1.361628406e+002 +3.0802e+000 +1.3753e+000
184 0 +3.827241652e+000 -1.380627583e+002 -1.380627583e+002 +4.1492e+000 +4.5473e+000
412 0 +1.954399407e+000 -1.399356006e+002 -1.399356006e+002 +4.8087e+000 +4.4232e+000
432 0 +8.082238450e-001 -1.410817762e+002 -1.410817762e+002 -6.7299e-001 +7.5955e-001
512 0 +2.774954478e-001 -1.416125046e+002 -1.416125046e+002 +4.6755e+000 +4.4681e+000
1112 0 +9.352191134e-002 -1.417964781e+002 -1.417964781e+002 +4.6556e+000 +4.4748e+000
1293 0 +6.428164378e-002 -1.418257184e+002 -1.418257184e+002 +4.5776e+000 +4.4701e+000
1480 0 +4.248184158e-002 -1.418475182e+002 -1.418475182e+002 +4.5828e+000 +4.4775e+000
1612 0 +2.951246816e-002 -1.418604875e+002 -1.418604875e+002 +4.6279e+000 +4.4754e+000
1645 0 +7.783164887e-003 -1.418822168e+002 -1.418822168e+002 +4.6062e+000 +4.4736e+000
1708 0 +3.353708335e-003 -1.418866463e+002 -1.418866463e+002 +4.6028e+000 +4.4710e+000
2082 0 +1.290267113e-003 -1.418887097e+002 -1.418887097e+002 +4.5918e+000 +4.4738e+000
2112 0 +1.019175581e-004 -1.418898981e+002 -1.418898981e+002 +4.5891e+000 +4.4731e+000
2412 0 +6.913364825e-005 -1.418899309e+002 -1.418899309e+002 +4.5906e+000 +4.4731e+000
2512 0 +2.449188230e-005 -1.418899755e+002 -1.418899755e+002 +4.5901e+000 +4.4731e+000
2755 0 +1.968032808e-005 -1.418899803e+002 -1.418899803e+002 +4.5892e+000 +4.4733e+000
2812 0 +1.200751902e-005 -1.418899880e+002 -1.418899880e+002 +4.5900e+000 +4.4731e+000
2912 0 +6.293525956e-006 -1.418899937e+002 -1.418899937e+002 +4.5899e+000 +4.4732e+000
3012 0 +2.998216104e-006 -1.418899970e+002 -1.418899970e+002 +4.5898e+000 +4.4732e+000
3112 0 +2.605807481e-006 -1.418899974e+002 -1.418899974e+002 +4.5898e+000 +4.4732e+000
3182 0 +1.817392842e-006 -1.418899982e+002 -1.418899982e+002 +4.5894e+000 +4.4732e+000
3203 0 +7.214594859e-007 -1.418899993e+002 -1.418899993e+002 +4.5897e+000 +4.4732e+000
3612 0 +2.402741472e-007 -1.418899998e+002 -1.418899998e+002 +4.5896e+000 +4.4732e+000
4027 0 +1.354367214e-007 -1.418899999e+002 -1.418899999e+002 +4.5897e+000 +4.4732e+000
4045 0 +4.013048738e-008 -1.418900000e+002 -1.418900000e+002 +4.5895e+000 +4.4732e+000
4280 0 +6.223046967e-009 -1.418900000e+002 -1.418900000e+002 +4.5896e+000 +4.4732e+000
4712 0 +0.000000000e+000 -1.418900000e+002 -1.418900000e+002 +4.5896e+000 +4.4732e+000
% f evaluations | g evaluations | best noise-free fitness - Fopt (1.095700000000e+002) + sum g_i+ | measured fitness | best measured fitness or single-digit g-values | x1 | x2...
1 0 +2.080087885e+001 +1.303708789e+002 +1.303708789e+002 +0.0000e+000 +0.0000e+000
15 0 +1.803732579e+001 +1.276073258e+002 +1.276073258e+002 +2.9826e+000 -1.4133e+000
24 0 +1.603803327e+001 +1.256080333e+002 +1.256080333e+002 +7.4498e-001 +3.4951e+000
25 0 +1.483570006e+001 +1.244057001e+002 +1.244057001e+002 -4.9267e+000 +9.3444e-001
27 0 +1.466624961e+001 +1.242362496e+002 +1.242362496e+002 +3.5984e+000 +1.2336e+000
32 0 +6.919393728e-001 +1.102619394e+002 +1.102619394e+002 -3.9687e+000 +2.8402e+000
452 0 +3.147898679e-001 +1.098847899e+002 +1.098847899e+002 -1.4900e+000 +2.8888e+000
683 0 +1.274933570e-001 +1.096974934e+002 +1.096974934e+002 +5.0484e+000 -9.5831e-001
1416 0 +7.278133743e-002 +1.096427813e+002 +1.096427813e+002 +5.0809e+000 -1.0421e+000
1816 0 +5.381140126e-002 +1.096238114e+002 +1.096238114e+002 +5.0774e+000 -1.0495e+000
1928 0 +5.243765621e-002 +1.096224377e+002 +1.096224377e+002 +5.0686e+000 -1.0293e+000
2218 0 +3.596230349e-002 +1.096059623e+002 +1.096059623e+002 +5.0605e+000 -9.9528e-001
2247 0 +2.824005486e-002 +1.095982401e+002 +1.095982401e+002 +5.0715e+000 -1.0256e+000
2376 0 +2.580529783e-002 +1.095958053e+002 +1.095958053e+002 +5.0659e+000 -1.0015e+000
2918 0 +2.529008344e-002 +1.095952901e+002 +1.095952901e+002 +5.0666e+000 -1.0028e+000
3047 0 +2.395462468e-002 +1.095939546e+002 +1.095939546e+002 +5.0674e+000 -1.0096e+000
3254 0 +2.330662083e-002 +1.095933066e+002 +1.095933066e+002 +5.0682e+000 -1.0143e+000
3575 0 +1.515550354e-002 +1.095851555e+002 +1.095851555e+002 +2.8685e+000 -1.0659e+000
5051 0 +9.635033558e-003 +1.095796350e+002 +1.095796350e+002 +2.8688e+000 -1.0778e+000
5389 0 +7.397395473e-003 +1.095773974e+002 +1.095773974e+002 +2.8691e+000 -1.0821e+000
5489 0 +4.080677100e-003 +1.095740807e+002 +1.095740807e+002 +2.8695e+000 -1.0841e+000
5689 0 +3.553434058e-003 +1.095735534e+002 +1.095735534e+002 +2.8695e+000 -1.0843e+000
5889 0 +3.523145308e-003 +1.095735231e+002 +1.095735231e+002 +2.8695e+000 -1.0844e+000
6135 0 +6.148803361e-004 +1.095706149e+002 +1.095706149e+002 +2.8698e+000 -1.1071e+000
6311 0 +1.869947804e-004 +1.095701870e+002 +1.095701870e+002 +2.8696e+000 -1.1057e+000
6511 0 +1.218832849e-004 +1.095701219e+002 +1.095701219e+002 +2.8696e+000 -1.1042e+000
6519 0 +7.251206736e-005 +1.095700725e+002 +1.095700725e+002 +2.8696e+000 -1.1012e+000
6589 0 +8.147460804e-006 +1.095700081e+002 +1.095700081e+002 +2.8696e+000 -1.1020e+000
6738 0 +3.043468979e-007 +1.095700003e+002 +1.095700003e+002 +2.8695e+000 -1.1020e+000
7311 0 +7.234700661e-008 +1.095700001e+002 +1.095700001e+002 +2.8695e+000 -1.1022e+000
7622 0 +5.746568377e-008 +1.095700001e+002 +1.095700001e+002 +2.8695e+000 -1.1021e+000
7735 0 +2.972839752e-008 +1.095700000e+002 +1.095700000e+002 +2.8695e+000 -1.1021e+000
7922 0 +1.616774625e-008 +1.095700000e+002 +1.095700000e+002 +2.8695e+000 -1.1021e+000
8158 0 +4.419177912e-009 +1.095700000e+002 +1.095700000e+002 +2.8695e+000 -1.1021e+000
9035 0 +0.000000000e+000 +1.095700000e+002 +1.095700000e+002 +2.8695e+000 -1.1021e+000
% f evaluations | g evaluations | best noise-free fitness - Fopt (7.836000000000e+001) + sum g_i+ | measured fitness | best measured fitness or single-digit g-values | x1 | x2...
1 0 +1.865725538e+002 +2.649325538e+002 +2.649325538e+002 +0.0000e+000 +0.0000e+000
2 0 +1.137430753e+001 +8.973430753e+001 +8.973430753e+001 -1.7047e+000 +5.9649e-001
65 0 +1.091927928e+001 +8.927927928e+001 +8.927927928e+001 +1.1059e-001 +3.7845e+000
82 0 +1.813987493e+000 +8.017398749e+001 +8.017398749e+001 -1.3823e+000 +1.6048e+000
294 0 +1.586985505e+000 +7.994698551e+001 +7.994698551e+001 -2.4421e+000 +4.4358e-001
318 0 +1.046624231e+000 +7.940662423e+001 +7.940662423e+001 -3.3308e+000 -6.5617e-001
610 0 +6.800964498e-001 +7.904009645e+001 +7.904009645e+001 -3.7010e+000 -1.7215e+000
625 0 +2.304655815e-002 +7.838304656e+001 +7.838304656e+001 -2.6409e+000 +3.8828e-001
1674 0 +6.129224993e-003 +7.836612922e+001 +7.836612922e+001 -2.6609e+000 +3.8709e-001
1964 0 +3.698988729e-003 +7.836369899e+001 +7.836369899e+001 -2.6684e+000 +3.8591e-001
2000 0 +2.901596208e-003 +7.836290160e+001 +7.836290160e+001 -2.6779e+000 +3.8613e-001
2074 0 +1.150357804e-003 +7.836115036e+001 +7.836115036e+001 -2.6869e+000 +3.8178e-001
2138 0 +8.621243110e-004 +7.836086212e+001 +7.836086212e+001 -2.6855e+000 +3.8215e-001
2164 0 +2.012049413e-004 +7.836020120e+001 +7.836020120e+001 -2.6866e+000 +3.8325e-001
2200 0 +6.264568015e-006 +7.836000626e+001 +7.836000626e+001 -2.6858e+000 +3.8419e-001
2825 0 +4.316020323e-006 +7.836000432e+001 +7.836000432e+001 -2.6859e+000 +3.8412e-001
3083 0 +2.261282575e-006 +7.836000226e+001 +7.836000226e+001 -2.6857e+000 +3.8410e-001
3194 0 +2.173539770e-006 +7.836000217e+001 +7.836000217e+001 -2.6864e+000 +3.8399e-001
3258 0 +1.897536052e-006 +7.836000190e+001 +7.836000190e+001 -2.6862e+000 +3.8399e-001
3325 0 +1.551462617e-006 +7.836000155e+001 +7.836000155e+001 -2.6859e+000 +3.8410e-001
3464 0 +3.291853261e-007 +7.836000033e+001 +7.836000033e+001 -2.6857e+000 +3.8406e-001
3558 0 +2.782268922e-007 +7.836000028e+001 +7.836000028e+001 -2.6861e+000 +3.8402e-001
3583 0 +6.096576044e-008 +7.836000006e+001 +7.836000006e+001 -2.6858e+000 +3.8405e-001
3783 0 +1.565204855e-008 +7.836000002e+001 +7.836000002e+001 -2.6858e+000 +3.8404e-001
4251 0 +1.017117768e-008 +7.836000001e+001 +7.836000001e+001 -2.6859e+000 +3.8404e-001
4376 0 +7.662350754e-010 +7.836000000e+001 +7.836000000e+001 -2.6859e+000 +3.8404e-001
5225 0 +0.000000000e+000 +7.836000000e+001 +7.836000000e+001 -2.6859e+000 +3.8404e-001
% f evaluations | g evaluations | best noise-free fitness - Fopt (1.140900000000e+002) + sum g_i+ | measured fitness | best measured fitness or single-digit g-values | x1 | x2...
1 0 +9.389801110e+001 +2.079880111e+002 +2.079880111e+002 +0.0000e+000 +0.0000e+000
2 0 +5.281366351e+001 +1.669036635e+002 +1.669036635e+002 +1.1967e+000 -2.7358e+000
4 0 +2.364381178e+001 +1.377338118e+002 +1.377338118e+002 +2.1653e+000 -1.7810e+000
11 0 +1.697300413e-001 +1.142597300e+002 +1.142597300e+002 +4.4912e+000 -3.0158e+000
825 0 +3.908600905e-002 +1.141290860e+002 +1.141290860e+002 +4.5053e+000 -2.9789e+000
1530 0 +2.859630662e-002 +1.141185963e+002 +1.141185963e+002 +4.5055e+000 -2.9772e+000
1554 0 +1.349440381e-002 +1.141034944e+002 +1.141034944e+002 +4.5734e+000 -2.8052e+000
1730 0 +9.475847127e-003 +1.140994758e+002 +1.140994758e+002 +4.5546e+000 -2.8555e+000
1908 0 +6.272592756e-004 +1.140906273e+002 +1.140906273e+002 +4.5693e+000 -2.8134e+000
2195 0 +9.208559678e-005 +1.140900921e+002 +1.140900921e+002 +4.5665e+000 -2.8208e+000
2430 0 +8.800250274e-005 +1.140900880e+002 +1.140900880e+002 +4.5664e+000 -2.8216e+000
2551 0 +6.463363604e-006 +1.140900065e+002 +1.140900065e+002 +4.5647e+000 -2.8255e+000
3061 0 +2.896448336e-006 +1.140900029e+002 +1.140900029e+002 +4.5652e+000 -2.8245e+000
3141 0 +2.424903187e-006 +1.140900024e+002 +1.140900024e+002 +4.5647e+000 -2.8257e+000
3461 0 +6.015496723e-007 +1.140900006e+002 +1.140900006e+002 +4.5651e+000 -2.8247e+000
3661 0 +2.364420340e-007 +1.140900002e+002 +1.140900002e+002 +4.5651e+000 -2.8247e+000
3833 0 +1.733906174e-008 +1.140900000e+002 +1.140900000e+002 +4.5650e+000 -2.8250e+000
4041 0 +5.353271604e-009 +1.140900000e+002 +1.140900000e+002 +4.5650e+000 -2.8250e+000
5061 0 +0.000000000e+000 +1.140900000e+002 +1.140900000e+002 +4.5650e+000 -2.8250e+000
% f evaluations | g evaluations | best noise-free fitness - Fopt (-5.445900000000e+002) + sum g_i+ | measured fitness | best measured fitness or single-digit g-values | x1 | x2...
1 0 +9.020023900e+001 -4.543897610e+002 -4.543897610e+002 +0.0000e+000 +0.0000e+000
3 0 +7.960887062e+001 -4.649811294e+002 -4.649811294e+002 -1.4289e+000 -1.1881e+000
10 0 +2.792117688e+001 -5.166688231e+002 -5.166688231e+002 -2.2324e+000 +1.8720e+000
11 0 +1.298787903e+001 -5.316021210e+002 -5.316021210e+002 -4.8971e+000 -9.7167e-001
14 0 +2.247820748e+000 -5.423421793e+002 -5.423421793e+002 +3.5916e+000 -3.2805e+000
157 0 +1.642594298e+000 -5.429474057e+002 -5.429474057e+002 +4.8260e+000 +2.3562e+000
239 0 +4.455310665e-001 -5.441444689e+002 -5.441444689e+002 +4.4948e+000 +2.5045e+000
522 0 +4.113467883e-001 -5.441786532e+002 -5.441786532e+002 +4.4702e+000 +2.5623e+000
567 0 +1.514470848e-001 -5.444385529e+002 -5.444385529e+002 +4.6587e+000 +2.4641e+000
964 0 +9.437984096e-002 -5.444956202e+002 -5.444956202e+002 +4.6445e+000 +2.4722e+000
1086 0 +8.249243925e-002 -5.445075076e+002 -5.445075076e+002 +4.6571e+000 +2.4678e+000
1192 0 +1.714533240e-002 -5.445728547e+002 -5.445728547e+002 +4.6301e+000 +2.4709e+000
1457 0 +1.120092534e-002 -5.445787991e+002 -5.445787991e+002 +4.6224e+000 +2.4735e+000
1501 0 +6.366720829e-004 -5.445893633e+002 -5.445893633e+002 +4.5950e+000 +2.4854e+000
2057 0 +6.130106265e-004 -5.445893870e+002 -5.445893870e+002 +4.5857e+000 +2.4890e+000
2115 0 +2.172887457e-004 -5.445897827e+002 -5.445897827e+002 +4.5874e+000 +2.4897e+000
2245 0 +1.302928347e-004 -5.445898697e+002 -5.445898697e+002 +4.5903e+000 +2.4876e+000
2373 0 +1.031585838e-004 -5.445898968e+002 -5.445898968e+002 +4.5870e+000 +2.4897e+000
2424 0 +7.670744378e-005 -5.445899233e+002 -5.445899233e+002 +4.5871e+000 +2.4896e+000
2506 0 +2.760181815e-006 -5.445899972e+002 -5.445899972e+002 +4.5857e+000 +2.4899e+000
3024 0 +2.220922283e-006 -5.445899978e+002 -5.445899978e+002 +4.5857e+000 +2.4898e+000
3171 0 +7.163596365e-007 -5.445899993e+002 -5.445899993e+002 +4.5853e+000 +2.4900e+000
3670 0 +5.669187431e-007 -5.445899994e+002 -5.445899994e+002 +4.5855e+000 +2.4899e+000
3698 0 +3.995260158e-007 -5.445899996e+002 -5.445899996e+002 +4.5859e+000 +2.4898e+000
3699 0 +1.844299504e-007 -5.445899998e+002 -5.445899998e+002 +4.5859e+000 +2.4897e+000
3773 0 +1.355327868e-007 -5.445899999e+002 -5.445899999e+002 +4.5859e+000 +2.4897e+000
3892 0 +3.818354344e-008 -5.445900000e+002 -5.445900000e+002 +4.5858e+000 +2.4898e+000
4070 0 +2.289891654e-008 -5.445900000e+002 -5.445900000e+002 +4.5859e+000 +2.4897e+000
4145 0 +1.726448318e-008 -5.445900000e+002 -5.445900000e+002 +4.5860e+000 +2.4897e+000
4199 0 +9.094947018e-013 -5.445900000e+002 -5.445900000e+002 +4.5859e+000 +2.4897e+000
5133 0 +0.000000000e+000 -5.445900000e+002 -5.445900000e+002 +4.5859e+000 +2.4897e+000
