% f evaluations | g evaluations | best noise-free fitness - Fopt (-1.694000000000e+001) + sum g_i+ | measured fitness | best measured fitness or single-digit g-values | x1 | x2...
1 0 +1.211093376e+001 -4.829066242e+000 -4.829066242e+000 +0.0000e+000 +0.0000e+000 +0.0000e+000
10 0 +1.179142349e+001 -5.148576509e+000 -5.148576509e+000 +1.5849e+000 +2.5469e+000 -1.2674e+000
11 0 +9.188976814e+000 -7.751023186e+000 -7.751023186e+000 +4.5785e+000 +3.3268e+000 +1.7739e+000
43 0 +5.064071045e+000 -1.187592896e+001 -1.187592896e+001 +1.3131e+000 +2.2785e+000 -3.3299e+000
85 0 +3.763266334e+000 -1.317673367e+001 -1.317673367e+001 +3.9331e+000 +3.4263e+000 -2.6824e+000
101 0 +3.338032616e+000 -1.360196738e+001 -1.360196738e+001 +4.8404e+000 +2.5082e+000 -9.7156e-001
117 0 +3.305759166e+000 -1.363424083e+001 -1.363424083e+001 +4.6585e+000 +3.3640e+000 -1.6447e+000
212 0 +3.146055582e+000 -1.379394442e+001 -1.379394442e+001 +3.8148e+000 +2.8029e+000 -1.2596e-002
216 0 +1.719911481e+000 -1.522008852e+001 -1.522008852e+001 +4.2057e+000 +2.5036e+000 -1.9923e+000
432 0 +1.189655573e+000 -1.575034443e+001 -1.575034443e+001 +4.0669e+000 +2.6320e+000 -1.6917e+000
440 0 +1.053006596e+000 -1.588699340e+001 -1.588699340e+001 +3.2005e+000 +1.7348e+000 -1.4549e+000
655 0 +9.848125336e-001 -1.595518747e+001 -1.595518747e+001 +3.3247e+000 +1.8915e+000 -1.2319e+000
663 0 +7.616681212e-001 -1.617833188e+001 -1.617833188e+001 +3.5534e+000 +3.0125e+000 -1.3471e+000
707 0 +6.817835657e-001 -1.625821643e+001 -1.625821643e+001 +3.3722e+000 +2.4801e+000 -1.3558e+000
768 0 +5.589038906e-001 -1.638109611e+001 -1.638109611e+001 +3.5441e+000 +2.5515e+000 -1.5633e+000
826 0 +5.157509320e-001 -1.642424907e+001 -1.642424907e+001 +3.5990e+000 +2.6309e+000 -1.7132e+000
998 0 +3.500123148e-001 -1.658998769e+001 -1.658998769e+001 +3.4630e+000 +2.2299e+000 -1.4318e+000
1002 0 +3.205949667e-001 -1.661940503e+001 -1.661940503e+001 +3.8217e+000 +2.7302e+000 -1.5334e+000
1048 0 +2.873455914e-001 -1.665265441e+001 -1.665265441e+001 +3.6013e+000 +2.3240e+000 -1.4489e+000
1176 0 +1.930127180e-001 -1.674698728e+001 -1.674698728e+001 +3.5687e+000 +2.4275e+000 -1.4654e+000
1276 0 +1.561106407e-001 -1.678388936e+001 -1.678388936e+001 +3.7000e+000 +2.5401e+000 -1.4741e+000
1355 0 +1.531172583e-001 -1.678688274e+001 -1.678688274e+001 +3.6502e+000 +2.4889e+000 -1.5036e+000
1447 0 +4.230641377e-002 -1.689769359e+001 -1.689769359e+001 +3.6451e+000 +2.5235e+000 -1.5067e+000
1624 0 +4.111367648e-002 -1.689888632e+001 -1.689888632e+001 +3.6416e+000 +2.5182e+000 -1.5189e+000
1911 0 +3.764410284e-002 -1.690235590e+001 -1.690235590e+001 +3.6460e+000 +2.5252e+000 -1.5306e+000
1914 0 +1.737121116e-002 -1.692262879e+001 -1.692262879e+001 +3.6606e+000 +2.5531e+000 -1.5354e+000
2047 0 +1.379834653e-002 -1.692620165e+001 -1.692620165e+001 +3.6445e+000 +2.5363e+000 -1.5175e+000
2072 0 +5.032604907e-003 -1.693496740e+001 -1.693496740e+001 +3.6593e+000 +2.5546e+000 -1.5341e+000
2478 0 +3.887581557e-003 -1.693611242e+001 -1.693611242e+001 +3.6572e+000 +2.5507e+000 -1.5317e+000
2676 0 +3.644665198e-003 -1.693635533e+001 -1.693635533e+001 +3.6569e+000 +2.5496e+000 -1.5298e+000
2778 0 +3.352726997e-003 -1.693664727e+001 -1.693664727e+001 +3.6559e+000 +2.5470e+000 -1.5289e+000
2790 0 +3.079151681e-003 -1.693692085e+001 -1.693692085e+001 +3.6555e+000 +2.5487e+000 -1.5285e+000
2918 0 +2.100937088e-003 -1.693789906e+001 -1.693789906e+001 +3.6552e+000 +2.5490e+000 -1.5286e+000
3019 0 +8.216330675e-004 -1.693917837e+001 -1.693917837e+001 +3.6564e+000 +2.5500e+000 -1.5300e+000
3118 0 +3.891340925e-004 -1.693961087e+001 -1.693961087e+001 +3.6558e+000 +2.5495e+000 -1.5294e+000
3318 0 +3.468273257e-004 -1.693965317e+001 -1.693965317e+001 +3.6559e+000 +2.5496e+000 -1.5295e+000
3618 0 +3.218395315e-004 -1.693967816e+001 -1.693967816e+001 +3.6560e+000 +2.5497e+000 -1.5296e+000
3631 0 +2.504004570e-004 -1.693974960e+001 -1.693974960e+001 +3.6560e+000 +2.5494e+000 -1.5295e+000
3718 0 +1.870697047e-004 -1.693981293e+001 -1.693981293e+001 +3.6560e+000 +2.5496e+000 -1.5296e+000
3918 0 +1.581096400e-004 -1.693984189e+001 -1.693984189e+001 +3.6560e+000 +2.5496e+000 -1.5296e+000
4018 0 +1.541684481e-004 -1.693984583e+001 -1.693984583e+001 +3.6560e+000 +2.5496e+000 -1.5296e+000
4214 0 +1.053116937e-004 -1.693989469e+001 -1.693989469e+001 +3.6561e+000 +2.5497e+000 -1.5297e+000
5019 0 +7.105358591e-005 -1.693992895e+001 -1.693992895e+001 +3.6561e+000 +2.5498e+000 -1.5297e+000
6176 0 +6.787070750e-005 -1.693993213e+001 -1.693993213e+001 +3.6561e+000 +2.5498e+000 -1.5297e+000
6388 0 +6.503714812e-005 -1.693993496e+001 -1.693993496e+001 +3.6561e+000 +2.5498e+000 -1.5297e+000
6476 0 +6.427493065e-005 -1.693993573e+001 -1.693993573e+001 +3.6561e+000 +2.5498e+000 -1.5297e+000
7116 0 +5.976247705e-005 -1.693994024e+001 -1.693994024e+001 +3.6560e+000 +2.5496e+000 -1.5296e+000
7214 0 +5.501961815e-005 -1.693994498e+001 -1.693994498e+001 +3.6560e+000 +2.5496e+000 -1.5296e+000
7219 0 +4.195217682e-005 -1.693995805e+001 -1.693995805e+001 +3.6560e+000 +2.5496e+000 -1.5296e+000
7239 0 +4.049109572e-005 -1.693995951e+001 -1.693995951e+001 +3.6560e+000 +2.5496e+000 -1.5296e+000
7290 0 +3.566668855e-005 -1.693996433e+001 -1.693996433e+001 +3.6560e+000 +2.5496e+000 -1.5296e+000
7384 0 +3.388592674e-005 -1.693996611e+001 -1.693996611e+001 +3.6560e+000 +2.5496e+000 -1.5296e+000
7423 0 +3.076831767e-005 -1.693996923e+001 -1.693996923e+001 +3.6560e+000 +2.5496e+000 -1.5296e+000
7518 0 +1.506986634e-005 -1.693998493e+001 -1.693998493e+001 +3.6560e+000 +2.5496e+000 -1.5296e+000
7576 0 +1.027190660e-005 -1.693998973e+001 -1.693998973e+001 +3.6560e+000 +2.5496e+000 -1.5296e+000
7776 0 +4.547412217e-006 -1.693999545e+001 -1.693999545e+001 +3.6560e+000 +2.5496e+000 -1.5296e+000
8076 0 +3.941209211e-006 -1.693999606e+001 -1.693999606e+001 +3.6560e+000 +2.5496e+000 -1.5296e+000
8392 0 +3.498027649e-006 -1.693999650e+001 -1.693999650e+001 +3.6560e+000 +2.5496e+000 -1.5296e+000
8433 0 +3.316370272e-006 -1.693999668e+001 -1.693999668e+001 +3.6560e+000 +2.5496e+000 -1.5296e+000
8591 0 +2.945018409e-006 -1.693999705e+001 -1.693999705e+001 +3.6560e+000 +2.5496e+000 -1.5296e+000
8621 0 +2.380237095e-006 -1.693999762e+001 -1.693999762e+001 +3.6560e+000 +2.5496e+000 -1.5296e+000
8753 0 +1.430032974e-006 -1.693999857e+001 -1.693999857e+001 +3.6560e+000 +2.5496e+000 -1.5296e+000
8850 0 +1.350788050e-006 -1.693999865e+001 -1.693999865e+001 +3.6560e+000 +2.5496e+000 -1.5296e+000
8916 0 +9.563974004e-007 -1.693999904e+001 -1.693999904e+001 +3.6560e+000 +2.5496e+000 -1.5296e+000
9007 0 +7.030237121e-007 -1.693999930e+001 -1.693999930e+001 +3.6560e+000 +2.5496e+000 -1.5296e+000
9033 0 +6.679644251e-007 -1.693999933e+001 -1.693999933e+001 +3.6560e+000 +2.5496e+000 -1.5296e+000
9092 0 +2.719814844e-007 -1.693999973e+001 -1.693999973e+001 +3.6560e+000 +2.5496e+000 -1.5296e+000
% f evaluations | g evaluations | best noise-free fitness - Fopt (1.881000000000e+001) + sum g_i+ | measured fitness | best measured fitness or single-digit g-values | x1 | x2...
1 0 +7.368870554e+000 +2.617887055e+001 +2.617887055e+001 +0.0000e+000 +0.0000e+000 +0.0000e+000
7 0 +6.827258131e+000 +2.563725813e+001 +2.563725813e+001 +4.5938e-002 +1.5310e-001 -5.8394e-001
17 0 +5.804978846e+000 +2.461497885e+001 +2.461497885e+001 -1.9085e+000 +1.8369e+000 -4.0864e+000
45 0 +5.455652605e+000 +2.426565260e+001 +2.426565260e+001 -6.0332e-001 +2.5899e+000 +1.4052e-001
120 0 +3.838247756e+000 +2.264824776e+001 +2.264824776e+001 +1.3145e+000 +8.0915e-001 -1.8020e+000
214 0 +3.059771837e+000 +2.186977184e+001 +2.186977184e+001 +8.9689e-001 +1.0121e+000 -1.6373e+000
230 0 +2.897246009e+000 +2.170724601e+001 +2.170724601e+001 +1.2126e+000 +1.6232e+000 -1.9372e+000
260 0 +2.600075033e+000 +2.141007503e+001 +2.141007503e+001 -1.0669e+000 +1.9311e+000 -1.4403e+000
279 0 +2.456968832e+000 +2.126696883e+001 +2.126696883e+001 -8.7748e-001 +1.3023e+000 -1.8785e+000
388 0 +2.233416828e+000 +2.104341683e+001 +2.104341683e+001 +8.0547e-001 +2.0580e+000 -9.8533e-001
410 0 +1.217416322e+000 +2.002741632e+001 +2.002741632e+001 +1.8065e-001 +1.6200e+000 -1.5136e+000
641 0 +1.085906516e+000 +1.989590652e+001 +1.989590652e+001 +3.2915e-001 +1.7575e+000 -1.0901e+000
671 0 +1.010679709e+000 +1.982067971e+001 +1.982067971e+001 -3.6054e-001 +1.8505e+000 -1.0156e+000
710 0 +6.740359846e-001 +1.948403598e+001 +1.948403598e+001 +8.3211e-002 +1.7276e+000 -9.5367e-001
818 0 +2.895659258e-001 +1.909956593e+001 +1.909956593e+001 -6.6171e-003 +1.9157e+000 -8.9182e-001
946 0 +1.593789310e-001 +1.896937893e+001 +1.896937893e+001 -1.0738e-001 +1.8264e+000 -8.4624e-001
988 0 +7.366654161e-002 +1.888366654e+001 +1.888366654e+001 -7.2972e-002 +1.8643e+000 -8.8847e-001
1915 0 +6.282085542e-002 +1.887282086e+001 +1.887282086e+001 -7.1133e-002 +1.8673e+000 -8.9077e-001
2014 0 +6.145570265e-002 +1.887145570e+001 +1.887145570e+001 -6.7600e-002 +1.8652e+000 -8.9142e-001
2162 0 +4.861971316e-002 +1.885861971e+001 +1.885861971e+001 -1.8079e-001 +1.7993e+000 -8.2979e-001
2214 0 +3.752629222e-002 +1.884752629e+001 +1.884752629e+001 -1.7134e-001 +1.8019e+000 -8.3404e-001
2262 0 +2.675392118e-002 +1.883675392e+001 +1.883675392e+001 -2.0004e-001 +1.7869e+000 -8.1904e-001
2452 0 +1.136651593e-002 +1.882136652e+001 +1.882136652e+001 -1.7886e-001 +1.7907e+000 -8.2968e-001
2906 0 +6.913419032e-003 +1.881691342e+001 +1.881691342e+001 -1.9632e-001 +1.7770e+000 -8.1953e-001
3036 0 +3.785929883e-003 +1.881378593e+001 +1.881378593e+001 -1.8793e-001 +1.7820e+000 -8.2331e-001
3206 0 +2.794904728e-003 +1.881279490e+001 +1.881279490e+001 -1.9194e-001 +1.7809e+000 -8.2335e-001
3679 0 +1.430164934e-003 +1.881143016e+001 +1.881143016e+001 -1.9169e-001 +1.7811e+000 -8.2309e-001
3935 0 +1.348450833e-003 +1.881134845e+001 +1.881134845e+001 -1.9099e-001 +1.7813e+000 -8.2283e-001
4022 0 +1.239153179e-003 +1.881123915e+001 +1.881123915e+001 -1.9096e-001 +1.7814e+000 -8.2284e-001
4199 0 +1.143343040e-003 +1.881114334e+001 +1.881114334e+001 -1.9096e-001 +1.7804e+000 -8.2255e-001
4399 0 +1.024478632e-003 +1.881102448e+001 +1.881102448e+001 -1.9106e-001 +1.7802e+000 -8.2245e-001
4435 0 +7.969946083e-004 +1.881079699e+001 +1.881079699e+001 -1.9151e-001 +1.7809e+000 -8.2262e-001
4452 0 +7.037533032e-004 +1.881070375e+001 +1.881070375e+001 -1.9120e-001 +1.7809e+000 -8.2282e-001
4662 0 +3.239195384e-004 +1.881032392e+001 +1.881032392e+001 -1.9128e-001 +1.7809e+000 -8.2237e-001
4879 0 +2.461681144e-004 +1.881024617e+001 +1.881024617e+001 -1.9128e-001 +1.7809e+000 -8.2239e-001
4935 0 +2.416480420e-004 +1.881024165e+001 +1.881024165e+001 -1.9129e-001 +1.7809e+000 -8.2235e-001
5312 0 +2.388224931e-004 +1.881023882e+001 +1.881023882e+001 -1.9130e-001 +1.7806e+000 -8.2229e-001
5429 0 +3.522682171e-005 +1.881003523e+001 +1.881003523e+001 -1.9120e-001 +1.7808e+000 -8.2239e-001
5707 0 +3.032468614e-005 +1.881003032e+001 +1.881003032e+001 -1.9121e-001 +1.7808e+000 -8.2240e-001
5916 0 +2.971566547e-005 +1.881002972e+001 +1.881002972e+001 -1.9120e-001 +1.7808e+000 -8.2239e-001
6107 0 +2.898309110e-005 +1.881002898e+001 +1.881002898e+001 -1.9121e-001 +1.7808e+000 -8.2240e-001
6440 0 +2.462863792e-005 +1.881002463e+001 +1.881002463e+001 -1.9120e-001 +1.7808e+000 -8.2241e-001
6729 0 +1.667428372e-005 +1.881001667e+001 +1.881001667e+001 -1.9121e-001 +1.7808e+000 -8.2240e-001
6929 0 +1.525039189e-005 +1.881001525e+001 +1.881001525e+001 -1.9120e-001 +1.7808e+000 -8.2241e-001
7010 0 +1.422803612e-005 +1.881001423e+001 +1.881001423e+001 -1.9120e-001 +1.7808e+000 -8.2240e-001
7081 0 +1.357263820e-005 +1.881001357e+001 +1.881001357e+001 -1.9120e-001 +1.7808e+000 -8.2241e-001
7111 0 +1.263401226e-005 +1.881001263e+001 +1.881001263e+001 -1.9121e-001 +1.7808e+000 -8.2241e-001
7153 0 +1.224037221e-005 +1.881001224e+001 +1.881001224e+001 -1.9121e-001 +1.7808e+000 -8.2241e-001
7254 0 +1.138819176e-005 +1.881001139e+001 +1.881001139e+001 -1.9121e-001 +1.7808e+000 -8.2241e-001
7529 0 +1.008618533e-005 +1.881001009e+001 +1.881001009e+001 -1.9121e-001 +1.7808e+000 -8.2241e-001
7610 0 +3.996352209e-006 +1.881000400e+001 +1.881000400e+001 -1.9120e-001 +1.7808e+000 -8.2240e-001
7758 0 +1.834348076e-006 +1.881000183e+001 +1.881000183e+001 -1.9120e-001 +1.7808e+000 -8.2240e-001
8026 0 +1.337325330e-006 +1.881000134e+001 +1.881000134e+001 -1.9120e-001 +1.7808e+000 -8.2240e-001
8148 0 +8.966750613e-007 +1.881000090e+001 +1.881000090e+001 -1.9120e-001 +1.7808e+000 -8.2240e-001
8393 0 +8.098536455e-007 +1.881000081e+001 +1.881000081e+001 -1.9120e-001 +1.7808e+000 -8.2240e-001
8492 0 +7.782297722e-007 +1.881000078e+001 +1.881000078e+001 -1.9120e-001 +1.7808e+000 -8.2240e-001
8563 0 +7.062501730e-007 +1.881000071e+001 +1.881000071e+001 -1.9120e-001 +1.7808e+000 -8.2240e-001
8763 0 +5.458831680e-007 +1.881000055e+001 +1.881000055e+001 -1.9120e-001 +1.7808e+000 -8.2240e-001
8879 0 +4.170935846e-007 +1.881000042e+001 +1.881000042e+001 -1.9120e-001 +1.7808e+000 -8.2240e-001
9006 0 +2.576921609e-007 +1.881000026e+001 +1.881000026e+001 -1.9120e-001 +1.7808e+000 -8.2240e-001
9181 0 +2.035166915e-007 +1.881000020e+001 +1.881000020e+001 -1.9120e-001 +1.7808e+000 -8.2240e-001
9264 0 +1.979739963e-007 +1.881000020e+001 +1.881000020e+001 -1.9120e-001 +1.7808e+000 -8.2240e-001
9505 0 +1.864250585e-007 +1.881000019e+001 +1.881000019e+001 -1.9120e-001 +1.7808e+000 -8.2240e-001
9548 0 +1.450083111e-007 +1.881000015e+001 +1.881000015e+001 -1.9120e-001 +1.7808e+000 -8.2240e-001
9724 0 +8.079165426e-008 +1.881000008e+001 +1.881000008e+001 -1.9120e-001 +1.7808e+000 -8.2240e-001
10062 0 +6.465353408e-008 +1.881000006e+001 +1.881000006e+001 -1.9120e-001 +1.7808e+000 -8.2240e-001
10081 0 +5.464374198e-008 +1.881000005e+001 +1.881000005e+001 -1.9120e-001 +1.7808e+000 -8.2240e-001
% f evaluations | g evaluations | best noise-free fitness - Fopt (2.731500000000e+002) + sum g_i+ | measured fitness | best measured fitness or single-digit g-values | x1 | x2...
1 0 +2.070232976e+001 +2.938523298e+002 +2.938523298e+002 +0.0000e+000 +0.0000e+000 +0.0000e+000
2 0 +1.683154778e+001 +2.899815478e+002 +2.899815478e+002 -7.6065e-001 +4.4059e+000 +5.3026e-001
5 0 +9.611923758e+000 +2.827619238e+002 +2.827619238e+002 -1.0550e+000 +2.0039e+000 +1.7944e+000
11 0 +2.481276514e+000 +2.756312765e+002 +2.756312765e+002 -3.0053e+000 +4.4103e+000 +1.0175e-001
36 0 +2.308682194e+000 +2.754586822e+002 +2.754586822e+002 -3.6448e+000 +2.8282e+000 -5.9378e-001
217 0 +1.993556672e+000 +2.751435567e+002 +2.751435567e+002 -3.5747e+000 +3.0249e+000 -6.0492e-001
306 0 +1.463311351e+000 +2.746133114e+002 +2.746133114e+002 -3.8573e+000 +3.1942e+000 -7.9631e-001
436 0 +1.336544045e+000 +2.744865440e+002 +2.744865440e+002 -3.7353e+000 +2.9767e+000 -5.3162e-001
437 0 +1.003654189e+000 +2.741536542e+002 +2.741536542e+002 -3.6367e+000 +3.0187e+000 -9.7802e-001
442 0 +6.359230187e-001 +2.737859230e+002 +2.737859230e+002 -3.4393e+000 +3.7054e+000 -2.2306e-001
541 0 +4.258565166e-001 +2.735758565e+002 +2.735758565e+002 -3.5194e+000 +3.6648e+000 -4.9541e-001
673 0 +2.028028924e-001 +2.733528029e+002 +2.733528029e+002 -3.5256e+000 +3.8044e+000 -4.9530e-001
1069 0 +1.398862206e-001 +2.732898862e+002 +2.732898862e+002 -3.5227e+000 +3.7963e+000 -4.9990e-001
1354 0 +1.348722519e-001 +2.732848723e+002 +2.732848723e+002 -3.5888e+000 +3.7899e+000 -4.7691e-001
1451 0 +7.680009958e-002 +2.732268001e+002 +2.732268001e+002 -3.5821e+000 +3.7654e+000 -4.7020e-001
1473 0 +2.907001044e-002 +2.731790700e+002 +2.731790700e+002 -3.5720e+000 +3.7599e+000 -4.7218e-001
1696 0 +2.054421432e-002 +2.731705442e+002 +2.731705442e+002 -3.5716e+000 +3.7678e+000 -4.8314e-001
2159 0 +9.766897403e-003 +2.731597669e+002 +2.731597669e+002 -3.5716e+000 +3.7674e+000 -4.7541e-001
2526 0 +6.085997778e-003 +2.731560860e+002 +2.731560860e+002 -3.5773e+000 +3.7511e+000 -4.7935e-001
2785 0 +5.976456265e-003 +2.731559765e+002 +2.731559765e+002 -3.5749e+000 +3.7587e+000 -4.7776e-001
2805 0 +5.165017968e-003 +2.731551650e+002 +2.731551650e+002 -3.5760e+000 +3.7549e+000 -4.7665e-001
3173 0 +4.141517253e-003 +2.731541415e+002 +2.731541415e+002 -3.5795e+000 +3.7511e+000 -4.7955e-001
3385 0 +3.860384553e-003 +2.731538604e+002 +2.731538604e+002 -3.5792e+000 +3.7530e+000 -4.8029e-001
3410 0 +3.703202843e-003 +2.731537032e+002 +2.731537032e+002 -3.5784e+000 +3.7561e+000 -4.7910e-001
3526 0 +3.604012028e-003 +2.731536040e+002 +2.731536040e+002 -3.5781e+000 +3.7569e+000 -4.7842e-001
3605 0 +3.305669343e-003 +2.731533057e+002 +2.731533057e+002 -3.5775e+000 +3.7567e+000 -4.7748e-001
3685 0 +2.558029867e-003 +2.731525580e+002 +2.731525580e+002 -3.5774e+000 +3.7561e+000 -4.7820e-001
3702 0 +1.105920698e-003 +2.731511059e+002 +2.731511059e+002 -3.5788e+000 +3.7544e+000 -4.7868e-001
3821 0 +1.077380297e-003 +2.731510774e+002 +2.731510774e+002 -3.5792e+000 +3.7537e+000 -4.7862e-001
3950 0 +6.731654370e-004 +2.731506732e+002 +2.731506732e+002 -3.5790e+000 +3.7533e+000 -4.7826e-001
4202 0 +1.931533379e-004 +2.731501932e+002 +2.731501932e+002 -3.5793e+000 +3.7534e+000 -4.7840e-001
4314 0 +1.142398049e-004 +2.731501142e+002 +2.731501142e+002 -3.5791e+000 +3.7538e+000 -4.7837e-001
5168 0 +3.914733520e-005 +2.731500391e+002 +2.731500391e+002 -3.5792e+000 +3.7536e+000 -4.7840e-001
5521 0 +2.995340384e-005 +2.731500300e+002 +2.731500300e+002 -3.5792e+000 +3.7536e+000 -4.7839e-001
5805 0 +2.920026043e-005 +2.731500292e+002 +2.731500292e+002 -3.5792e+000 +3.7536e+000 -4.7839e-001
6121 0 +2.879310489e-005 +2.731500288e+002 +2.731500288e+002 -3.5792e+000 +3.7536e+000 -4.7839e-001
6292 0 +2.702582850e-005 +2.731500270e+002 +2.731500270e+002 -3.5792e+000 +3.7536e+000 -4.7840e-001
6305 0 +1.284344961e-005 +2.731500128e+002 +2.731500128e+002 -3.5792e+000 +3.7536e+000 -4.7840e-001
6428 0 +8.205650431e-006 +2.731500082e+002 +2.731500082e+002 -3.5792e+000 +3.7536e+000 -4.7840e-001
7000 0 +4.456608281e-006 +2.731500045e+002 +2.731500045e+002 -3.5792e+000 +3.7536e+000 -4.7840e-001
7081 0 +1.554277219e-006 +2.731500016e+002 +2.731500016e+002 -3.5792e+000 +3.7536e+000 -4.7840e-001
7629 0 +1.348627620e-006 +2.731500013e+002 +2.731500013e+002 -3.5792e+000 +3.7536e+000 -4.7840e-001
7668 0 +7.812942613e-007 +2.731500008e+002 +2.731500008e+002 -3.5792e+000 +3.7536e+000 -4.7840e-001
7875 0 +6.826501817e-007 +2.731500007e+002 +2.731500007e+002 -3.5792e+000 +3.7536e+000 -4.7840e-001
8052 0 +5.951631010e-007 +2.731500006e+002 +2.731500006e+002 -3.5792e+000 +3.7536e+000 -4.7840e-001
8254 0 +4.722609219e-007 +2.731500005e+002 +2.731500005e+002 -3.5792e+000 +3.7536e+000 -4.7840e-001
8405 0 +4.183478950e-007 +2.731500004e+002 +2.731500004e+002 -3.5792e+000 +3.7536e+000 -4.7840e-001
8542 0 +4.077648441e-007 +2.731500004e+002 +2.731500004e+002 -3.5792e+000 +3.7536e+000 -4.7840e-001
8565 0 +3.702638764e-007 +2.731500004e+002 +2.731500004e+002 -3.5792e+000 +3.7536e+000 -4.7840e-001
8835 0 +3.098166417e-007 +2.731500003e+002 +2.731500003e+002 -3.5792e+000 +3.7536e+000 -4.7840e-001
9059 0 +2.991421866e-007 +2.731500003e+002 +2.731500003e+002 -3.5792e+000 +3.7536e+000 -4.7840e-001
9168 0 +2.737212981e-007 +2.731500003e+002 +2.731500003e+002 -3.5792e+000 +3.7536e+000 -4.7840e-001
9316 0 +2.657097866e-007 +2.731500003e+002 +2.731500003e+002 -3.5792e+000 +3.7536e+000 -4.7840e-001
9329 0 +2.526035132e-007 +2.731500003e+002 +2.731500003e+002 -3.5792e+000 +3.7536e+000 -4.7840e-001
9384 0 +2.166099762e-007 +2.731500002e+002 +2.731500002e+002 -3.5792e+000 +3.7536e+000 -4.7840e-001
9545 0 +1.757810537e-007 +2.731500002e+002 +2.731500002e+002 -3.5792e+000 +3.7536e+000 -4.7840e-001
9651 0 +1.622051968e-007 +2.731500002e+002 +2.731500002e+002 -3.5792e+000 +3.7536e+000 -4.7840e-001
9668 0 +1.563985279e-007 +2.731500002e+002 +2.731500002e+002 -3.5792e+000 +3.7536e+000 -4.7840e-001
9837 0 +5.892587751e-008 +2.731500001e+002 +2.731500001e+002 -3.5792e+000 +3.7536e+000 -4.7840e-001
9956 0 +5.545803106e-008 +2.731500001e+002 +2.731500001e+002 -3.5792e+000 +3.7536e+000 -4.7840e-001
% f evaluations | g evaluations | best noise-free fitness - Fopt (3.718000000000e+001) + sum g_i+ | measured fitness | best measured fitness or single-digit g-values | x1 | x2...
1 0 +7.086277518e+000 +4.426627752e+001 +4.426627752e+001 +0.0000e+000 +0.0000e+000 +0.0000e+000
77 0 +4.008714992e+000 +4.118871499e+001 +4.118871499e+001 -2.1057e+000 +2.8249e+000 +2.6137e+000
109 0 +3.980532362e+000 +4.116053236e+001 +4.116053236e+001 -3.9064e+000 +2.0515e+000 +3.9821e+000
415 0 +1.698292416e+000 +3.887829242e+001 +3.887829242e+001 -1.5468e+000 +2.6203e+000 +1.8358e+000
438 0 +1.114853002e+000 +3.829485300e+001 +3.829485300e+001 -3.3644e+000 +2.0809e+000 +2.2059e+000
626 0 +8.296501105e-001 +3.800965011e+001 +3.800965011e+001 -3.0195e+000 +2.1807e+000 +1.7695e+000
757 0 +7.372683861e-001 +3.791726839e+001 +3.791726839e+001 -4.1656e+000 +2.3716e+000 +1.9411e+000
804 0 +6.585429299e-001 +3.783854293e+001 +3.783854293e+001 -3.8268e+000 +2.3196e+000 +2.1273e+000
919 0 +4.696035048e-001 +3.764960350e+001 +3.764960350e+001 -3.7575e+000 +2.2373e+000 +2.1000e+000
1026 0 +4.518028360e-001 +3.763180284e+001 +3.763180284e+001 -3.8148e+000 +2.2152e+000 +1.8484e+000
1188 0 +2.962567537e-001 +3.747625675e+001 +3.747625675e+001 -3.7914e+000 +2.1935e+000 +2.0196e+000
1331 0 +2.207429370e-001 +3.740074294e+001 +3.740074294e+001 -3.9077e+000 +2.0372e+000 +1.9512e+000
1484 0 +8.058239383e-002 +3.726058239e+001 +3.726058239e+001 -3.9636e+000 +2.0581e+000 +2.0357e+000
1846 0 +5.990133318e-002 +3.723990133e+001 +3.723990133e+001 -3.9606e+000 +2.0641e+000 +2.0289e+000
2190 0 +5.100051870e-002 +3.723100052e+001 +3.723100052e+001 -3.9107e+000 +2.0589e+000 +2.0201e+000
2243 0 +2.816518316e-002 +3.720816518e+001 +3.720816518e+001 -3.8901e+000 +2.0568e+000 +2.0355e+000
2298 0 +2.705759255e-002 +3.720705759e+001 +3.720705759e+001 -3.9263e+000 +2.0509e+000 +2.0316e+000
2526 0 +2.481866155e-002 +3.720481866e+001 +3.720481866e+001 -3.8967e+000 +2.0726e+000 +2.0376e+000
2667 0 +2.168501242e-002 +3.720168501e+001 +3.720168501e+001 -3.9112e+000 +2.0551e+000 +2.0395e+000
2709 0 +1.606946040e-002 +3.719606946e+001 +3.719606946e+001 -3.9017e+000 +2.0693e+000 +2.0354e+000
2838 0 +1.222684673e-002 +3.719222685e+001 +3.719222685e+001 -3.9039e+000 +2.0593e+000 +2.0393e+000
2956 0 +1.197450420e-002 +3.719197450e+001 +3.719197450e+001 -3.9041e+000 +2.0570e+000 +2.0362e+000
3038 0 +7.883389179e-003 +3.718788339e+001 +3.718788339e+001 -3.8978e+000 +2.0584e+000 +2.0423e+000
3138 0 +4.555210148e-003 +3.718455521e+001 +3.718455521e+001 -3.8994e+000 +2.0577e+000 +2.0403e+000
3256 0 +2.577898433e-003 +3.718257790e+001 +3.718257790e+001 -3.8993e+000 +2.0601e+000 +2.0393e+000
3456 0 +2.326315674e-003 +3.718232632e+001 +3.718232632e+001 -3.8987e+000 +2.0604e+000 +2.0396e+000
3538 0 +1.624442786e-003 +3.718162444e+001 +3.718162444e+001 -3.8985e+000 +2.0599e+000 +2.0400e+000
3756 0 +1.505037498e-003 +3.718150504e+001 +3.718150504e+001 -3.8984e+000 +2.0603e+000 +2.0399e+000
3819 0 +6.248156166e-004 +3.718062482e+001 +3.718062482e+001 -3.8994e+000 +2.0597e+000 +2.0401e+000
3854 0 +5.974833643e-004 +3.718059748e+001 +3.718059748e+001 -3.8988e+000 +2.0601e+000 +2.0400e+000
4356 0 +5.630584150e-004 +3.718056306e+001 +3.718056306e+001 -3.8988e+000 +2.0601e+000 +2.0400e+000
4532 0 +2.970084779e-004 +3.718029701e+001 +3.718029701e+001 -3.8991e+000 +2.0600e+000 +2.0399e+000
4823 0 +2.133316341e-004 +3.718021333e+001 +3.718021333e+001 -3.8991e+000 +2.0599e+000 +2.0400e+000
5226 0 +1.446745697e-004 +3.718014467e+001 +3.718014467e+001 -3.8992e+000 +2.0600e+000 +2.0400e+000
5385 0 +1.147071104e-004 +3.718011471e+001 +3.718011471e+001 -3.8992e+000 +2.0601e+000 +2.0400e+000
5427 0 +5.189615084e-005 +3.718005190e+001 +3.718005190e+001 -3.8992e+000 +2.0600e+000 +2.0400e+000
5685 0 +3.761718912e-005 +3.718003762e+001 +3.718003762e+001 -3.8992e+000 +2.0600e+000 +2.0400e+000
5727 0 +3.652657932e-005 +3.718003653e+001 +3.718003653e+001 -3.8992e+000 +2.0600e+000 +2.0400e+000
5780 0 +2.645525150e-005 +3.718002646e+001 +3.718002646e+001 -3.8992e+000 +2.0600e+000 +2.0400e+000
5891 0 +2.319159279e-005 +3.718002319e+001 +3.718002319e+001 -3.8992e+000 +2.0600e+000 +2.0400e+000
5985 0 +2.236367088e-005 +3.718002236e+001 +3.718002236e+001 -3.8992e+000 +2.0600e+000 +2.0400e+000
6356 0 +2.148290452e-005 +3.718002148e+001 +3.718002148e+001 -3.8992e+000 +2.0600e+000 +2.0400e+000
6391 0 +1.884836325e-005 +3.718001885e+001 +3.718001885e+001 -3.8992e+000 +2.0600e+000 +2.0400e+000
6460 0 +1.772895749e-005 +3.718001773e+001 +3.718001773e+001 -3.8992e+000 +2.0600e+000 +2.0400e+000
6589 0 +1.625720194e-005 +3.718001626e+001 +3.718001626e+001 -3.8992e+000 +2.0600e+000 +2.0400e+000
6632 0 +1.087744834e-005 +3.718001088e+001 +3.718001088e+001 -3.8992e+000 +2.0600e+000 +2.0400e+000
6694 0 +9.621805987e-006 +3.718000962e+001 +3.718000962e+001 -3.8992e+000 +2.0600e+000 +2.0400e+000
6738 0 +9.543276441e-006 +3.718000954e+001 +3.718000954e+001 -3.8992e+000 +2.0600e+000 +2.0400e+000
6752 0 +7.076740694e-006 +3.718000708e+001 +3.718000708e+001 -3.8992e+000 +2.0600e+000 +2.0400e+000
7008 0 +4.434940465e-006 +3.718000443e+001 +3.718000443e+001 -3.8992e+000 +2.0600e+000 +2.0400e+000
7262 0 +2.035001941e-006 +3.718000204e+001 +3.718000204e+001 -3.8992e+000 +2.0600e+000 +2.0400e+000
7527 0 +1.904079816e-006 +3.718000190e+001 +3.718000190e+001 -3.8992e+000 +2.0600e+000 +2.0400e+000
7662 0 +1.644014041e-006 +3.718000164e+001 +3.718000164e+001 -3.8992e+000 +2.0600e+000 +2.0400e+000
7688 0 +1.418061814e-006 +3.718000142e+001 +3.718000142e+001 -3.8992e+000 +2.0600e+000 +2.0400e+000
7738 0 +1.280701234e-006 +3.718000128e+001 +3.718000128e+001 -3.8992e+000 +2.0600e+000 +2.0400e+000
7852 0 +1.080920974e-006 +3.718000108e+001 +3.718000108e+001 -3.8992e+000 +2.0600e+000 +2.0400e+000
7938 0 +8.389018546e-007 +3.718000084e+001 +3.718000084e+001 -3.8992e+000 +2.0600e+000 +2.0400e+000
7980 0 +6.452864767e-007 +3.718000065e+001 +3.718000065e+001 -3.8992e+000 +2.0600e+000 +2.0400e+000
8036 0 +6.183827779e-007 +3.718000062e+001 +3.718000062e+001 -3.8992e+000 +2.0600e+000 +2.0400e+000
8281 0 +6.130941657e-007 +3.718000061e+001 +3.718000061e+001 -3.8992e+000 +2.0600e+000 +2.0400e+000
8327 0 +5.637824856e-007 +3.718000056e+001 +3.718000056e+001 -3.8992e+000 +2.0600e+000 +2.0400e+000
8494 0 +5.297699417e-007 +3.718000053e+001 +3.718000053e+001 -3.8992e+000 +2.0600e+000 +2.0400e+000
8508 0 +5.058594397e-007 +3.718000051e+001 +3.718000051e+001 -3.8992e+000 +2.0600e+000 +2.0400e+000
8523 0 +4.383337924e-007 +3.718000044e+001 +3.718000044e+001 -3.8992e+000 +2.0600e+000 +2.0400e+000
8923 0 +3.199430125e-007 +3.718000032e+001 +3.718000032e+001 -3.8992e+000 +2.0600e+000 +2.0400e+000
8928 0 +3.049480526e-007 +3.718000030e+001 +3.718000030e+001 -3.8992e+000 +2.0600e+000 +2.0400e+000
8985 0 +2.998977493e-007 +3.718000030e+001 +3.718000030e+001 -3.8992e+000 +2.0600e+000 +2.0400e+000
9488 0 +2.791050235e-007 +3.718000028e+001 +3.718000028e+001 -3.8992e+000 +2.0600e+000 +2.0400e+000
9519 0 +2.732491851e-007 +3.718000027e+001 +3.718000027e+001 -3.8992e+000 +2.0600e+000 +2.0400e+000
9557 0 +2.087393369e-007 +3.718000021e+001 +3.718000021e+001 -3.8992e+000 +2.0600e+000 +2.0400e+000
9725 0 +1.693589979e-007 +3.718000017e+001 +3.718000017e+001 -3.8992e+000 +2.0600e+000 +2.0400e+000
9960 0 +9.445920313e-008 +3.718000009e+001 +3.718000009e+001 -3.8992e+000 +2.0600e+000 +2.0400e+000
% f evaluations | g evaluations | best noise-free fitness - Fopt (-1.479000000000e+002) + sum g_i+ | measured fitness | best measured fitness or single-digit g-values | x1 | x2...
1 0 +4.994380238e+000 -1.429056198e+002 -1.429056198e+002 +0.0000e+000 +0.0000e+000 +0.0000e+000
5 0 +4.463685613e+000 -1.434363144e+002 -1.434363144e+002 -2.0058e+000 +9.5872e-001 +2.3979e+000
114 0 +4.221885042e+000 -1.436781150e+002 -1.436781150e+002 -6.2854e-001 -7.7211e-001 +3.2622e+000
131 0 +4.108147046e+000 -1.437918530e+002 -1.437918530e+002 -1.7310e+000 +3.5743e-001 -5.2072e-001
204 0 +1.761662241e+000 -1.461383378e+002 -1.461383378e+002 -1.3570e+000 -2.9689e-001 +1.3864e+000
331 0 +1.332971561e+000 -1.465670284e+002 -1.465670284e+002 -1.5138e+000 -3.3700e-001 +5.8851e-001
404 0 +4.665772404e-001 -1.474334228e+002 -1.474334228e+002 -1.8478e+000 -2.4766e-001 +5.1552e-001
1104 0 +3.631935073e-001 -1.475368065e+002 -1.475368065e+002 -1.7944e+000 +6.8567e-002 +7.5503e-001
1285 0 +3.589090714e-001 -1.475410909e+002 -1.475410909e+002 -1.6766e+000 +2.2289e-003 +7.5572e-001
1314 0 +2.234871991e-001 -1.476765128e+002 -1.476765128e+002 -1.6535e+000 -2.3252e-002 +8.0262e-001
1350 0 +8.069478395e-002 -1.478193052e+002 -1.478193052e+002 -1.6908e+000 +5.7991e-002 +9.8794e-001
1574 0 +6.313091809e-002 -1.478368691e+002 -1.478368691e+002 -1.6832e+000 +1.4306e-001 +1.1273e+000
1700 0 +5.814633312e-002 -1.478418537e+002 -1.478418537e+002 -1.6884e+000 +1.3342e-001 +1.1150e+000
1723 0 +4.445743348e-002 -1.478555426e+002 -1.478555426e+002 -1.6799e+000 +1.1096e-001 +1.1124e+000
1874 0 +1.700150843e-002 -1.478829985e+002 -1.478829985e+002 -1.6740e+000 +1.3851e-001 +1.1461e+000
2074 0 +1.004983041e-002 -1.478899502e+002 -1.478899502e+002 -1.6742e+000 +1.3313e-001 +1.1374e+000
2560 0 +8.881464501e-003 -1.478911185e+002 -1.478911185e+002 -1.6745e+000 +1.3279e-001 +1.1361e+000
2605 0 +7.624235551e-003 -1.478923758e+002 -1.478923758e+002 -1.6746e+000 +1.3734e-001 +1.1401e+000
2984 0 +5.282056600e-003 -1.478947179e+002 -1.478947179e+002 -1.6716e+000 +1.3891e-001 +1.1448e+000
3384 0 +5.206851045e-003 -1.478947931e+002 -1.478947931e+002 -1.6720e+000 +1.3883e-001 +1.1440e+000
3484 0 +5.056851327e-003 -1.478949431e+002 -1.478949431e+002 -1.6718e+000 +1.3888e-001 +1.1445e+000
3673 0 +4.810470442e-003 -1.478951895e+002 -1.478951895e+002 -1.6712e+000 +1.3923e-001 +1.1440e+000
3732 0 +4.180104268e-003 -1.478958199e+002 -1.478958199e+002 -1.6706e+000 +1.3571e-001 +1.1399e+000
3850 0 +4.098512121e-003 -1.478959015e+002 -1.478959015e+002 -1.6705e+000 +1.3646e-001 +1.1406e+000
3943 0 +3.264112516e-003 -1.478967359e+002 -1.478967359e+002 -1.6713e+000 +1.3598e-001 +1.1400e+000
3990 0 +2.514384689e-003 -1.478974856e+002 -1.478974856e+002 -1.6708e+000 +1.3700e-001 +1.1399e+000
4135 0 +1.968006029e-003 -1.478980320e+002 -1.478980320e+002 -1.6706e+000 +1.3705e-001 +1.1394e+000
4512 0 +1.911648980e-003 -1.478980884e+002 -1.478980884e+002 -1.6707e+000 +1.3718e-001 +1.1397e+000
4551 0 +1.515609421e-003 -1.478984844e+002 -1.478984844e+002 -1.6704e+000 +1.3678e-001 +1.1394e+000
4751 0 +1.433779480e-003 -1.478985662e+002 -1.478985662e+002 -1.6705e+000 +1.3677e-001 +1.1394e+000
4849 0 +1.008264476e-003 -1.478989917e+002 -1.478989917e+002 -1.6699e+000 +1.3505e-001 +1.1365e+000
4920 0 +8.926153212e-004 -1.478991074e+002 -1.478991074e+002 -1.6703e+000 +1.3466e-001 +1.1358e+000
4943 0 +5.814013416e-004 -1.478994186e+002 -1.478994186e+002 -1.6703e+000 +1.3535e-001 +1.1368e+000
5204 0 +3.365086993e-004 -1.478996635e+002 -1.478996635e+002 -1.6703e+000 +1.3524e-001 +1.1369e+000
5221 0 +3.305227011e-004 -1.478996695e+002 -1.478996695e+002 -1.6703e+000 +1.3521e-001 +1.1370e+000
5424 0 +2.940817284e-004 -1.478997059e+002 -1.478997059e+002 -1.6703e+000 +1.3509e-001 +1.1367e+000
5520 0 +2.767510649e-004 -1.478997232e+002 -1.478997232e+002 -1.6703e+000 +1.3518e-001 +1.1369e+000
5549 0 +2.456335815e-004 -1.478997544e+002 -1.478997544e+002 -1.6703e+000 +1.3520e-001 +1.1368e+000
5632 0 +2.395462792e-004 -1.478997605e+002 -1.478997605e+002 -1.6703e+000 +1.3507e-001 +1.1367e+000
5749 0 +2.314833342e-004 -1.478997685e+002 -1.478997685e+002 -1.6703e+000 +1.3522e-001 +1.1368e+000
5812 0 +1.729779855e-004 -1.478998270e+002 -1.478998270e+002 -1.6704e+000 +1.3526e-001 +1.1369e+000
5889 0 +1.403321308e-004 -1.478998597e+002 -1.478998597e+002 -1.6704e+000 +1.3515e-001 +1.1368e+000
5904 0 +1.184802985e-004 -1.478998815e+002 -1.478998815e+002 -1.6704e+000 +1.3524e-001 +1.1369e+000
5912 0 +4.953054847e-005 -1.478999505e+002 -1.478999505e+002 -1.6704e+000 +1.3520e-001 +1.1368e+000
5995 0 +3.210233427e-005 -1.478999679e+002 -1.478999679e+002 -1.6704e+000 +1.3522e-001 +1.1368e+000
6012 0 +2.983891699e-005 -1.478999702e+002 -1.478999702e+002 -1.6704e+000 +1.3519e-001 +1.1368e+000
6243 0 +2.777597717e-005 -1.478999722e+002 -1.478999722e+002 -1.6704e+000 +1.3519e-001 +1.1368e+000
6759 0 +2.574364015e-005 -1.478999743e+002 -1.478999743e+002 -1.6704e+000 +1.3519e-001 +1.1368e+000
6848 0 +2.094255879e-005 -1.478999791e+002 -1.478999791e+002 -1.6704e+000 +1.3519e-001 +1.1368e+000
6980 0 +1.709662791e-005 -1.478999829e+002 -1.478999829e+002 -1.6704e+000 +1.3521e-001 +1.1368e+000
7080 0 +1.307584725e-005 -1.478999869e+002 -1.478999869e+002 -1.6704e+000 +1.3519e-001 +1.1368e+000
7134 0 +1.193651192e-005 -1.478999881e+002 -1.478999881e+002 -1.6704e+000 +1.3519e-001 +1.1368e+000
7369 0 +1.028618340e-005 -1.478999897e+002 -1.478999897e+002 -1.6704e+000 +1.3519e-001 +1.1368e+000
7801 0 +9.525586961e-006 -1.478999905e+002 -1.478999905e+002 -1.6704e+000 +1.3519e-001 +1.1368e+000
7840 0 +8.042142099e-006 -1.478999920e+002 -1.478999920e+002 -1.6704e+000 +1.3520e-001 +1.1368e+000
7903 0 +2.280209515e-006 -1.478999977e+002 -1.478999977e+002 -1.6704e+000 +1.3520e-001 +1.1368e+000
8160 0 +1.774653782e-006 -1.478999982e+002 -1.478999982e+002 -1.6704e+000 +1.3520e-001 +1.1368e+000
8398 0 +8.732250478e-007 -1.478999991e+002 -1.478999991e+002 -1.6704e+000 +1.3520e-001 +1.1368e+000
8612 0 +7.186107496e-007 -1.478999993e+002 -1.478999993e+002 -1.6704e+000 +1.3520e-001 +1.1368e+000
8699 0 +6.617487998e-007 -1.478999993e+002 -1.478999993e+002 -1.6704e+000 +1.3520e-001 +1.1368e+000
8794 0 +6.431077679e-007 -1.478999994e+002 -1.478999994e+002 -1.6704e+000 +1.3520e-001 +1.1368e+000
8840 0 +5.963557328e-007 -1.478999994e+002 -1.478999994e+002 -1.6704e+000 +1.3520e-001 +1.1368e+000
8920 0 +4.730823662e-007 -1.478999995e+002 -1.478999995e+002 -1.6704e+000 +1.3520e-001 +1.1368e+000
8999 0 +4.480103541e-007 -1.478999996e+002 -1.478999996e+002 -1.6704e+000 +1.3520e-001 +1.1368e+000
9259 0 +3.482424233e-007 -1.478999997e+002 -1.478999997e+002 -1.6704e+000 +1.3520e-001 +1.1368e+000
9440 0 +2.994411830e-007 -1.478999997e+002 -1.478999997e+002 -1.6704e+000 +1.3520e-001 +1.1368e+000
9612 0 +2.031760005e-007 -1.478999998e+002 -1.478999998e+002 -1.6704e+000 +1.3520e-001 +1.1368e+000
9712 0 +1.893726846e-007 -1.478999998e+002 -1.478999998e+002 -1.6704e+000 +1.3520e-001 +1.1368e+000
9778 0 +1.310210394e-007 -1.478999999e+002 -1.478999999e+002 -1.6704e+000 +1.3520e-001 +1.1368e+000
9978 0 +1.283435722e-007 -1.478999999e+002 -1.478999999e+002 -1.6704e+000 +1.3520e-001 +1.1368e+000
10040 0 +1.046994953e-007 -1.478999999e+002 -1.478999999e+002 -1.6704e+000 +1.3520e-001 +1.1368e+000
% f evaluations | g evaluations | best noise-free fitness - Fopt (4.817100000000e+002) + sum g_i+ | measured fitness | best measured fitness or single-digit g-values | x1 | x2...
1 0 +1.427096097e+001 +4.959809610e+002 +4.959809610e+002 +0.0000e+000 +0.0000e+000 +0.0000e+000
5 0 +8.666555015e+000 +4.903765550e+002 +4.903765550e+002 -1.8731e+000 -3.9694e+000 -3.6700e+000
20 0 +4.621173165e+000 +4.863311732e+002 +4.863311732e+002 -8.8930e-001 -1.9006e+000 -2.1422e+000
85 0 +4.545572210e+000 +4.862555722e+002 +4.862555722e+002 +1.3285e+000 +4.6921e-002 -3.3080e+000
102 0 +2.750599648e+000 +4.844605996e+002 +4.844605996e+002 +1.4758e+000 -3.6369e+000 -3.1612e+000
230 0 +7.645070964e-001 +4.824745071e+002 +4.824745071e+002 +8.7738e-001 -2.7219e+000 -2.7166e+000
473 0 +5.678624727e-001 +4.822778625e+002 +4.822778625e+002 +1.0988e+000 -2.8042e+000 -2.8094e+000
518 0 +4.977829906e-001 +4.822077830e+002 +4.822077830e+002 +9.2831e-001 -2.5164e+000 -3.0919e+000
544 0 +4.457937730e-001 +4.821557938e+002 +4.821557938e+002 +1.1829e+000 -3.1163e+000 -3.1522e+000
853 0 +3.370805432e-001 +4.820470805e+002 +4.820470805e+002 +9.7429e-001 -3.4818e+000 -2.7837e+000
1290 0 +2.279942584e-001 +4.819379943e+002 +4.819379943e+002 +1.0243e+000 -3.1201e+000 -2.8590e+000
1339 0 +1.473137592e-001 +4.818573138e+002 +4.818573138e+002 +1.0106e+000 -3.0939e+000 -2.9057e+000
1377 0 +5.371681443e-002 +4.817637168e+002 +4.817637168e+002 +1.0323e+000 -3.0909e+000 -2.8746e+000
1696 0 +3.401314610e-002 +4.817440131e+002 +4.817440131e+002 +1.0579e+000 -3.0082e+000 -2.9002e+000
2358 0 +3.349057237e-002 +4.817434906e+002 +4.817434906e+002 +1.0584e+000 -3.0044e+000 -2.9016e+000
2375 0 +2.445961527e-002 +4.817344596e+002 +4.817344596e+002 +1.0466e+000 -3.0045e+000 -2.8917e+000
2435 0 +1.826372246e-002 +4.817282637e+002 +4.817282637e+002 +1.0475e+000 -2.9981e+000 -2.8940e+000
2498 0 +1.483890075e-002 +4.817248389e+002 +4.817248389e+002 +1.0448e+000 -3.0006e+000 -2.8913e+000
2674 0 +1.397611827e-002 +4.817239761e+002 +4.817239761e+002 +1.0432e+000 -2.9951e+000 -2.8958e+000
2790 0 +4.628872657e-003 +4.817146289e+002 +4.817146289e+002 +1.0402e+000 -3.0015e+000 -2.8952e+000
2874 0 +1.947940788e-003 +4.817119479e+002 +4.817119479e+002 +1.0400e+000 -3.0032e+000 -2.8949e+000
3720 0 +1.901001983e-003 +4.817119010e+002 +4.817119010e+002 +1.0401e+000 -3.0033e+000 -2.8948e+000
3794 0 +1.747324966e-003 +4.817117473e+002 +4.817117473e+002 +1.0403e+000 -3.0016e+000 -2.8956e+000
3830 0 +1.091505600e-003 +4.817110915e+002 +4.817110915e+002 +1.0405e+000 -3.0013e+000 -2.8955e+000
3920 0 +6.813712794e-004 +4.817106814e+002 +4.817106814e+002 +1.0409e+000 -3.0008e+000 -2.8958e+000
4375 0 +4.201289232e-004 +4.817104201e+002 +4.817104201e+002 +1.0408e+000 -3.0008e+000 -2.8959e+000
4408 0 +3.658562546e-004 +4.817103659e+002 +4.817103659e+002 +1.0408e+000 -3.0008e+000 -2.8961e+000
4494 0 +2.708602699e-004 +4.817102709e+002 +4.817102709e+002 +1.0407e+000 -3.0008e+000 -2.8960e+000
4656 0 +1.489253087e-004 +4.817101489e+002 +4.817101489e+002 +1.0408e+000 -3.0009e+000 -2.8959e+000
4756 0 +9.074058840e-005 +4.817100907e+002 +4.817100907e+002 +1.0408e+000 -3.0009e+000 -2.8960e+000
5015 0 +7.619447308e-005 +4.817100762e+002 +4.817100762e+002 +1.0408e+000 -3.0008e+000 -2.8960e+000
5174 0 +6.329932813e-005 +4.817100633e+002 +4.817100633e+002 +1.0408e+000 -3.0008e+000 -2.8960e+000
5450 0 +2.961418556e-005 +4.817100296e+002 +4.817100296e+002 +1.0408e+000 -3.0008e+000 -2.8960e+000
5756 0 +2.879577386e-005 +4.817100288e+002 +4.817100288e+002 +1.0408e+000 -3.0008e+000 -2.8960e+000
5975 0 +2.477857822e-005 +4.817100248e+002 +4.817100248e+002 +1.0408e+000 -3.0008e+000 -2.8960e+000
6275 0 +2.113927451e-005 +4.817100211e+002 +4.817100211e+002 +1.0408e+000 -3.0008e+000 -2.8960e+000
6375 0 +1.716587934e-005 +4.817100172e+002 +4.817100172e+002 +1.0408e+000 -3.0008e+000 -2.8960e+000
6475 0 +1.612003666e-005 +4.817100161e+002 +4.817100161e+002 +1.0408e+000 -3.0008e+000 -2.8960e+000
6617 0 +9.781323911e-006 +4.817100098e+002 +4.817100098e+002 +1.0408e+000 -3.0008e+000 -2.8960e+000
6775 0 +9.452924246e-006 +4.817100095e+002 +4.817100095e+002 +1.0408e+000 -3.0008e+000 -2.8960e+000
7532 0 +9.215039654e-006 +4.817100092e+002 +4.817100092e+002 +1.0408e+000 -3.0008e+000 -2.8960e+000
7775 0 +8.446933577e-006 +4.817100084e+002 +4.817100084e+002 +1.0408e+000 -3.0008e+000 -2.8960e+000
8075 0 +8.292879272e-006 +4.817100083e+002 +4.817100083e+002 +1.0408e+000 -3.0008e+000 -2.8960e+000
8296 0 +7.956121124e-006 +4.817100080e+002 +4.817100080e+002 +1.0408e+000 -3.0008e+000 -2.8960e+000
8611 0 +7.869918534e-006 +4.817100079e+002 +4.817100079e+002 +1.0408e+000 -3.0008e+000 -2.8960e+000
9117 0 +7.559165510e-006 +4.817100076e+002 +4.817100076e+002 +1.0408e+000 -3.0008e+000 -2.8960e+000
9632 0 +7.379891827e-006 +4.817100074e+002 +4.817100074e+002 +1.0408e+000 -3.0008e+000 -2.8960e+000
9960 0 +2.957975141e-006 +4.817100030e+002 +4.817100030e+002 +1.0408e+000 -3.0008e+000 -2.8960e+000
% f evaluations | g evaluations | best noise-free fitness - Fopt (-3.646000000000e+001) + sum g_i+ | measured fitness | best measured fitness or single-digit g-values | x1 | x2...
1 0 +4.906316053e+000 -3.155368395e+001 -3.155368395e+001 +0.0000e+000 +0.0000e+000 +0.0000e+000
9 0 +4.388997774e+000 -3.207100223e+001 -3.207100223e+001 +1.9547e+000 -4.6217e+000 -2.2425e+000
103 0 +4.216741496e+000 -3.224325850e+001 -3.224325850e+001 +1.6629e+000 -1.3583e+000 -2.1750e+000
121 0 +2.692292437e+000 -3.376770756e+001 -3.376770756e+001 +4.8684e-001 -3.3355e+000 -2.3968e+000
131 0 +9.978713794e-001 -3.546212862e+001 -3.546212862e+001 +2.3489e+000 -3.1719e+000 -1.9883e+000
404 0 +4.044835330e-001 -3.605551647e+001 -3.605551647e+001 +2.4548e+000 -3.3298e+000 -2.2366e+000
455 0 +3.511270951e-001 -3.610887290e+001 -3.610887290e+001 +2.0814e+000 -2.9699e+000 -2.3183e+000
470 0 +3.349987975e-001 -3.612500120e+001 -3.612500120e+001 +1.9870e+000 -2.6302e+000 -2.2476e+000
612 0 +3.174658448e-001 -3.614253416e+001 -3.614253416e+001 +2.0008e+000 -2.5374e+000 -2.2409e+000
802 0 +2.937841668e-001 -3.616621583e+001 -3.616621583e+001 +1.9645e+000 -2.5390e+000 -2.1602e+000
893 0 +2.504912002e-001 -3.620950880e+001 -3.620950880e+001 +2.3106e+000 -2.9874e+000 -2.3205e+000
1112 0 +2.249206091e-001 -3.623507939e+001 -3.623507939e+001 +2.1861e+000 -2.9524e+000 -2.1971e+000
1178 0 +2.098445044e-001 -3.625015550e+001 -3.625015550e+001 +2.2663e+000 -2.9212e+000 -2.2671e+000
1289 0 +1.058617083e-001 -3.635413829e+001 -3.635413829e+001 +2.1572e+000 -2.8660e+000 -2.2442e+000
1411 0 +9.673128834e-002 -3.636326871e+001 -3.636326871e+001 +2.0701e+000 -2.8901e+000 -2.2633e+000
1444 0 +9.169052247e-002 -3.636830948e+001 -3.636830948e+001 +2.1896e+000 -2.9276e+000 -2.2185e+000
1451 0 +7.255300747e-002 -3.638744699e+001 -3.638744699e+001 +2.1175e+000 -2.8476e+000 -2.2342e+000
1506 0 +3.720393697e-002 -3.642279606e+001 -3.642279606e+001 +2.1141e+000 -2.8172e+000 -2.2146e+000
1914 0 +1.952856032e-002 -3.644047144e+001 -3.644047144e+001 +2.1333e+000 -2.8402e+000 -2.2170e+000
2334 0 +1.886178277e-002 -3.644113822e+001 -3.644113822e+001 +2.1331e+000 -2.8412e+000 -2.2179e+000
2386 0 +1.348273839e-002 -3.644651726e+001 -3.644651726e+001 +2.1303e+000 -2.8502e+000 -2.2149e+000
2404 0 +1.224437992e-002 -3.644775562e+001 -3.644775562e+001 +2.1237e+000 -2.8457e+000 -2.2126e+000
2498 0 +1.161919593e-002 -3.644838080e+001 -3.644838080e+001 +2.1291e+000 -2.8464e+000 -2.2162e+000
2777 0 +1.049714986e-002 -3.644950285e+001 -3.644950285e+001 +2.1268e+000 -2.8438e+000 -2.2179e+000
2864 0 +9.423113926e-003 -3.645057689e+001 -3.645057689e+001 +2.1237e+000 -2.8553e+000 -2.2184e+000
2949 0 +9.271436442e-003 -3.645072856e+001 -3.645072856e+001 +2.1276e+000 -2.8498e+000 -2.2202e+000
3077 0 +5.402583270e-003 -3.645459742e+001 -3.645459742e+001 +2.1242e+000 -2.8484e+000 -2.2188e+000
3177 0 +2.539603349e-003 -3.645746040e+001 -3.645746040e+001 +2.1229e+000 -2.8494e+000 -2.2189e+000
3249 0 +2.042143215e-003 -3.645795786e+001 -3.645795786e+001 +2.1235e+000 -2.8498e+000 -2.2192e+000
3377 0 +1.911622606e-003 -3.645808838e+001 -3.645808838e+001 +2.1234e+000 -2.8498e+000 -2.2191e+000
3449 0 +1.424908617e-003 -3.645857509e+001 -3.645857509e+001 +2.1233e+000 -2.8498e+000 -2.2186e+000
3929 0 +1.298817736e-003 -3.645870118e+001 -3.645870118e+001 +2.1231e+000 -2.8497e+000 -2.2185e+000
4225 0 +1.165485098e-003 -3.645883451e+001 -3.645883451e+001 +2.1214e+000 -2.8474e+000 -2.2183e+000
4311 0 +1.081333374e-003 -3.645891867e+001 -3.645891867e+001 +2.1214e+000 -2.8474e+000 -2.2180e+000
4348 0 +4.310821625e-004 -3.645956892e+001 -3.645956892e+001 +2.1215e+000 -2.8472e+000 -2.2183e+000
4555 0 +2.698928860e-004 -3.645973011e+001 -3.645973011e+001 +2.1215e+000 -2.8471e+000 -2.2183e+000
4806 0 +2.422352043e-004 -3.645975776e+001 -3.645975776e+001 +2.1216e+000 -2.8472e+000 -2.2185e+000
4959 0 +2.345189662e-004 -3.645976548e+001 -3.645976548e+001 +2.1217e+000 -2.8472e+000 -2.2184e+000
5188 0 +1.940631306e-004 -3.645980594e+001 -3.645980594e+001 +2.1214e+000 -2.8469e+000 -2.2184e+000
5232 0 +1.082670819e-004 -3.645989173e+001 -3.645989173e+001 +2.1215e+000 -2.8470e+000 -2.2184e+000
5460 0 +2.893827602e-005 -3.645997106e+001 -3.645997106e+001 +2.1216e+000 -2.8472e+000 -2.2184e+000
6132 0 +1.940529533e-005 -3.645998059e+001 -3.645998059e+001 +2.1216e+000 -2.8472e+000 -2.2184e+000
6704 0 +6.564626119e-006 -3.645999344e+001 -3.645999344e+001 +2.1216e+000 -2.8472e+000 -2.2184e+000
7060 0 +4.000012588e-006 -3.645999600e+001 -3.645999600e+001 +2.1216e+000 -2.8472e+000 -2.2184e+000
7071 0 +3.852629384e-006 -3.645999615e+001 -3.645999615e+001 +2.1216e+000 -2.8472e+000 -2.2184e+000
7204 0 +1.724473151e-006 -3.645999828e+001 -3.645999828e+001 +2.1216e+000 -2.8472e+000 -2.2184e+000
7425 0 +1.339476363e-006 -3.645999866e+001 -3.645999866e+001 +2.1216e+000 -2.8472e+000 -2.2184e+000
7504 0 +6.677146089e-007 -3.645999933e+001 -3.645999933e+001 +2.1216e+000 -2.8472e+000 -2.2184e+000
7749 0 +6.066228764e-007 -3.645999939e+001 -3.645999939e+001 +2.1216e+000 -2.8472e+000 -2.2184e+000
7855 0 +4.808141227e-007 -3.645999952e+001 -3.645999952e+001 +2.1216e+000 -2.8472e+000 -2.2184e+000
8186 0 +2.337059541e-007 -3.645999977e+001 -3.645999977e+001 +2.1216e+000 -2.8472e+000 -2.2184e+000
8755 0 +1.941802878e-007 -3.645999981e+001 -3.645999981e+001 +2.1216e+000 -2.8472e+000 -2.2184e+000
8986 0 +1.834321708e-007 -3.645999982e+001 -3.645999982e+001 +2.1216e+000 -2.8472e+000 -2.2184e+000
9086 0 +1.672285705e-007 -3.645999983e+001 -3.645999983e+001 +2.1216e+000 -2.8472e+000 -2.2184e+000
9255 0 +1.460826198e-007 -3.645999985e+001 -3.645999985e+001 +2.1216e+000 -2.8472e+000 -2.2184e+000
9668 0 +1.221734109e-007 -3.645999988e+001 -3.645999988e+001 +2.1216e+000 -2.8472e+000 -2.2184e+000
9860 0 +1.126811000e-007 -3.645999989e+001 -3.645999989e+001 +2.1216e+000 -2.8472e+000 -2.2184e+000
9903 0 +6.340803793e-008 -3.645999994e+001 -3.645999994e+001 +2.1216e+000 -2.8472e+000 -2.2184e+000
% f evaluations | g evaluations | best noise-free fitness - Fopt (3.920000000000e+001) + sum g_i+ | measured fitness | best measured fitness or single-digit g-values | x1 | x2...
1 0 +4.169115698e+000 +4.336911570e+001 +4.336911570e+001 +0.0000e+000 +0.0000e+000 +0.0000e+000
105 0 +3.432770223e+000 +4.263277022e+001 +4.263277022e+001 +2.8155e+000 -4.4063e-001 +1.2994e+000
315 0 +1.621531563e+000 +4.082153156e+001 +4.082153156e+001 +3.1393e+000 +1.1954e+000 +2.5268e+000
475 0 +1.198176362e+000 +4.039817636e+001 +4.039817636e+001 +3.7381e+000 +1.6085e+000 +2.2244e+000
506 0 +1.132868895e+000 +4.033286890e+001 +4.033286890e+001 +3.6589e+000 +1.4874e+000 +2.0644e+000
511 0 +1.046654477e+000 +4.024665448e+001 +4.024665448e+001 +3.6490e+000 +2.0121e+000 +2.4132e+000
687 0 +9.458861563e-001 +4.014588616e+001 +4.014588616e+001 +4.9162e+000 +2.2076e+000 +2.9248e+000
837 0 +7.086837766e-001 +3.990868378e+001 +3.990868378e+001 +3.7724e+000 +1.7794e+000 +2.8451e+000
1102 0 +4.666715296e-001 +3.966667153e+001 +3.966667153e+001 +4.3260e+000 +1.9916e+000 +2.8854e+000
1306 0 +2.867371160e-001 +3.948673712e+001 +3.948673712e+001 +4.1429e+000 +1.9780e+000 +2.7192e+000
1506 0 +2.332343274e-001 +3.943323433e+001 +3.943323433e+001 +3.7471e+000 +1.6611e+000 +2.3356e+000
1759 0 +2.251674228e-001 +3.942516742e+001 +3.942516742e+001 +3.6805e+000 +1.6442e+000 +2.3916e+000
1779 0 +2.184253831e-001 +3.941842538e+001 +3.941842538e+001 +3.7369e+000 +1.6706e+000 +2.4253e+000
1799 0 +1.250275209e-001 +3.932502752e+001 +3.932502752e+001 +3.8098e+000 +1.6523e+000 +2.5256e+000
1873 0 +4.413218921e-002 +3.924413219e+001 +3.924413219e+001 +3.7732e+000 +1.6526e+000 +2.4913e+000
2401 0 +1.801629571e-002 +3.921801630e+001 +3.921801630e+001 +3.7389e+000 +1.6360e+000 +2.4612e+000
2706 0 +1.415979791e-002 +3.921415980e+001 +3.921415980e+001 +3.7372e+000 +1.6386e+000 +2.4619e+000
2731 0 +1.316356723e-002 +3.921316357e+001 +3.921316357e+001 +3.7366e+000 +1.6349e+000 +2.4603e+000
2826 0 +1.228523152e-002 +3.921228523e+001 +3.921228523e+001 +3.7369e+000 +1.6351e+000 +2.4606e+000
3131 0 +9.683066350e-003 +3.920968307e+001 +3.920968307e+001 +3.7187e+000 +1.6278e+000 +2.4514e+000
3231 0 +6.923516139e-003 +3.920692352e+001 +3.920692352e+001 +3.7244e+000 +1.6301e+000 +2.4542e+000
3313 0 +2.714440767e-003 +3.920271444e+001 +3.920271444e+001 +3.7226e+000 +1.6303e+000 +2.4547e+000
3349 0 +1.400073205e-003 +3.920140007e+001 +3.920140007e+001 +3.7244e+000 +1.6312e+000 +2.4550e+000
4167 0 +9.322579984e-004 +3.920093226e+001 +3.920093226e+001 +3.7229e+000 +1.6301e+000 +2.4542e+000
4281 0 +6.718766263e-004 +3.920067188e+001 +3.920067188e+001 +3.7225e+000 +1.6300e+000 +2.4541e+000
4456 0 +3.353986606e-004 +3.920033540e+001 +3.920033540e+001 +3.7230e+000 +1.6302e+000 +2.4542e+000
5222 0 +2.532471215e-004 +3.920025325e+001 +3.920025325e+001 +3.7234e+000 +1.6306e+000 +2.4545e+000
5431 0 +2.407388304e-004 +3.920024074e+001 +3.920024074e+001 +3.7234e+000 +1.6306e+000 +2.4544e+000
5456 0 +2.345045941e-004 +3.920023450e+001 +3.920023450e+001 +3.7230e+000 +1.6304e+000 +2.4544e+000
5489 0 +2.335491584e-004 +3.920023355e+001 +3.920023355e+001 +3.7230e+000 +1.6302e+000 +2.4544e+000
5754 0 +1.795944247e-004 +3.920017959e+001 +3.920017959e+001 +3.7232e+000 +1.6304e+000 +2.4544e+000
5783 0 +1.408570994e-004 +3.920014086e+001 +3.920014086e+001 +3.7232e+000 +1.6304e+000 +2.4545e+000
5911 0 +6.196149453e-005 +3.920006196e+001 +3.920006196e+001 +3.7232e+000 +1.6304e+000 +2.4544e+000
6031 0 +3.266550340e-005 +3.920003267e+001 +3.920003267e+001 +3.7232e+000 +1.6304e+000 +2.4544e+000
6254 0 +2.831869535e-005 +3.920002832e+001 +3.920002832e+001 +3.7232e+000 +1.6304e+000 +2.4544e+000
6636 0 +4.301915297e-006 +3.920000430e+001 +3.920000430e+001 +3.7232e+000 +1.6304e+000 +2.4544e+000
7204 0 +1.817878925e-006 +3.920000182e+001 +3.920000182e+001 +3.7232e+000 +1.6304e+000 +2.4544e+000
7340 0 +1.735283007e-006 +3.920000174e+001 +3.920000174e+001 +3.7232e+000 +1.6304e+000 +2.4544e+000
7361 0 +1.505331689e-006 +3.920000151e+001 +3.920000151e+001 +3.7232e+000 +1.6304e+000 +2.4544e+000
7455 0 +1.040886609e-006 +3.920000104e+001 +3.920000104e+001 +3.7232e+000 +1.6304e+000 +2.4544e+000
7506 0 +7.437441241e-007 +3.920000074e+001 +3.920000074e+001 +3.7232e+000 +1.6304e+000 +2.4544e+000
8017 0 +7.104497968e-007 +3.920000071e+001 +3.920000071e+001 +3.7232e+000 +1.6304e+000 +2.4544e+000
8087 0 +7.037594401e-007 +3.920000070e+001 +3.920000070e+001 +3.7232e+000 +1.6304e+000 +2.4544e+000
8136 0 +6.851680041e-007 +3.920000069e+001 +3.920000069e+001 +3.7232e+000 +1.6304e+000 +2.4544e+000
8155 0 +6.612711445e-007 +3.920000066e+001 +3.920000066e+001 +3.7232e+000 +1.6304e+000 +2.4544e+000
8206 0 +5.341969214e-007 +3.920000053e+001 +3.920000053e+001 +3.7232e+000 +1.6304e+000 +2.4544e+000
8267 0 +5.241290637e-007 +3.920000052e+001 +3.920000052e+001 +3.7232e+000 +1.6304e+000 +2.4544e+000
8355 0 +5.116605664e-007 +3.920000051e+001 +3.920000051e+001 +3.7232e+000 +1.6304e+000 +2.4544e+000
8536 0 +4.860921337e-007 +3.920000049e+001 +3.920000049e+001 +3.7232e+000 +1.6304e+000 +2.4544e+000
8601 0 +3.775266819e-007 +3.920000038e+001 +3.920000038e+001 +3.7232e+000 +1.6304e+000 +2.4544e+000
8855 0 +2.960928782e-007 +3.920000030e+001 +3.920000030e+001 +3.7232e+000 +1.6304e+000 +2.4544e+000
9185 0 +2.677806421e-007 +3.920000027e+001 +3.920000027e+001 +3.7232e+000 +1.6304e+000 +2.4544e+000
9362 0 +1.518951009e-007 +3.920000015e+001 +3.920000015e+001 +3.7232e+000 +1.6304e+000 +2.4544e+000
9817 0 +1.437295225e-007 +3.920000014e+001 +3.920000014e+001 +3.7232e+000 +1.6304e+000 +2.4544e+000
9918 0 +1.307084361e-007 +3.920000013e+001 +3.920000013e+001 +3.7232e+000 +1.6304e+000 +2.4544e+000
% f evaluations | g evaluations | best noise-free fitness - Fopt (-3.225000000000e+001) + sum g_i+ | measured fitness | best measured fitness or single-digit g-values | x1 | x2...
1 0 +9.248872988e+000 -2.300112701e+001 -2.300112701e+001 +0.0000e+000 +0.0000e+000 +0.0000e+000
19 0 +2.469414802e+000 -2.978058520e+001 -2.978058520e+001 +2.6679e+000 +1.2598e+000 -9.8868e-001
51 0 +1.783582221e+000 -3.046641778e+001 -3.046641778e+001 +4.1359e+000 +1.2638e+000 -1.7323e+000
219 0 +1.425493374e+000 -3.082450663e+001 -3.082450663e+001 +3.1884e+000 +1.2386e+000 -1.3973e+000
294 0 +7.000975007e-001 -3.154990250e+001 -3.154990250e+001 +3.7100e+000 +9.8286e-001 -1.2086e+000
703 0 +2.240007756e-001 -3.202599922e+001 -3.202599922e+001 +3.5548e+000 +1.0207e+000 -9.2730e-001
902 0 +9.801027622e-002 -3.215198972e+001 -3.215198972e+001 +3.5980e+000 +1.0907e+000 -8.4615e-001
1348 0 +5.449096114e-002 -3.219550904e+001 -3.219550904e+001 +3.6246e+000 +1.0520e+000 -8.5021e-001
1548 0 +3.823565943e-002 -3.221176434e+001 -3.221176434e+001 +3.6135e+000 +1.0636e+000 -8.4810e-001
2031 0 +2.103312387e-002 -3.222896688e+001 -3.222896688e+001 +3.5866e+000 +1.0616e+000 -8.6505e-001
2102 0 +1.414909775e-002 -3.223585090e+001 -3.223585090e+001 +3.6023e+000 +1.0657e+000 -8.5564e-001
2579 0 +1.220872612e-002 -3.223779127e+001 -3.223779127e+001 +3.5914e+000 +1.0621e+000 -8.5948e-001
2594 0 +6.170528094e-003 -3.224382947e+001 -3.224382947e+001 +3.5895e+000 +1.0624e+000 -8.5980e-001
2743 0 +6.084223562e-003 -3.224391578e+001 -3.224391578e+001 +3.5939e+000 +1.0609e+000 -8.6315e-001
2825 0 +1.860601536e-003 -3.224813940e+001 -3.224813940e+001 +3.5954e+000 +1.0613e+000 -8.6485e-001
3328 0 +7.611239188e-004 -3.224923888e+001 -3.224923888e+001 +3.5961e+000 +1.0618e+000 -8.6415e-001
3690 0 +3.782516256e-004 -3.224962175e+001 -3.224962175e+001 +3.5962e+000 +1.0617e+000 -8.6378e-001
3870 0 +3.665341431e-004 -3.224963347e+001 -3.224963347e+001 +3.5961e+000 +1.0617e+000 -8.6376e-001
4049 0 +3.138516818e-004 -3.224968615e+001 -3.224968615e+001 +3.5960e+000 +1.0616e+000 -8.6391e-001
4102 0 +1.186000419e-004 -3.224988140e+001 -3.224988140e+001 +3.5960e+000 +1.0616e+000 -8.6398e-001
4402 0 +1.151663646e-004 -3.224988483e+001 -3.224988483e+001 +3.5960e+000 +1.0616e+000 -8.6400e-001
4885 0 +1.134198754e-004 -3.224988658e+001 -3.224988658e+001 +3.5960e+000 +1.0616e+000 -8.6404e-001
5012 0 +9.917622359e-005 -3.224990082e+001 -3.224990082e+001 +3.5961e+000 +1.0616e+000 -8.6402e-001
5025 0 +9.660617356e-005 -3.224990339e+001 -3.224990339e+001 +3.5960e+000 +1.0616e+000 -8.6403e-001
5037 0 +4.098319104e-005 -3.224995902e+001 -3.224995902e+001 +3.5960e+000 +1.0616e+000 -8.6399e-001
5076 0 +3.762691786e-005 -3.224996237e+001 -3.224996237e+001 +3.5960e+000 +1.0616e+000 -8.6398e-001
5081 0 +2.986163616e-005 -3.224997014e+001 -3.224997014e+001 +3.5960e+000 +1.0616e+000 -8.6402e-001
5590 0 +2.912639633e-005 -3.224997087e+001 -3.224997087e+001 +3.5960e+000 +1.0616e+000 -8.6402e-001
5860 0 +2.749556796e-005 -3.224997250e+001 -3.224997250e+001 +3.5960e+000 +1.0616e+000 -8.6400e-001
5937 0 +1.521461331e-005 -3.224998479e+001 -3.224998479e+001 +3.5960e+000 +1.0616e+000 -8.6400e-001
6142 0 +1.064637240e-005 -3.224998935e+001 -3.224998935e+001 +3.5960e+000 +1.0616e+000 -8.6399e-001
6375 0 +1.040747397e-005 -3.224998959e+001 -3.224998959e+001 +3.5960e+000 +1.0616e+000 -8.6400e-001
6742 0 +1.925474180e-006 -3.224999807e+001 -3.224999807e+001 +3.5960e+000 +1.0616e+000 -8.6400e-001
7022 0 +1.539377081e-006 -3.224999846e+001 -3.224999846e+001 +3.5960e+000 +1.0616e+000 -8.6400e-001
7086 0 +8.982385751e-007 -3.224999910e+001 -3.224999910e+001 +3.5960e+000 +1.0616e+000 -8.6400e-001
7742 0 +5.998168504e-007 -3.224999940e+001 -3.224999940e+001 +3.5960e+000 +1.0616e+000 -8.6400e-001
7915 0 +2.324359585e-007 -3.224999977e+001 -3.224999977e+001 +3.5960e+000 +1.0616e+000 -8.6400e-001
8666 0 +1.847072397e-007 -3.224999982e+001 -3.224999982e+001 +3.5960e+000 +1.0616e+000 -8.6400e-001
8742 0 +1.476127025e-007 -3.224999985e+001 -3.224999985e+001 +3.5960e+000 +1.0616e+000 -8.6400e-001
8876 0 +1.246456165e-007 -3.224999988e+001 -3.224999988e+001 +3.5960e+000 +1.0616e+000 -8.6400e-001
9042 0 +3.698146855e-008 -3.224999996e+001 -3.224999996e+001 +3.5960e+000 +1.0616e+000 -8.6400e-001
9342 0 +3.169217422e-008 -3.224999997e+001 -3.224999997e+001 +3.5960e+000 +1.0616e+000 -8.6400e-001
9513 0 +3.085658307e-008 -3.224999997e+001 -3.224999997e+001 +3.5960e+000 +1.0616e+000 -8.6400e-001
9742 0 +3.012119265e-008 -3.224999997e+001 -3.224999997e+001 +3.5960e+000 +1.0616e+000 -8.6400e-001
9776 0 +2.632193485e-008 -3.224999997e+001 -3.224999997e+001 +3.5960e+000 +1.0616e+000 -8.6400e-001
9822 0 +2.120526688e-008 -3.224999998e+001 -3.224999998e+001 +3.5960e+000 +1.0616e+000 -8.6400e-001
9842 0 +9.060478590e-009 -3.224999999e+001 -3.224999999e+001 +3.5960e+000 +1.0616e+000 -8.6400e-001
% f evaluations | g evaluations | best noise-free fitness - Fopt (3.681200000000e+002) + sum g_i+ | measured fitness | best measured fitness or single-digit g-values | x1 | x2...
1 0 +8.842963282e+000 +3.769629633e+002 +3.769629633e+002 +0.0000e+000 +0.0000e+000 +0.0000e+000
8 0 +8.272240709e+000 +3.763922407e+002 +3.763922407e+002 -2.8637e+000 +1.8683e+000 -3.0474e+000
25 0 +6.893366265e+000 +3.750133663e+002 +3.750133663e+002 -1.0906e+000 -1.2144e+000 +2.3989e+000
26 0 +4.850503829e+000 +3.729705038e+002 +3.729705038e+002 -2.6458e+000 -2.3386e+000 +1.2469e+000
35 0 +4.655404698e+000 +3.727754047e+002 +3.727754047e+002 -4.7021e+000 -1.0460e+000 -2.8965e+000
107 0 +1.943196436e+000 +3.700631964e+002 +3.700631964e+002 -5.3491e-001 -1.0544e+000 +1.9613e+000
285 0 +1.581876746e+000 +3.697018767e+002 +3.697018767e+002 -2.4723e+000 -5.2661e-001 +6.5377e-001
345 0 +8.106829295e-001 +3.689306829e+002 +3.689306829e+002 -2.2044e+000 -8.9517e-001 +9.4560e-001
857 0 +7.678626541e-002 +3.681967863e+002 +3.681967863e+002 -2.3463e+000 -1.1006e+000 +8.1081e-001
1450 0 +6.071827913e-002 +3.681807183e+002 +3.681807183e+002 -2.3385e+000 -1.0996e+000 +8.1070e-001
1772 0 +4.898063022e-002 +3.681689806e+002 +3.681689806e+002 -2.4190e+000 -1.0939e+000 +7.5567e-001
1920 0 +4.466559161e-002 +3.681646656e+002 +3.681646656e+002 -2.4669e+000 -1.0732e+000 +7.1082e-001
1954 0 +2.385465473e-002 +3.681438547e+002 +3.681438547e+002 -2.4610e+000 -1.0920e+000 +7.2344e-001
2045 0 +1.833779939e-002 +3.681383378e+002 +3.681383378e+002 -2.4938e+000 -1.0869e+000 +7.0031e-001
2120 0 +1.789502523e-002 +3.681378950e+002 +3.681378950e+002 -2.4923e+000 -1.0862e+000 +7.0087e-001
2206 0 +1.661731272e-002 +3.681366173e+002 +3.681366173e+002 -2.4520e+000 -1.0831e+000 +7.2009e-001
2545 0 +1.302517356e-002 +3.681330252e+002 +3.681330252e+002 -2.4579e+000 -1.0865e+000 +7.1395e-001
2669 0 +8.113676360e-003 +3.681281137e+002 +3.681281137e+002 -2.4634e+000 -1.0852e+000 +7.1723e-001
2990 0 +7.942870799e-003 +3.681279429e+002 +3.681279429e+002 -2.4662e+000 -1.0859e+000 +7.1291e-001
3334 0 +7.493256376e-003 +3.681274933e+002 +3.681274933e+002 -2.4693e+000 -1.0881e+000 +7.1243e-001
3545 0 +7.238454794e-003 +3.681272385e+002 +3.681272385e+002 -2.4690e+000 -1.0881e+000 +7.1260e-001
3583 0 +5.663660667e-003 +3.681256637e+002 +3.681256637e+002 -2.4501e+000 -1.0901e+000 +7.2669e-001
3675 0 +4.482965369e-003 +3.681244830e+002 +3.681244830e+002 -2.4647e+000 -1.0887e+000 +7.1558e-001
3769 0 +1.443063309e-003 +3.681214431e+002 +3.681214431e+002 -2.4627e+000 -1.0890e+000 +7.1705e-001
3775 0 +1.064108853e-003 +3.681210641e+002 +3.681210641e+002 -2.4631e+000 -1.0890e+000 +7.1696e-001
4272 0 +1.045500103e-003 +3.681210455e+002 +3.681210455e+002 -2.4635e+000 -1.0890e+000 +7.1653e-001
4329 0 +9.850522608e-004 +3.681209851e+002 +3.681209851e+002 -2.4633e+000 -1.0891e+000 +7.1669e-001
4531 0 +8.778321810e-004 +3.681208778e+002 +3.681208778e+002 -2.4633e+000 -1.0894e+000 +7.1678e-001
4619 0 +4.279641227e-004 +3.681204280e+002 +3.681204280e+002 -2.4633e+000 -1.0895e+000 +7.1684e-001
4872 0 +4.079629204e-004 +3.681204080e+002 +3.681204080e+002 -2.4635e+000 -1.0897e+000 +7.1669e-001
4929 0 +3.540764274e-004 +3.681203541e+002 +3.681203541e+002 -2.4630e+000 -1.0896e+000 +7.1704e-001
4984 0 +2.564542440e-004 +3.681202565e+002 +3.681202565e+002 -2.4632e+000 -1.0896e+000 +7.1687e-001
5253 0 +1.335828491e-004 +3.681201336e+002 +3.681201336e+002 -2.4631e+000 -1.0896e+000 +7.1677e-001
5371 0 +7.654217302e-005 +3.681200765e+002 +3.681200765e+002 -2.4632e+000 -1.0896e+000 +7.1682e-001
5571 0 +4.001306309e-005 +3.681200400e+002 +3.681200400e+002 -2.4632e+000 -1.0896e+000 +7.1678e-001
5671 0 +2.903809053e-005 +3.681200290e+002 +3.681200290e+002 -2.4632e+000 -1.0896e+000 +7.1679e-001
5871 0 +2.879526522e-005 +3.681200288e+002 +3.681200288e+002 -2.4632e+000 -1.0896e+000 +7.1679e-001
6289 0 +2.495728631e-005 +3.681200250e+002 +3.681200250e+002 -2.4632e+000 -1.0896e+000 +7.1680e-001
6372 0 +1.670266522e-005 +3.681200167e+002 +3.681200167e+002 -2.4632e+000 -1.0896e+000 +7.1682e-001
6509 0 +1.452919895e-005 +3.681200145e+002 +3.681200145e+002 -2.4632e+000 -1.0896e+000 +7.1682e-001
6515 0 +1.165964284e-005 +3.681200117e+002 +3.681200117e+002 -2.4632e+000 -1.0896e+000 +7.1682e-001
7117 0 +1.098137085e-005 +3.681200110e+002 +3.681200110e+002 -2.4632e+000 -1.0896e+000 +7.1682e-001
7145 0 +1.079829593e-005 +3.681200108e+002 +3.681200108e+002 -2.4632e+000 -1.0896e+000 +7.1680e-001
7148 0 +1.053417998e-005 +3.681200105e+002 +3.681200105e+002 -2.4632e+000 -1.0896e+000 +7.1681e-001
7196 0 +1.038404741e-005 +3.681200104e+002 +3.681200104e+002 -2.4632e+000 -1.0896e+000 +7.1681e-001
7254 0 +1.021128151e-005 +3.681200102e+002 +3.681200102e+002 -2.4632e+000 -1.0896e+000 +7.1682e-001
7440 0 +9.847269382e-006 +3.681200098e+002 +3.681200098e+002 -2.4632e+000 -1.0896e+000 +7.1682e-001
7445 0 +3.034306189e-006 +3.681200030e+002 +3.681200030e+002 -2.4632e+000 -1.0896e+000 +7.1680e-001
7645 0 +2.977623296e-006 +3.681200030e+002 +3.681200030e+002 -2.4632e+000 -1.0896e+000 +7.1680e-001
7714 0 +6.734288149e-007 +3.681200007e+002 +3.681200007e+002 -2.4632e+000 -1.0896e+000 +7.1680e-001
7945 0 +6.227515996e-007 +3.681200006e+002 +3.681200006e+002 -2.4632e+000 -1.0896e+000 +7.1680e-001
8517 0 +6.164943329e-007 +3.681200006e+002 +3.681200006e+002 -2.4632e+000 -1.0896e+000 +7.1680e-001
8747 0 +5.902455769e-007 +3.681200006e+002 +3.681200006e+002 -2.4632e+000 -1.0896e+000 +7.1680e-001
8824 0 +5.317704108e-007 +3.681200005e+002 +3.681200005e+002 -2.4632e+000 -1.0896e+000 +7.1680e-001
8983 0 +4.322279210e-007 +3.681200004e+002 +3.681200004e+002 -2.4632e+000 -1.0896e+000 +7.1680e-001
9068 0 +3.918717653e-007 +3.681200004e+002 +3.681200004e+002 -2.4632e+000 -1.0896e+000 +7.1680e-001
9136 0 +3.069412173e-007 +3.681200003e+002 +3.681200003e+002 -2.4632e+000 -1.0896e+000 +7.1680e-001
9147 0 +2.855106800e-007 +3.681200003e+002 +3.681200003e+002 -2.4632e+000 -1.0896e+000 +7.1680e-001
9484 0 +2.291756687e-007 +3.681200002e+002 +3.681200002e+002 -2.4632e+000 -1.0896e+000 +7.1680e-001
9523 0 +1.396623475e-007 +3.681200001e+002 +3.681200001e+002 -2.4632e+000 -1.0896e+000 +7.1680e-001
9636 0 +1.311991582e-007 +3.681200001e+002 +3.681200001e+002 -2.4632e+000 -1.0896e+000 +7.1680e-001
10023 0 +9.329312434e-008 +3.681200001e+002 +3.681200001e+002 -2.4632e+000 -1.0896e+000 +7.1680e-001
10036 0 +8.565370990e-008 +3.681200001e+002 +3.681200001e+002 -2.4632e+000 -1.0896e+000 +7.1680e-001
% f evaluations | g evaluations | best noise-free fitness - Fopt (4.739000000000e+001) + sum g_i+ | measured fitness | best measured fitness or single-digit g-values | x1 | x2...
1 0 +5.585534248e+000 +5.297553425e+001 +5.297553425e+001 +0.0000e+000 +0.0000e+000 +0.0000e+000
13 0 +5.387155801e+000 +5.277715580e+001 +5.277715580e+001 -4.1425e-001 +4.1727e+000 -5.6324e-001
19 0 +2.916200288e+000 +5.030620029e+001 +5.030620029e+001 +1.1740e+000 +1.5830e+000 -4.2534e-001
168 0 +2.516266989e+000 +4.990626699e+001 +4.990626699e+001 +5.6707e-002 +3.7429e+000 -3.4240e-002
212 0 +1.296456755e+000 +4.868645675e+001 +4.868645675e+001 -2.9753e-001 +2.2438e+000 -7.8024e-001
438 0 +1.048244548e+000 +4.843824455e+001 +4.843824455e+001 -9.3861e-001 +2.7995e+000 -2.9708e-001
771 0 +1.034631608e+000 +4.842463161e+001 +4.842463161e+001 -5.7872e-001 +2.5165e+000 -4.0791e-001
806 0 +9.619034471e-001 +4.835190345e+001 +4.835190345e+001 +8.2738e-002 +1.8740e+000 -6.0002e-001
849 0 +7.406986276e-001 +4.813069863e+001 +4.813069863e+001 -6.3581e-001 +3.1159e+000 -8.6383e-001
929 0 +4.910822783e-001 +4.788108228e+001 +4.788108228e+001 -6.3376e-001 +2.7082e+000 -9.1789e-001
1081 0 +2.717232881e-001 +4.766172329e+001 +4.766172329e+001 -5.1991e-001 +2.8450e+000 -8.8649e-001
1197 0 +1.476541231e-001 +4.753765412e+001 +4.753765412e+001 -5.4099e-001 +2.7689e+000 -8.7623e-001
1524 0 +1.179603297e-001 +4.750796033e+001 +4.750796033e+001 -4.5791e-001 +2.6476e+000 -9.0027e-001
1531 0 +1.008647427e-001 +4.749086474e+001 +4.749086474e+001 -5.3187e-001 +2.7189e+000 -8.5811e-001
1659 0 +5.270557465e-002 +4.744270557e+001 +4.744270557e+001 -5.4628e-001 +2.7106e+000 -8.6087e-001
1824 0 +3.236480287e-002 +4.742236480e+001 +4.742236480e+001 -5.2137e-001 +2.6559e+000 -8.6297e-001
1825 0 +2.930935321e-002 +4.741930935e+001 +4.741930935e+001 -5.0736e-001 +2.6411e+000 -8.7071e-001
2042 0 +7.318286242e-003 +4.739731829e+001 +4.739731829e+001 -4.9973e-001 +2.6292e+000 -8.6631e-001
2523 0 +5.743412871e-003 +4.739574341e+001 +4.739574341e+001 -4.9848e-001 +2.6273e+000 -8.6648e-001
2566 0 +4.585169051e-003 +4.739458517e+001 +4.739458517e+001 -4.9754e-001 +2.6271e+000 -8.6715e-001
2729 0 +8.814954570e-004 +4.739088150e+001 +4.739088150e+001 -4.9725e-001 +2.6295e+000 -8.6656e-001
3459 0 +6.235464048e-004 +4.739062355e+001 +4.739062355e+001 -4.9748e-001 +2.6298e+000 -8.6657e-001
3823 0 +3.729108085e-004 +4.739037291e+001 +4.739037291e+001 -4.9756e-001 +2.6295e+000 -8.6653e-001
3912 0 +1.732371262e-004 +4.739017324e+001 +4.739017324e+001 -4.9760e-001 +2.6296e+000 -8.6648e-001
4676 0 +1.091221061e-004 +4.739010912e+001 +4.739010912e+001 -4.9758e-001 +2.6296e+000 -8.6647e-001
5294 0 +1.068807770e-004 +4.739010688e+001 +4.739010688e+001 -4.9758e-001 +2.6296e+000 -8.6647e-001
5636 0 +3.528227092e-005 +4.739003528e+001 +4.739003528e+001 -4.9760e-001 +2.6296e+000 -8.6640e-001
5746 0 +3.010493034e-005 +4.739003010e+001 +4.739003010e+001 -4.9759e-001 +2.6296e+000 -8.6639e-001
5764 0 +2.910086508e-005 +4.739002910e+001 +4.739002910e+001 -4.9759e-001 +2.6296e+000 -8.6639e-001
6177 0 +2.821740419e-005 +4.739002822e+001 +4.739002822e+001 -4.9759e-001 +2.6296e+000 -8.6640e-001
6271 0 +2.554692493e-005 +4.739002555e+001 +4.739002555e+001 -4.9758e-001 +2.6296e+000 -8.6640e-001
6306 0 +2.638579197e-006 +4.739000264e+001 +4.739000264e+001 -4.9760e-001 +2.6296e+000 -8.6640e-001
6972 0 +2.513052557e-006 +4.739000251e+001 +4.739000251e+001 -4.9760e-001 +2.6296e+000 -8.6640e-001
7046 0 +7.168378602e-007 +4.739000072e+001 +4.739000072e+001 -4.9760e-001 +2.6296e+000 -8.6640e-001
7177 0 +6.735438873e-007 +4.739000067e+001 +4.739000067e+001 -4.9760e-001 +2.6296e+000 -8.6640e-001
7276 0 +6.393600458e-007 +4.739000064e+001 +4.739000064e+001 -4.9760e-001 +2.6296e+000 -8.6640e-001
7546 0 +5.104818399e-007 +4.739000051e+001 +4.739000051e+001 -4.9760e-001 +2.6296e+000 -8.6640e-001
7829 0 +4.784511631e-007 +4.739000048e+001 +4.739000048e+001 -4.9760e-001 +2.6296e+000 -8.6640e-001
7897 0 +4.457947114e-007 +4.739000045e+001 +4.739000045e+001 -4.9760e-001 +2.6296e+000 -8.6640e-001
8029 0 +3.805933986e-007 +4.739000038e+001 +4.739000038e+001 -4.9760e-001 +2.6296e+000 -8.6640e-001
8170 0 +2.004318631e-007 +4.739000020e+001 +4.739000020e+001 -4.9760e-001 +2.6296e+000 -8.6640e-001
8321 0 +1.458414189e-007 +4.739000015e+001 +4.739000015e+001 -4.9760e-001 +2.6296e+000 -8.6640e-001
8707 0 +1.137505805e-007 +4.739000011e+001 +4.739000011e+001 -4.9760e-001 +2.6296e+000 -8.6640e-001
8997 0 +6.234078853e-008 +4.739000006e+001 +4.739000006e+001 -4.9760e-001 +2.6296e+000 -8.6640e-001
9207 0 +2.076684069e-008 +4.739000002e+001 +4.739000002e+001 -4.9760e-001 +2.6296e+000 -8.6640e-001
9597 0 +1.840804487e-008 +4.739000002e+001 +4.739000002e+001 -4.9760e-001 +2.6296e+000 -8.6640e-001
9644 0 +7.971578952e-009 +4.739000001e+001 +4.739000001e+001 -4.9760e-001 +2.6296e+000 -8.6640e-001
% f evaluations | g evaluations | best noise-free fitness - Fopt (-3.428900000000e+002) + sum g_i+ | measured fitness | best measured fitness or single-digit g-values | x1 | x2...
1 0 +3.109097261e+001 -3.117990274e+002 -3.117990274e+002 +0.0000e+000 +0.0000e+000 +0.0000e+000
2 0 +2.747233985e+001 -3.154176602e+002 -3.154176602e+002 -2.0073e+000 +6.0495e-002 +2.7531e+000
4 0 +1.253556944e+001 -3.303544306e+002 -3.303544306e+002 -1.4519e+000 -3.9764e+000 +8.8336e-001
9 0 +1.193127315e+001 -3.309587269e+002 -3.309587269e+002 +3.6082e+000 -3.7017e+000 +4.2431e+000
12 0 +1.035550915e+001 -3.325344908e+002 -3.325344908e+002 -2.8890e-002 -2.4218e+000 +2.6421e-001
15 0 +4.137545541e+000 -3.387524545e+002 -3.387524545e+002 +1.1873e+000 -4.3263e+000 +4.9268e+000
31 0 +3.866842224e+000 -3.390231578e+002 -3.390231578e+002 +2.6068e+000 -1.1185e+000 +3.3752e+000
60 0 +2.036008762e+000 -3.408539912e+002 -3.408539912e+002 +1.7935e+000 -3.3224e+000 +3.1898e+000
205 0 +1.936302975e+000 -3.409536970e+002 -3.409536970e+002 +2.0146e+000 -1.7215e+000 +3.8693e+000
287 0 +1.887421616e+000 -3.410025784e+002 -3.410025784e+002 +1.6019e+000 -3.1527e+000 +3.1319e+000
300 0 +1.762668431e+000 -3.411273316e+002 -3.411273316e+002 +2.3052e+000 -3.4274e+000 +3.1871e+000
309 0 +1.398489621e+000 -3.414915104e+002 -3.414915104e+002 +2.2819e+000 -3.5013e+000 +3.5680e+000
360 0 +1.053121013e+000 -3.418368790e+002 -3.418368790e+002 +1.9884e+000 -3.0214e+000 +3.5673e+000
469 0 +8.313453077e-001 -3.420586547e+002 -3.420586547e+002 +2.0796e+000 -2.4469e+000 +3.8270e+000
507 0 +7.450370895e-001 -3.421449629e+002 -3.421449629e+002 +2.4047e+000 -3.4731e+000 +3.5805e+000
589 0 +7.055033965e-001 -3.421844966e+002 -3.421844966e+002 +2.2439e+000 -2.6372e+000 +3.2818e+000
622 0 +5.431527736e-001 -3.423468472e+002 -3.423468472e+002 +2.3347e+000 -2.7800e+000 +3.6048e+000
703 0 +4.954805982e-001 -3.423945194e+002 -3.423945194e+002 +2.3382e+000 -2.9996e+000 +3.5120e+000
897 0 +2.699300706e-001 -3.426200699e+002 -3.426200699e+002 +2.3239e+000 -2.9069e+000 +3.3611e+000
1206 0 +1.129382635e-001 -3.427770617e+002 -3.427770617e+002 +2.2787e+000 -2.9130e+000 +3.4582e+000
1406 0 +9.431930403e-002 -3.427956807e+002 -3.427956807e+002 +2.2939e+000 -2.9226e+000 +3.4598e+000
1729 0 +9.068361820e-002 -3.427993164e+002 -3.427993164e+002 +2.2970e+000 -2.9250e+000 +3.4579e+000
2046 0 +5.723932557e-002 -3.428327607e+002 -3.428327607e+002 +2.2417e+000 -2.7736e+000 +3.4870e+000
2223 0 +4.910473009e-002 -3.428408953e+002 -3.428408953e+002 +2.2423e+000 -2.7730e+000 +3.4866e+000
2228 0 +4.306566288e-002 -3.428469343e+002 -3.428469343e+002 +2.2271e+000 -2.7051e+000 +3.4926e+000
2246 0 +3.451762302e-002 -3.428554824e+002 -3.428554824e+002 +2.2339e+000 -2.7561e+000 +3.4929e+000
2323 0 +2.852048749e-002 -3.428614795e+002 -3.428614795e+002 +2.2436e+000 -2.7892e+000 +3.4674e+000
2394 0 +2.365248660e-002 -3.428663475e+002 -3.428663475e+002 +2.2400e+000 -2.7318e+000 +3.4753e+000
2623 0 +1.761815530e-002 -3.428723818e+002 -3.428723818e+002 +2.2429e+000 -2.7784e+000 +3.4737e+000
2712 0 +1.098357986e-002 -3.428790164e+002 -3.428790164e+002 +2.2417e+000 -2.7733e+000 +3.4761e+000
2732 0 +1.028433039e-002 -3.428797157e+002 -3.428797157e+002 +2.2450e+000 -2.7776e+000 +3.4747e+000
3025 0 +8.807010563e-003 -3.428811930e+002 -3.428811930e+002 +2.2460e+000 -2.7738e+000 +3.4731e+000
3212 0 +8.172690536e-003 -3.428818273e+002 -3.428818273e+002 +2.2487e+000 -2.7751e+000 +3.4715e+000
3225 0 +7.507581927e-003 -3.428824924e+002 -3.428824924e+002 +2.2469e+000 -2.7768e+000 +3.4713e+000
3257 0 +5.851891530e-003 -3.428841481e+002 -3.428841481e+002 +2.2462e+000 -2.7718e+000 +3.4721e+000
3310 0 +3.490680339e-003 -3.428865093e+002 -3.428865093e+002 +2.2444e+000 -2.7736e+000 +3.4722e+000
3312 0 +3.356386183e-003 -3.428866436e+002 -3.428866436e+002 +2.2458e+000 -2.7719e+000 +3.4722e+000
3412 0 +1.285017526e-003 -3.428887150e+002 -3.428887150e+002 +2.2444e+000 -2.7704e+000 +3.4725e+000
3512 0 +1.092269470e-003 -3.428889077e+002 -3.428889077e+002 +2.2437e+000 -2.7696e+000 +3.4727e+000
3723 0 +8.752038189e-004 -3.428891248e+002 -3.428891248e+002 +2.2438e+000 -2.7705e+000 +3.4728e+000
3725 0 +8.707474487e-004 -3.428891293e+002 -3.428891293e+002 +2.2443e+000 -2.7710e+000 +3.4726e+000
4125 0 +7.301818556e-004 -3.428892698e+002 -3.428892698e+002 +2.2443e+000 -2.7712e+000 +3.4726e+000
4221 0 +3.083936543e-004 -3.428896916e+002 -3.428896916e+002 +2.2438e+000 -2.7702e+000 +3.4728e+000
4474 0 +2.607054125e-004 -3.428897393e+002 -3.428897393e+002 +2.2439e+000 -2.7703e+000 +3.4729e+000
4614 0 +1.628086436e-004 -3.428898372e+002 -3.428898372e+002 +2.2440e+000 -2.7704e+000 +3.4728e+000
5121 0 +1.601637267e-004 -3.428898398e+002 -3.428898398e+002 +2.2439e+000 -2.7704e+000 +3.4727e+000
5169 0 +1.406830053e-004 -3.428898593e+002 -3.428898593e+002 +2.2440e+000 -2.7704e+000 +3.4728e+000
5314 0 +3.596917560e-005 -3.428899640e+002 -3.428899640e+002 +2.2440e+000 -2.7704e+000 +3.4728e+000
5726 0 +2.138487497e-005 -3.428899786e+002 -3.428899786e+002 +2.2440e+000 -2.7704e+000 +3.4728e+000
5869 0 +1.967005534e-005 -3.428899803e+002 -3.428899803e+002 +2.2440e+000 -2.7704e+000 +3.4728e+000
6184 0 +1.928178148e-005 -3.428899807e+002 -3.428899807e+002 +2.2440e+000 -2.7704e+000 +3.4728e+000
6492 0 +1.386953903e-005 -3.428899861e+002 -3.428899861e+002 +2.2440e+000 -2.7704e+000 +3.4728e+000
6862 0 +1.108963818e-005 -3.428899889e+002 -3.428899889e+002 +2.2440e+000 -2.7704e+000 +3.4728e+000
7015 0 +1.045220216e-005 -3.428899895e+002 -3.428899895e+002 +2.2440e+000 -2.7704e+000 +3.4728e+000
7262 0 +1.018209412e-005 -3.428899898e+002 -3.428899898e+002 +2.2440e+000 -2.7704e+000 +3.4728e+000
7309 0 +9.769011569e-006 -3.428899902e+002 -3.428899902e+002 +2.2440e+000 -2.7704e+000 +3.4728e+000
7469 0 +9.006095354e-006 -3.428899910e+002 -3.428899910e+002 +2.2440e+000 -2.7704e+000 +3.4728e+000
8013 0 +5.601877149e-006 -3.428899944e+002 -3.428899944e+002 +2.2440e+000 -2.7704e+000 +3.4728e+000
8174 0 +4.320551000e-006 -3.428899957e+002 -3.428899957e+002 +2.2440e+000 -2.7704e+000 +3.4728e+000
8196 0 +2.103147835e-006 -3.428899979e+002 -3.428899979e+002 +2.2440e+000 -2.7704e+000 +3.4728e+000
8374 0 +9.670487202e-007 -3.428899990e+002 -3.428899990e+002 +2.2440e+000 -2.7704e+000 +3.4728e+000
8491 0 +9.534778656e-007 -3.428899990e+002 -3.428899990e+002 +2.2440e+000 -2.7704e+000 +3.4728e+000
8570 0 +6.284480492e-007 -3.428899994e+002 -3.428899994e+002 +2.2440e+000 -2.7704e+000 +3.4728e+000
8986 0 +5.551253253e-007 -3.428899994e+002 -3.428899994e+002 +2.2440e+000 -2.7704e+000 +3.4728e+000
9150 0 +3.476080792e-007 -3.428899997e+002 -3.428899997e+002 +2.2440e+000 -2.7704e+000 +3.4728e+000
9928 0 +3.107848556e-007 -3.428899997e+002 -3.428899997e+002 +2.2440e+000 -2.7704e+000 +3.4728e+000
10015 0 +2.587356676e-007 -3.428899997e+002 -3.428899997e+002 +2.2440e+000 -2.7704e+000 +3.4728e+000
% f evaluations | g evaluations | best noise-free fitness - Fopt (9.102000000000e+001) + sum g_i+ | measured fitness | best measured fitness or single-digit g-values | x1 | x2...
1 0 +1.162525087e+001 +1.026452509e+002 +1.026452509e+002 +0.0000e+000 +0.0000e+000 +0.0000e+000
2 0 +8.469054208e+000 +9.948905421e+001 +9.948905421e+001 -4.9237e-001 +3.1367e+000 +1.9074e+000
42 0 +6.966206310e+000 +9.798620631e+001 +9.798620631e+001 +9.0360e-001 -1.1724e+000 +5.5365e-001
65 0 +6.509884852e+000 +9.752988485e+001 +9.752988485e+001 +1.7715e+000 +3.4266e+000 -2.6542e-001
75 0 +5.625527560e+000 +9.664552756e+001 +9.664552756e+001 +1.2633e+000 +4.8988e+000 -1.1318e+000
83 0 +2.158038306e+000 +9.317803831e+001 +9.317803831e+001 +1.2768e+000 -2.6252e+000 +3.9254e+000
273 0 +1.558839111e+000 +9.257883911e+001 +9.257883911e+001 +6.2314e-001 -2.0569e+000 +3.7321e+000
419 0 +6.404098948e-001 +9.166040989e+001 +9.166040989e+001 +5.9926e-001 -6.4356e-001 +3.1712e+000
556 0 +5.012586626e-001 +9.152125866e+001 +9.152125866e+001 +3.1872e-001 -3.4888e-001 +2.6704e+000
573 0 +4.074154991e-001 +9.142741550e+001 +9.142741550e+001 +6.4774e-001 -1.0140e+000 +3.3518e+000
796 0 +2.678280222e-001 +9.128782802e+001 +9.128782802e+001 +6.0357e-001 -9.6568e-001 +3.2387e+000
811 0 +2.447021522e-001 +9.126470215e+001 +9.126470215e+001 +5.6333e-001 -1.0973e+000 +3.3087e+000
892 0 +2.383615370e-001 +9.125836154e+001 +9.125836154e+001 +5.8561e-001 -9.6371e-001 +3.2600e+000
905 0 +1.818341197e-001 +9.120183412e+001 +9.120183412e+001 +5.6743e-001 -1.0051e+000 +3.3339e+000
927 0 +9.585498842e-002 +9.111585499e+001 +9.111585499e+001 +5.2784e-001 -8.7144e-001 +3.2521e+000
1131 0 +7.687191844e-002 +9.109687192e+001 +9.109687192e+001 +5.1461e-001 -8.5056e-001 +3.2229e+000
1215 0 +6.915408577e-002 +9.108915409e+001 +9.108915409e+001 +5.9669e-001 -9.0329e-001 +3.2219e+000
1473 0 +5.490615457e-002 +9.107490615e+001 +9.107490615e+001 +5.4333e-001 -8.5617e-001 +3.2799e+000
1773 0 +3.871598454e-002 +9.105871598e+001 +9.105871598e+001 +5.6285e-001 -8.7280e-001 +3.2694e+000
1841 0 +2.858092706e-002 +9.104858093e+001 +9.104858093e+001 +5.6492e-001 -8.8427e-001 +3.2622e+000
1951 0 +2.095030734e-002 +9.104095031e+001 +9.104095031e+001 +5.7151e-001 -8.7140e-001 +3.2601e+000
2182 0 +9.092109081e-003 +9.102909211e+001 +9.102909211e+001 +5.5915e-001 -8.6740e-001 +3.2505e+000
2682 0 +8.152891974e-003 +9.102815289e+001 +9.102815289e+001 +5.6583e-001 -8.7084e-001 +3.2566e+000
3235 0 +7.661976450e-003 +9.102766198e+001 +9.102766198e+001 +5.5705e-001 -8.7002e-001 +3.2535e+000
3237 0 +6.033867240e-003 +9.102603387e+001 +9.102603387e+001 +5.6191e-001 -8.7468e-001 +3.2544e+000
3437 0 +4.496780160e-003 +9.102449678e+001 +9.102449678e+001 +5.6416e-001 -8.7685e-001 +3.2594e+000
3682 0 +3.770044756e-003 +9.102377004e+001 +9.102377004e+001 +5.6395e-001 -8.7563e-001 +3.2590e+000
3708 0 +2.518518964e-003 +9.102251852e+001 +9.102251852e+001 +5.6325e-001 -8.7563e-001 +3.2574e+000
3814 0 +1.974410661e-003 +9.102197441e+001 +9.102197441e+001 +5.6283e-001 -8.7561e-001 +3.2575e+000
4170 0 +7.454558047e-004 +9.102074546e+001 +9.102074546e+001 +5.6234e-001 -8.7465e-001 +3.2579e+000
4247 0 +2.581971876e-004 +9.102025820e+001 +9.102025820e+001 +5.6229e-001 -8.7439e-001 +3.2575e+000
4870 0 +2.492595629e-004 +9.102024926e+001 +9.102024926e+001 +5.6228e-001 -8.7438e-001 +3.2576e+000
5060 0 +1.311385556e-004 +9.102013114e+001 +9.102013114e+001 +5.6241e-001 -8.7443e-001 +3.2575e+000
5160 0 +1.212677278e-004 +9.102012127e+001 +9.102012127e+001 +5.6245e-001 -8.7444e-001 +3.2575e+000
5360 0 +1.184929452e-004 +9.102011849e+001 +9.102011849e+001 +5.6242e-001 -8.7443e-001 +3.2575e+000
5514 0 +1.067114040e-004 +9.102010671e+001 +9.102010671e+001 +5.6243e-001 -8.7443e-001 +3.2576e+000
5536 0 +3.582631606e-005 +9.102003583e+001 +9.102003583e+001 +5.6240e-001 -8.7441e-001 +3.2576e+000
5603 0 +3.394231909e-005 +9.102003394e+001 +9.102003394e+001 +5.6240e-001 -8.7440e-001 +3.2576e+000
5859 0 +3.078752290e-005 +9.102003079e+001 +9.102003079e+001 +5.6240e-001 -8.7440e-001 +3.2576e+000
5905 0 +2.962545514e-005 +9.102002963e+001 +9.102002963e+001 +5.6240e-001 -8.7439e-001 +3.2576e+000
6070 0 +2.715926804e-005 +9.102002716e+001 +9.102002716e+001 +5.6239e-001 -8.7438e-001 +3.2576e+000
6250 0 +2.680046529e-005 +9.102002680e+001 +9.102002680e+001 +5.6241e-001 -8.7443e-001 +3.2576e+000
6447 0 +1.271000647e-005 +9.102001271e+001 +9.102001271e+001 +5.6240e-001 -8.7442e-001 +3.2576e+000
6688 0 +1.142726180e-005 +9.102001143e+001 +9.102001143e+001 +5.6240e-001 -8.7439e-001 +3.2576e+000
7021 0 +1.106749166e-005 +9.102001107e+001 +9.102001107e+001 +5.6240e-001 -8.7438e-001 +3.2576e+000
7145 0 +2.096798667e-006 +9.102000210e+001 +9.102000210e+001 +5.6240e-001 -8.7440e-001 +3.2576e+000
7218 0 +1.299754373e-006 +9.102000130e+001 +9.102000130e+001 +5.6240e-001 -8.7440e-001 +3.2576e+000
7230 0 +7.985212562e-007 +9.102000080e+001 +9.102000080e+001 +5.6240e-001 -8.7440e-001 +3.2576e+000
7547 0 +7.792813506e-007 +9.102000078e+001 +9.102000078e+001 +5.6240e-001 -8.7440e-001 +3.2576e+000
8086 0 +7.057674765e-007 +9.102000071e+001 +9.102000071e+001 +5.6240e-001 -8.7440e-001 +3.2576e+000
8109 0 +6.772443157e-007 +9.102000068e+001 +9.102000068e+001 +5.6240e-001 -8.7440e-001 +3.2576e+000
8186 0 +5.975920772e-007 +9.102000060e+001 +9.102000060e+001 +5.6240e-001 -8.7440e-001 +3.2576e+000
8290 0 +5.426326766e-007 +9.102000054e+001 +9.102000054e+001 +5.6240e-001 -8.7440e-001 +3.2576e+000
8490 0 +5.021115044e-007 +9.102000050e+001 +9.102000050e+001 +5.6240e-001 -8.7440e-001 +3.2576e+000
8527 0 +4.728844374e-007 +9.102000047e+001 +9.102000047e+001 +5.6240e-001 -8.7440e-001 +3.2576e+000
8743 0 +3.194586924e-007 +9.102000032e+001 +9.102000032e+001 +5.6240e-001 -8.7440e-001 +3.2576e+000
8890 0 +2.766545748e-007 +9.102000028e+001 +9.102000028e+001 +5.6240e-001 -8.7440e-001 +3.2576e+000
8997 0 +1.030064993e-007 +9.102000010e+001 +9.102000010e+001 +5.6240e-001 -8.7440e-001 +3.2576e+000
9127 0 +5.843025974e-008 +9.102000006e+001 +9.102000006e+001 +5.6240e-001 -8.7440e-001 +3.2576e+000
9643 0 +4.893085759e-008 +9.102000005e+001 +9.102000005e+001 +5.6240e-001 -8.7440e-001 +3.2576e+000
9829 0 +4.292903100e-008 +9.102000004e+001 +9.102000004e+001 +5.6240e-001 -8.7440e-001 +3.2576e+000
10035 0 +3.609522992e-008 +9.102000004e+001 +9.102000004e+001 +5.6240e-001 -8.7440e-001 +3.2576e+000
10057 0 +3.496374745e-008 +9.102000003e+001 +9.102000003e+001 +5.6240e-001 -8.7440e-001 +3.2576e+000
10081 0 +2.049020509e-008 +9.102000002e+001 +9.102000002e+001 +5.6240e-001 -8.7440e-001 +3.2576e+000
10086 0 +1.189830812e-008 +9.102000001e+001 +9.102000001e+001 +5.6240e-001 -8.7440e-001 +3.2576e+000
% f evaluations | g evaluations | best noise-free fitness - Fopt (7.324200000000e+002) + sum g_i+ | measured fitness | best measured fitness or single-digit g-values | x1 | x2...
1 0 +1.735364637e+001 +7.497736464e+002 +7.497736464e+002 +0.0000e+000 +0.0000e+000 +0.0000e+000
3 0 +1.172558871e+001 +7.441455887e+002 +7.441455887e+002 -3.7790e-001 +1.2005e+000 -5.0733e-001
5 0 +1.122626030e+001 +7.436462603e+002 +7.436462603e+002 +1.7894e-001 +7.0265e-002 -1.3054e+000
7 0 +4.033621436e+000 +7.364536214e+002 +7.364536214e+002 -3.6466e+000 -1.5153e+000 +3.6051e+000
56 0 +1.993455156e+000 +7.344134552e+002 +7.344134552e+002 -3.9438e+000 -2.5155e+000 +2.1659e+000
203 0 +1.895091884e+000 +7.343150919e+002 +7.343150919e+002 -3.5499e+000 -2.1508e+000 +2.3176e+000
207 0 +1.404999937e+000 +7.338249999e+002 +7.338249999e+002 -3.4728e+000 -2.5311e+000 +2.7608e+000
315 0 +1.346955557e+000 +7.337669556e+002 +7.337669556e+002 -2.9473e+000 -2.5517e+000 +2.8926e+000
328 0 +7.900173728e-001 +7.332100174e+002 +7.332100174e+002 -2.8438e+000 -2.3325e+000 +2.5647e+000
588 0 +6.559374931e-001 +7.330759375e+002 +7.330759375e+002 -3.3014e+000 -2.5452e+000 +2.6011e+000
934 0 +5.927264938e-001 +7.330127265e+002 +7.330127265e+002 -2.9928e+000 -2.2808e+000 +2.2753e+000
974 0 +2.922852817e-001 +7.327122853e+002 +7.327122853e+002 -3.0129e+000 -2.4242e+000 +2.4109e+000
1053 0 +2.748874745e-001 +7.326948875e+002 +7.326948875e+002 -3.0052e+000 -2.4086e+000 +2.4057e+000
1059 0 +1.837602952e-001 +7.326037603e+002 +7.326037603e+002 -2.6877e+000 -2.3400e+000 +2.1571e+000
1145 0 +1.027978439e-001 +7.325227978e+002 +7.325227978e+002 -2.6756e+000 -2.3419e+000 +2.1627e+000
1334 0 +8.822998874e-002 +7.325082300e+002 +7.325082300e+002 -2.7132e+000 -2.3496e+000 +2.1785e+000
1484 0 +6.484948899e-002 +7.324848495e+002 +7.324848495e+002 -2.7665e+000 -2.3729e+000 +2.1765e+000
1650 0 +6.064722296e-002 +7.324806472e+002 +7.324806472e+002 -2.7517e+000 -2.3807e+000 +2.1712e+000
1728 0 +3.514930673e-002 +7.324551493e+002 +7.324551493e+002 -2.7325e+000 -2.3940e+000 +2.1726e+000
1894 0 +1.763629065e-002 +7.324376363e+002 +7.324376363e+002 -2.7348e+000 -2.3826e+000 +2.1751e+000
2059 0 +1.278715519e-002 +7.324327872e+002 +7.324327872e+002 -2.7349e+000 -2.3777e+000 +2.1761e+000
2094 0 +8.625909646e-003 +7.324286259e+002 +7.324286259e+002 -2.7448e+000 -2.3821e+000 +2.1798e+000
2126 0 +6.133954381e-003 +7.324261340e+002 +7.324261340e+002 -2.7336e+000 -2.3823e+000 +2.1773e+000
2628 0 +5.915058809e-003 +7.324259151e+002 +7.324259151e+002 -2.7318e+000 -2.3824e+000 +2.1779e+000
2759 0 +5.762571217e-003 +7.324257626e+002 +7.324257626e+002 -2.7321e+000 -2.3812e+000 +2.1776e+000
2943 0 +4.065546465e-003 +7.324240655e+002 +7.324240655e+002 -2.7385e+000 -2.3820e+000 +2.1807e+000
3128 0 +1.316134256e-003 +7.324213161e+002 +7.324213161e+002 -2.7402e+000 -2.3828e+000 +2.1817e+000
3428 0 +1.280108821e-003 +7.324212801e+002 +7.324212801e+002 -2.7398e+000 -2.3825e+000 +2.1814e+000
3628 0 +1.252748442e-003 +7.324212527e+002 +7.324212527e+002 -2.7398e+000 -2.3826e+000 +2.1814e+000
3734 0 +9.439807703e-004 +7.324209440e+002 +7.324209440e+002 -2.7381e+000 -2.3823e+000 +2.1814e+000
4034 0 +7.244492547e-004 +7.324207244e+002 +7.324207244e+002 -2.7385e+000 -2.3823e+000 +2.1813e+000
4265 0 +5.873393469e-004 +7.324205873e+002 +7.324205873e+002 -2.7382e+000 -2.3823e+000 +2.1813e+000
4334 0 +5.421793084e-004 +7.324205422e+002 +7.324205422e+002 -2.7382e+000 -2.3823e+000 +2.1813e+000
4498 0 +4.585496666e-004 +7.324204585e+002 +7.324204585e+002 -2.7384e+000 -2.3823e+000 +2.1813e+000
4665 0 +3.738825304e-004 +7.324203739e+002 +7.324203739e+002 -2.7384e+000 -2.3823e+000 +2.1813e+000
4670 0 +3.470559864e-004 +7.324203471e+002 +7.324203471e+002 -2.7391e+000 -2.3824e+000 +2.1814e+000
4707 0 +2.655120094e-004 +7.324202655e+002 +7.324202655e+002 -2.7390e+000 -2.3823e+000 +2.1815e+000
4898 0 +2.466966182e-004 +7.324202467e+002 +7.324202467e+002 -2.7394e+000 -2.3824e+000 +2.1816e+000
4928 0 +1.367845542e-004 +7.324201368e+002 +7.324201368e+002 -2.7392e+000 -2.3824e+000 +2.1816e+000
5108 0 +1.084942944e-004 +7.324201085e+002 +7.324201085e+002 -2.7392e+000 -2.3824e+000 +2.1816e+000
5628 0 +1.023658173e-004 +7.324201024e+002 +7.324201024e+002 -2.7392e+000 -2.3824e+000 +2.1816e+000
5670 0 +6.284709696e-005 +7.324200628e+002 +7.324200628e+002 -2.7392e+000 -2.3824e+000 +2.1816e+000
5707 0 +2.888404981e-005 +7.324200289e+002 +7.324200289e+002 -2.7392e+000 -2.3824e+000 +2.1816e+000
6188 0 +2.878998521e-005 +7.324200288e+002 +7.324200288e+002 -2.7392e+000 -2.3824e+000 +2.1816e+000
6229 0 +1.831573707e-005 +7.324200183e+002 +7.324200183e+002 -2.7392e+000 -2.3824e+000 +2.1816e+000
6408 0 +1.249896150e-005 +7.324200125e+002 +7.324200125e+002 -2.7392e+000 -2.3824e+000 +2.1816e+000
6537 0 +1.115041675e-005 +7.324200112e+002 +7.324200112e+002 -2.7392e+000 -2.3824e+000 +2.1816e+000
6737 0 +6.694092804e-006 +7.324200067e+002 +7.324200067e+002 -2.7392e+000 -2.3824e+000 +2.1816e+000
7102 0 +1.160142119e-006 +7.324200012e+002 +7.324200012e+002 -2.7392e+000 -2.3824e+000 +2.1816e+000
7502 0 +8.096290003e-007 +7.324200008e+002 +7.324200008e+002 -2.7392e+000 -2.3824e+000 +2.1816e+000
7602 0 +7.128509196e-007 +7.324200007e+002 +7.324200007e+002 -2.7392e+000 -2.3824e+000 +2.1816e+000
7702 0 +6.881767831e-007 +7.324200007e+002 +7.324200007e+002 -2.7392e+000 -2.3824e+000 +2.1816e+000
7907 0 +5.885332257e-007 +7.324200006e+002 +7.324200006e+002 -2.7392e+000 -2.3824e+000 +2.1816e+000
8137 0 +5.641092002e-007 +7.324200006e+002 +7.324200006e+002 -2.7392e+000 -2.3824e+000 +2.1816e+000
8260 0 +4.793051858e-007 +7.324200005e+002 +7.324200005e+002 -2.7392e+000 -2.3824e+000 +2.1816e+000
8470 0 +4.214713272e-007 +7.324200004e+002 +7.324200004e+002 -2.7392e+000 -2.3824e+000 +2.1816e+000
8526 0 +3.831049753e-007 +7.324200004e+002 +7.324200004e+002 -2.7392e+000 -2.3824e+000 +2.1816e+000
8861 0 +3.283765864e-007 +7.324200003e+002 +7.324200003e+002 -2.7392e+000 -2.3824e+000 +2.1816e+000
8890 0 +2.814419986e-007 +7.324200003e+002 +7.324200003e+002 -2.7392e+000 -2.3824e+000 +2.1816e+000
8928 0 +2.276437954e-007 +7.324200002e+002 +7.324200002e+002 -2.7392e+000 -2.3824e+000 +2.1816e+000
9328 0 +2.237663921e-007 +7.324200002e+002 +7.324200002e+002 -2.7392e+000 -2.3824e+000 +2.1816e+000
9628 0 +2.186294523e-007 +7.324200002e+002 +7.324200002e+002 -2.7392e+000 -2.3824e+000 +2.1816e+000
9734 0 +1.976151225e-007 +7.324200002e+002 +7.324200002e+002 -2.7392e+000 -2.3824e+000 +2.1816e+000
% f evaluations | g evaluations | best noise-free fitness - Fopt (3.542000000000e+001) + sum g_i+ | measured fitness | best measured fitness or single-digit g-values | x1 | x2...
1 0 +1.641167422e+001 +5.183167422e+001 +5.183167422e+001 +0.0000e+000 +0.0000e+000 +0.0000e+000
6 0 +1.401132243e+001 +4.943132243e+001 +4.943132243e+001 +1.5003e+000 +2.3714e+000 +1.9483e+000
7 0 +1.313369742e+001 +4.855369742e+001 +4.855369742e+001 +3.8463e+000 -1.5613e+000 -3.4020e+000
13 0 +6.443151624e+000 +4.186315162e+001 +4.186315162e+001 +3.3852e+000 +1.8202e+000 -4.9661e+000
19 0 +3.944133046e+000 +3.936413305e+001 +3.936413305e+001 +4.6816e+000 -1.6227e+000 -6.9376e-001
41 0 +2.608413470e+000 +3.802841347e+001 +3.802841347e+001 +2.8729e+000 -1.8889e+000 +4.7900e-001
179 0 +2.033187156e+000 +3.745318716e+001 +3.745318716e+001 +3.3478e+000 -1.6320e+000 +3.8491e-001
232 0 +1.988598182e+000 +3.740859818e+001 +3.740859818e+001 +3.2671e+000 -1.6766e+000 -1.1448e+000
314 0 +1.406221448e+000 +3.682622145e+001 +3.682622145e+001 +3.8589e+000 -2.0651e+000 -1.3897e+000
371 0 +9.150497161e-001 +3.633504972e+001 +3.633504972e+001 +3.2958e+000 -2.4265e+000 -3.9540e-001
463 0 +9.076452047e-001 +3.632764520e+001 +3.632764520e+001 +3.5295e+000 -2.0398e+000 -3.2328e-001
470 0 +6.620403368e-001 +3.608204034e+001 +3.608204034e+001 +3.4763e+000 -2.2179e+000 -6.5807e-001
605 0 +4.061263934e-001 +3.582612639e+001 +3.582612639e+001 +3.5246e+000 -2.4941e+000 -5.0510e-001
618 0 +2.911548143e-001 +3.571115481e+001 +3.571115481e+001 +3.7438e+000 -2.1451e+000 -6.4412e-001
887 0 +2.011141883e-001 +3.562111419e+001 +3.562111419e+001 +3.6845e+000 -2.2004e+000 -6.8196e-001
1069 0 +1.508454323e-001 +3.557084543e+001 +3.557084543e+001 +3.7915e+000 -2.2262e+000 -7.0457e-001
1075 0 +5.898057041e-002 +3.547898057e+001 +3.547898057e+001 +3.7292e+000 -2.3193e+000 -6.6972e-001
1677 0 +3.184644361e-002 +3.545184644e+001 +3.545184644e+001 +3.7019e+000 -2.3335e+000 -6.6666e-001
1763 0 +2.160271733e-002 +3.544160272e+001 +3.544160272e+001 +3.6921e+000 -2.3459e+000 -6.6217e-001
2005 0 +1.678916171e-002 +3.543678916e+001 +3.543678916e+001 +3.6978e+000 -2.3408e+000 -6.5645e-001
2063 0 +1.001956137e-002 +3.543001956e+001 +3.543001956e+001 +3.6817e+000 -2.3486e+000 -6.5903e-001
2263 0 +9.436951388e-003 +3.542943695e+001 +3.542943695e+001 +3.6892e+000 -2.3466e+000 -6.6131e-001
2586 0 +9.301309442e-003 +3.542930131e+001 +3.542930131e+001 +3.6851e+000 -2.3435e+000 -6.6129e-001
2644 0 +8.276737261e-003 +3.542827674e+001 +3.542827674e+001 +3.6862e+000 -2.3437e+000 -6.6233e-001
2967 0 +4.639127606e-003 +3.542463913e+001 +3.542463913e+001 +3.6841e+000 -2.3483e+000 -6.5682e-001
3130 0 +3.106197387e-003 +3.542310620e+001 +3.542310620e+001 +3.6865e+000 -2.3504e+000 -6.5634e-001
3467 0 +2.424651622e-003 +3.542242465e+001 +3.542242465e+001 +3.6855e+000 -2.3502e+000 -6.5598e-001
3663 0 +2.102888721e-003 +3.542210289e+001 +3.542210289e+001 +3.6847e+000 -2.3505e+000 -6.5588e-001
3741 0 +2.012564993e-003 +3.542201256e+001 +3.542201256e+001 +3.6851e+000 -2.3503e+000 -6.5634e-001
3821 0 +1.676156540e-003 +3.542167616e+001 +3.542167616e+001 +3.6852e+000 -2.3501e+000 -6.5618e-001
4028 0 +1.152245211e-003 +3.542115225e+001 +3.542115225e+001 +3.6865e+000 -2.3483e+000 -6.5696e-001
4183 0 +9.905284759e-004 +3.542099053e+001 +3.542099053e+001 +3.6864e+000 -2.3485e+000 -6.5689e-001
4274 0 +2.517319338e-004 +3.542025173e+001 +3.542025173e+001 +3.6865e+000 -2.3481e+000 -6.5748e-001
4681 0 +2.311120636e-004 +3.542023111e+001 +3.542023111e+001 +3.6865e+000 -2.3480e+000 -6.5752e-001
4983 0 +1.403123054e-004 +3.542014031e+001 +3.542014031e+001 +3.6865e+000 -2.3479e+000 -6.5770e-001
5027 0 +1.121143300e-004 +3.542011211e+001 +3.542011211e+001 +3.6865e+000 -2.3479e+000 -6.5770e-001
5383 0 +1.074859150e-004 +3.542010749e+001 +3.542010749e+001 +3.6865e+000 -2.3478e+000 -6.5772e-001
5436 0 +7.071561519e-005 +3.542007072e+001 +3.542007072e+001 +3.6864e+000 -2.3480e+000 -6.5763e-001
5555 0 +5.408830750e-005 +3.542005409e+001 +3.542005409e+001 +3.6864e+000 -2.3480e+000 -6.5759e-001
5583 0 +3.656339607e-005 +3.542003656e+001 +3.542003656e+001 +3.6864e+000 -2.3480e+000 -6.5762e-001
5684 0 +3.527456186e-005 +3.542003527e+001 +3.542003527e+001 +3.6864e+000 -2.3480e+000 -6.5760e-001
5704 0 +2.991200951e-005 +3.542002991e+001 +3.542002991e+001 +3.6864e+000 -2.3480e+000 -6.5761e-001
5804 0 +1.770303167e-005 +3.542001770e+001 +3.542001770e+001 +3.6864e+000 -2.3480e+000 -6.5761e-001
6272 0 +1.588350208e-005 +3.542001588e+001 +3.542001588e+001 +3.6864e+000 -2.3480e+000 -6.5760e-001
6304 0 +1.544054423e-005 +3.542001544e+001 +3.542001544e+001 +3.6864e+000 -2.3480e+000 -6.5760e-001
6319 0 +5.617679555e-006 +3.542000562e+001 +3.542000562e+001 +3.6864e+000 -2.3480e+000 -6.5760e-001
6790 0 +4.104169960e-006 +3.542000410e+001 +3.542000410e+001 +3.6864e+000 -2.3480e+000 -6.5760e-001
6828 0 +1.329062407e-006 +3.542000133e+001 +3.542000133e+001 +3.6864e+000 -2.3480e+000 -6.5760e-001
7004 0 +7.100289565e-007 +3.542000071e+001 +3.542000071e+001 +3.6864e+000 -2.3480e+000 -6.5760e-001
7204 0 +6.712966680e-007 +3.542000067e+001 +3.542000067e+001 +3.6864e+000 -2.3480e+000 -6.5760e-001
7419 0 +6.400651174e-007 +3.542000064e+001 +3.542000064e+001 +3.6864e+000 -2.3480e+000 -6.5760e-001
7504 0 +6.050389274e-007 +3.542000061e+001 +3.542000061e+001 +3.6864e+000 -2.3480e+000 -6.5760e-001
7563 0 +5.763986266e-007 +3.542000058e+001 +3.542000058e+001 +3.6864e+000 -2.3480e+000 -6.5760e-001
7842 0 +5.476888987e-007 +3.542000055e+001 +3.542000055e+001 +3.6864e+000 -2.3480e+000 -6.5760e-001
8066 0 +4.824190114e-007 +3.542000048e+001 +3.542000048e+001 +3.6864e+000 -2.3480e+000 -6.5760e-001
8104 0 +4.682693273e-007 +3.542000047e+001 +3.542000047e+001 +3.6864e+000 -2.3480e+000 -6.5760e-001
8248 0 +3.121647367e-007 +3.542000031e+001 +3.542000031e+001 +3.6864e+000 -2.3480e+000 -6.5760e-001
8328 0 +2.702708386e-007 +3.542000027e+001 +3.542000027e+001 +3.6864e+000 -2.3480e+000 -6.5760e-001
8466 0 +1.794804732e-007 +3.542000018e+001 +3.542000018e+001 +3.6864e+000 -2.3480e+000 -6.5760e-001
8763 0 +1.576178050e-007 +3.542000016e+001 +3.542000016e+001 +3.6864e+000 -2.3480e+000 -6.5760e-001
8892 0 +1.276271533e-007 +3.542000013e+001 +3.542000013e+001 +3.6864e+000 -2.3480e+000 -6.5760e-001
9192 0 +1.212596388e-007 +3.542000012e+001 +3.542000012e+001 +3.6864e+000 -2.3480e+000 -6.5760e-001
9263 0 +8.390311024e-008 +3.542000008e+001 +3.542000008e+001 +3.6864e+000 -2.3480e+000 -6.5760e-001
9445 0 +5.777897627e-008 +3.542000006e+001 +3.542000006e+001 +3.6864e+000 -2.3480e+000 -6.5760e-001
9475 0 +5.628707811e-008 +3.542000006e+001 +3.542000006e+001 +3.6864e+000 -2.3480e+000 -6.5760e-001
9490 0 +2.840008051e-008 +3.542000003e+001 +3.542000003e+001 +3.6864e+000 -2.3480e+000 -6.5760e-001
9690 0 +2.139383071e-008 +3.542000002e+001 +3.542000002e+001 +3.6864e+000 -2.3480e+000 -6.5760e-001
9763 0 +7.062105567e-009 +3.542000001e+001 +3.542000001e+001 +3.6864e+000 -2.3480e+000 -6.5760e-001
