% f evaluations | g evaluations | best noise-free fitness - Fopt (-2.098800000000e+002) + sum g_i+ | measured fitness | best measured fitness or single-digit g-values | x1 | x2...
1 0 +5.697184145e+006 +5.696974265e+006 +5.696974265e+006
219 0 +4.996105552e+006 +4.995895672e+006 +4.995895672e+006
227 0 +2.536813465e+006 +2.536603585e+006 +2.536603585e+006
402 0 +1.972886195e+006 +1.972676315e+006 +1.972676315e+006
509 0 +1.689227252e+006 +1.689017372e+006 +1.689017372e+006
534 0 +1.567523877e+006 +1.567313997e+006 +1.567313997e+006
624 0 +1.057414795e+006 +1.057204915e+006 +1.057204915e+006
725 0 +1.001704520e+006 +1.001494640e+006 +1.001494640e+006
767 0 +9.986587133e+005 +9.984488333e+005 +9.984488333e+005
776 0 +8.108593771e+005 +8.106494971e+005 +8.106494971e+005
893 0 +7.829116261e+005 +7.827017461e+005 +7.827017461e+005
895 0 +7.223905243e+005 +7.221806443e+005 +7.221806443e+005
981 0 +6.854071130e+005 +6.851972330e+005 +6.851972330e+005
1003 0 +6.652416480e+005 +6.650317680e+005 +6.650317680e+005
1016 0 +6.497003790e+005 +6.494904990e+005 +6.494904990e+005
1108 0 +6.407618703e+005 +6.405519903e+005 +6.405519903e+005
1154 0 +6.216241925e+005 +6.214143125e+005 +6.214143125e+005
1244 0 +5.938554408e+005 +5.936455608e+005 +5.936455608e+005
1310 0 +5.845246722e+005 +5.843147922e+005 +5.843147922e+005
1403 0 +5.731808564e+005 +5.729709764e+005 +5.729709764e+005
1416 0 +5.542046552e+005 +5.539947752e+005 +5.539947752e+005
1421 0 +5.458883290e+005 +5.456784490e+005 +5.456784490e+005
1576 0 +5.357255621e+005 +5.355156821e+005 +5.355156821e+005
1611 0 +5.241168454e+005 +5.239069654e+005 +5.239069654e+005
1658 0 +5.053877080e+005 +5.051778280e+005 +5.051778280e+005
1659 0 +4.936098183e+005 +4.933999383e+005 +4.933999383e+005
1706 0 +4.882547693e+005 +4.880448893e+005 +4.880448893e+005
1758 0 +4.760813374e+005 +4.758714574e+005 +4.758714574e+005
1803 0 +4.673282373e+005 +4.671183573e+005 +4.671183573e+005
1825 0 +4.414647251e+005 +4.412548451e+005 +4.412548451e+005
1906 0 +4.321861105e+005 +4.319762305e+005 +4.319762305e+005
1926 0 +4.246452598e+005 +4.244353798e+005 +4.244353798e+005
1929 0 +4.033844840e+005 +4.031746040e+005 +4.031746040e+005
2012 0 +3.935179594e+005 +3.933080794e+005 +3.933080794e+005
2039 0 +3.869995063e+005 +3.867896263e+005 +3.867896263e+005
2112 0 +3.697211359e+005 +3.695112559e+005 +3.695112559e+005
2163 0 +3.572960703e+005 +3.570861903e+005 +3.570861903e+005
2217 0 +3.543657635e+005 +3.541558835e+005 +3.541558835e+005
2263 0 +3.409501934e+005 +3.407403134e+005 +3.407403134e+005
2317 0 +3.337814612e+005 +3.335715812e+005 +3.335715812e+005
2402 0 +3.305586219e+005 +3.303487419e+005 +3.303487419e+005
2509 0 +3.213592803e+005 +3.211494003e+005 +3.211494003e+005
2769 0 +3.150256451e+005 +3.148157651e+005 +3.148157651e+005
3002 0 +3.079786983e+005 +3.077688183e+005 +3.077688183e+005
3303 0 +3.019278838e+005 +3.017180038e+005 +3.017180038e+005
3630 0 +2.942213878e+005 +2.940115078e+005 +2.940115078e+005
4003 0 +2.883774839e+005 +2.881676039e+005 +2.881676039e+005
5004 0 +2.818188850e+005 +2.816090050e+005 +2.816090050e+005
12114 0 +2.725022445e+005 +2.722923645e+005 +2.722923645e+005
12124 0 +2.578433767e+005 +2.576334967e+005 +2.576334967e+005
12208 0 +2.532544491e+005 +2.530445691e+005 +2.530445691e+005
12297 0 +2.413660873e+005 +2.411562073e+005 +2.411562073e+005
12354 0 +2.393772326e+005 +2.391673526e+005 +2.391673526e+005
12577 0 +2.320640485e+005 +2.318541685e+005 +2.318541685e+005
12626 0 +2.251233794e+005 +2.249134994e+005 +2.249134994e+005
12735 0 +2.235377785e+005 +2.233278985e+005 +2.233278985e+005
13043 0 +2.185040709e+005 +2.182941909e+005 +2.182941909e+005
13734 0 +2.136935932e+005 +2.134837132e+005 +2.134837132e+005
15207 0 +2.089276177e+005 +2.087177377e+005 +2.087177377e+005
% f evaluations | g evaluations | best noise-free fitness - Fopt (-9.209000000000e+001) + sum g_i+ | measured fitness | best measured fitness or single-digit g-values | x1 | x2...
1 0 +2.553713210e+007 +2.553704001e+007 +2.553704001e+007
11 0 +2.482044786e+007 +2.482035577e+007 +2.482035577e+007
12 0 +2.308261758e+007 +2.308252549e+007 +2.308252549e+007
15 0 +6.078664891e+006 +6.078572801e+006 +6.078572801e+006
289 0 +4.267523802e+006 +4.267431712e+006 +4.267431712e+006
299 0 +4.235596232e+006 +4.235504142e+006 +4.235504142e+006
454 0 +3.902310751e+006 +3.902218661e+006 +3.902218661e+006
489 0 +3.659481725e+006 +3.659389635e+006 +3.659389635e+006
503 0 +3.573489781e+006 +3.573397691e+006 +3.573397691e+006
564 0 +3.452702790e+006 +3.452610700e+006 +3.452610700e+006
586 0 +3.071840520e+006 +3.071748430e+006 +3.071748430e+006
603 0 +2.900992567e+006 +2.900900477e+006 +2.900900477e+006
625 0 +2.850626126e+006 +2.850534036e+006 +2.850534036e+006
670 0 +2.623891923e+006 +2.623799833e+006 +2.623799833e+006
703 0 +2.520006372e+006 +2.519914282e+006 +2.519914282e+006
707 0 +2.424885615e+006 +2.424793525e+006 +2.424793525e+006
708 0 +2.174505341e+006 +2.174413251e+006 +2.174413251e+006
731 0 +2.104574037e+006 +2.104481947e+006 +2.104481947e+006
738 0 +2.072150214e+006 +2.072058124e+006 +2.072058124e+006
781 0 +1.978151854e+006 +1.978059764e+006 +1.978059764e+006
782 0 +1.757950075e+006 +1.757857985e+006 +1.757857985e+006
803 0 +1.706238155e+006 +1.706146065e+006 +1.706146065e+006
807 0 +1.411785994e+006 +1.411693904e+006 +1.411693904e+006
912 0 +1.118317872e+006 +1.118225782e+006 +1.118225782e+006
1017 0 +1.040803743e+006 +1.040711653e+006 +1.040711653e+006
1020 0 +1.005554508e+006 +1.005462418e+006 +1.005462418e+006
1139 0 +9.547506578e+005 +9.546585678e+005 +9.546585678e+005
1203 0 +9.176762048e+005 +9.175841148e+005 +9.175841148e+005
1250 0 +8.398902581e+005 +8.397981681e+005 +8.397981681e+005
1307 0 +8.256836394e+005 +8.255915494e+005 +8.255915494e+005
1308 0 +7.931860369e+005 +7.930939469e+005 +7.930939469e+005
1343 0 +7.502144358e+005 +7.501223458e+005 +7.501223458e+005
1404 0 +7.397375904e+005 +7.396455004e+005 +7.396455004e+005
1518 0 +7.044895558e+005 +7.043974658e+005 +7.043974658e+005
1547 0 +6.890286609e+005 +6.889365709e+005 +6.889365709e+005
1602 0 +6.535033215e+005 +6.534112315e+005 +6.534112315e+005
1702 0 +6.184786218e+005 +6.183865318e+005 +6.183865318e+005
1814 0 +6.131955776e+005 +6.131034876e+005 +6.131034876e+005
1899 0 +5.964117580e+005 +5.963196680e+005 +5.963196680e+005
2010 0 +5.738947303e+005 +5.738026403e+005 +5.738026403e+005
2107 0 +5.536049936e+005 +5.535129036e+005 +5.535129036e+005
2209 0 +5.485162121e+005 +5.484241221e+005 +5.484241221e+005
2302 0 +5.347551454e+005 +5.346630554e+005 +5.346630554e+005
2406 0 +5.238090213e+005 +5.237169313e+005 +5.237169313e+005
2463 0 +5.072687158e+005 +5.071766258e+005 +5.071766258e+005
2504 0 +4.995548790e+005 +4.994627890e+005 +4.994627890e+005
2617 0 +4.865851911e+005 +4.864931011e+005 +4.864931011e+005
2702 0 +4.751918001e+005 +4.750997101e+005 +4.750997101e+005
2751 0 +4.660518105e+005 +4.659597205e+005 +4.659597205e+005
3022 0 +4.569835022e+005 +4.568914122e+005 +4.568914122e+005
3212 0 +4.443884029e+005 +4.442963129e+005 +4.442963129e+005
3507 0 +4.357601542e+005 +4.356680642e+005 +4.356680642e+005
4107 0 +4.260755692e+005 +4.259834792e+005 +4.259834792e+005
23124 0 +4.166193628e+005 +4.165272728e+005 +4.165272728e+005
23345 0 +4.072220367e+005 +4.071299467e+005 +4.071299467e+005
23904 0 +3.979618149e+005 +3.978697249e+005 +3.978697249e+005
26045 0 +3.890398210e+005 +3.889477310e+005 +3.889477310e+005
32102 0 +3.659982346e+005 +3.659061446e+005 +3.659061446e+005
32205 0 +3.537123362e+005 +3.536202462e+005 +3.536202462e+005
32213 0 +3.441756679e+005 +3.440835779e+005 +3.440835779e+005
32250 0 +3.345538496e+005 +3.344617596e+005 +3.344617596e+005
32306 0 +3.216229899e+005 +3.215308999e+005 +3.215308999e+005
32307 0 +3.140130975e+005 +3.139210075e+005 +3.139210075e+005
32406 0 +3.000620031e+005 +2.999699131e+005 +2.999699131e+005
32407 0 +2.933873299e+005 +2.932952399e+005 +2.932952399e+005
32436 0 +2.882239598e+005 +2.881318698e+005 +2.881318698e+005
32507 0 +2.811000689e+005 +2.810079789e+005 +2.810079789e+005
32545 0 +2.660047737e+005 +2.659126837e+005 +2.659126837e+005
32618 0 +2.594949482e+005 +2.594028582e+005 +2.594028582e+005
32621 0 +2.562304926e+005 +2.561384026e+005 +2.561384026e+005
32645 0 +2.509383075e+005 +2.508462175e+005 +2.508462175e+005
32709 0 +2.400834962e+005 +2.399914062e+005 +2.399914062e+005
32721 0 +2.373641119e+005 +2.372720219e+005 +2.372720219e+005
32803 0 +2.340568060e+005 +2.339647160e+005 +2.339647160e+005
32813 0 +2.286710227e+005 +2.285789327e+005 +2.285789327e+005
32907 0 +2.238614201e+005 +2.237693301e+005 +2.237693301e+005
33051 0 +2.183960816e+005 +2.183039916e+005 +2.183039916e+005
33149 0 +2.136572068e+005 +2.135651168e+005 +2.135651168e+005
33312 0 +2.081192290e+005 +2.080271390e+005 +2.080271390e+005
33461 0 +2.037566565e+005 +2.036645665e+005 +2.036645665e+005
33639 0 +1.993854516e+005 +1.992933616e+005 +1.992933616e+005
33907 0 +1.946693998e+005 +1.945773098e+005 +1.945773098e+005
36108 0 +1.905195673e+005 +1.904274773e+005 +1.904274773e+005
% f evaluations | g evaluations | best noise-free fitness - Fopt (-8.789000000000e+001) + sum g_i+ | measured fitness | best measured fitness or single-digit g-values | x1 | x2...
1 0 +1.797772532e+007 +1.797763743e+007 +1.797763743e+007
11 0 +1.772909161e+007 +1.772900372e+007 +1.772900372e+007
31 0 +1.606819298e+007 +1.606810509e+007 +1.606810509e+007
40 0 +1.044546485e+007 +1.044537696e+007 +1.044537696e+007
179 0 +8.702405203e+006 +8.702317313e+006 +8.702317313e+006
231 0 +4.757184663e+006 +4.757096773e+006 +4.757096773e+006
317 0 +2.667391756e+006 +2.667303866e+006 +2.667303866e+006
440 0 +1.886226495e+006 +1.886138605e+006 +1.886138605e+006
521 0 +1.516692048e+006 +1.516604158e+006 +1.516604158e+006
687 0 +1.258850804e+006 +1.258762914e+006 +1.258762914e+006
695 0 +1.158356447e+006 +1.158268557e+006 +1.158268557e+006
731 0 +1.134820460e+006 +1.134732570e+006 +1.134732570e+006
765 0 +1.104776216e+006 +1.104688326e+006 +1.104688326e+006
832 0 +1.052711545e+006 +1.052623655e+006 +1.052623655e+006
916 0 +9.889364074e+005 +9.888485174e+005 +9.888485174e+005
1016 0 +9.749434361e+005 +9.748555461e+005 +9.748555461e+005
1026 0 +9.431882026e+005 +9.431003126e+005 +9.431003126e+005
1127 0 +9.142989509e+005 +9.142110609e+005 +9.142110609e+005
1244 0 +8.862644445e+005 +8.861765545e+005 +8.861765545e+005
1258 0 +8.267410154e+005 +8.266531254e+005 +8.266531254e+005
1344 0 +7.881529601e+005 +7.880650701e+005 +7.880650701e+005
1370 0 +7.651083733e+005 +7.650204833e+005 +7.650204833e+005
1410 0 +6.320113713e+005 +6.319234813e+005 +6.319234813e+005
1507 0 +6.180354106e+005 +6.179475206e+005 +6.179475206e+005
1510 0 +6.164737068e+005 +6.163858168e+005 +6.163858168e+005
1521 0 +5.855301222e+005 +5.854422322e+005 +5.854422322e+005
1594 0 +5.649974462e+005 +5.649095562e+005 +5.649095562e+005
1607 0 +5.602119667e+005 +5.601240767e+005 +5.601240767e+005
1633 0 +5.486905445e+005 +5.486026545e+005 +5.486026545e+005
1712 0 +4.653597343e+005 +4.652718443e+005 +4.652718443e+005
1843 0 +4.550521635e+005 +4.549642735e+005 +4.549642735e+005
1902 0 +4.378709428e+005 +4.377830528e+005 +4.377830528e+005
1943 0 +4.316203497e+005 +4.315324597e+005 +4.315324597e+005
2044 0 +4.187829271e+005 +4.186950371e+005 +4.186950371e+005
2099 0 +4.163548772e+005 +4.162669872e+005 +4.162669872e+005
2109 0 +4.030065011e+005 +4.029186111e+005 +4.029186111e+005
2211 0 +3.979592125e+005 +3.978713225e+005 +3.978713225e+005
2402 0 +3.866571486e+005 +3.865692586e+005 +3.865692586e+005
2526 0 +3.798414977e+005 +3.797536077e+005 +3.797536077e+005
2805 0 +3.689940135e+005 +3.689061235e+005 +3.689061235e+005
3191 0 +3.629657265e+005 +3.628778365e+005 +3.628778365e+005
3541 0 +3.547931024e+005 +3.547052124e+005 +3.547052124e+005
4184 0 +3.463392355e+005 +3.462513455e+005 +3.462513455e+005
5919 0 +3.387911163e+005 +3.387032263e+005 +3.387032263e+005
14004 0 +3.305611641e+005 +3.304732741e+005 +3.304732741e+005
14503 0 +3.232470212e+005 +3.231591312e+005 +3.231591312e+005
32902 0 +3.127135334e+005 +3.126256434e+005 +3.126256434e+005
33003 0 +3.046898858e+005 +3.046019958e+005 +3.046019958e+005
33055 0 +2.894938830e+005 +2.894059930e+005 +2.894059930e+005
33107 0 +2.881787684e+005 +2.880908784e+005 +2.880908784e+005
33155 0 +2.797789787e+005 +2.796910887e+005 +2.796910887e+005
33294 0 +2.714053422e+005 +2.713174522e+005 +2.713174522e+005
33463 0 +2.685697367e+005 +2.684818467e+005 +2.684818467e+005
33528 0 +2.606437926e+005 +2.605559026e+005 +2.605559026e+005
33714 0 +2.561439631e+005 +2.560560731e+005 +2.560560731e+005
33949 0 +2.508851327e+005 +2.507972427e+005 +2.507972427e+005
34206 0 +2.451227044e+005 +2.450348144e+005 +2.450348144e+005
34851 0 +2.397634569e+005 +2.396755669e+005 +2.396755669e+005
% f evaluations | g evaluations | best noise-free fitness - Fopt (3.201900000000e+002) + sum g_i+ | measured fitness | best measured fitness or single-digit g-values | x1 | x2...
1 0 +1.756585426e+007 +1.756617445e+007 +1.756617445e+007
36 0 +1.631684877e+007 +1.631716896e+007 +1.631716896e+007
38 0 +9.401461894e+006 +9.401782084e+006 +9.401782084e+006
207 0 +7.492454296e+006 +7.492774486e+006 +7.492774486e+006
212 0 +6.924800834e+006 +6.925121024e+006 +6.925121024e+006
316 0 +5.803659187e+006 +5.803979377e+006 +5.803979377e+006
390 0 +4.377344979e+006 +4.377665169e+006 +4.377665169e+006
444 0 +4.341234582e+006 +4.341554772e+006 +4.341554772e+006
464 0 +3.483005662e+006 +3.483325852e+006 +3.483325852e+006
513 0 +3.279458924e+006 +3.279779114e+006 +3.279779114e+006
607 0 +2.883273560e+006 +2.883593750e+006 +2.883593750e+006
662 0 +2.805177990e+006 +2.805498180e+006 +2.805498180e+006
723 0 +2.422849887e+006 +2.423170077e+006 +2.423170077e+006
805 0 +2.386822433e+006 +2.387142623e+006 +2.387142623e+006
807 0 +1.883041454e+006 +1.883361644e+006 +1.883361644e+006
826 0 +1.777349698e+006 +1.777669888e+006 +1.777669888e+006
940 0 +1.728084176e+006 +1.728404366e+006 +1.728404366e+006
1012 0 +1.676365114e+006 +1.676685304e+006 +1.676685304e+006
1059 0 +1.620146855e+006 +1.620467045e+006 +1.620467045e+006
1084 0 +1.573087698e+006 +1.573407888e+006 +1.573407888e+006
1118 0 +1.538520161e+006 +1.538840351e+006 +1.538840351e+006
1123 0 +1.499012187e+006 +1.499332377e+006 +1.499332377e+006
1159 0 +1.367458823e+006 +1.367779013e+006 +1.367779013e+006
1202 0 +1.292881891e+006 +1.293202081e+006 +1.293202081e+006
1224 0 +1.260663842e+006 +1.260984032e+006 +1.260984032e+006
1303 0 +1.203946067e+006 +1.204266257e+006 +1.204266257e+006
1354 0 +1.201696715e+006 +1.202016905e+006 +1.202016905e+006
1371 0 +1.102026509e+006 +1.102346699e+006 +1.102346699e+006
1403 0 +1.058906869e+006 +1.059227059e+006 +1.059227059e+006
1471 0 +1.046924700e+006 +1.047244890e+006 +1.047244890e+006
1519 0 +9.988918733e+005 +9.992120633e+005 +9.992120633e+005
1603 0 +9.756801956e+005 +9.760003856e+005 +9.760003856e+005
1716 0 +9.434113451e+005 +9.437315351e+005 +9.437315351e+005
1803 0 +9.314172642e+005 +9.317374542e+005 +9.317374542e+005
1861 0 +9.095599839e+005 +9.098801739e+005 +9.098801739e+005
1951 0 +8.823390386e+005 +8.826592286e+005 +8.826592286e+005
2032 0 +8.705764364e+005 +8.708966264e+005 +8.708966264e+005
2107 0 +8.508355549e+005 +8.511557449e+005 +8.511557449e+005
2310 0 +8.314161034e+005 +8.317362934e+005 +8.317362934e+005
2412 0 +8.058705058e+005 +8.061906958e+005 +8.061906958e+005
2502 0 +7.886844105e+005 +7.890046005e+005 +7.890046005e+005
2602 0 +7.762077547e+005 +7.765279447e+005 +7.765279447e+005
2702 0 +7.572115452e+005 +7.575317352e+005 +7.575317352e+005
2826 0 +7.380136830e+005 +7.383338730e+005 +7.383338730e+005
3104 0 +7.188974829e+005 +7.192176729e+005 +7.192176729e+005
3513 0 +7.076396106e+005 +7.079598006e+005 +7.079598006e+005
4328 0 +6.916164930e+005 +6.919366830e+005 +6.919366830e+005
13410 0 +6.752668072e+005 +6.755869972e+005 +6.755869972e+005
14004 0 +6.605309075e+005 +6.608510975e+005 +6.608510975e+005
15034 0 +6.455748810e+005 +6.458950710e+005 +6.458950710e+005
15803 0 +6.304893027e+005 +6.308094927e+005 +6.308094927e+005
23331 0 +6.113526281e+005 +6.116728181e+005 +6.116728181e+005
23409 0 +5.997118586e+005 +6.000320486e+005 +6.000320486e+005
23537 0 +5.862236543e+005 +5.865438443e+005 +5.865438443e+005
23644 0 +5.752585299e+005 +5.755787199e+005 +5.755787199e+005
23826 0 +5.620791983e+005 +5.623993883e+005 +5.623993883e+005
24007 0 +5.473301458e+005 +5.476503358e+005 +5.476503358e+005
25008 0 +5.368213976e+005 +5.371415876e+005 +5.371415876e+005
% f evaluations | g evaluations | best noise-free fitness - Fopt (-1.042400000000e+002) + sum g_i+ | measured fitness | best measured fitness or single-digit g-values | x1 | x2...
1 0 +1.409421287e+007 +1.409410863e+007 +1.409410863e+007
115 0 +5.962503057e+006 +5.962398817e+006 +5.962398817e+006
314 0 +3.739207846e+006 +3.739103606e+006 +3.739103606e+006
417 0 +2.840086079e+006 +2.839981839e+006 +2.839981839e+006
493 0 +1.684550964e+006 +1.684446724e+006 +1.684446724e+006
545 0 +1.549331921e+006 +1.549227681e+006 +1.549227681e+006
553 0 +1.519746098e+006 +1.519641858e+006 +1.519641858e+006
714 0 +1.495256216e+006 +1.495151976e+006 +1.495151976e+006
738 0 +1.365294021e+006 +1.365189781e+006 +1.365189781e+006
822 0 +1.256742953e+006 +1.256638713e+006 +1.256638713e+006
885 0 +1.163287145e+006 +1.163182905e+006 +1.163182905e+006
936 0 +1.138335935e+006 +1.138231695e+006 +1.138231695e+006
956 0 +1.054531800e+006 +1.054427560e+006 +1.054427560e+006
987 0 +1.041819215e+006 +1.041714975e+006 +1.041714975e+006
1018 0 +9.067337792e+005 +9.066295392e+005 +9.066295392e+005
1128 0 +8.568721144e+005 +8.567678744e+005 +8.567678744e+005
1166 0 +8.190574408e+005 +8.189532008e+005 +8.189532008e+005
1306 0 +8.043924570e+005 +8.042882170e+005 +8.042882170e+005
1309 0 +7.311359648e+005 +7.310317248e+005 +7.310317248e+005
1409 0 +7.221391070e+005 +7.220348670e+005 +7.220348670e+005
1504 0 +6.910391311e+005 +6.909348911e+005 +6.909348911e+005
1604 0 +6.690070415e+005 +6.689028015e+005 +6.689028015e+005
1757 0 +6.587289605e+005 +6.586247205e+005 +6.586247205e+005
1802 0 +6.438798111e+005 +6.437755711e+005 +6.437755711e+005
1908 0 +6.264870149e+005 +6.263827749e+005 +6.263827749e+005
2008 0 +6.103803046e+005 +6.102760646e+005 +6.102760646e+005
2057 0 +5.942567565e+005 +5.941525165e+005 +5.941525165e+005
2114 0 +5.879468930e+005 +5.878426530e+005 +5.878426530e+005
2156 0 +5.721843517e+005 +5.720801117e+005 +5.720801117e+005
2321 0 +5.514912405e+005 +5.513870005e+005 +5.513870005e+005
2402 0 +5.470210782e+005 +5.469168382e+005 +5.469168382e+005
2502 0 +5.360755611e+005 +5.359713211e+005 +5.359713211e+005
2597 0 +5.244055443e+005 +5.243013043e+005 +5.243013043e+005
2675 0 +5.109852127e+005 +5.108809727e+005 +5.108809727e+005
2738 0 +4.986385773e+005 +4.985343373e+005 +4.985343373e+005
2812 0 +4.861970941e+005 +4.860928541e+005 +4.860928541e+005
2861 0 +4.770270783e+005 +4.769228383e+005 +4.769228383e+005
2912 0 +4.671546529e+005 +4.670504129e+005 +4.670504129e+005
3007 0 +4.505513619e+005 +4.504471219e+005 +4.504471219e+005
3026 0 +4.413213984e+005 +4.412171584e+005 +4.412171584e+005
3126 0 +4.304710445e+005 +4.303668045e+005 +4.303668045e+005
3203 0 +4.049544324e+005 +4.048501924e+005 +4.048501924e+005
3348 0 +3.977291765e+005 +3.976249365e+005 +3.976249365e+005
3634 0 +3.888493238e+005 +3.887450838e+005 +3.887450838e+005
11404 0 +3.796933628e+005 +3.795891228e+005 +3.795891228e+005
11410 0 +3.613342183e+005 +3.612299783e+005 +3.612299783e+005
11543 0 +3.490262413e+005 +3.489220013e+005 +3.489220013e+005
11626 0 +3.456495147e+005 +3.455452747e+005 +3.455452747e+005
11657 0 +3.334126880e+005 +3.333084480e+005 +3.333084480e+005
11705 0 +3.305647946e+005 +3.304605546e+005 +3.304605546e+005
11733 0 +3.145655223e+005 +3.144612823e+005 +3.144612823e+005
11827 0 +3.074074828e+005 +3.073032428e+005 +3.073032428e+005
11897 0 +2.893631705e+005 +2.892589305e+005 +2.892589305e+005
11904 0 +2.804959536e+005 +2.803917136e+005 +2.803917136e+005
12057 0 +2.746892794e+005 +2.745850394e+005 +2.745850394e+005
12093 0 +2.683783391e+005 +2.682740991e+005 +2.682740991e+005
12124 0 +2.562506429e+005 +2.561464029e+005 +2.561464029e+005
12256 0 +2.489927481e+005 +2.488885081e+005 +2.488885081e+005
12320 0 +2.409452996e+005 +2.408410596e+005 +2.408410596e+005
12415 0 +2.390877427e+005 +2.389835027e+005 +2.389835027e+005
12431 0 +2.326132192e+005 +2.325089792e+005 +2.325089792e+005
12531 0 +2.281304765e+005 +2.280262365e+005 +2.280262365e+005
12572 0 +2.228436233e+005 +2.227393833e+005 +2.227393833e+005
12602 0 +2.186739931e+005 +2.185697531e+005 +2.185697531e+005
12702 0 +2.124748624e+005 +2.123706224e+005 +2.123706224e+005
12802 0 +2.078670225e+005 +2.077627825e+005 +2.077627825e+005
12842 0 +2.041495882e+005 +2.040453482e+005 +2.040453482e+005
12922 0 +1.983390916e+005 +1.982348516e+005 +1.982348516e+005
13016 0 +1.948323539e+005 +1.947281139e+005 +1.947281139e+005
13211 0 +1.904898288e+005 +1.903855888e+005 +1.903855888e+005
13413 0 +1.857626478e+005 +1.856584078e+005 +1.856584078e+005
13705 0 +1.818929857e+005 +1.817887457e+005 +1.817887457e+005
14606 0 +1.777766242e+005 +1.776723842e+005 +1.776723842e+005
15705 0 +1.737545496e+005 +1.736503096e+005 +1.736503096e+005
% f evaluations | g evaluations | best noise-free fitness - Fopt (-6.785000000000e+001) + sum g_i+ | measured fitness | best measured fitness or single-digit g-values | x1 | x2...
1 0 +1.692704887e+007 +1.692698102e+007 +1.692698102e+007
2 0 +1.472986115e+007 +1.472979330e+007 +1.472979330e+007
22 0 +9.982379347e+006 +9.982311497e+006 +9.982311497e+006
61 0 +8.670737421e+006 +8.670669571e+006 +8.670669571e+006
237 0 +8.276692525e+006 +8.276624675e+006 +8.276624675e+006
272 0 +7.565041458e+006 +7.564973608e+006 +7.564973608e+006
281 0 +5.832624979e+006 +5.832557129e+006 +5.832557129e+006
349 0 +4.348200257e+006 +4.348132407e+006 +4.348132407e+006
415 0 +3.364677364e+006 +3.364609514e+006 +3.364609514e+006
527 0 +3.235252187e+006 +3.235184337e+006 +3.235184337e+006
595 0 +2.355966563e+006 +2.355898713e+006 +2.355898713e+006
605 0 +2.127813787e+006 +2.127745937e+006 +2.127745937e+006
612 0 +2.034126117e+006 +2.034058267e+006 +2.034058267e+006
616 0 +1.982029093e+006 +1.981961243e+006 +1.981961243e+006
619 0 +1.882177170e+006 +1.882109320e+006 +1.882109320e+006
631 0 +1.346935888e+006 +1.346868038e+006 +1.346868038e+006
732 0 +1.211971193e+006 +1.211903343e+006 +1.211903343e+006
852 0 +1.197502414e+006 +1.197434564e+006 +1.197434564e+006
904 0 +1.146100637e+006 +1.146032787e+006 +1.146032787e+006
976 0 +1.105498247e+006 +1.105430397e+006 +1.105430397e+006
1010 0 +1.082334051e+006 +1.082266201e+006 +1.082266201e+006
1042 0 +1.067327402e+006 +1.067259552e+006 +1.067259552e+006
1112 0 +1.039495191e+006 +1.039427341e+006 +1.039427341e+006
1130 0 +9.455798812e+005 +9.455120312e+005 +9.455120312e+005
1207 0 +8.952445397e+005 +8.951766897e+005 +8.951766897e+005
1218 0 +8.508176204e+005 +8.507497704e+005 +8.507497704e+005
1302 0 +7.585545299e+005 +7.584866799e+005 +7.584866799e+005
1402 0 +7.380111185e+005 +7.379432685e+005 +7.379432685e+005
1511 0 +7.184478799e+005 +7.183800299e+005 +7.183800299e+005
1607 0 +6.906065009e+005 +6.905386509e+005 +6.905386509e+005
1707 0 +6.624531351e+005 +6.623852851e+005 +6.623852851e+005
1802 0 +6.599657312e+005 +6.598978812e+005 +6.598978812e+005
1812 0 +6.390519878e+005 +6.389841378e+005 +6.389841378e+005
1906 0 +6.135192759e+005 +6.134514259e+005 +6.134514259e+005
2006 0 +5.942564816e+005 +5.941886316e+005 +5.941886316e+005
2013 0 +5.886539771e+005 +5.885861271e+005 +5.885861271e+005
2065 0 +5.657620958e+005 +5.656942458e+005 +5.656942458e+005
2103 0 +5.478694851e+005 +5.478016351e+005 +5.478016351e+005
2183 0 +5.344770906e+005 +5.344092406e+005 +5.344092406e+005
2204 0 +5.218373632e+005 +5.217695132e+005 +5.217695132e+005
2305 0 +5.082491976e+005 +5.081813476e+005 +5.081813476e+005
2425 0 +5.003961218e+005 +5.003282718e+005 +5.003282718e+005
2802 0 +4.895796896e+005 +4.895118396e+005 +4.895118396e+005
3105 0 +4.786022846e+005 +4.785344346e+005 +4.785344346e+005
3126 0 +4.631897319e+005 +4.631218819e+005 +4.631218819e+005
3429 0 +4.559650254e+005 +4.558971754e+005 +4.558971754e+005
4004 0 +4.461670121e+005 +4.460991621e+005 +4.460991621e+005
8708 0 +4.364528879e+005 +4.363850379e+005 +4.363850379e+005
11952 0 +4.238217345e+005 +4.237538845e+005 +4.237538845e+005
12052 0 +4.148523180e+005 +4.147844680e+005 +4.147844680e+005
12208 0 +4.067425576e+005 +4.066747076e+005 +4.066747076e+005
12416 0 +3.971577939e+005 +3.970899439e+005 +3.970899439e+005
12489 0 +3.883636350e+005 +3.882957850e+005 +3.882957850e+005
12663 0 +3.778241591e+005 +3.777563091e+005 +3.777563091e+005
12664 0 +3.711597877e+005 +3.710919377e+005 +3.710919377e+005
12802 0 +3.626897984e+005 +3.626219484e+005 +3.626219484e+005
12803 0 +3.537560765e+005 +3.536882265e+005 +3.536882265e+005
12910 0 +3.466066110e+005 +3.465387610e+005 +3.465387610e+005
13010 0 +3.358484850e+005 +3.357806350e+005 +3.357806350e+005
13203 0 +3.301874110e+005 +3.301195610e+005 +3.301195610e+005
13308 0 +3.234078768e+005 +3.233400268e+005 +3.233400268e+005
13499 0 +3.140193869e+005 +3.139515369e+005 +3.139515369e+005
13703 0 +3.084844190e+005 +3.084165690e+005 +3.084165690e+005
14687 0 +3.019247756e+005 +3.018569256e+005 +3.018569256e+005
15442 0 +2.951183546e+005 +2.950505046e+005 +2.950505046e+005
% f evaluations | g evaluations | best noise-free fitness - Fopt (-3.639800000000e+002) + sum g_i+ | measured fitness | best measured fitness or single-digit g-values | x1 | x2...
1 0 +1.677838612e+007 +1.677802214e+007 +1.677802214e+007
11 0 +1.352342446e+007 +1.352306048e+007 +1.352306048e+007
15 0 +8.405235509e+006 +8.404871529e+006 +8.404871529e+006
219 0 +6.632666992e+006 +6.632303012e+006 +6.632303012e+006
259 0 +4.641249520e+006 +4.640885540e+006 +4.640885540e+006
305 0 +4.532483939e+006 +4.532119959e+006 +4.532119959e+006
320 0 +3.714804312e+006 +3.714440332e+006 +3.714440332e+006
448 0 +3.619836303e+006 +3.619472323e+006 +3.619472323e+006
450 0 +3.290686706e+006 +3.290322726e+006 +3.290322726e+006
451 0 +2.919735094e+006 +2.919371114e+006 +2.919371114e+006
504 0 +2.865249011e+006 +2.864885031e+006 +2.864885031e+006
519 0 +2.806914268e+006 +2.806550288e+006 +2.806550288e+006
523 0 +2.692488368e+006 +2.692124388e+006 +2.692124388e+006
528 0 +2.575425613e+006 +2.575061633e+006 +2.575061633e+006
566 0 +2.335367838e+006 +2.335003858e+006 +2.335003858e+006
573 0 +1.880652600e+006 +1.880288620e+006 +1.880288620e+006
687 0 +1.796474325e+006 +1.796110345e+006 +1.796110345e+006
715 0 +1.676258896e+006 +1.675894916e+006 +1.675894916e+006
723 0 +1.568993019e+006 +1.568629039e+006 +1.568629039e+006
812 0 +1.496369045e+006 +1.496005065e+006 +1.496005065e+006
830 0 +1.411889704e+006 +1.411525724e+006 +1.411525724e+006
918 0 +1.371815450e+006 +1.371451470e+006 +1.371451470e+006
933 0 +1.270056845e+006 +1.269692865e+006 +1.269692865e+006
1004 0 +1.257003126e+006 +1.256639146e+006 +1.256639146e+006
1007 0 +1.210098224e+006 +1.209734244e+006 +1.209734244e+006
1017 0 +1.198150998e+006 +1.197787018e+006 +1.197787018e+006
1022 0 +1.098595940e+006 +1.098231960e+006 +1.098231960e+006
1118 0 +1.086823301e+006 +1.086459321e+006 +1.086459321e+006
1203 0 +1.006600607e+006 +1.006236627e+006 +1.006236627e+006
1216 0 +9.983199647e+005 +9.979559847e+005 +9.979559847e+005
1238 0 +9.765709608e+005 +9.762069808e+005 +9.762069808e+005
1250 0 +9.541463067e+005 +9.537823267e+005 +9.537823267e+005
1259 0 +8.845689041e+005 +8.842049241e+005 +8.842049241e+005
1308 0 +8.651266071e+005 +8.647626271e+005 +8.647626271e+005
1404 0 +8.447304821e+005 +8.443665021e+005 +8.443665021e+005
1432 0 +8.082878316e+005 +8.079238516e+005 +8.079238516e+005
1507 0 +7.923816409e+005 +7.920176609e+005 +7.920176609e+005
1602 0 +7.756889818e+005 +7.753250018e+005 +7.753250018e+005
1614 0 +7.289851521e+005 +7.286211721e+005 +7.286211721e+005
1620 0 +6.925619144e+005 +6.921979344e+005 +6.921979344e+005
1703 0 +6.611110925e+005 +6.607471125e+005 +6.607471125e+005
1755 0 +6.542606944e+005 +6.538967144e+005 +6.538967144e+005
1794 0 +6.356903369e+005 +6.353263569e+005 +6.353263569e+005
1802 0 +6.179973058e+005 +6.176333258e+005 +6.176333258e+005
1803 0 +6.024796872e+005 +6.021157072e+005 +6.021157072e+005
1908 0 +5.796645842e+005 +5.793006042e+005 +5.793006042e+005
2008 0 +5.715675317e+005 +5.712035517e+005 +5.712035517e+005
2117 0 +5.546954957e+005 +5.543315157e+005 +5.543315157e+005
2202 0 +5.484662714e+005 +5.481022914e+005 +5.481022914e+005
2317 0 +5.348709795e+005 +5.345069995e+005 +5.345069995e+005
2504 0 +5.215796731e+005 +5.212156931e+005 +5.212156931e+005
2703 0 +5.103238033e+005 +5.099598233e+005 +5.099598233e+005
2857 0 +5.004992381e+005 +5.001352581e+005 +5.001352581e+005
3013 0 +4.878052469e+005 +4.874412669e+005 +4.874412669e+005
3102 0 +4.772376452e+005 +4.768736652e+005 +4.768736652e+005
3260 0 +4.656137761e+005 +4.652497961e+005 +4.652497961e+005
3514 0 +4.568522792e+005 +4.564882992e+005 +4.564882992e+005
3705 0 +4.465725478e+005 +4.462085678e+005 +4.462085678e+005
4105 0 +4.361861520e+005 +4.358221720e+005 +4.358221720e+005
4832 0 +4.265346507e+005 +4.261706707e+005 +4.261706707e+005
12619 0 +4.120158544e+005 +4.116518744e+005 +4.116518744e+005
12683 0 +4.033531197e+005 +4.029891397e+005 +4.029891397e+005
12716 0 +3.919098373e+005 +3.915458573e+005 +3.915458573e+005
12808 0 +3.882921893e+005 +3.879282093e+005 +3.879282093e+005
12816 0 +3.773825037e+005 +3.770185237e+005 +3.770185237e+005
12916 0 +3.704085685e+005 +3.700445885e+005 +3.700445885e+005
12980 0 +3.620036605e+005 +3.616396805e+005 +3.616396805e+005
13007 0 +3.526173340e+005 +3.522533540e+005 +3.522533540e+005
13054 0 +3.450879046e+005 +3.447239246e+005 +3.447239246e+005
13107 0 +3.373599059e+005 +3.369959259e+005 +3.369959259e+005
13133 0 +3.270595460e+005 +3.266955660e+005 +3.266955660e+005
13202 0 +3.222322563e+005 +3.218682763e+005 +3.218682763e+005
13233 0 +3.095670814e+005 +3.092031014e+005 +3.092031014e+005
13302 0 +3.039831351e+005 +3.036191551e+005 +3.036191551e+005
13310 0 +2.988738705e+005 +2.985098905e+005 +2.985098905e+005
13391 0 +2.941283097e+005 +2.937643297e+005 +2.937643297e+005
13403 0 +2.856820096e+005 +2.853180296e+005 +2.853180296e+005
13415 0 +2.816810337e+005 +2.813170537e+005 +2.813170537e+005
13518 0 +2.753365016e+005 +2.749725216e+005 +2.749725216e+005
13604 0 +2.653675829e+005 +2.650036029e+005 +2.650036029e+005
13704 0 +2.609630808e+005 +2.605991008e+005 +2.605991008e+005
13807 0 +2.569080180e+005 +2.565440380e+005 +2.565440380e+005
13912 0 +2.511232658e+005 +2.507592858e+005 +2.507592858e+005
14105 0 +2.448977316e+005 +2.445337516e+005 +2.445337516e+005
14211 0 +2.392528427e+005 +2.388888627e+005 +2.388888627e+005
17414 0 +2.344044664e+005 +2.340404864e+005 +2.340404864e+005
% f evaluations | g evaluations | best noise-free fitness - Fopt (-1.865000000000e+001) + sum g_i+ | measured fitness | best measured fitness or single-digit g-values | x1 | x2...
1 0 +2.367628025e+007 +2.367626160e+007 +2.367626160e+007
12 0 +2.102795786e+007 +2.102793921e+007 +2.102793921e+007
15 0 +2.024195445e+007 +2.024193580e+007 +2.024193580e+007
35 0 +1.699595045e+007 +1.699593180e+007 +1.699593180e+007
85 0 +1.618045968e+007 +1.618044103e+007 +1.618044103e+007
172 0 +1.333721871e+007 +1.333720006e+007 +1.333720006e+007
211 0 +1.221500065e+007 +1.221498200e+007 +1.221498200e+007
234 0 +1.191950667e+007 +1.191948802e+007 +1.191948802e+007
285 0 +1.109333372e+007 +1.109331507e+007 +1.109331507e+007
341 0 +9.897301126e+006 +9.897282476e+006 +9.897282476e+006
349 0 +7.787418898e+006 +7.787400248e+006 +7.787400248e+006
411 0 +5.834281576e+006 +5.834262926e+006 +5.834262926e+006
485 0 +4.620895778e+006 +4.620877128e+006 +4.620877128e+006
502 0 +3.711743563e+006 +3.711724913e+006 +3.711724913e+006
533 0 +3.336214110e+006 +3.336195460e+006 +3.336195460e+006
579 0 +2.810341058e+006 +2.810322408e+006 +2.810322408e+006
613 0 +2.085977774e+006 +2.085959124e+006 +2.085959124e+006
637 0 +1.878293162e+006 +1.878274512e+006 +1.878274512e+006
705 0 +1.665303242e+006 +1.665284592e+006 +1.665284592e+006
727 0 +1.428467371e+006 +1.428448721e+006 +1.428448721e+006
817 0 +1.403933352e+006 +1.403914702e+006 +1.403914702e+006
820 0 +1.247133058e+006 +1.247114408e+006 +1.247114408e+006
849 0 +1.192216070e+006 +1.192197420e+006 +1.192197420e+006
945 0 +1.132414718e+006 +1.132396068e+006 +1.132396068e+006
954 0 +1.039096516e+006 +1.039077866e+006 +1.039077866e+006
1035 0 +1.017973713e+006 +1.017955063e+006 +1.017955063e+006
1058 0 +9.990048810e+005 +9.989862310e+005 +9.989862310e+005
1120 0 +9.719190995e+005 +9.719004495e+005 +9.719004495e+005
1127 0 +9.425453836e+005 +9.425267336e+005 +9.425267336e+005
1198 0 +8.892758669e+005 +8.892572169e+005 +8.892572169e+005
1219 0 +8.536456386e+005 +8.536269886e+005 +8.536269886e+005
1253 0 +8.347592560e+005 +8.347406060e+005 +8.347406060e+005
1309 0 +7.231048397e+005 +7.230861897e+005 +7.230861897e+005
1356 0 +7.014872953e+005 +7.014686453e+005 +7.014686453e+005
1398 0 +6.521637347e+005 +6.521450847e+005 +6.521450847e+005
1409 0 +6.175759552e+005 +6.175573052e+005 +6.175573052e+005
1431 0 +6.017063294e+005 +6.016876794e+005 +6.016876794e+005
1507 0 +5.434796659e+005 +5.434610159e+005 +5.434610159e+005
1607 0 +4.799325138e+005 +4.799138638e+005 +4.799138638e+005
1707 0 +4.672660695e+005 +4.672474195e+005 +4.672474195e+005
1769 0 +4.507075500e+005 +4.506889000e+005 +4.506889000e+005
1889 0 +4.306838751e+005 +4.306652251e+005 +4.306652251e+005
1930 0 +4.211229107e+005 +4.211042607e+005 +4.211042607e+005
2012 0 +4.165900714e+005 +4.165714214e+005 +4.165714214e+005
2107 0 +4.020062205e+005 +4.019875705e+005 +4.019875705e+005
2117 0 +3.963349373e+005 +3.963162873e+005 +3.963162873e+005
2295 0 +3.889125785e+005 +3.888939285e+005 +3.888939285e+005
2410 0 +3.797173668e+005 +3.796987168e+005 +3.796987168e+005
2616 0 +3.715098081e+005 +3.714911581e+005 +3.714911581e+005
2818 0 +3.630093872e+005 +3.629907372e+005 +3.629907372e+005
2950 0 +3.511825539e+005 +3.511639039e+005 +3.511639039e+005
3050 0 +3.445995246e+005 +3.445808746e+005 +3.445808746e+005
3176 0 +3.384543227e+005 +3.384356727e+005 +3.384356727e+005
3328 0 +3.306893683e+005 +3.306707183e+005 +3.306707183e+005
3705 0 +3.223888717e+005 +3.223702217e+005 +3.223702217e+005
4604 0 +3.159195014e+005 +3.159008514e+005 +3.159008514e+005
% f evaluations | g evaluations | best noise-free fitness - Fopt (1.749200000000e+002) + sum g_i+ | measured fitness | best measured fitness or single-digit g-values | x1 | x2...
1 0 +2.120961176e+007 +2.120978668e+007 +2.120978668e+007
2 0 +1.186833063e+007 +1.186850555e+007 +1.186850555e+007
162 0 +1.006623367e+007 +1.006640859e+007 +1.006640859e+007
202 0 +7.498804672e+006 +7.498979592e+006 +7.498979592e+006
219 0 +4.479067259e+006 +4.479242179e+006 +4.479242179e+006
309 0 +3.923634799e+006 +3.923809719e+006 +3.923809719e+006
358 0 +3.790003258e+006 +3.790178178e+006 +3.790178178e+006
444 0 +3.555591258e+006 +3.555766178e+006 +3.555766178e+006
486 0 +2.681539196e+006 +2.681714116e+006 +2.681714116e+006
502 0 +2.598906945e+006 +2.599081865e+006 +2.599081865e+006
518 0 +2.186326015e+006 +2.186500935e+006 +2.186500935e+006
603 0 +2.028412817e+006 +2.028587737e+006 +2.028587737e+006
656 0 +1.912160931e+006 +1.912335851e+006 +1.912335851e+006
719 0 +1.809463262e+006 +1.809638182e+006 +1.809638182e+006
810 0 +1.719171775e+006 +1.719346695e+006 +1.719346695e+006
879 0 +1.661706990e+006 +1.661881910e+006 +1.661881910e+006
904 0 +1.636242072e+006 +1.636416992e+006 +1.636416992e+006
905 0 +1.545353240e+006 +1.545528160e+006 +1.545528160e+006
922 0 +1.503746961e+006 +1.503921881e+006 +1.503921881e+006
955 0 +1.412286966e+006 +1.412461886e+006 +1.412461886e+006
1010 0 +1.377099723e+006 +1.377274643e+006 +1.377274643e+006
1075 0 +1.336225482e+006 +1.336400402e+006 +1.336400402e+006
1123 0 +1.265180779e+006 +1.265355699e+006 +1.265355699e+006
1138 0 +1.192990416e+006 +1.193165336e+006 +1.193165336e+006
1235 0 +1.085253337e+006 +1.085428257e+006 +1.085428257e+006
1319 0 +1.020795031e+006 +1.020969951e+006 +1.020969951e+006
1412 0 +9.612882519e+005 +9.614631719e+005 +9.614631719e+005
1502 0 +9.214775238e+005 +9.216524438e+005 +9.216524438e+005
1603 0 +8.970316394e+005 +8.972065594e+005 +8.972065594e+005
1606 0 +8.830970637e+005 +8.832719837e+005 +8.832719837e+005
1665 0 +8.447786923e+005 +8.449536123e+005 +8.449536123e+005
1704 0 +8.315438696e+005 +8.317187896e+005 +8.317187896e+005
1804 0 +8.118117245e+005 +8.119866445e+005 +8.119866445e+005
1904 0 +7.885231340e+005 +7.886980540e+005 +7.886980540e+005
1925 0 +7.503832993e+005 +7.505582193e+005 +7.505582193e+005
2009 0 +7.385810298e+005 +7.387559498e+005 +7.387559498e+005
2025 0 +7.179879417e+005 +7.181628617e+005 +7.181628617e+005
2101 0 +7.022089238e+005 +7.023838438e+005 +7.023838438e+005
2107 0 +6.868882938e+005 +6.870632138e+005 +6.870632138e+005
2203 0 +6.616959222e+005 +6.618708422e+005 +6.618708422e+005
2211 0 +6.596290440e+005 +6.598039640e+005 +6.598039640e+005
2329 0 +6.447640759e+005 +6.449389959e+005 +6.449389959e+005
2508 0 +6.267385477e+005 +6.269134677e+005 +6.269134677e+005
2706 0 +6.153012042e+005 +6.154761242e+005 +6.154761242e+005
2874 0 +6.006398897e+005 +6.008148097e+005 +6.008148097e+005
3102 0 +5.886352372e+005 +5.888101572e+005 +5.888101572e+005
3308 0 +5.747258468e+005 +5.749007668e+005 +5.749007668e+005
4302 0 +5.621033696e+005 +5.622782896e+005 +5.622782896e+005
12402 0 +5.493603972e+005 +5.495353172e+005 +5.495353172e+005
12604 0 +5.342135710e+005 +5.343884910e+005 +5.343884910e+005
12708 0 +5.242840285e+005 +5.244589485e+005 +5.244589485e+005
13031 0 +5.127044816e+005 +5.128794016e+005 +5.128794016e+005
13502 0 +5.007398602e+005 +5.009147802e+005 +5.009147802e+005
14005 0 +4.896483008e+005 +4.898232208e+005 +4.898232208e+005
14850 0 +4.784745026e+005 +4.786494226e+005 +4.786494226e+005
16503 0 +4.676844443e+005 +4.678593643e+005 +4.678593643e+005
% f evaluations | g evaluations | best noise-free fitness - Fopt (-5.659600000000e+002) + sum g_i+ | measured fitness | best measured fitness or single-digit g-values | x1 | x2...
1 0 +2.120587433e+007 +2.120530837e+007 +2.120530837e+007
2 0 +1.845680012e+007 +1.845623416e+007 +1.845623416e+007
28 0 +1.595184274e+007 +1.595127678e+007 +1.595127678e+007
35 0 +9.457778730e+006 +9.457212770e+006 +9.457212770e+006
253 0 +7.928306624e+006 +7.927740664e+006 +7.927740664e+006
261 0 +7.621562670e+006 +7.620996710e+006 +7.620996710e+006
294 0 +7.068772580e+006 +7.068206620e+006 +7.068206620e+006
302 0 +5.722209451e+006 +5.721643491e+006 +5.721643491e+006
305 0 +5.597997291e+006 +5.597431331e+006 +5.597431331e+006
313 0 +4.661709657e+006 +4.661143697e+006 +4.661143697e+006
365 0 +3.247519238e+006 +3.246953278e+006 +3.246953278e+006
430 0 +2.275715880e+006 +2.275149920e+006 +2.275149920e+006
547 0 +1.508673579e+006 +1.508107619e+006 +1.508107619e+006
660 0 +1.281112836e+006 +1.280546876e+006 +1.280546876e+006
761 0 +1.223882969e+006 +1.223317009e+006 +1.223317009e+006
803 0 +1.041888721e+006 +1.041322761e+006 +1.041322761e+006
806 0 +8.043108313e+005 +8.037448713e+005 +8.037448713e+005
939 0 +7.368958113e+005 +7.363298513e+005 +7.363298513e+005
993 0 +7.062376795e+005 +7.056717195e+005 +7.056717195e+005
1002 0 +6.865250757e+005 +6.859591157e+005 +6.859591157e+005
1016 0 +6.681719123e+005 +6.676059523e+005 +6.676059523e+005
1041 0 +5.414093963e+005 +5.408434363e+005 +5.408434363e+005
1132 0 +4.839165528e+005 +4.833505928e+005 +4.833505928e+005
1276 0 +4.543435851e+005 +4.537776251e+005 +4.537776251e+005
1302 0 +4.385221614e+005 +4.379562014e+005 +4.379562014e+005
1330 0 +4.362369016e+005 +4.356709416e+005 +4.356709416e+005
1402 0 +4.239109309e+005 +4.233449709e+005 +4.233449709e+005
1460 0 +4.076564866e+005 +4.070905266e+005 +4.070905266e+005
1482 0 +3.989274660e+005 +3.983615060e+005 +3.983615060e+005
1507 0 +3.942664409e+005 +3.937004809e+005 +3.937004809e+005
1516 0 +3.868450594e+005 +3.862790994e+005 +3.862790994e+005
1557 0 +3.720517893e+005 +3.714858293e+005 +3.714858293e+005
1606 0 +3.656405038e+005 +3.650745438e+005 +3.650745438e+005
1610 0 +3.544159728e+005 +3.538500128e+005 +3.538500128e+005
1683 0 +3.408648397e+005 +3.402988797e+005 +3.402988797e+005
1710 0 +3.357415754e+005 +3.351756154e+005 +3.351756154e+005
1790 0 +3.146503569e+005 +3.140843969e+005 +3.140843969e+005
1802 0 +3.039141234e+005 +3.033481634e+005 +3.033481634e+005
1806 0 +3.012197181e+005 +3.006537581e+005 +3.006537581e+005
1810 0 +2.934093749e+005 +2.928434149e+005 +2.928434149e+005
1819 0 +2.880157976e+005 +2.874498376e+005 +2.874498376e+005
1908 0 +2.814251692e+005 +2.808592092e+005 +2.808592092e+005
1955 0 +2.714056810e+005 +2.708397210e+005 +2.708397210e+005
2029 0 +2.690689262e+005 +2.685029662e+005 +2.685029662e+005
2202 0 +2.572473116e+005 +2.566813516e+005 +2.566813516e+005
2302 0 +2.475896128e+005 +2.470236528e+005 +2.470236528e+005
2412 0 +2.432235868e+005 +2.426576268e+005 +2.426576268e+005
2417 0 +2.395126032e+005 +2.389466432e+005 +2.389466432e+005
2551 0 +2.342925341e+005 +2.337265741e+005 +2.337265741e+005
2707 0 +2.288584100e+005 +2.282924500e+005 +2.282924500e+005
2849 0 +2.225669785e+005 +2.220010185e+005 +2.220010185e+005
3001 0 +2.186968384e+005 +2.181308784e+005 +2.181308784e+005
3138 0 +2.136455008e+005 +2.130795408e+005 +2.130795408e+005
3403 0 +2.083179339e+005 +2.077519739e+005 +2.077519739e+005
3702 0 +2.038199799e+005 +2.032540199e+005 +2.032540199e+005
4404 0 +1.994910283e+005 +1.989250683e+005 +1.989250683e+005
33008 0 +1.945667647e+005 +1.940008047e+005 +1.940008047e+005
33110 0 +1.883974389e+005 +1.878314789e+005 +1.878314789e+005
33132 0 +1.839752707e+005 +1.834093107e+005 +1.834093107e+005
33232 0 +1.802224260e+005 +1.796564660e+005 +1.796564660e+005
33325 0 +1.771768819e+005 +1.766109219e+005 +1.766109219e+005
33471 0 +1.735660053e+005 +1.730000453e+005 +1.730000453e+005
33602 0 +1.697978819e+005 +1.692319219e+005 +1.692319219e+005
33731 0 +1.656030404e+005 +1.650370804e+005 +1.650370804e+005
34003 0 +1.617081043e+005 +1.611421443e+005 +1.611421443e+005
34204 0 +1.584246522e+005 +1.578586922e+005 +1.578586922e+005
34403 0 +1.546852551e+005 +1.541192951e+005 +1.541192951e+005
35304 0 +1.512130426e+005 +1.506470826e+005 +1.506470826e+005
% f evaluations | g evaluations | best noise-free fitness - Fopt (7.095000000000e+001) + sum g_i+ | measured fitness | best measured fitness or single-digit g-values | x1 | x2...
1 0 +1.703907924e+007 +1.703915019e+007 +1.703915019e+007
81 0 +1.613998659e+007 +1.614005754e+007 +1.614005754e+007
181 0 +1.574937472e+007 +1.574944567e+007 +1.574944567e+007
203 0 +1.284623383e+007 +1.284630478e+007 +1.284630478e+007
212 0 +1.081854078e+007 +1.081861173e+007 +1.081861173e+007
218 0 +5.414315177e+006 +5.414386127e+006 +5.414386127e+006
332 0 +5.224300850e+006 +5.224371800e+006 +5.224371800e+006
357 0 +4.478943976e+006 +4.479014926e+006 +4.479014926e+006
392 0 +4.460466704e+006 +4.460537654e+006 +4.460537654e+006
443 0 +3.580472517e+006 +3.580543467e+006 +3.580543467e+006
521 0 +3.542876466e+006 +3.542947416e+006 +3.542947416e+006
604 0 +3.249436633e+006 +3.249507583e+006 +3.249507583e+006
610 0 +2.804459652e+006 +2.804530602e+006 +2.804530602e+006
711 0 +2.581586599e+006 +2.581657549e+006 +2.581657549e+006
727 0 +2.452083914e+006 +2.452154864e+006 +2.452154864e+006
784 0 +2.318191043e+006 +2.318261993e+006 +2.318261993e+006
833 0 +2.226955706e+006 +2.227026656e+006 +2.227026656e+006
844 0 +1.980247465e+006 +1.980318415e+006 +1.980318415e+006
903 0 +1.900928998e+006 +1.900999948e+006 +1.900999948e+006
905 0 +1.625604826e+006 +1.625675776e+006 +1.625675776e+006
1005 0 +1.302397718e+006 +1.302468668e+006 +1.302468668e+006
1105 0 +1.232282778e+006 +1.232353728e+006 +1.232353728e+006
1153 0 +1.218782208e+006 +1.218853158e+006 +1.218853158e+006
1167 0 +1.159495460e+006 +1.159566410e+006 +1.159566410e+006
1201 0 +1.106121191e+006 +1.106192141e+006 +1.106192141e+006
1204 0 +1.066340634e+006 +1.066411584e+006 +1.066411584e+006
1205 0 +1.043592366e+006 +1.043663316e+006 +1.043663316e+006
1216 0 +9.936789535e+005 +9.937499035e+005 +9.937499035e+005
1261 0 +8.964688327e+005 +8.965397827e+005 +8.965397827e+005
1308 0 +8.716188643e+005 +8.716898143e+005 +8.716898143e+005
1342 0 +8.406405962e+005 +8.407115462e+005 +8.407115462e+005
1432 0 +8.280348066e+005 +8.281057566e+005 +8.281057566e+005
1503 0 +7.838425900e+005 +7.839135400e+005 +7.839135400e+005
1535 0 +7.633152898e+005 +7.633862398e+005 +7.633862398e+005
1690 0 +7.538612418e+005 +7.539321918e+005 +7.539321918e+005
1804 0 +7.362085903e+005 +7.362795403e+005 +7.362795403e+005
1995 0 +7.239201815e+005 +7.239911315e+005 +7.239911315e+005
2024 0 +7.068119681e+005 +7.068829181e+005 +7.068829181e+005
2233 0 +6.905350460e+005 +6.906059960e+005 +6.906059960e+005
2406 0 +6.736955151e+005 +6.737664651e+005 +6.737664651e+005
2686 0 +6.353720974e+005 +6.354430474e+005 +6.354430474e+005
2750 0 +6.308240947e+005 +6.308950447e+005 +6.308950447e+005
2910 0 +6.155213052e+005 +6.155922552e+005 +6.155922552e+005
3082 0 +5.910352566e+005 +5.911062066e+005 +5.911062066e+005
3102 0 +5.852657494e+005 +5.853366994e+005 +5.853366994e+005
3202 0 +5.752744674e+005 +5.753454174e+005 +5.753454174e+005
3449 0 +5.600439199e+005 +5.601148699e+005 +5.601148699e+005
3704 0 +5.478127605e+005 +5.478837105e+005 +5.478837105e+005
4112 0 +5.364843544e+005 +5.365553044e+005 +5.365553044e+005
4326 0 +5.240550517e+005 +5.241260017e+005 +5.241260017e+005
5620 0 +5.118237045e+005 +5.118946545e+005 +5.118946545e+005
6310 0 +5.006545746e+005 +5.007255246e+005 +5.007255246e+005
7022 0 +4.894667162e+005 +4.895376662e+005 +4.895376662e+005
8229 0 +4.786249666e+005 +4.786959166e+005 +4.786959166e+005
21984 0 +4.672323372e+005 +4.673032872e+005 +4.673032872e+005
22019 0 +4.567188766e+005 +4.567898266e+005 +4.567898266e+005
22029 0 +4.407160348e+005 +4.407869848e+005 +4.407869848e+005
22103 0 +4.277739508e+005 +4.278449008e+005 +4.278449008e+005
22107 0 +4.183334305e+005 +4.184043805e+005 +4.184043805e+005
22108 0 +4.111333511e+005 +4.112043011e+005 +4.112043011e+005
22137 0 +4.039557763e+005 +4.040267263e+005 +4.040267263e+005
22258 0 +3.916415882e+005 +3.917125382e+005 +3.917125382e+005
22432 0 +3.884975712e+005 +3.885685212e+005 +3.885685212e+005
22616 0 +3.797774235e+005 +3.798483735e+005 +3.798483735e+005
22715 0 +3.707332611e+005 +3.708042111e+005 +3.708042111e+005
23006 0 +3.624295074e+005 +3.625004574e+005 +3.625004574e+005
23340 0 +3.469664869e+005 +3.470374369e+005 +3.470374369e+005
23405 0 +3.462642384e+005 +3.463351884e+005 +3.463351884e+005
23613 0 +3.380833376e+005 +3.381542876e+005 +3.381542876e+005
23709 0 +3.309668224e+005 +3.310377724e+005 +3.310377724e+005
23806 0 +3.235604108e+005 +3.236313608e+005 +3.236313608e+005
23858 0 +3.156357255e+005 +3.157066755e+005 +3.157066755e+005
24003 0 +3.074368761e+005 +3.075078261e+005 +3.075078261e+005
24542 0 +3.017892631e+005 +3.018602131e+005 +3.018602131e+005
26104 0 +2.950706575e+005 +2.951416075e+005 +2.951416075e+005
% f evaluations | g evaluations | best noise-free fitness - Fopt (4.728000000000e+001) + sum g_i+ | measured fitness | best measured fitness or single-digit g-values | x1 | x2...
1 0 +8.342547754e+006 +8.342595034e+006 +8.342595034e+006
205 0 +5.030265766e+006 +5.030313046e+006 +5.030313046e+006
283 0 +4.993556784e+006 +4.993604064e+006 +4.993604064e+006
302 0 +3.300952731e+006 +3.301000011e+006 +3.301000011e+006
314 0 +2.173855014e+006 +2.173902294e+006 +2.173902294e+006
441 0 +1.831535415e+006 +1.831582695e+006 +1.831582695e+006
462 0 +1.564346023e+006 +1.564393303e+006 +1.564393303e+006
531 0 +1.408987940e+006 +1.409035220e+006 +1.409035220e+006
570 0 +1.214481715e+006 +1.214528995e+006 +1.214528995e+006
616 0 +1.192132600e+006 +1.192179880e+006 +1.192179880e+006
703 0 +1.048585285e+006 +1.048632565e+006 +1.048632565e+006
708 0 +8.358824597e+005 +8.359297397e+005 +8.359297397e+005
714 0 +7.344247564e+005 +7.344720364e+005 +7.344720364e+005
895 0 +6.576013947e+005 +6.576486747e+005 +6.576486747e+005
919 0 +5.670822027e+005 +5.671294827e+005 +5.671294827e+005
1034 0 +4.943291589e+005 +4.943764389e+005 +4.943764389e+005
1111 0 +4.546220691e+005 +4.546693491e+005 +4.546693491e+005
1164 0 +4.393129722e+005 +4.393602522e+005 +4.393602522e+005
1200 0 +4.352497558e+005 +4.352970358e+005 +4.352970358e+005
1216 0 +4.157170612e+005 +4.157643412e+005 +4.157643412e+005
1283 0 +4.003227449e+005 +4.003700249e+005 +4.003700249e+005
1284 0 +3.935283652e+005 +3.935756452e+005 +3.935756452e+005
1316 0 +3.790735992e+005 +3.791208792e+005 +3.791208792e+005
1332 0 +3.553000846e+005 +3.553473646e+005 +3.553473646e+005
1427 0 +3.492742367e+005 +3.493215167e+005 +3.493215167e+005
1436 0 +3.386124061e+005 +3.386596861e+005 +3.386596861e+005
1447 0 +3.226853835e+005 +3.227326635e+005 +3.227326635e+005
1477 0 +3.154720132e+005 +3.155192932e+005 +3.155192932e+005
1505 0 +2.954092323e+005 +2.954565123e+005 +2.954565123e+005
1626 0 +2.897328759e+005 +2.897801559e+005 +2.897801559e+005
1702 0 +2.875646045e+005 +2.876118845e+005 +2.876118845e+005
1748 0 +2.669483996e+005 +2.669956796e+005 +2.669956796e+005
1758 0 +2.621860371e+005 +2.622333171e+005 +2.622333171e+005
1848 0 +2.564016404e+005 +2.564489204e+005 +2.564489204e+005
1914 0 +2.501161744e+005 +2.501634544e+005 +2.501634544e+005
1929 0 +2.446988230e+005 +2.447461030e+005 +2.447461030e+005
2016 0 +2.397342118e+005 +2.397814918e+005 +2.397814918e+005
2023 0 +2.218451797e+005 +2.218924597e+005 +2.218924597e+005
2176 0 +2.169982755e+005 +2.170455555e+005 +2.170455555e+005
2211 0 +2.135627382e+005 +2.136100182e+005 +2.136100182e+005
2275 0 +2.046964004e+005 +2.047436804e+005 +2.047436804e+005
2303 0 +2.005368244e+005 +2.005841044e+005 +2.005841044e+005
2390 0 +1.982373512e+005 +1.982846312e+005 +1.982846312e+005
2482 0 +1.906553462e+005 +1.907026262e+005 +1.907026262e+005
2503 0 +1.876314454e+005 +1.876787254e+005 +1.876787254e+005
2592 0 +1.860934956e+005 +1.861407756e+005 +1.861407756e+005
2630 0 +1.812774939e+005 +1.813247739e+005 +1.813247739e+005
2769 0 +1.777755478e+005 +1.778228278e+005 +1.778228278e+005
2809 0 +1.731186695e+005 +1.731659495e+005 +1.731659495e+005
2909 0 +1.685767526e+005 +1.686240326e+005 +1.686240326e+005
3096 0 +1.659009289e+005 +1.659482089e+005 +1.659482089e+005
3229 0 +1.610914150e+005 +1.611386950e+005 +1.611386950e+005
3402 0 +1.564630106e+005 +1.565102906e+005 +1.565102906e+005
3724 0 +1.548222556e+005 +1.548695356e+005 +1.548695356e+005
4702 0 +1.513176822e+005 +1.513649622e+005 +1.513649622e+005
% f evaluations | g evaluations | best noise-free fitness - Fopt (-5.688800000000e+002) + sum g_i+ | measured fitness | best measured fitness or single-digit g-values | x1 | x2...
1 0 +1.673503927e+007 +1.673447039e+007 +1.673447039e+007
8 0 +1.147286946e+007 +1.147230058e+007 +1.147230058e+007
170 0 +9.372364869e+006 +9.371795989e+006 +9.371795989e+006
209 0 +5.622537314e+006 +5.621968434e+006 +5.621968434e+006
347 0 +4.361690362e+006 +4.361121482e+006 +4.361121482e+006
406 0 +3.914527729e+006 +3.913958849e+006 +3.913958849e+006
457 0 +2.693609334e+006 +2.693040454e+006 +2.693040454e+006
536 0 +2.256337498e+006 +2.255768618e+006 +2.255768618e+006
606 0 +1.823145274e+006 +1.822576394e+006 +1.822576394e+006
697 0 +1.813650988e+006 +1.813082108e+006 +1.813082108e+006
755 0 +1.749844592e+006 +1.749275712e+006 +1.749275712e+006
777 0 +1.498427103e+006 +1.497858223e+006 +1.497858223e+006
779 0 +1.478439122e+006 +1.477870242e+006 +1.477870242e+006
830 0 +1.432883649e+006 +1.432314769e+006 +1.432314769e+006
840 0 +1.386077518e+006 +1.385508638e+006 +1.385508638e+006
939 0 +1.365316579e+006 +1.364747699e+006 +1.364747699e+006
1011 0 +1.257245434e+006 +1.256676554e+006 +1.256676554e+006
1139 0 +1.193459382e+006 +1.192890502e+006 +1.192890502e+006
1170 0 +1.137610861e+006 +1.137041981e+006 +1.137041981e+006
1203 0 +1.015191294e+006 +1.014622414e+006 +1.014622414e+006
1309 0 +9.807048091e+005 +9.801359291e+005 +9.801359291e+005
1326 0 +9.693548956e+005 +9.687860156e+005 +9.687860156e+005
1409 0 +9.464395008e+005 +9.458706208e+005 +9.458706208e+005
1440 0 +8.822948061e+005 +8.817259261e+005 +8.817259261e+005
1502 0 +8.396612901e+005 +8.390924101e+005 +8.390924101e+005
1504 0 +8.278396527e+005 +8.272707727e+005 +8.272707727e+005
1516 0 +7.935668023e+005 +7.929979223e+005 +7.929979223e+005
1604 0 +7.411584222e+005 +7.405895422e+005 +7.405895422e+005
1638 0 +6.923949319e+005 +6.918260519e+005 +6.918260519e+005
1697 0 +6.896032714e+005 +6.890343914e+005 +6.890343914e+005
1754 0 +6.560656389e+005 +6.554967589e+005 +6.554967589e+005
1824 0 +6.386132885e+005 +6.380444085e+005 +6.380444085e+005
1887 0 +6.126775651e+005 +6.121086851e+005 +6.121086851e+005
1937 0 +5.990619968e+005 +5.984931168e+005 +5.984931168e+005
1987 0 +5.871920312e+005 +5.866231512e+005 +5.866231512e+005
1995 0 +5.618964983e+005 +5.613276183e+005 +5.613276183e+005
2039 0 +5.473546377e+005 +5.467857577e+005 +5.467857577e+005
2095 0 +5.194599320e+005 +5.188910520e+005 +5.188910520e+005
2109 0 +5.112249370e+005 +5.106560570e+005 +5.106560570e+005
2209 0 +4.837289107e+005 +4.831600307e+005 +4.831600307e+005
2235 0 +4.768854175e+005 +4.763165375e+005 +4.763165375e+005
2365 0 +4.656051437e+005 +4.650362637e+005 +4.650362637e+005
2455 0 +4.561426902e+005 +4.555738102e+005 +4.555738102e+005
2569 0 +4.454290415e+005 +4.448601615e+005 +4.448601615e+005
2608 0 +4.337052708e+005 +4.331363908e+005 +4.331363908e+005
2713 0 +4.265026238e+005 +4.259337438e+005 +4.259337438e+005
2876 0 +4.151559227e+005 +4.145870427e+005 +4.145870427e+005
2934 0 +4.058129441e+005 +4.052440641e+005 +4.052440641e+005
3107 0 +3.980780568e+005 +3.975091768e+005 +3.975091768e+005
3306 0 +3.843490404e+005 +3.837801604e+005 +3.837801604e+005
3503 0 +3.784889995e+005 +3.779201195e+005 +3.779201195e+005
3709 0 +3.710625757e+005 +3.704936957e+005 +3.704936957e+005
4085 0 +3.598032081e+005 +3.592343281e+005 +3.592343281e+005
4223 0 +3.547750454e+005 +3.542061654e+005 +3.542061654e+005
4702 0 +3.462430773e+005 +3.456741973e+005 +3.456741973e+005
12209 0 +3.384454576e+005 +3.378765776e+005 +3.378765776e+005
12302 0 +3.310701336e+005 +3.305012536e+005 +3.305012536e+005
12407 0 +3.234111057e+005 +3.228422257e+005 +3.228422257e+005
12504 0 +3.158692591e+005 +3.153003791e+005 +3.153003791e+005
12636 0 +3.075584889e+005 +3.069896089e+005 +3.069896089e+005
12802 0 +2.995938967e+005 +2.990250167e+005 +2.990250167e+005
12908 0 +2.949639933e+005 +2.943951133e+005 +2.943951133e+005
13022 0 +2.878197340e+005 +2.872508540e+005 +2.872508540e+005
13318 0 +2.815761869e+005 +2.810073069e+005 +2.810073069e+005
13519 0 +2.751722922e+005 +2.746034122e+005 +2.746034122e+005
13808 0 +2.683571398e+005 +2.677882598e+005 +2.677882598e+005
14091 0 +2.630059098e+005 +2.624370298e+005 +2.624370298e+005
% f evaluations | g evaluations | best noise-free fitness - Fopt (2.069000000000e+001) + sum g_i+ | measured fitness | best measured fitness or single-digit g-values | x1 | x2...
1 0 +9.610016513e+006 +9.610037203e+006 +9.610037203e+006
13 0 +8.374514983e+006 +8.374535673e+006 +8.374535673e+006
216 0 +7.991639406e+006 +7.991660096e+006 +7.991660096e+006
233 0 +7.310817921e+006 +7.310838611e+006 +7.310838611e+006
243 0 +6.760400602e+006 +6.760421292e+006 +6.760421292e+006
323 0 +4.075876697e+006 +4.075897387e+006 +4.075897387e+006
430 0 +3.313973464e+006 +3.313994154e+006 +3.313994154e+006
450 0 +2.486523435e+006 +2.486544125e+006 +2.486544125e+006
571 0 +2.406065482e+006 +2.406086172e+006 +2.406086172e+006
624 0 +2.382357741e+006 +2.382378431e+006 +2.382378431e+006
630 0 +2.060913589e+006 +2.060934279e+006 +2.060934279e+006
659 0 +1.960667282e+006 +1.960687972e+006 +1.960687972e+006
723 0 +1.888105265e+006 +1.888125955e+006 +1.888125955e+006
741 0 +1.644863921e+006 +1.644884611e+006 +1.644884611e+006
829 0 +1.528634289e+006 +1.528654979e+006 +1.528654979e+006
861 0 +1.368370799e+006 +1.368391489e+006 +1.368391489e+006
930 0 +1.290343616e+006 +1.290364306e+006 +1.290364306e+006
952 0 +1.149183906e+006 +1.149204596e+006 +1.149204596e+006
1014 0 +1.131086207e+006 +1.131106897e+006 +1.131106897e+006
1020 0 +1.101885004e+006 +1.101905694e+006 +1.101905694e+006
1052 0 +1.058803255e+006 +1.058823945e+006 +1.058823945e+006
1085 0 +9.455524787e+005 +9.455731687e+005 +9.455731687e+005
1120 0 +8.895975456e+005 +8.896182356e+005 +8.896182356e+005
1131 0 +8.159220948e+005 +8.159427848e+005 +8.159427848e+005
1202 0 +7.953258841e+005 +7.953465741e+005 +7.953465741e+005
1211 0 +7.686658814e+005 +7.686865714e+005 +7.686865714e+005
1231 0 +7.340534318e+005 +7.340741218e+005 +7.340741218e+005
1234 0 +6.919031048e+005 +6.919237948e+005 +6.919237948e+005
1247 0 +6.735923733e+005 +6.736130633e+005 +6.736130633e+005
1302 0 +5.779236103e+005 +5.779443003e+005 +5.779443003e+005
1370 0 +5.335962184e+005 +5.336169084e+005 +5.336169084e+005
1482 0 +5.088015110e+005 +5.088222010e+005 +5.088222010e+005
1591 0 +4.994389220e+005 +4.994596120e+005 +4.994596120e+005
1701 0 +4.778181724e+005 +4.778388624e+005 +4.778388624e+005
1784 0 +4.676395319e+005 +4.676602219e+005 +4.676602219e+005
1817 0 +4.519345025e+005 +4.519551925e+005 +4.519551925e+005
1914 0 +4.459437834e+005 +4.459644734e+005 +4.459644734e+005
1929 0 +4.357364892e+005 +4.357571792e+005 +4.357571792e+005
2021 0 +4.247571659e+005 +4.247778559e+005 +4.247778559e+005
2110 0 +4.163318302e+005 +4.163525202e+005 +4.163525202e+005
2307 0 +4.071861773e+005 +4.072068673e+005 +4.072068673e+005
2404 0 +3.954395635e+005 +3.954602535e+005 +3.954602535e+005
2603 0 +3.814686636e+005 +3.814893536e+005 +3.814893536e+005
2703 0 +3.788082675e+005 +3.788289575e+005 +3.788289575e+005
2969 0 +3.708197093e+005 +3.708403993e+005 +3.708403993e+005
3234 0 +3.630128679e+005 +3.630335579e+005 +3.630335579e+005
5303 0 +3.548132396e+005 +3.548339296e+005 +3.548339296e+005
11906 0 +3.442523891e+005 +3.442730791e+005 +3.442730791e+005
11974 0 +3.100984973e+005 +3.101191873e+005 +3.101191873e+005
12007 0 +3.076679567e+005 +3.076886467e+005 +3.076886467e+005
12016 0 +2.988538231e+005 +2.988745131e+005 +2.988745131e+005
12073 0 +2.932764724e+005 +2.932971624e+005 +2.932971624e+005
12157 0 +2.880254471e+005 +2.880461371e+005 +2.880461371e+005
12167 0 +2.808836690e+005 +2.809043590e+005 +2.809043590e+005
12355 0 +2.735591443e+005 +2.735798343e+005 +2.735798343e+005
12407 0 +2.666886031e+005 +2.667092931e+005 +2.667092931e+005
12502 0 +2.627423426e+005 +2.627630326e+005 +2.627630326e+005
12555 0 +2.562514376e+005 +2.562721276e+005 +2.562721276e+005
12602 0 +2.466590769e+005 +2.466797669e+005 +2.466797669e+005
12641 0 +2.431644346e+005 +2.431851246e+005 +2.431851246e+005
12805 0 +2.395412969e+005 +2.395619869e+005 +2.395619869e+005
13004 0 +2.338863933e+005 +2.339070833e+005 +2.339070833e+005
13012 0 +2.285186393e+005 +2.285393293e+005 +2.285393293e+005
13308 0 +2.236266190e+005 +2.236473090e+005 +2.236473090e+005
14455 0 +2.187655493e+005 +2.187862393e+005 +2.187862393e+005
% f evaluations | g evaluations | best noise-free fitness - Fopt (5.616700000000e+002) + sum g_i+ | measured fitness | best measured fitness or single-digit g-values | x1 | x2...
1 0 +9.438597236e+006 +9.439158906e+006 +9.439158906e+006
205 0 +7.726278629e+006 +7.726840299e+006 +7.726840299e+006
290 0 +4.944638564e+006 +4.945200234e+006 +4.945200234e+006
310 0 +3.406623496e+006 +3.407185166e+006 +3.407185166e+006
407 0 +2.477444671e+006 +2.478006341e+006 +2.478006341e+006
447 0 +2.435361305e+006 +2.435922975e+006 +2.435922975e+006
548 0 +1.801239039e+006 +1.801800709e+006 +1.801800709e+006
614 0 +1.659368586e+006 +1.659930256e+006 +1.659930256e+006
705 0 +1.532793967e+006 +1.533355637e+006 +1.533355637e+006
711 0 +1.508196141e+006 +1.508757811e+006 +1.508757811e+006
716 0 +1.309601652e+006 +1.310163322e+006 +1.310163322e+006
806 0 +9.991680490e+005 +9.997297190e+005 +9.997297190e+005
839 0 +8.734590270e+005 +8.740206970e+005 +8.740206970e+005
904 0 +8.217989823e+005 +8.223606523e+005 +8.223606523e+005
936 0 +7.456620297e+005 +7.462236997e+005 +7.462236997e+005
1013 0 +7.161440171e+005 +7.167056871e+005 +7.167056871e+005
1075 0 +6.909129351e+005 +6.914746051e+005 +6.914746051e+005
1105 0 +6.596942714e+005 +6.602559414e+005 +6.602559414e+005
1131 0 +6.066031475e+005 +6.071648175e+005 +6.071648175e+005
1194 0 +5.947038112e+005 +5.952654812e+005 +5.952654812e+005
1205 0 +5.654807545e+005 +5.660424245e+005 +5.660424245e+005
1261 0 +5.553221350e+005 +5.558838050e+005 +5.558838050e+005
1304 0 +5.270463359e+005 +5.276080059e+005 +5.276080059e+005
1319 0 +4.897362669e+005 +4.902979369e+005 +4.902979369e+005
1348 0 +4.734919568e+005 +4.740536268e+005 +4.740536268e+005
1364 0 +4.195721276e+005 +4.201337976e+005 +4.201337976e+005
1406 0 +4.158533561e+005 +4.164150261e+005 +4.164150261e+005
1508 0 +4.063408431e+005 +4.069025131e+005 +4.069025131e+005
1607 0 +3.899894057e+005 +3.905510757e+005 +3.905510757e+005
1704 0 +3.730980257e+005 +3.736596957e+005 +3.736596957e+005
1782 0 +3.661187603e+005 +3.666804303e+005 +3.666804303e+005
1815 0 +3.576072584e+005 +3.581689284e+005 +3.581689284e+005
1830 0 +3.544332232e+005 +3.549948932e+005 +3.549948932e+005
1915 0 +3.433879740e+005 +3.439496440e+005 +3.439496440e+005
2002 0 +3.387991801e+005 +3.393608501e+005 +3.393608501e+005
2039 0 +3.301562221e+005 +3.307178921e+005 +3.307178921e+005
2166 0 +3.180149050e+005 +3.185765750e+005 +3.185765750e+005
2200 0 +3.155264718e+005 +3.160881418e+005 +3.160881418e+005
2209 0 +3.006117454e+005 +3.011734154e+005 +3.011734154e+005
2245 0 +2.901434591e+005 +2.907051291e+005 +2.907051291e+005
2302 0 +2.827459007e+005 +2.833075707e+005 +2.833075707e+005
2308 0 +2.817211837e+005 +2.822828537e+005 +2.822828537e+005
2343 0 +2.715208282e+005 +2.720824982e+005 +2.720824982e+005
2426 0 +2.675722045e+005 +2.681338745e+005 +2.681338745e+005
2510 0 +2.623994671e+005 +2.629611371e+005 +2.629611371e+005
2975 0 +2.565125908e+005 +2.570742608e+005 +2.570742608e+005
3320 0 +2.510142253e+005 +2.515758953e+005 +2.515758953e+005
3403 0 +2.427459619e+005 +2.433076319e+005 +2.433076319e+005
3451 0 +2.390321300e+005 +2.395938000e+005 +2.395938000e+005
3525 0 +2.342331926e+005 +2.347948626e+005 +2.347948626e+005
3760 0 +2.286591734e+005 +2.292208434e+005 +2.292208434e+005
4003 0 +2.234816104e+005 +2.240432804e+005 +2.240432804e+005
4539 0 +2.184458535e+005 +2.190075235e+005 +2.190075235e+005
5504 0 +2.137325691e+005 +2.142942391e+005 +2.142942391e+005
