% f evaluations | g evaluations | best noise-free fitness - Fopt (7.948000000000e+001) + sum g_i+ | measured fitness | best measured fitness or single-digit g-values | x1 | x2...
1 0 +1.402094080e+000 +8.088209408e+001 +8.088209408e+001 +0.0000e+000 +0.0000e+000
7 0 +7.580640719e-001 +8.023806407e+001 +8.023806407e+001 +1.8377e-001 -2.8887e-001
81 0 +6.845052343e-001 +8.016450523e+001 +8.016450523e+001 -5.3610e-001 -1.4061e+000
133 0 +6.598035161e-001 +8.013980352e+001 +8.013980352e+001 +3.8188e-001 -1.9588e+000
180 0 +2.092855603e-001 +7.968928556e+001 +7.968928556e+001 +8.9674e-003 -1.5439e+000
288 0 +1.521618084e-001 +7.963216181e+001 +7.963216181e+001 +3.7654e-001 -7.8687e-001
310 0 +1.156069901e-001 +7.959560699e+001 +7.959560699e+001 +8.2820e-002 -8.6233e-001
469 0 +6.019296550e-002 +7.954019297e+001 +7.954019297e+001 +4.0976e-001 -9.6824e-001
481 0 +1.187401334e-002 +7.949187401e+001 +7.949187401e+001 +2.8656e-001 -1.2604e+000
496 0 +3.537611752e-003 +7.948353761e+001 +7.948353761e+001 +2.2936e-001 -1.2115e+000
893 0 +2.261641899e-003 +7.948226164e+001 +7.948226164e+001 +2.4900e-001 -1.2042e+000
946 0 +8.164391657e-005 +7.948008164e+001 +7.948008164e+001 +2.5733e-001 -1.1646e+000
1419 0 +1.014476382e-006 +7.948000101e+001 +7.948000101e+001 +2.5367e-001 -1.1563e+000
1925 0 +7.476363777e-007 +7.948000075e+001 +7.948000075e+001 +2.5248e-001 -1.1576e+000
1929 0 +7.094070895e-007 +7.948000071e+001 +7.948000071e+001 +2.5252e-001 -1.1560e+000
1931 0 +4.421824826e-007 +7.948000044e+001 +7.948000044e+001 +2.5223e-001 -1.1565e+000
2131 0 +3.511874525e-007 +7.948000035e+001 +7.948000035e+001 +2.5226e-001 -1.1565e+000
2194 0 +7.224269893e-008 +7.948000007e+001 +7.948000007e+001 +2.5297e-001 -1.1570e+000
2206 0 +6.313273104e-008 +7.948000006e+001 +7.948000006e+001 +2.5295e-001 -1.1566e+000
2331 0 +5.504007561e-008 +7.948000006e+001 +7.948000006e+001 +2.5274e-001 -1.1570e+000
2459 0 +4.832602940e-008 +7.948000005e+001 +7.948000005e+001 +2.5301e-001 -1.1567e+000
2580 0 +1.685884854e-008 +7.948000002e+001 +7.948000002e+001 +2.5285e-001 -1.1569e+000
2923 0 +2.062677140e-009 +7.948000000e+001 +7.948000000e+001 +2.5283e-001 -1.1568e+000
5356 0 +0.000000000e+000 +7.948000000e+001 +7.948000000e+001 +2.5280e-001 -1.1568e+000
% f evaluations | g evaluations | best noise-free fitness - Fopt (3.944800000000e+002) + sum g_i+ | measured fitness | best measured fitness or single-digit g-values | x1 | x2...
1 0 +2.355193472e+001 +4.180319347e+002 +4.180319347e+002 +0.0000e+000 +0.0000e+000
5 0 +2.567650421e-001 +3.947367650e+002 +3.947367650e+002 -3.3946e+000 -2.8365e+000
137 0 +2.271591787e-001 +3.947071592e+002 +3.947071592e+002 -3.4448e+000 -3.0367e+000
143 0 +1.713144460e-001 +3.946513144e+002 +3.946513144e+002 -3.4867e+000 -2.8482e+000
318 0 +1.661719756e-001 +3.946461720e+002 +3.946461720e+002 -4.2851e+000 -3.0195e+000
320 0 +4.049576471e-002 +3.945204958e+002 +3.945204958e+002 -4.0068e+000 -2.7208e+000
620 0 +1.572347442e-002 +3.944957235e+002 +3.944957235e+002 -3.9840e+000 -2.9821e+000
682 0 +1.423257044e-002 +3.944942326e+002 +3.944942326e+002 -3.9632e+000 -2.7902e+000
703 0 +4.992727704e-004 +3.944804993e+002 +3.944804993e+002 -3.8856e+000 -2.8721e+000
1317 0 +3.558144033e-005 +3.944800356e+002 +3.944800356e+002 -3.9000e+000 -2.8846e+000
1583 0 +1.169386672e-005 +3.944800117e+002 +3.944800117e+002 -3.8961e+000 -2.8878e+000
1710 0 +1.100278797e-005 +3.944800110e+002 +3.944800110e+002 -3.8980e+000 -2.8937e+000
1919 0 +8.223692703e-006 +3.944800082e+002 +3.944800082e+002 -3.9012e+000 -2.8911e+000
1988 0 +4.831617957e-006 +3.944800048e+002 +3.944800048e+002 -3.8966e+000 -2.8891e+000
2095 0 +1.741702249e-006 +3.944800017e+002 +3.944800017e+002 -3.8996e+000 -2.8898e+000
2152 0 +5.805720207e-007 +3.944800006e+002 +3.944800006e+002 -3.8977e+000 -2.8902e+000
2188 0 +5.109416179e-007 +3.944800005e+002 +3.944800005e+002 -3.8987e+000 -2.8897e+000
2228 0 +4.615702665e-007 +3.944800005e+002 +3.944800005e+002 -3.8988e+000 -2.8898e+000
2259 0 +5.609041409e-008 +3.944800001e+002 +3.944800001e+002 -3.8984e+000 -2.8902e+000
2436 0 +3.875101129e-008 +3.944800000e+002 +3.944800000e+002 -3.8986e+000 -2.8904e+000
2871 0 +4.415539934e-009 +3.944800000e+002 +3.944800000e+002 -3.8984e+000 -2.8905e+000
4382 0 +0.000000000e+000 +3.944800000e+002 +3.944800000e+002 -3.8984e+000 -2.8904e+000
% f evaluations | g evaluations | best noise-free fitness - Fopt (-2.471100000000e+002) + sum g_i+ | measured fitness | best measured fitness or single-digit g-values | x1 | x2...
1 0 +1.446913280e+001 -2.326408672e+002 -2.326408672e+002 +0.0000e+000 +0.0000e+000
3 0 +1.410709085e+001 -2.330029092e+002 -2.330029092e+002 -1.3711e+000 -2.6630e+000
10 0 +1.118982347e+001 -2.359201765e+002 -2.359201765e+002 -4.1978e+000 +3.5244e+000
18 0 +1.678095888e+000 -2.454319041e+002 -2.454319041e+002 -4.7685e+000 -6.5528e-001
146 0 +5.105695899e-001 -2.465994304e+002 -2.465994304e+002 -4.5126e+000 +2.2684e-001
174 0 +2.669384610e-001 -2.468430615e+002 -2.468430615e+002 -3.4686e+000 +6.0087e-001
343 0 +2.805470013e-002 -2.470819453e+002 -2.470819453e+002 -3.8833e+000 +3.4760e-001
438 0 +1.378679423e-002 -2.470962132e+002 -2.470962132e+002 -3.9143e+000 +1.8435e-001
764 0 +9.840401675e-003 -2.471001596e+002 -2.471001596e+002 -3.8286e+000 +2.9770e-001
820 0 +5.876239381e-003 -2.471041238e+002 -2.471041238e+002 -3.8522e+000 +2.5785e-001
884 0 +2.357351865e-003 -2.471076426e+002 -2.471076426e+002 -3.8444e+000 +2.1879e-001
908 0 +4.011871799e-004 -2.471095988e+002 -2.471095988e+002 -3.8066e+000 +1.8492e-001
1109 0 +2.720830532e-004 -2.471097279e+002 -2.471097279e+002 -3.8139e+000 +1.9752e-001
1164 0 +2.755327341e-005 -2.471099724e+002 -2.471099724e+002 -3.8027e+000 +2.0618e-001
1252 0 +3.112100700e-006 -2.471099969e+002 -2.471099969e+002 -3.7980e+000 +2.0491e-001
1690 0 +2.631504231e-006 -2.471099974e+002 -2.471099974e+002 -3.7973e+000 +2.0438e-001
2031 0 +4.954661392e-007 -2.471099995e+002 -2.471099995e+002 -3.7979e+000 +2.0371e-001
2045 0 +2.836262070e-008 -2.471100000e+002 -2.471100000e+002 -3.7985e+000 +2.0308e-001
2864 0 +1.706459329e-008 -2.471100000e+002 -2.471100000e+002 -3.7984e+000 +2.0307e-001
2927 0 +1.626108315e-008 -2.471100000e+002 -2.471100000e+002 -3.7983e+000 +2.0310e-001
2991 0 +1.422409923e-008 -2.471100000e+002 -2.471100000e+002 -3.7984e+000 +2.0308e-001
3062 0 +1.384773896e-008 -2.471100000e+002 -2.471100000e+002 -3.7983e+000 +2.0324e-001
3192 0 +1.253241066e-008 -2.471100000e+002 -2.471100000e+002 -3.7983e+000 +2.0322e-001
3236 0 +1.188874421e-008 -2.471100000e+002 -2.471100000e+002 -3.7984e+000 +2.0310e-001
3291 0 +6.363876537e-009 -2.471100000e+002 -2.471100000e+002 -3.7984e+000 +2.0312e-001
5145 0 +0.000000000e+000 -2.471100000e+002 -2.471100000e+002 -3.7984e+000 +2.0320e-001
% f evaluations | g evaluations | best noise-free fitness - Fopt (-1.520400000000e+002) + sum g_i+ | measured fitness | best measured fitness or single-digit g-values | x1 | x2...
1 0 +2.099171840e+000 -1.499408282e+002 -1.499408282e+002 +0.0000e+000 +0.0000e+000
4 0 +2.087845788e+000 -1.499521542e+002 -1.499521542e+002 -1.3116e+000 +4.2545e-001
5 0 +8.678066244e-001 -1.511721934e+002 -1.511721934e+002 -1.1048e+000 +1.0162e+000
17 0 +3.614551154e-001 -1.516785449e+002 -1.516785449e+002 +3.0011e-001 +1.6230e+000
28 0 +2.246942001e-001 -1.518153058e+002 -1.518153058e+002 -7.4014e-001 +1.4560e+000
117 0 +1.873383209e-001 -1.518526617e+002 -1.518526617e+002 -6.7691e-001 +1.5636e+000
212 0 +1.747760465e-001 -1.518652240e+002 -1.518652240e+002 -2.9634e-001 +1.0070e+000
253 0 +3.007612589e-002 -1.520099239e+002 -1.520099239e+002 -2.5935e-001 +1.5972e+000
412 0 +2.549719160e-002 -1.520145028e+002 -1.520145028e+002 -1.1956e-001 +1.3632e+000
537 0 +1.235806645e-002 -1.520276419e+002 -1.520276419e+002 -2.8519e-001 +1.5337e+000
691 0 +1.212904080e-003 -1.520387871e+002 -1.520387871e+002 -2.8465e-001 +1.3939e+000
845 0 +1.639402761e-004 -1.520398361e+002 -1.520398361e+002 -2.7776e-001 +1.4168e+000
1027 0 +1.305884034e-004 -1.520398694e+002 -1.520398694e+002 -2.5581e-001 +1.4231e+000
1245 0 +5.974826874e-005 -1.520399403e+002 -1.520399403e+002 -2.7157e-001 +1.4304e+000
1366 0 +5.687510202e-005 -1.520399431e+002 -1.520399431e+002 -2.6817e-001 +1.4165e+000
1445 0 +4.855137328e-005 -1.520399514e+002 -1.520399514e+002 -2.7096e-001 +1.4181e+000
1502 0 +1.250431137e-005 -1.520399875e+002 -1.520399875e+002 -2.6717e-001 +1.4275e+000
1671 0 +8.498064602e-006 -1.520399915e+002 -1.520399915e+002 -2.6640e-001 +1.4268e+000
1811 0 +7.837238087e-006 -1.520399922e+002 -1.520399922e+002 -2.6596e-001 +1.4265e+000
1945 0 +1.657801334e-006 -1.520399983e+002 -1.520399983e+002 -2.6724e-001 +1.4227e+000
1971 0 +1.450285652e-006 -1.520399985e+002 -1.520399985e+002 -2.6716e-001 +1.4252e+000
2050 0 +2.179276635e-007 -1.520399998e+002 -1.520399998e+002 -2.6752e-001 +1.4243e+000
2250 0 +2.108601507e-007 -1.520399998e+002 -1.520399998e+002 -2.6753e-001 +1.4243e+000
2453 0 +1.185300107e-007 -1.520399999e+002 -1.520399999e+002 -2.6754e-001 +1.4240e+000
2511 0 +5.556941574e-008 -1.520399999e+002 -1.520399999e+002 -2.6742e-001 +1.4241e+000
2604 0 +3.051223985e-008 -1.520400000e+002 -1.520400000e+002 -2.6720e-001 +1.4242e+000
2664 0 +2.883263051e-008 -1.520400000e+002 -1.520400000e+002 -2.6711e-001 +1.4239e+000
2894 0 +1.595012122e-008 -1.520400000e+002 -1.520400000e+002 -2.6721e-001 +1.4241e+000
2950 0 +6.572577149e-009 -1.520400000e+002 -1.520400000e+002 -2.6728e-001 +1.4240e+000
4992 0 +0.000000000e+000 -1.520400000e+002 -1.520400000e+002 -2.6720e-001 +1.4240e+000
% f evaluations | g evaluations | best noise-free fitness - Fopt (-2.525000000000e+001) + sum g_i+ | measured fitness | best measured fitness or single-digit g-values | x1 | x2...
1 0 +1.346736640e+001 -1.178263360e+001 -1.178263360e+001 +0.0000e+000 +0.0000e+000
2 0 +2.595452981e+000 -2.265454702e+001 -2.265454702e+001 +3.3064e+000 +2.2165e+000
6 0 +1.381680115e+000 -2.386831989e+001 -2.386831989e+001 +2.7333e+000 -1.4286e-001
43 0 +2.925676535e-002 -2.522074323e+001 -2.522074323e+001 +3.6967e+000 +7.8513e-001
327 0 +1.999897569e-002 -2.523000102e+001 -2.523000102e+001 +3.5335e+000 +7.5116e-001
501 0 +1.453894604e-002 -2.523546105e+001 -2.523546105e+001 +3.6120e+000 +5.1465e-001
547 0 +1.179685324e-002 -2.523820315e+001 -2.523820315e+001 +3.6488e+000 +7.3822e-001
570 0 +8.513002163e-004 -2.524914870e+001 -2.524914870e+001 +3.6106e+000 +6.6413e-001
840 0 +4.033806128e-004 -2.524959662e+001 -2.524959662e+001 +3.6226e+000 +6.5353e-001
1167 0 +2.636296457e-005 -2.524997364e+001 -2.524997364e+001 +3.6178e+000 +6.3133e-001
1257 0 +1.136973398e-005 -2.524998863e+001 -2.524998863e+001 +3.6160e+000 +6.3222e-001
1593 0 +6.885124108e-006 -2.524999311e+001 -2.524999311e+001 +3.6148e+000 +6.3261e-001
1598 0 +5.346173314e-006 -2.524999465e+001 -2.524999465e+001 +3.6157e+000 +6.3332e-001
1709 0 +3.627132873e-006 -2.524999637e+001 -2.524999637e+001 +3.6133e+000 +6.3678e-001
1818 0 +6.822918195e-007 -2.524999932e+001 -2.524999932e+001 +3.6146e+000 +6.3599e-001
1860 0 +6.037395934e-007 -2.524999940e+001 -2.524999940e+001 +3.6139e+000 +6.3583e-001
2018 0 +5.926584983e-007 -2.524999941e+001 -2.524999941e+001 +3.6151e+000 +6.3486e-001
2145 0 +4.784196399e-007 -2.524999952e+001 -2.524999952e+001 +3.6151e+000 +6.3526e-001
2218 0 +4.393479855e-007 -2.524999956e+001 -2.524999956e+001 +3.6150e+000 +6.3504e-001
2229 0 +3.090930072e-007 -2.524999969e+001 -2.524999969e+001 +3.6141e+000 +6.3565e-001
2282 0 +1.676068493e-007 -2.524999983e+001 -2.524999983e+001 +3.6140e+000 +6.3537e-001
2318 0 +1.279819983e-007 -2.524999987e+001 -2.524999987e+001 +3.6145e+000 +6.3485e-001
2477 0 +1.064498818e-007 -2.524999989e+001 -2.524999989e+001 +3.6145e+000 +6.3550e-001
2539 0 +2.029679180e-008 -2.524999998e+001 -2.524999998e+001 +3.6145e+000 +6.3508e-001
2819 0 +1.094245405e-008 -2.524999999e+001 -2.524999999e+001 +3.6145e+000 +6.3523e-001
2901 0 +3.985487496e-009 -2.525000000e+001 -2.525000000e+001 +3.6144e+000 +6.3514e-001
5538 0 +0.000000000e+000 -2.525000000e+001 -2.525000000e+001 +3.6144e+000 +6.3520e-001
% f evaluations | g evaluations | best noise-free fitness - Fopt (1.830100000000e+002) + sum g_i+ | measured fitness | best measured fitness or single-digit g-values | x1 | x2...
1 0 +1.419234624e+001 +1.972023462e+002 +1.972023462e+002 +0.0000e+000 +0.0000e+000
3 0 +5.077297280e-001 +1.835177297e+002 +1.835177297e+002 -2.5481e+000 +2.5219e+000
115 0 +2.099521937e-001 +1.832199522e+002 +1.832199522e+002 -2.2897e+000 +2.6715e+000
202 0 +2.130212021e-002 +1.830313021e+002 +1.830313021e+002 -2.1396e+000 +2.9573e+000
347 0 +7.946766007e-003 +1.830179468e+002 +1.830179468e+002 -2.2170e+000 +3.0660e+000
604 0 +2.328694278e-003 +1.830123287e+002 +1.830123287e+002 -2.1497e+000 +3.1495e+000
632 0 +2.208618410e-003 +1.830122086e+002 +1.830122086e+002 -2.1409e+000 +3.1499e+000
845 0 +1.754687241e-003 +1.830117547e+002 +1.830117547e+002 -2.0976e+000 +3.0865e+000
850 0 +2.141600964e-004 +1.830102142e+002 +1.830102142e+002 -2.1215e+000 +3.1052e+000
1193 0 +1.587651803e-004 +1.830101588e+002 +1.830101588e+002 -2.1277e+000 +3.0937e+000
1268 0 +5.105659170e-006 +1.830100051e+002 +1.830100051e+002 -2.1374e+000 +3.1049e+000
1524 0 +1.255417914e-006 +1.830100013e+002 +1.830100013e+002 -2.1349e+000 +3.1032e+000
1668 0 +4.088281003e-007 +1.830100004e+002 +1.830100004e+002 -2.1355e+000 +3.1035e+000
1922 0 +2.411571529e-007 +1.830100002e+002 +1.830100002e+002 -2.1361e+000 +3.1037e+000
2128 0 +2.278895579e-007 +1.830100002e+002 +1.830100002e+002 -2.1362e+000 +3.1028e+000
2194 0 +8.101920912e-008 +1.830100001e+002 +1.830100001e+002 -2.1360e+000 +3.1035e+000
2322 0 +2.331938731e-008 +1.830100000e+002 +1.830100000e+002 -2.1361e+000 +3.1033e+000
2414 0 +2.023745083e-008 +1.830100000e+002 +1.830100000e+002 -2.1361e+000 +3.1031e+000
2522 0 +1.202533895e-008 +1.830100000e+002 +1.830100000e+002 -2.1361e+000 +3.1032e+000
2614 0 +1.064526600e-008 +1.830100000e+002 +1.830100000e+002 -2.1361e+000 +3.1032e+000
2622 0 +7.348631925e-009 +1.830100000e+002 +1.830100000e+002 -2.1361e+000 +3.1033e+000
5202 0 +0.000000000e+000 +1.830100000e+002 +1.830100000e+002 -2.1360e+000 +3.1032e+000
% f evaluations | g evaluations | best noise-free fitness - Fopt (1.835200000000e+002) + sum g_i+ | measured fitness | best measured fitness or single-digit g-values | x1 | x2...
1 0 +1.553667712e+001 +1.990566771e+002 +1.990566771e+002 +0.0000e+000 +0.0000e+000
2 0 +6.797328290e+000 +1.903173283e+002 +1.903173283e+002 +2.5810e+000 -4.0956e+000
7 0 +4.030707966e+000 +1.875507080e+002 +1.875507080e+002 +1.9753e+000 -4.1489e+000
19 0 +2.441848764e-001 +1.837641849e+002 +1.837641849e+002 +2.9041e-001 -4.3248e+000
231 0 +9.686553084e-002 +1.836168655e+002 +1.836168655e+002 -2.3618e-001 -3.7162e+000
407 0 +7.373281054e-002 +1.835937328e+002 +1.835937328e+002 +2.3062e-001 -3.8410e+000
435 0 +6.315283198e-002 +1.835831528e+002 +1.835831528e+002 +1.2692e-001 -3.7389e+000
451 0 +3.594270145e-002 +1.835559427e+002 +1.835559427e+002 +1.6793e-001 -3.9462e+000
478 0 +2.236804485e-002 +1.835423680e+002 +1.835423680e+002 -8.1260e-002 -4.0787e+000
614 0 +6.324921218e-003 +1.835263249e+002 +1.835263249e+002 +4.6352e-002 -3.9003e+000
657 0 +6.830520489e-004 +1.835206831e+002 +1.835206831e+002 -2.8768e-002 -3.9165e+000
931 0 +4.017563267e-004 +1.835204018e+002 +1.835204018e+002 -1.6606e-002 -3.9610e+000
1019 0 +3.539540841e-004 +1.835203540e+002 +1.835203540e+002 -1.5081e-002 -3.9592e+000
1114 0 +1.485324547e-004 +1.835201485e+002 +1.835201485e+002 -1.2639e-002 -3.9333e+000
1278 0 +6.852362787e-005 +1.835200685e+002 +1.835200685e+002 -2.1159e-002 -3.9333e+000
1333 0 +4.443817028e-005 +1.835200444e+002 +1.835200444e+002 -1.9781e-002 -3.9480e+000
1594 0 +1.732622718e-005 +1.835200173e+002 +1.835200173e+002 -1.7958e-002 -3.9436e+000
1623 0 +1.288108754e-005 +1.835200129e+002 +1.835200129e+002 -1.8280e-002 -3.9402e+000
1823 0 +1.124069962e-005 +1.835200112e+002 +1.835200112e+002 -1.8272e-002 -3.9420e+000
1845 0 +9.037641178e-006 +1.835200090e+002 +1.835200090e+002 -2.3095e-002 -3.9442e+000
1878 0 +5.955931044e-006 +1.835200060e+002 +1.835200060e+002 -2.0076e-002 -3.9397e+000
1894 0 +2.636925785e-006 +1.835200026e+002 +1.835200026e+002 -2.0602e-002 -3.9403e+000
1973 0 +2.546523291e-006 +1.835200025e+002 +1.835200025e+002 -2.3139e-002 -3.9412e+000
2042 0 +4.238545159e-007 +1.835200004e+002 +1.835200004e+002 -2.1871e-002 -3.9422e+000
2373 0 +1.306358968e-007 +1.835200001e+002 +1.835200001e+002 -2.1961e-002 -3.9416e+000
2633 0 +4.952221389e-008 +1.835200000e+002 +1.835200000e+002 -2.1768e-002 -3.9417e+000
2679 0 +2.636042495e-008 +1.835200000e+002 +1.835200000e+002 -2.1468e-002 -3.9417e+000
2773 0 +1.704808028e-008 +1.835200000e+002 +1.835200000e+002 -2.1593e-002 -3.9415e+000
2819 0 +4.511718998e-009 +1.835200000e+002 +1.835200000e+002 -2.1666e-002 -3.9416e+000
5116 0 +0.000000000e+000 +1.835200000e+002 +1.835200000e+002 -2.1600e-002 -3.9416e+000
% f evaluations | g evaluations | best noise-free fitness - Fopt (-5.938400000000e+002) + sum g_i+ | measured fitness | best measured fitness or single-digit g-values | x1 | x2...
1 0 +6.611755520e+000 -5.872282445e+002 -5.872282445e+002 +0.0000e+000 +0.0000e+000
6 0 +6.143296868e+000 -5.876967031e+002 -5.876967031e+002 -3.1333e+000 +2.5080e+000
18 0 +4.476486683e+000 -5.893635133e+002 -5.893635133e+002 -4.4124e+000 -9.4517e-001
24 0 +4.070391891e+000 -5.897696081e+002 -5.897696081e+002 -2.2549e+000 +2.0872e+000
40 0 +3.419718872e+000 -5.904202811e+002 -5.904202811e+002 -7.3966e-001 +3.6093e-001
44 0 +2.444752483e+000 -5.913952475e+002 -5.913952475e+002 -1.0076e+000 +1.6489e-001
100 0 +1.194725713e-001 -5.937205274e+002 -5.937205274e+002 -2.6918e+000 +4.1772e-001
252 0 +8.393478632e-002 -5.937560652e+002 -5.937560652e+002 -2.8589e+000 +1.0979e-001
292 0 +4.578213500e-002 -5.937942179e+002 -5.937942179e+002 -2.6944e+000 -7.9419e-002
391 0 +4.021343219e-002 -5.937997866e+002 -5.937997866e+002 -2.5753e+000 -1.0605e-001
523 0 +1.611466985e-002 -5.938238853e+002 -5.938238853e+002 -2.4468e+000 +6.2274e-002
557 0 +6.143483662e-003 -5.938338565e+002 -5.938338565e+002 -2.6026e+000 +1.6550e-001
584 0 +1.398644661e-003 -5.938386014e+002 -5.938386014e+002 -2.6051e+000 +1.0630e-001
844 0 +5.021462755e-004 -5.938394979e+002 -5.938394979e+002 -2.5558e+000 +1.1205e-001
1206 0 +4.569855629e-004 -5.938395430e+002 -5.938395430e+002 -2.5489e+000 +8.9206e-002
1209 0 +1.115394317e-004 -5.938398885e+002 -5.938398885e+002 -2.5758e+000 +1.0294e-001
1560 0 +4.264351890e-005 -5.938399574e+002 -5.938399574e+002 -2.5679e+000 +8.8108e-002
1594 0 +4.002133619e-005 -5.938399600e+002 -5.938399600e+002 -2.5679e+000 +1.0048e-001
1618 0 +1.736756292e-005 -5.938399826e+002 -5.938399826e+002 -2.5726e+000 +9.7253e-002
1623 0 +1.655819767e-005 -5.938399834e+002 -5.938399834e+002 -2.5710e+000 +9.8204e-002
1723 0 +9.237017252e-006 -5.938399908e+002 -5.938399908e+002 -2.5688e+000 +9.1461e-002
1818 0 +6.329751500e-006 -5.938399937e+002 -5.938399937e+002 -2.5718e+000 +9.3264e-002
1844 0 +2.357796575e-006 -5.938399976e+002 -5.938399976e+002 -2.5702e+000 +9.5830e-002
1878 0 +2.066346838e-006 -5.938399979e+002 -5.938399979e+002 -2.5704e+000 +9.3196e-002
2023 0 +1.306986292e-006 -5.938399987e+002 -5.938399987e+002 -2.5706e+000 +9.3788e-002
2095 0 +9.049877008e-007 -5.938399991e+002 -5.938399991e+002 -2.5686e+000 +9.4353e-002
2280 0 +5.868835160e-007 -5.938399994e+002 -5.938399994e+002 -2.5703e+000 +9.4780e-002
2298 0 +6.055756785e-008 -5.938399999e+002 -5.938399999e+002 -2.5694e+000 +9.4539e-002
2680 0 +5.868128028e-008 -5.938399999e+002 -5.938399999e+002 -2.5694e+000 +9.4402e-002
2807 0 +4.386254204e-008 -5.938400000e+002 -5.938400000e+002 -2.5694e+000 +9.4406e-002
2823 0 +2.746730843e-008 -5.938400000e+002 -5.938400000e+002 -2.5696e+000 +9.4236e-002
2861 0 +1.600949417e-008 -5.938400000e+002 -5.938400000e+002 -2.5696e+000 +9.4274e-002
2969 0 +3.226205081e-009 -5.938400000e+002 -5.938400000e+002 -2.5696e+000 +9.4364e-002
5171 0 +0.000000000e+000 -5.938400000e+002 -5.938400000e+002 -2.5696e+000 +9.4400e-002
% f evaluations | g evaluations | best noise-free fitness - Fopt (-1.000000000000e+003) + sum g_i+ | measured fitness | best measured fitness or single-digit g-values | x1 | x2...
1 0 +2.961425408e+001 -9.703857459e+002 -9.703857459e+002 +0.0000e+000 +0.0000e+000
2 0 +8.323798382e-001 -9.991676202e+002 -9.991676202e+002 -3.7550e+000 +4.7609e+000
47 0 +7.165171009e-001 -9.992834829e+002 -9.992834829e+002 -4.4955e+000 +4.3923e+000
48 0 +3.411555169e-001 -9.996588445e+002 -9.996588445e+002 -3.2786e+000 +3.7031e+000
108 0 +2.036391462e-001 -9.997963609e+002 -9.997963609e+002 -4.2581e+000 +4.0304e+000
196 0 +1.529263899e-001 -9.998470736e+002 -9.998470736e+002 -3.4821e+000 +4.0029e+000
329 0 +4.373464327e-002 -9.999562654e+002 -9.999562654e+002 -3.7660e+000 +4.0471e+000
367 0 +1.027700599e-002 -9.999897230e+002 -9.999897230e+002 -3.8856e+000 +3.9449e+000
551 0 +4.777735239e-003 -9.999952223e+002 -9.999952223e+002 -3.8361e+000 +3.7840e+000
629 0 +3.944671868e-003 -9.999960553e+002 -9.999960553e+002 -3.8707e+000 +3.9093e+000
641 0 +3.370581997e-003 -9.999966294e+002 -9.999966294e+002 -3.9006e+000 +3.8439e+000
789 0 +7.587944145e-004 -9.999992412e+002 -9.999992412e+002 -3.8382e+000 +3.8799e+000
818 0 +4.466596862e-004 -9.999995533e+002 -9.999995533e+002 -3.8390e+000 +3.8735e+000
994 0 +2.160718744e-004 -9.999997839e+002 -9.999997839e+002 -3.8574e+000 +3.8489e+000
1061 0 +1.753415761e-004 -9.999998247e+002 -9.999998247e+002 -3.8384e+000 +3.8651e+000
1323 0 +1.255174534e-004 -9.999998745e+002 -9.999998745e+002 -3.8321e+000 +3.8540e+000
1408 0 +1.129062572e-004 -9.999998871e+002 -9.999998871e+002 -3.8394e+000 +3.8627e+000
1456 0 +1.033374126e-004 -9.999998967e+002 -9.999998967e+002 -3.8405e+000 +3.8626e+000
1517 0 +1.022998925e-004 -9.999998977e+002 -9.999998977e+002 -3.8524e+000 +3.8569e+000
1532 0 +7.634249187e-005 -9.999999237e+002 -9.999999237e+002 -3.8377e+000 +3.8596e+000
1546 0 +3.532238338e-005 -9.999999647e+002 -9.999999647e+002 -3.8389e+000 +3.8487e+000
1594 0 +2.637428781e-005 -9.999999736e+002 -9.999999736e+002 -3.8474e+000 +3.8557e+000
1625 0 +1.818402620e-005 -9.999999818e+002 -9.999999818e+002 -3.8390e+000 +3.8521e+000
1646 0 +4.497264513e-006 -9.999999955e+002 -9.999999955e+002 -3.8448e+000 +3.8541e+000
1808 0 +1.972925020e-006 -9.999999980e+002 -9.999999980e+002 -3.8425e+000 +3.8516e+000
1932 0 +5.403927616e-007 -9.999999995e+002 -9.999999995e+002 -3.8426e+000 +3.8533e+000
1957 0 +2.790532108e-007 -9.999999997e+002 -9.999999997e+002 -3.8437e+000 +3.8530e+000
2277 0 +2.065323770e-007 -9.999999998e+002 -9.999999998e+002 -3.8431e+000 +3.8524e+000
2309 0 +4.550713584e-008 -1.000000000e+003 -1.000000000e+003 -3.8430e+000 +3.8528e+000
2509 0 +3.379909685e-010 -1.000000000e+003 -1.000000000e+003 -3.8432e+000 +3.8528e+000
4991 0 +0.000000000e+000 -1.000000000e+003 -1.000000000e+003 -3.8432e+000 +3.8528e+000
% f evaluations | g evaluations | best noise-free fitness - Fopt (-2.531000000000e+001) + sum g_i+ | measured fitness | best measured fitness or single-digit g-values | x1 | x2...
1 0 +2.451324928e+001 -7.967507200e-001 -7.967507200e-001 +0.0000e+000 +0.0000e+000
6 0 +2.059094645e+001 -4.719053553e+000 -4.719053553e+000 +4.2197e+000 -9.4236e-001
8 0 +1.407232281e+000 -2.390276772e+001 -2.390276772e+001 +3.1363e+000 +2.3941e+000
9 0 +5.398340110e-001 -2.477016599e+001 -2.477016599e+001 +3.7665e+000 +4.2045e+000
164 0 +2.671937996e-001 -2.504280620e+001 -2.504280620e+001 +3.9261e+000 +3.7738e+000
178 0 +1.742320633e-001 -2.513576794e+001 -2.513576794e+001 +3.4691e+000 +3.1154e+000
209 0 +1.564318261e-001 -2.515356817e+001 -2.515356817e+001 +3.6538e+000 +3.8824e+000
230 0 +1.124885782e-001 -2.519751142e+001 -2.519751142e+001 +3.2695e+000 +3.2631e+000
316 0 +9.590314192e-002 -2.521409686e+001 -2.521409686e+001 +3.7638e+000 +3.6271e+000
398 0 +6.222495439e-002 -2.524777505e+001 -2.524777505e+001 +3.3247e+000 +3.7364e+000
449 0 +4.506093465e-002 -2.526493907e+001 -2.526493907e+001 +3.6069e+000 +3.6940e+000
492 0 +3.770280514e-003 -2.530622972e+001 -2.530622972e+001 +3.5302e+000 +3.5311e+000
629 0 +1.348073123e-003 -2.530865193e+001 -2.530865193e+001 +3.4533e+000 +3.5661e+000
856 0 +6.270217803e-004 -2.530937298e+001 -2.530937298e+001 +3.4932e+000 +3.5384e+000
1116 0 +5.725164016e-004 -2.530942748e+001 -2.530942748e+001 +3.4705e+000 +3.5567e+000
1152 0 +1.958544063e-004 -2.530980415e+001 -2.530980415e+001 +3.4568e+000 +3.5400e+000
1153 0 +8.277424999e-005 -2.530991723e+001 -2.530991723e+001 +3.4649e+000 +3.5410e+000
1226 0 +5.004083179e-005 -2.530994996e+001 -2.530994996e+001 +3.4745e+000 +3.5286e+000
1426 0 +3.514852371e-005 -2.530996485e+001 -2.530996485e+001 +3.4743e+000 +3.5306e+000
1524 0 +3.344885272e-005 -2.530996655e+001 -2.530996655e+001 +3.4639e+000 +3.5359e+000
1702 0 +4.311083412e-006 -2.530999569e+001 -2.530999569e+001 +3.4668e+000 +3.5321e+000
1708 0 +2.159400722e-006 -2.530999784e+001 -2.530999784e+001 +3.4677e+000 +3.5318e+000
1721 0 +1.250491017e-006 -2.530999875e+001 -2.530999875e+001 +3.4681e+000 +3.5320e+000
2015 0 +8.476678630e-007 -2.530999915e+001 -2.530999915e+001 +3.4689e+000 +3.5319e+000
2348 0 +6.317189474e-007 -2.530999937e+001 -2.530999937e+001 +3.4684e+000 +3.5321e+000
2417 0 +1.841430866e-007 -2.530999982e+001 -2.530999982e+001 +3.4692e+000 +3.5327e+000
2566 0 +1.219249093e-007 -2.530999988e+001 -2.530999988e+001 +3.4691e+000 +3.5326e+000
2615 0 +2.937659005e-008 -2.530999997e+001 -2.530999997e+001 +3.4687e+000 +3.5329e+000
2675 0 +1.970638053e-008 -2.530999998e+001 -2.530999998e+001 +3.4689e+000 +3.5329e+000
2815 0 +1.408106343e-008 -2.530999999e+001 -2.530999999e+001 +3.4689e+000 +3.5329e+000
2864 0 +9.839911996e-009 -2.530999999e+001 -2.530999999e+001 +3.4689e+000 +3.5329e+000
5566 0 +0.000000000e+000 -2.531000000e+001 -2.531000000e+001 +3.4688e+000 +3.5328e+000
% f evaluations | g evaluations | best noise-free fitness - Fopt (2.228000000000e+001) + sum g_i+ | measured fitness | best measured fitness or single-digit g-values | x1 | x2...
1 0 +5.153022080e+000 +2.743302208e+001 +2.743302208e+001 +0.0000e+000 +0.0000e+000
15 0 +3.641695103e+000 +2.592169510e+001 +2.592169510e+001 +3.1383e+000 -9.6174e-001
43 0 +2.501878298e+000 +2.478187830e+001 +2.478187830e+001 +1.4685e+000 -3.3576e+000
48 0 +3.065451390e-001 +2.258654514e+001 +2.258654514e+001 +1.1823e+000 -1.2734e+000
323 0 +5.258056882e-003 +2.228525806e+001 +2.228525806e+001 +1.4266e+000 -1.8480e+000
742 0 +3.202399300e-003 +2.228320240e+001 +2.228320240e+001 +1.4374e+000 -1.8277e+000
813 0 +2.692116190e-003 +2.228269212e+001 +2.228269212e+001 +1.4170e+000 -1.7251e+000
848 0 +6.871276290e-004 +2.228068713e+001 +2.228068713e+001 +1.4094e+000 -1.7508e+000
909 0 +1.977459280e-004 +2.228019775e+001 +2.228019775e+001 +1.4005e+000 -1.7837e+000
1273 0 +1.530382377e-004 +2.228015304e+001 +2.228015304e+001 +1.4248e+000 -1.7738e+000
1360 0 +6.948032404e-005 +2.228006948e+001 +2.228006948e+001 +1.4186e+000 -1.7828e+000
1370 0 +3.417692638e-005 +2.228003418e+001 +2.228003418e+001 +1.4186e+000 -1.7778e+000
1532 0 +1.014735750e-005 +2.228001015e+001 +2.228001015e+001 +1.4143e+000 -1.7796e+000
1673 0 +8.760443663e-006 +2.228000876e+001 +2.228000876e+001 +1.4147e+000 -1.7790e+000
1691 0 +8.105437256e-006 +2.228000811e+001 +2.228000811e+001 +1.4113e+000 -1.7792e+000
1873 0 +1.064810657e-006 +2.228000106e+001 +2.228000106e+001 +1.4128e+000 -1.7758e+000
2086 0 +4.862731089e-007 +2.228000049e+001 +2.228000049e+001 +1.4124e+000 -1.7762e+000
2279 0 +2.849651715e-007 +2.228000028e+001 +2.228000028e+001 +1.4132e+000 -1.7764e+000
2286 0 +1.973017589e-007 +2.228000020e+001 +2.228000020e+001 +1.4129e+000 -1.7764e+000
2401 0 +3.872739995e-008 +2.228000004e+001 +2.228000004e+001 +1.4130e+000 -1.7767e+000
2586 0 +2.903878382e-008 +2.228000003e+001 +2.228000003e+001 +1.4127e+000 -1.7767e+000
2667 0 +2.137745980e-009 +2.228000000e+001 +2.228000000e+001 +1.4128e+000 -1.7768e+000
5555 0 +0.000000000e+000 +2.228000000e+001 +2.228000000e+001 +1.4128e+000 -1.7768e+000
% f evaluations | g evaluations | best noise-free fitness - Fopt (3.561400000000e+002) + sum g_i+ | measured fitness | best measured fitness or single-digit g-values | x1 | x2...
1 0 +2.402345600e+000 +3.585423456e+002 +3.585423456e+002 +0.0000e+000 +0.0000e+000
18 0 +4.220276382e-001 +3.565620276e+002 +3.565620276e+002 +9.3723e-001 -1.3697e-001
120 0 +2.672464869e-002 +3.561667246e+002 +3.561667246e+002 +1.2958e+000 -5.0819e-001
283 0 +9.187301531e-003 +3.561491873e+002 +3.561491873e+002 +1.3627e+000 -5.2943e-001
509 0 +5.578450205e-003 +3.561455785e+002 +3.561455785e+002 +1.3926e+000 -5.6012e-001
541 0 +5.271087019e-003 +3.561452711e+002 +3.561452711e+002 +1.4841e+000 -4.5690e-001
548 0 +2.667724629e-003 +3.561426677e+002 +3.561426677e+002 +1.5012e+000 -5.5373e-001
848 0 +1.666063366e-003 +3.561416661e+002 +3.561416661e+002 +1.4814e+000 -4.9109e-001
878 0 +3.878571511e-005 +3.561400388e+002 +3.561400388e+002 +1.4645e+000 -5.2338e-001
1315 0 +3.433357278e-007 +3.561400003e+002 +3.561400003e+002 +1.4587e+000 -5.2529e-001
1958 0 +1.227556936e-007 +3.561400001e+002 +3.561400001e+002 +1.4582e+000 -5.2453e-001
2215 0 +1.123414108e-007 +3.561400001e+002 +3.561400001e+002 +1.4584e+000 -5.2513e-001
2413 0 +6.627152516e-008 +3.561400001e+002 +3.561400001e+002 +1.4583e+000 -5.2458e-001
2596 0 +1.125965809e-008 +3.561400000e+002 +3.561400000e+002 +1.4585e+000 -5.2485e-001
2671 0 +4.048104074e-009 +3.561400000e+002 +3.561400000e+002 +1.4584e+000 -5.2486e-001
5007 0 +0.000000000e+000 +3.561400000e+002 +3.561400000e+002 +1.4584e+000 -5.2480e-001
% f evaluations | g evaluations | best noise-free fitness - Fopt (-4.757000000000e+002) + sum g_i+ | measured fitness | best measured fitness or single-digit g-values | x1 | x2...
1 0 +8.853721600e-001 -4.748146278e+002 -4.748146278e+002 +0.0000e+000 +0.0000e+000
106 0 +6.319408451e-002 -4.756368059e+002 -4.756368059e+002 -6.4635e-001 -6.1609e-001
250 0 +5.948681037e-002 -4.756405132e+002 -4.756405132e+002 -6.9223e-001 -6.4553e-001
306 0 +3.108924175e-003 -4.756968911e+002 -4.756968911e+002 -8.0835e-001 -3.9245e-001
327 0 +2.095260563e-003 -4.756979047e+002 -4.756979047e+002 -8.3740e-001 -3.9890e-001
749 0 +2.280510545e-004 -4.756997719e+002 -4.756997719e+002 -8.1942e-001 -4.3285e-001
933 0 +6.416071056e-005 -4.756999358e+002 -4.756999358e+002 -8.2396e-001 -4.3832e-001
1335 0 +3.979303000e-005 -4.756999602e+002 -4.756999602e+002 -8.2916e-001 -4.3771e-001
1348 0 +3.578675506e-005 -4.756999642e+002 -4.756999642e+002 -8.3161e-001 -4.4964e-001
1417 0 +2.956643669e-005 -4.756999704e+002 -4.756999704e+002 -8.2575e-001 -4.4784e-001
1547 0 +3.918874199e-006 -4.756999961e+002 -4.756999961e+002 -8.2919e-001 -4.4594e-001
1627 0 +3.012353318e-006 -4.756999970e+002 -4.756999970e+002 -8.3091e-001 -4.4286e-001
1712 0 +4.755886494e-007 -4.756999995e+002 -4.756999995e+002 -8.2899e-001 -4.4369e-001
2120 0 +5.973657835e-008 -4.756999999e+002 -4.756999999e+002 -8.2952e-001 -4.4377e-001
2418 0 +9.561858860e-009 -4.757000000e+002 -4.757000000e+002 -8.2955e-001 -4.4392e-001
5192 0 +0.000000000e+000 -4.757000000e+002 -4.757000000e+002 -8.2960e-001 -4.4400e-001
% f evaluations | g evaluations | best noise-free fitness - Fopt (-1.000000000000e+003) + sum g_i+ | measured fitness | best measured fitness or single-digit g-values | x1 | x2...
1 0 +2.549127232e+001 -9.745087277e+002 -9.745087277e+002 +0.0000e+000 +0.0000e+000
4 0 +6.801898668e+000 -9.931981013e+002 -9.931981013e+002 -4.3945e+000 +7.8165e-001
10 0 +2.023888090e-001 -9.997976112e+002 -9.997976112e+002 -3.9417e+000 +2.8938e+000
134 0 +1.474604255e-001 -9.998525396e+002 -9.998525396e+002 -4.1685e+000 +3.2056e+000
285 0 +3.667996221e-002 -9.999633200e+002 -9.999633200e+002 -3.6115e+000 +3.3374e+000
406 0 +3.050937223e-003 -9.999969491e+002 -9.999969491e+002 -3.7707e+000 +3.2763e+000
510 0 +1.506102035e-003 -9.999984939e+002 -9.999984939e+002 -3.7703e+000 +3.3434e+000
757 0 +1.078175184e-003 -9.999989218e+002 -9.999989218e+002 -3.8062e+000 +3.2890e+000
855 0 +5.999861623e-004 -9.999994000e+002 -9.999994000e+002 -3.8008e+000 +3.3460e+000
930 0 +7.701169591e-005 -9.999999230e+002 -9.999999230e+002 -3.7975e+000 +3.3289e+000
1443 0 +3.308304122e-005 -9.999999669e+002 -9.999999669e+002 -3.8056e+000 +3.3168e+000
1553 0 +1.976641749e-005 -9.999999802e+002 -9.999999802e+002 -3.8065e+000 +3.3232e+000
1642 0 +1.175556974e-005 -9.999999882e+002 -9.999999882e+002 -3.8056e+000 +3.3228e+000
1667 0 +1.962231522e-006 -9.999999980e+002 -9.999999980e+002 -3.8036e+000 +3.3208e+000
1867 0 +1.629035751e-006 -9.999999984e+002 -9.999999984e+002 -3.8033e+000 +3.3207e+000
1890 0 +7.394681916e-007 -9.999999993e+002 -9.999999993e+002 -3.8016e+000 +3.3219e+000
1907 0 +8.905203686e-008 -9.999999999e+002 -9.999999999e+002 -3.8027e+000 +3.3217e+000
2549 0 +8.481640634e-008 -9.999999999e+002 -9.999999999e+002 -3.8026e+000 +3.3218e+000
2569 0 +3.101547463e-008 -1.000000000e+003 -1.000000000e+003 -3.8024e+000 +3.3218e+000
2691 0 +2.123874765e-008 -1.000000000e+003 -1.000000000e+003 -3.8023e+000 +3.3216e+000
2734 0 +3.937202564e-009 -1.000000000e+003 -1.000000000e+003 -3.8023e+000 +3.3216e+000
4834 0 +0.000000000e+000 -1.000000000e+003 -1.000000000e+003 -3.8024e+000 +3.3216e+000
% f evaluations | g evaluations | best noise-free fitness - Fopt (-4.158000000000e+001) + sum g_i+ | measured fitness | best measured fitness or single-digit g-values | x1 | x2...
1 0 +8.495593600e+000 -3.308440640e+001 -3.308440640e+001 +0.0000e+000 +0.0000e+000
6 0 +6.234712214e+000 -3.534528779e+001 -3.534528779e+001 +3.0174e+000 +3.4685e+000
7 0 +2.928082504e+000 -3.865191750e+001 -3.865191750e+001 +9.7042e-002 +4.4891e+000
18 0 +1.452736803e+000 -4.012726320e+001 -4.012726320e+001 +1.8000e+000 +2.7695e+000
25 0 +1.090884961e+000 -4.048911504e+001 -4.048911504e+001 +1.6196e+000 +3.0681e+000
129 0 +8.127436326e-002 -4.149872564e+001 -4.149872564e+001 +7.1834e-001 +3.1111e+000
263 0 +2.415898028e-002 -4.155584102e+001 -4.155584102e+001 +5.8916e-001 +2.6976e+000
489 0 +1.687512255e-002 -4.156312488e+001 -4.156312488e+001 +5.5695e-001 +2.9762e+000
542 0 +7.615984256e-003 -4.157238402e+001 -4.157238402e+001 +6.7456e-001 +2.8116e+000
607 0 +4.116382134e-003 -4.157588362e+001 -4.157588362e+001 +5.4467e-001 +2.8891e+000
689 0 +3.153709460e-003 -4.157684629e+001 -4.157684629e+001 +6.4767e-001 +2.8274e+000
807 0 +1.057905182e-003 -4.157894209e+001 -4.157894209e+001 +6.2521e-001 +2.8356e+000
916 0 +1.839360419e-004 -4.157981606e+001 -4.157981606e+001 +5.8948e-001 +2.8419e+000
1241 0 +3.615485731e-006 -4.157999638e+001 -4.157999638e+001 +5.9585e-001 +2.8521e+000
1541 0 +2.137719569e-006 -4.157999786e+001 -4.157999786e+001 +5.9707e-001 +2.8514e+000
1716 0 +9.991409300e-007 -4.157999900e+001 -4.157999900e+001 +5.9772e-001 +2.8518e+000
2065 0 +5.803142358e-007 -4.157999942e+001 -4.157999942e+001 +5.9798e-001 +2.8535e+000
2141 0 +1.215469965e-007 -4.157999988e+001 -4.157999988e+001 +5.9733e-001 +2.8530e+000
2318 0 +3.924820646e-008 -4.157999996e+001 -4.157999996e+001 +5.9748e-001 +2.8530e+000
2523 0 +1.829619123e-009 -4.158000000e+001 -4.158000000e+001 +5.9756e-001 +2.8528e+000
5322 0 +0.000000000e+000 -4.158000000e+001 -4.158000000e+001 +5.9760e-001 +2.8528e+000
