% f evaluations | g evaluations | best noise-free fitness - Fopt (-5.494000000000e+001) + sum g_i+ | measured fitness | best measured fitness or single-digit g-values | x1 | x2...
1 0 +1.742410858e+006 +1.742355918e+006 +1.742355918e+006 +0.0000e+000 +0.0000e+000 +0.0000e+000
4 0 +1.215287954e+006 +1.215233014e+006 +1.215233014e+006 +1.0871e+000 -1.0211e+000 -2.2814e+000
5 0 +9.411533700e+004 +9.406039700e+004 +9.406039700e+004 -3.2076e+000 +4.1488e-001 +3.1366e+000
9 0 +9.050969217e+003 +8.996029217e+003 +8.996029217e+003 -4.6634e+000 -7.5716e-001 -1.0703e-001
256 0 +3.125520470e+003 +3.070580470e+003 +3.070580470e+003 -1.9189e+000 -9.7802e-001 +4.0188e-001
495 0 +2.317958382e+003 +2.263018382e+003 +2.263018382e+003 -5.2823e-001 -8.2024e-001 +1.4058e+000
774 0 +1.131259789e+002 +5.818597885e+001 +5.818597885e+001 -1.3392e+000 -3.8096e-001 +2.3477e+000
1412 0 +9.224554216e+001 +3.730554216e+001 +3.730554216e+001 -1.3341e+000 -3.8174e-001 +2.3717e+000
4736 0 +5.959269069e+001 +4.652690693e+000 +4.652690693e+000 -1.5724e+000 -4.8778e-001 +1.9071e+000
7454 0 +9.268241832e+000 -4.567175817e+001 -4.567175817e+001 -1.7242e+000 -8.2965e-001 +7.8414e-001
8254 0 +7.774453557e+000 -4.716554644e+001 -4.716554644e+001 -1.6528e+000 -7.2827e-001 +1.1308e+000
% f evaluations | g evaluations | best noise-free fitness - Fopt (5.913000000000e+001) + sum g_i+ | measured fitness | best measured fitness or single-digit g-values | x1 | x2...
1 0 +1.355615952e+005 +1.356207252e+005 +1.356207252e+005 +0.0000e+000 +0.0000e+000 +0.0000e+000
25 0 +1.272396017e+004 +1.278309017e+004 +1.278309017e+004 -4.2890e+000 +3.6812e+000 -2.7470e+000
38 0 +3.023042090e+003 +3.082172090e+003 +3.082172090e+003 -4.6239e+000 +2.6032e+000 +1.5449e+000
87 0 +3.574709673e+002 +4.166009673e+002 +4.166009673e+002 -3.2694e+000 +2.6513e+000 -1.3826e+000
1225 0 +3.327786412e+002 +3.919086412e+002 +3.919086412e+002 -5.7743e+000 +3.3434e+000 +1.4866e+000
1425 0 +3.148293780e+002 +3.739593780e+002 +3.739593780e+002 -5.7845e+000 +3.3474e+000 +1.4910e+000
2552 0 +1.725386003e+002 +2.316686003e+002 +2.316686003e+002 -5.9743e+000 +3.3931e+000 +1.7000e+000
4519 0 +1.484088074e+002 +2.075388074e+002 +2.075388074e+002 -6.7881e+000 +3.8324e+000 +1.7500e+000
% f evaluations | g evaluations | best noise-free fitness - Fopt (-4.915300000000e+002) + sum g_i+ | measured fitness | best measured fitness or single-digit g-values | x1 | x2...
1 0 +7.654731415e+006 +7.654239885e+006 +7.654239885e+006 +0.0000e+000 +0.0000e+000 +0.0000e+000
2 0 +2.750185214e+004 +2.701032214e+004 +2.701032214e+004 -4.1438e+000 +2.1226e+000 -1.8811e+000
90 0 +2.656152008e+003 +2.164622008e+003 +2.164622008e+003 +4.5656e-001 +4.3366e-001 -4.1062e+000
340 0 +9.630920437e+002 +4.715620437e+002 +4.715620437e+002 -8.8730e-001 -2.5648e+000 -1.5485e+000
553 0 +4.101777481e+002 -8.135225190e+001 -8.135225190e+001 +1.4617e+000 +9.1055e-001 -4.9437e+000
2464 0 +1.434745947e+002 -3.480554053e+002 -3.480554053e+002 +1.6812e+000 +7.3853e-001 -5.0000e+000
3817 0 +1.621346579e+001 -4.753165342e+002 -4.753165342e+002 +1.8037e+000 +4.9679e-001 -4.9582e+000
6873 0 +1.489772218e+001 -4.766322778e+002 -4.766322778e+002 +1.8086e+000 +5.1520e-001 -4.9661e+000
% f evaluations | g evaluations | best noise-free fitness - Fopt (-1.702000000000e+002) + sum g_i+ | measured fitness | best measured fitness or single-digit g-values | x1 | x2...
1 0 +1.124209412e+007 +1.124192392e+007 +1.124192392e+007 +0.0000e+000 +0.0000e+000 +0.0000e+000
3 0 +9.993156292e+003 +9.822956292e+003 +9.822956292e+003 -2.5839e+000 -1.0853e+000 -2.5704e+000
78 0 +9.512648886e+003 +9.342448886e+003 +9.342448886e+003 -3.1036e+000 -3.6945e+000 +1.7808e+000
193 0 +4.296942183e+003 +4.126742183e+003 +4.126742183e+003 -4.9792e+000 -5.8105e-001 -5.5203e-002
298 0 +3.909769588e+003 +3.739569588e+003 +3.739569588e+003 -7.8690e+000 +3.7443e+000 -2.4148e+000
403 0 +3.874471877e+003 +3.704271877e+003 +3.704271877e+003 -1.2279e+001 +9.7455e+000 -5.0000e+000
749 0 +1.807428658e+003 +1.637228658e+003 +1.637228658e+003 -1.0744e+001 +8.4628e+000 -5.0000e+000
780 0 +1.621063149e+003 +1.450863149e+003 +1.450863149e+003 -4.6643e+000 +7.9253e-001 -2.2457e+000
840 0 +1.085847042e+003 +9.156470421e+002 +9.156470421e+002 +2.1699e+000 -7.6085e+000 +5.2751e-001
938 0 +4.410388628e+001 -1.260961137e+002 -1.260961137e+002 -6.9809e-001 -4.2543e+000 -4.6979e-001
% f evaluations | g evaluations | best noise-free fitness - Fopt (-4.697500000000e+002) + sum g_i+ | measured fitness | best measured fitness or single-digit g-values | x1 | x2...
1 0 +1.084144925e+007 +1.084097950e+007 +1.084097950e+007 +0.0000e+000 +0.0000e+000 +0.0000e+000
2 0 +4.740670030e+006 +4.740200280e+006 +4.740200280e+006 -9.7285e-001 +2.6335e+000 +4.7467e+000
3 0 +1.452427582e+006 +1.451957832e+006 +1.451957832e+006 +1.5538e+000 -1.7519e+000 +4.6791e+000
8 0 +7.091355558e+004 +7.044380558e+004 +7.044380558e+004 +3.8540e+000 +2.1121e+000 +2.4358e+000
41 0 +6.141646615e+004 +6.094671615e+004 +6.094671615e+004 -1.0297e+000 -4.8907e+000 +3.7584e+000
56 0 +5.197490083e+004 +5.150515083e+004 +5.150515083e+004 +1.6199e+000 +1.2518e+000 +4.0607e+000
97 0 +1.189905673e+004 +1.142930673e+004 +1.142930673e+004 +2.1789e+000 -5.2260e-001 +2.6913e+000
475 0 +7.351830957e+003 +6.882080957e+003 +6.882080957e+003 +1.0066e+000 +2.4155e-002 +4.4471e+000
1231 0 +5.510727487e+002 +8.132274875e+001 +8.132274875e+001 -3.2953e-001 -1.9078e+000 +5.0000e+000
1400 0 +5.138866031e+002 +4.413660308e+001 +4.413660308e+001 +9.0817e-001 -3.2782e+000 +2.7362e+000
2640 0 +3.807916491e+002 -8.895835086e+001 -8.895835086e+001 -6.1577e-001 -2.4120e+000 +5.0000e+000
4740 0 +1.221773101e+002 -3.475726899e+002 -3.475726899e+002 -5.9317e-001 -2.4475e+000 +5.0000e+000
6510 0 +2.012713080e+000 -4.677372869e+002 -4.677372869e+002 -2.0156e-001 -2.6656e+000 +4.3933e+000
% f evaluations | g evaluations | best noise-free fitness - Fopt (-5.191000000000e+001) + sum g_i+ | measured fitness | best measured fitness or single-digit g-values | x1 | x2...
1 0 +2.667928667e+006 +2.667876757e+006 +2.667876757e+006 +0.0000e+000 +0.0000e+000 +0.0000e+000
3 0 +1.079118759e+005 +1.078599659e+005 +1.078599659e+005 +1.5475e+000 -1.3793e-001 -1.2185e+000
15 0 +3.396312634e+004 +3.391121634e+004 +3.391121634e+004 +2.1964e+000 +1.5519e+000 -4.0030e+000
67 0 +2.887324079e+004 +2.882133079e+004 +2.882133079e+004 +2.7965e+000 -1.8025e+000 -4.3548e+000
126 0 +2.807580211e+004 +2.802389211e+004 +2.802389211e+004 +3.0105e+000 -1.1889e+000 -5.0000e+000
158 0 +2.266163673e+004 +2.260972673e+004 +2.260972673e+004 +2.4810e+000 +1.6153e+000 -5.0000e+000
224 0 +2.065972105e+004 +2.060781105e+004 +2.060781105e+004 +2.6585e+000 +2.0955e+000 -5.0000e+000
270 0 +9.544823372e+003 +9.492913372e+003 +9.492913372e+003 +1.1944e+000 -1.0874e+000 +1.5792e+000
434 0 +4.773876819e+003 +4.721966819e+003 +4.721966819e+003 +4.7226e-001 -1.1131e+000 +5.0000e+000
838 0 +2.560425706e+003 +2.508515706e+003 +2.508515706e+003 +1.5825e+000 +5.5326e-001 -5.6040e-001
1055 0 +2.427904505e+003 +2.375994505e+003 +2.375994505e+003 +1.2103e+000 +1.7897e+000 +3.4122e-001
1752 0 +9.406573449e+002 +8.887473449e+002 +8.887473449e+002 +1.6190e+000 +4.2676e+000 -2.4340e+000
2550 0 +2.823123098e+002 +2.304023098e+002 +2.304023098e+002 +2.0305e+000 +4.2107e+000 -3.9418e+000
3252 0 +3.130985580e+001 -2.060014420e+001 -2.060014420e+001 +2.0064e+000 +4.2137e+000 -3.9020e+000
% f evaluations | g evaluations | best noise-free fitness - Fopt (4.808000000000e+001) + sum g_i+ | measured fitness | best measured fitness or single-digit g-values | x1 | x2...
1 0 +1.560877423e+007 +1.560882231e+007 +1.560882231e+007 +0.0000e+000 +0.0000e+000 +0.0000e+000
2 0 +3.053475612e+005 +3.053956412e+005 +3.053956412e+005 -1.1734e+000 -4.4156e+000 -4.6468e+000
4 0 +2.438120269e+004 +2.442928269e+004 +2.442928269e+004 +2.9454e+000 -4.4794e+000 -1.7933e+000
69 0 +2.364587579e+004 +2.369395579e+004 +2.369395579e+004 +3.0277e+000 +2.0082e-001 -3.1823e+000
273 0 +9.266367416e+002 +9.747167416e+002 +9.747167416e+002 +3.2947e+000 -1.9890e+000 -2.2220e+000
1299 0 +1.297159874e+002 +1.777959874e+002 +1.777959874e+002 +3.1305e+000 -2.3300e+000 -2.1915e+000
1501 0 +6.779777592e+001 +1.158777759e+002 +1.158777759e+002 +3.1654e+000 -2.1173e+000 -2.2286e+000
3054 0 +6.560414787e+000 +5.464041479e+001 +5.464041479e+001 +1.5581e+000 -3.0326e+000 -2.8683e+000
% f evaluations | g evaluations | best noise-free fitness - Fopt (3.058000000000e+001) + sum g_i+ | measured fitness | best measured fitness or single-digit g-values | x1 | x2...
1 0 +5.523484173e+004 +5.526542173e+004 +5.526542173e+004 +0.0000e+000 +0.0000e+000 +0.0000e+000
32 0 +5.226548823e+004 +5.229606823e+004 +5.229606823e+004 -1.2854e+000 -2.1998e+000 +4.5935e+000
36 0 +2.726540614e+003 +2.757120614e+003 +2.757120614e+003 -2.7788e+000 -1.8408e+000 -2.6447e+000
611 0 +7.940619019e+002 +8.246419019e+002 +8.246419019e+002 -2.3968e+000 -1.5413e+000 -2.2597e+000
879 0 +2.699813841e+002 +3.005613841e+002 +3.005613841e+002 -1.4514e+000 -1.4060e-001 -4.9569e+000
1394 0 +1.110949578e+002 +1.416749578e+002 +1.416749578e+002 -1.4230e+000 -1.1772e-001 -5.0000e+000
3123 0 +8.330960789e+001 +1.138896079e+002 +1.138896079e+002 -1.4145e+000 -1.1485e-001 -5.0000e+000
% f evaluations | g evaluations | best noise-free fitness - Fopt (1.000000000000e+003) + sum g_i+ | measured fitness | best measured fitness or single-digit g-values | x1 | x2...
1 0 +3.482549752e+005 +3.492549752e+005 +3.492549752e+005 +0.0000e+000 +0.0000e+000 +0.0000e+000
7 0 +2.798566241e+003 +3.798566241e+003 +3.798566241e+003 -2.9771e+000 +2.6153e+000 -2.1774e+000
30 0 +2.714899594e+002 +1.271489959e+003 +1.271489959e+003 -2.1140e+000 +3.6369e+000 -3.2570e+000
2108 0 +7.131155738e+001 +1.071311557e+003 +1.071311557e+003 -3.0626e+000 +5.1169e+000 -5.0000e+000
3327 0 +3.397307965e+001 +1.033973080e+003 +1.033973080e+003 -3.0480e+000 +4.9387e+000 -4.7733e+000
% f evaluations | g evaluations | best noise-free fitness - Fopt (-4.236000000000e+001) + sum g_i+ | measured fitness | best measured fitness or single-digit g-values | x1 | x2...
1 0 +3.664666223e+004 +3.660430223e+004 +3.660430223e+004 +0.0000e+000 +0.0000e+000 +0.0000e+000
46 0 +3.433985347e+004 +3.429749347e+004 +3.429749347e+004 -2.7842e+000 -4.2156e+000 -3.7668e-001
47 0 +2.906895368e+004 +2.902659368e+004 +2.902659368e+004 +2.5147e+000 +6.4848e-001 +3.4886e+000
82 0 +2.968904130e+002 +2.545304130e+002 +2.545304130e+002 -1.3203e+000 -1.8771e+000 +1.0814e-001
1831 0 +2.563575058e+002 +2.139975058e+002 +2.139975058e+002 -1.6216e+000 -2.4854e+000 +1.6228e-001
2530 0 +2.020254419e+002 +1.596654419e+002 +1.596654419e+002 -1.3140e+000 -1.6506e+000 -1.4892e-001
2795 0 +2.968963002e+001 -1.267036998e+001 -1.267036998e+001 -1.2581e+000 -1.9053e+000 +2.0894e-001
8662 0 +1.078499759e+001 -3.157500241e+001 -3.157500241e+001 -1.3116e+000 -1.9807e+000 +1.8999e-001
% f evaluations | g evaluations | best noise-free fitness - Fopt (-7.187000000000e+001) + sum g_i+ | measured fitness | best measured fitness or single-digit g-values | x1 | x2...
1 0 +2.075728661e+006 +2.075656791e+006 +2.075656791e+006 +0.0000e+000 +0.0000e+000 +0.0000e+000
2 0 +3.993747060e+004 +3.986560060e+004 +3.986560060e+004 +2.1857e+000 +1.6907e+000 +1.4965e+000
32 0 +3.162137962e+004 +3.154950962e+004 +3.154950962e+004 +3.1003e+000 +1.1509e+000 +1.2797e+000
50 0 +1.634182931e+004 +1.626995931e+004 +1.626995931e+004 +2.5033e+000 +1.7419e+000 +2.4103e+000
57 0 +1.469568949e+003 +1.397698949e+003 +1.397698949e+003 +2.6089e-001 +1.1054e+000 -1.6037e+000
1152 0 +1.608307650e+002 +8.896076498e+001 +8.896076498e+001 -1.1713e+000 +1.5567e+000 -1.1063e+000
3552 0 +1.463039454e+002 +7.443394544e+001 +7.443394544e+001 -9.0117e-001 +1.4570e+000 -1.1855e+000
3652 0 +1.216359320e+002 +4.976593203e+001 +4.976593203e+001 -1.1382e+000 +1.5445e+000 -1.1160e+000
3952 0 +6.096247602e+001 -1.090752398e+001 -1.090752398e+001 -9.8489e-001 +1.4879e+000 -1.1609e+000
5352 0 +5.773365896e+001 -1.413634104e+001 -1.413634104e+001 -9.9963e-001 +1.4934e+000 -1.1566e+000
6635 0 +4.783219467e+001 -2.403780533e+001 -2.403780533e+001 -9.9190e-001 +1.4913e+000 -1.1605e+000
% f evaluations | g evaluations | best noise-free fitness - Fopt (-1.650000000000e+001) + sum g_i+ | measured fitness | best measured fitness or single-digit g-values | x1 | x2...
1 0 +2.063072108e+007 +2.063070458e+007 +2.063070458e+007 +0.0000e+000 +0.0000e+000 +0.0000e+000
2 0 +1.008063480e+007 +1.008061830e+007 +1.008061830e+007 -4.3074e+000 -2.0949e+000 +4.5495e+000
3 0 +7.721966440e+006 +7.721949940e+006 +7.721949940e+006 +3.6426e+000 -3.6978e+000 -1.3164e+000
6 0 +6.830948032e+004 +6.829298032e+004 +6.829298032e+004 +4.1746e+000 +4.3670e-001 +2.4136e+000
90 0 +1.842031499e+001 +1.920314994e+000 +1.920314994e+000 +2.2299e+000 +1.8848e+000 +4.4867e+000
8275 0 +1.004003784e+001 -6.459962163e+000 -6.459962163e+000 +2.3341e+000 +1.8052e+000 +4.3977e+000
% f evaluations | g evaluations | best noise-free fitness - Fopt (1.000000000000e+003) + sum g_i+ | measured fitness | best measured fitness or single-digit g-values | x1 | x2...
1 0 +4.693280327e+006 +4.694280327e+006 +4.694280327e+006 +0.0000e+000 +0.0000e+000 +0.0000e+000
2 0 +2.419423789e+005 +2.429423789e+005 +2.429423789e+005 -2.0977e+000 -9.0037e-001 -2.7943e+000
11 0 +8.927234042e+004 +9.027234042e+004 +9.027234042e+004 -4.6595e+000 -3.8660e+000 -2.2878e+000
19 0 +7.725219763e+004 +7.825219763e+004 +7.825219763e+004 +3.0184e+000 +6.3602e-001 -2.7721e+000
28 0 +5.840762661e+004 +5.940762661e+004 +5.940762661e+004 +4.7682e+000 +1.7405e+000 -2.8632e+000
67 0 +4.602141521e+004 +4.702141521e+004 +4.702141521e+004 +2.1413e+000 -1.3681e+000 -1.1213e+000
117 0 +3.136521229e+004 +3.236521229e+004 +3.236521229e+004 +5.0650e+000 -1.8993e+000 +1.3289e+000
171 0 +1.381419148e+004 +1.481419148e+004 +1.481419148e+004 +4.4585e+000 +2.9772e+000 -4.0348e+000
326 0 +4.020459641e+003 +5.020459641e+003 +5.020459641e+003 +1.8317e+000 -7.4863e-001 -1.6492e+000
363 0 +3.961753977e+002 +1.396175398e+003 +1.396175398e+003 +1.0908e+000 +1.4626e+000 -4.1957e+000
995 0 +2.746624343e+002 +1.274662434e+003 +1.274662434e+003 +9.6731e-001 +4.4506e-001 -3.2455e+000
1955 0 +5.632153421e+001 +1.056321534e+003 +1.056321534e+003 +1.1215e+000 +1.9819e+000 -4.7427e+000
% f evaluations | g evaluations | best noise-free fitness - Fopt (-1.000000000000e+003) + sum g_i+ | measured fitness | best measured fitness or single-digit g-values | x1 | x2...
1 0 +1.768516060e+007 +1.768416060e+007 +1.768416060e+007 +0.0000e+000 +0.0000e+000 +0.0000e+000
2 0 +2.051068358e+004 +1.951068358e+004 +1.951068358e+004 -1.8004e+000 -2.2477e+000 -4.9109e+000
25 0 +6.462946779e+003 +5.462946779e+003 +5.462946779e+003 -1.3830e+000 -2.6195e+000 -4.4580e+000
276 0 +5.556184922e+003 +4.556184922e+003 +4.556184922e+003 -4.9896e+000 -1.4398e-001 -4.5464e+000
309 0 +7.288605549e+002 -2.711394451e+002 -2.711394451e+002 -1.8274e+000 -1.9919e+000 -5.0000e+000
963 0 +2.658461682e+002 -7.341538318e+002 -7.341538318e+002 -3.1842e+000 -1.1302e+000 -5.0000e+000
2855 0 +1.672041395e+002 -8.327958605e+002 -8.327958605e+002 -3.1864e+000 -1.1598e+000 -5.0000e+000
3413 0 +7.398565123e+001 -9.260143488e+002 -9.260143488e+002 -2.8247e+000 -1.3846e+000 -5.0000e+000
6422 0 +4.020614315e+001 -9.597938568e+002 -9.597938568e+002 -2.7893e+000 -1.4021e+000 -5.0000e+000
% f evaluations | g evaluations | best noise-free fitness - Fopt (-1.527400000000e+002) + sum g_i+ | measured fitness | best measured fitness or single-digit g-values | x1 | x2...
1 0 +4.820055611e+004 +4.804781611e+004 +4.804781611e+004 +0.0000e+000 +0.0000e+000 +0.0000e+000
14 0 +1.798306064e+004 +1.783032064e+004 +1.783032064e+004 -3.1704e+000 +3.0982e-001 -2.9979e+000
25 0 +5.376612923e+003 +5.223872923e+003 +5.223872923e+003 -2.4483e+000 +4.1312e+000 -2.7138e+000
325 0 +2.013322245e+003 +1.860582245e+003 +1.860582245e+003 -2.5304e+000 +4.0534e+000 -2.8634e+000
344 0 +1.035170575e+003 +8.824305753e+002 +8.824305753e+002 +5.7773e+000 +4.9821e+000 +5.0000e+000
