% f evaluations | g evaluations | best noise-free fitness - Fopt (1.026100000000e+002) + sum g_i+ | measured fitness | best measured fitness or single-digit g-values | x1 | x2...
1 0 +1.386956331e+002 +2.413056331e+002 +2.413056331e+002 +0.0000e+000 +0.0000e+000 +0.0000e+000 +0.0000e+000 +0.0000e+000 +0.0000e+000 +0.0000e+000 +0.0000e+000 +0.0000e+000 +0.0000e+000
302 0 +1.356489818e+002 +2.382589818e+002 +2.382589818e+002 -1.4838e+000 +2.4653e+000 -1.2281e+000 +2.1300e+000 -2.6353e+000 -1.5667e-001 +1.3350e+000 -2.2309e-001 +1.6398e+000 +5.5131e-001
406 0 +1.310003095e+002 +2.336103095e+002 +2.336103095e+002 -3.2381e+000 -8.3332e-001 -8.5659e-001 -2.5089e-001 -1.2677e+000 +6.0105e-001 +1.1481e+000 -2.2298e+000 +9.5392e-001 +4.7797e-001
537 0 +1.125763087e+002 +2.151863087e+002 +2.151863087e+002 -1.9019e+000 -1.4751e+000 -7.2606e-001 -7.1471e-001 -2.1838e+000 +5.5050e-002 +2.8241e+000 -2.4197e+000 -2.6332e-001 +1.5319e+000
582 0 +1.087606509e+002 +2.113706509e+002 +2.113706509e+002 -2.9636e+000 +1.8674e-001 -1.3091e+000 +8.3486e-001 -2.3689e+000 +7.1694e-001 +1.3385e+000 -9.2478e-001 +5.5689e-001 +8.6390e-001
590 0 +9.777556405e+001 +2.003855640e+002 +2.003855640e+002 -3.0168e+000 -1.3935e+000 -8.2116e-001 +9.4670e-002 -2.2265e+000 +7.5210e-001 +1.1268e+000 -2.2532e+000 +1.3353e+000 +5.2905e-001
726 0 +9.154272045e+001 +1.941527204e+002 +1.941527204e+002 -2.9861e+000 -1.0114e+000 -6.9516e-001 +3.7113e-001 -3.1956e+000 +5.7470e-001 +1.9621e+000 -1.9283e+000 +1.3091e+000 +1.1223e+000
1076 0 +8.765419755e+001 +1.902641976e+002 +1.902641976e+002 -2.7666e+000 -1.3439e+000 -1.0960e+000 +1.7519e-001 -2.5813e+000 +6.1260e-001 +1.8836e+000 -2.1537e+000 +1.4507e+000 +7.6402e-001
1148 0 +7.744723603e+001 +1.800572360e+002 +1.800572360e+002 -1.5522e+000 +1.1641e+000 -1.2274e+000 +8.8484e-001 -1.9942e+000 +1.3112e+000 +2.0188e+000 -2.3904e+000 +2.2050e+000 +1.1619e+000
1590 0 +5.793764300e+001 +1.605476430e+002 +1.605476430e+002 -2.7566e+000 -1.4450e-001 -7.6301e-001 +5.5155e-001 -2.3804e+000 +6.4647e-001 +1.5012e+000 -1.9190e+000 +1.2706e+000 +1.1320e+000
1913 0 +4.871410223e+001 +1.513241022e+002 +1.513241022e+002 -2.2818e+000 +5.9071e-001 -1.0241e+000 +6.7757e-001 -1.5644e+000 +1.0757e+000 +1.0418e+000 -2.0984e+000 +1.8603e+000 +1.1601e+000
2745 0 +4.754678022e+001 +1.501567802e+002 +1.501567802e+002 -2.2923e+000 +5.8096e-001 -1.0155e+000 +6.6650e-001 -1.5698e+000 +1.0780e+000 +1.0572e+000 -2.1103e+000 +1.8523e+000 +1.1541e+000
3171 0 +4.253902462e+001 +1.451490246e+002 +1.451490246e+002 -2.2862e+000 +5.9571e-001 -1.0156e+000 +6.7234e-001 -1.5596e+000 +1.0873e+000 +1.0545e+000 -2.1100e+000 +1.8586e+000 +1.1613e+000
3271 0 +3.998076336e+001 +1.425907634e+002 +1.425907634e+002 -2.2822e+000 +6.0322e-001 -1.0170e+000 +6.7208e-001 -1.5608e+000 +1.0858e+000 +1.0535e+000 -2.1127e+000 +1.8616e+000 +1.1578e+000
3559 0 +3.969447673e+001 +1.423044767e+002 +1.423044767e+002 -2.2833e+000 +6.0027e-001 -1.0172e+000 +6.7398e-001 -1.5637e+000 +1.0841e+000 +1.0496e+000 -2.1079e+000 +1.8630e+000 +1.1567e+000
3753 0 +3.821714140e+001 +1.408271414e+002 +1.408271414e+002 -2.2748e+000 +6.1379e-001 -1.0250e+000 +6.7285e-001 -1.5536e+000 +1.0952e+000 +1.0485e+000 -2.1166e+000 +1.8737e+000 +1.1602e+000
3809 0 +3.550643649e+001 +1.381164365e+002 +1.381164365e+002 -2.2890e+000 +5.9949e-001 -1.0202e+000 +6.6551e-001 -1.5586e+000 +1.0936e+000 +1.0453e+000 -2.1178e+000 +1.8650e+000 +1.1614e+000
3914 0 +3.535567582e+001 +1.379656758e+002 +1.379656758e+002 -2.2853e+000 +6.0169e-001 -1.0222e+000 +6.6526e-001 -1.5563e+000 +1.0928e+000 +1.0453e+000 -2.1188e+000 +1.8671e+000 +1.1576e+000
3945 0 +3.442070064e+001 +1.370307006e+002 +1.370307006e+002 -2.2856e+000 +6.0372e-001 -1.0254e+000 +6.6519e-001 -1.5555e+000 +1.0964e+000 +1.0409e+000 -2.1196e+000 +1.8699e+000 +1.1631e+000
4593 0 +3.316376039e+001 +1.357737604e+002 +1.357737604e+002 -2.2828e+000 +6.0710e-001 -1.0281e+000 +6.6390e-001 -1.5569e+000 +1.0942e+000 +1.0418e+000 -2.1165e+000 +1.8693e+000 +1.1639e+000
4605 0 +3.280528394e+001 +1.354152839e+002 +1.354152839e+002 -2.2763e+000 +6.1796e-001 -1.0333e+000 +6.6291e-001 -1.5488e+000 +1.1020e+000 +1.0379e+000 -2.1219e+000 +1.8780e+000 +1.1656e+000
4879 0 +3.214707091e+001 +1.347570709e+002 +1.347570709e+002 -2.2769e+000 +6.1179e-001 -1.0331e+000 +6.5960e-001 -1.5509e+000 +1.0994e+000 +1.0363e+000 -2.1185e+000 +1.8718e+000 +1.1653e+000
5138 0 +3.158510430e+001 +1.341951043e+002 +1.341951043e+002 -2.2723e+000 +6.1844e-001 -1.0357e+000 +6.5456e-001 -1.5499e+000 +1.1044e+000 +1.0356e+000 -2.1156e+000 +1.8761e+000 +1.1664e+000
6304 0 +3.085718554e+001 +1.334671855e+002 +1.334671855e+002 -2.2762e+000 +6.1745e-001 -1.0349e+000 +6.5539e-001 -1.5497e+000 +1.0999e+000 +1.0368e+000 -2.1184e+000 +1.8766e+000 +1.1652e+000
6813 0 +3.017615040e+001 +1.327861504e+002 +1.327861504e+002 -2.2799e+000 +6.1552e-001 -1.0249e+000 +6.5385e-001 -1.5525e+000 +1.0941e+000 +1.0395e+000 -2.1143e+000 +1.8783e+000 +1.1622e+000
7533 0 +2.941871428e+001 +1.320287143e+002 +1.320287143e+002 -2.2809e+000 +6.2011e-001 -1.0242e+000 +6.4445e-001 -1.5480e+000 +1.0948e+000 +1.0376e+000 -2.1144e+000 +1.8834e+000 +1.1604e+000
8064 0 +2.880412941e+001 +1.314141294e+002 +1.314141294e+002 -2.2856e+000 +6.1902e-001 -1.0237e+000 +6.3933e-001 -1.5494e+000 +1.0896e+000 +1.0402e+000 -2.1159e+000 +1.8843e+000 +1.1564e+000
8618 0 +2.816134329e+001 +1.307713433e+002 +1.307713433e+002 -2.2847e+000 +6.1793e-001 -1.0314e+000 +6.3682e-001 -1.5456e+000 +1.0925e+000 +1.0340e+000 -2.1183e+000 +1.8846e+000 +1.1546e+000
9309 0 +2.752981592e+001 +1.301398159e+002 +1.301398159e+002 -2.2859e+000 +6.1770e-001 -1.0378e+000 +6.2881e-001 -1.5427e+000 +1.0878e+000 +1.0298e+000 -2.1206e+000 +1.8892e+000 +1.1496e+000
% f evaluations | g evaluations | best noise-free fitness - Fopt (9.330000000000e+001) + sum g_i+ | measured fitness | best measured fitness or single-digit g-values | x1 | x2...
1 0 +1.432620636e+002 +2.365620636e+002 +2.365620636e+002 +0.0000e+000 +0.0000e+000 +0.0000e+000 +0.0000e+000 +0.0000e+000 +0.0000e+000 +0.0000e+000 +0.0000e+000 +0.0000e+000 +0.0000e+000
328 0 +1.333367156e+002 +2.266367156e+002 +2.266367156e+002 -1.7834e+000 +1.3509e+000 -2.1664e+000 -3.6910e+000 -9.7646e-001 +1.1231e+000 +6.5649e-001 +1.6439e+000 +1.8780e-001 -2.1721e-001
356 0 +1.220574894e+002 +2.153574894e+002 +2.153574894e+002 -6.7640e-001 +7.0563e-001 -2.0217e+000 -1.0985e+000 +1.0258e-001 -5.8899e-001 +6.9210e-001 +5.8609e-001 -6.7578e-002 -1.1891e+000
406 0 +1.021867266e+002 +1.954867266e+002 +1.954867266e+002 -8.2570e-001 +4.5390e-001 -1.7665e+000 -1.0243e+000 -2.7990e-001 -4.8187e-001 +6.6718e-001 +5.3198e-001 -3.5222e-001 -4.9438e-001
1066 0 +9.543540265e+001 +1.887354026e+002 +1.887354026e+002 -1.0356e+000 +9.0466e-001 -1.6458e+000 -8.8702e-001 +1.5967e+000 -3.8956e-001 +1.7048e+000 +9.2783e-001 -5.9450e-001 -8.6762e-001
1435 0 +8.137978916e+001 +1.746797892e+002 +1.746797892e+002 -1.0301e+000 +9.0186e-001 -1.5706e+000 -8.8355e-001 +1.5878e+000 -3.9563e-001 +1.7278e+000 +8.6346e-001 -6.5473e-001 -8.3145e-001
1582 0 +8.044719244e+001 +1.737471924e+002 +1.737471924e+002 -8.1091e-001 +8.2537e-001 -1.3187e+000 -3.5925e-001 +1.7452e+000 -8.0695e-001 +1.6818e+000 +7.6094e-001 -7.7400e-001 -7.9653e-001
2195 0 +7.494808927e+001 +1.682480893e+002 +1.682480893e+002 -7.5110e-001 +8.6927e-001 -1.3560e+000 -5.3609e-001 +1.4323e+000 -7.4922e-001 +1.6193e+000 +6.1873e-001 -6.8822e-001 -7.0746e-001
2299 0 +7.160575740e+001 +1.649057574e+002 +1.649057574e+002 -1.0698e+000 +1.1094e+000 -2.0439e+000 -1.6977e+000 +1.9672e+000 -2.1376e-001 +1.4522e+000 +1.2826e+000 -4.6304e-001 -3.6709e-001
2738 0 +6.751752012e+001 +1.608175201e+002 +1.608175201e+002 -1.0647e+000 +1.1107e+000 -2.0484e+000 -1.7052e+000 +1.9702e+000 -2.1608e-001 +1.4486e+000 +1.2845e+000 -4.6269e-001 -3.6164e-001
2992 0 +6.439286715e+001 +1.576928672e+002 +1.576928672e+002 -1.0298e+000 +1.0709e+000 -1.9634e+000 -1.5580e+000 +1.8895e+000 -2.6600e-001 +1.4826e+000 +1.1932e+000 -4.9695e-001 -4.3325e-001
4288 0 +6.298011864e+001 +1.562801186e+002 +1.562801186e+002 -1.0351e+000 +1.0671e+000 -1.9713e+000 -1.5679e+000 +1.8825e+000 -2.5551e-001 +1.4830e+000 +1.1928e+000 -4.9584e-001 -4.3473e-001
4448 0 +6.162663485e+001 +1.549266349e+002 +1.549266349e+002 -1.0362e+000 +1.0701e+000 -1.9678e+000 -1.5591e+000 +1.8866e+000 -2.6278e-001 +1.4845e+000 +1.1901e+000 -4.9666e-001 -4.3765e-001
4541 0 +5.925374688e+001 +1.525537469e+002 +1.525537469e+002 -1.0348e+000 +1.0704e+000 -1.9692e+000 -1.5658e+000 +1.8862e+000 -2.5841e-001 +1.4832e+000 +1.1904e+000 -4.8957e-001 -4.4080e-001
4679 0 +5.881015894e+001 +1.521101589e+002 +1.521101589e+002 -1.0343e+000 +1.0698e+000 -1.9693e+000 -1.5682e+000 +1.8852e+000 -2.5534e-001 +1.4825e+000 +1.1904e+000 -4.8602e-001 -4.4295e-001
4762 0 +5.675231922e+001 +1.500523192e+002 +1.500523192e+002 -1.0324e+000 +1.0691e+000 -1.9699e+000 -1.5682e+000 +1.8825e+000 -2.5828e-001 +1.4846e+000 +1.1871e+000 -4.8726e-001 -4.4276e-001
4836 0 +5.474742663e+001 +1.480474266e+002 +1.480474266e+002 -1.0355e+000 +1.0722e+000 -1.9741e+000 -1.5730e+000 +1.8859e+000 -2.5857e-001 +1.4857e+000 +1.1864e+000 -4.8307e-001 -4.4515e-001
4918 0 +5.336856448e+001 +1.466685645e+002 +1.466685645e+002 -1.0365e+000 +1.0740e+000 -1.9770e+000 -1.5744e+000 +1.8867e+000 -2.6238e-001 +1.4882e+000 +1.1837e+000 -4.8315e-001 -4.4546e-001
5047 0 +5.224324722e+001 +1.455432472e+002 +1.455432472e+002 -1.0337e+000 +1.0695e+000 -1.9753e+000 -1.5761e+000 +1.8786e+000 -2.5671e-001 +1.4877e+000 +1.1812e+000 -4.7956e-001 -4.4880e-001
5236 0 +5.092228928e+001 +1.442222893e+002 +1.442222893e+002 -1.0383e+000 +1.0709e+000 -1.9782e+000 -1.5784e+000 +1.8801e+000 -2.5999e-001 +1.4891e+000 +1.1809e+000 -4.7294e-001 -4.5372e-001
5454 0 +4.999881767e+001 +1.432988177e+002 +1.432988177e+002 -1.0423e+000 +1.0706e+000 -1.9816e+000 -1.5801e+000 +1.8790e+000 -2.6395e-001 +1.4913e+000 +1.1784e+000 -4.6721e-001 -4.6001e-001
5609 0 +4.873796619e+001 +1.420379662e+002 +1.420379662e+002 -1.0417e+000 +1.0681e+000 -1.9851e+000 -1.5839e+000 +1.8813e+000 -2.5825e-001 +1.4907e+000 +1.1808e+000 -4.7399e-001 -4.5782e-001
5718 0 +4.758910880e+001 +1.408891088e+002 +1.408891088e+002 -1.0418e+000 +1.0661e+000 -1.9845e+000 -1.5815e+000 +1.8791e+000 -2.5982e-001 +1.4925e+000 +1.1787e+000 -4.7236e-001 -4.6132e-001
5812 0 +4.641730999e+001 +1.397173100e+002 +1.397173100e+002 -1.0374e+000 +1.0691e+000 -1.9973e+000 -1.5788e+000 +1.8773e+000 -2.7209e-001 +1.4894e+000 +1.1773e+000 -4.6909e-001 -4.6833e-001
6055 0 +4.494355023e+001 +1.382435502e+002 +1.382435502e+002 -1.0371e+000 +1.0722e+000 -2.0165e+000 -1.5863e+000 +1.8749e+000 -2.8003e-001 +1.4872e+000 +1.1776e+000 -4.6697e-001 -4.7566e-001
6081 0 +4.426512287e+001 +1.375651229e+002 +1.375651229e+002 -1.0391e+000 +1.0713e+000 -2.0072e+000 -1.5788e+000 +1.8809e+000 -2.8224e-001 +1.4896e+000 +1.1781e+000 -4.6736e-001 -4.7017e-001
6093 0 +4.241645421e+001 +1.357164542e+002 +1.357164542e+002 -1.0401e+000 +1.0702e+000 -2.0183e+000 -1.5972e+000 +1.8701e+000 -2.8440e-001 +1.5003e+000 +1.1808e+000 -4.5316e-001 -4.8061e-001
6175 0 +4.160794766e+001 +1.349079477e+002 +1.349079477e+002 -1.0383e+000 +1.0697e+000 -2.0265e+000 -1.6000e+000 +1.8666e+000 -2.9329e-001 +1.5046e+000 +1.1820e+000 -4.5079e-001 -4.8494e-001
6333 0 +4.044484763e+001 +1.337448476e+002 +1.337448476e+002 -1.0383e+000 +1.0696e+000 -2.0214e+000 -1.6002e+000 +1.8665e+000 -2.9285e-001 +1.5072e+000 +1.1837e+000 -4.5174e-001 -4.8128e-001
6433 0 +3.972609315e+001 +1.330260931e+002 +1.330260931e+002 -1.0375e+000 +1.0665e+000 -2.0080e+000 -1.5922e+000 +1.8676e+000 -2.8733e-001 +1.5078e+000 +1.1823e+000 -4.5708e-001 -4.7679e-001
6848 0 +3.886444523e+001 +1.321644452e+002 +1.321644452e+002 -1.0325e+000 +1.0671e+000 -2.0058e+000 -1.5946e+000 +1.8695e+000 -2.9513e-001 +1.5131e+000 +1.1872e+000 -4.5674e-001 -4.8042e-001
7121 0 +3.800197819e+001 +1.313019782e+002 +1.313019782e+002 -1.0312e+000 +1.0687e+000 -2.0095e+000 -1.5963e+000 +1.8671e+000 -2.9890e-001 +1.5119e+000 +1.1850e+000 -4.5605e-001 -4.8435e-001
7407 0 +3.706653060e+001 +1.303665306e+002 +1.303665306e+002 -1.0257e+000 +1.0768e+000 -2.0182e+000 -1.5990e+000 +1.8671e+000 -3.1488e-001 +1.5116e+000 +1.1832e+000 -4.5740e-001 -4.9743e-001
7733 0 +3.627766675e+001 +1.295776667e+002 +1.295776667e+002 -1.0258e+000 +1.0755e+000 -2.0107e+000 -1.5953e+000 +1.8703e+000 -3.0599e-001 +1.5112e+000 +1.1828e+000 -4.6450e-001 -4.9041e-001
8326 0 +3.547485315e+001 +1.287748532e+002 +1.287748532e+002 -1.0251e+000 +1.0822e+000 -2.0158e+000 -1.5981e+000 +1.8684e+000 -3.0927e-001 +1.5120e+000 +1.1774e+000 -4.6837e-001 -4.9598e-001
% f evaluations | g evaluations | best noise-free fitness - Fopt (1.364000000000e+001) + sum g_i+ | measured fitness | best measured fitness or single-digit g-values | x1 | x2...
1 0 +1.533351914e+002 +1.669751914e+002 +1.669751914e+002 +0.0000e+000 +0.0000e+000 +0.0000e+000 +0.0000e+000 +0.0000e+000 +0.0000e+000 +0.0000e+000 +0.0000e+000 +0.0000e+000 +0.0000e+000
58 0 +1.504315537e+002 +1.640715537e+002 +1.640715537e+002 -8.3275e-001 -1.6199e+000 +3.5026e+000 +2.1898e+000 +4.1931e+000 +2.9449e-001 -3.1868e+000 +6.9792e-001 +9.1804e-001 +9.6091e-001
82 0 +1.347688614e+002 +1.484088614e+002 +1.484088614e+002 +8.6485e-001 +2.1847e+000 -2.8265e+000 -7.4486e-001 -2.9049e+000 +3.2526e+000 +5.1885e-001 -1.8061e+000 -3.8186e-002 -1.0844e+000
221 0 +1.086842641e+002 +1.223242641e+002 +1.223242641e+002 -1.1117e-001 +2.8944e-001 -1.5594e+000 -1.6019e+000 -2.4513e+000 +2.4446e+000 +9.8405e-001 -1.4505e+000 -8.4956e-001 -1.1195e+000
439 0 +6.591452230e+001 +7.955452230e+001 +7.955452230e+001 +6.8582e-001 +7.2765e-001 -1.3109e+000 -1.3519e+000 -2.6513e+000 +2.2889e+000 +1.5155e+000 -1.9017e+000 -7.7955e-001 -8.2187e-001
720 0 +4.879688303e+001 +6.243688303e+001 +6.243688303e+001 +6.7516e-001 +8.4385e-001 -1.5387e+000 -1.3741e+000 -2.7070e+000 +2.1435e+000 +1.3879e+000 -1.9209e+000 -1.0494e+000 -6.9919e-001
1586 0 +4.548661349e+001 +5.912661349e+001 +5.912661349e+001 +6.7791e-001 +8.4153e-001 -1.5352e+000 -1.3757e+000 -2.7077e+000 +2.1454e+000 +1.3894e+000 -1.9212e+000 -1.0456e+000 -7.0005e-001
2284 0 +4.174286020e+001 +5.538286020e+001 +5.538286020e+001 +6.7180e-001 +8.4281e-001 -1.5360e+000 -1.3812e+000 -2.7071e+000 +2.1527e+000 +1.3868e+000 -1.9210e+000 -1.0424e+000 -6.9963e-001
2370 0 +4.039427119e+001 +5.403427119e+001 +5.403427119e+001 +6.6670e-001 +8.4333e-001 -1.5364e+000 -1.3854e+000 -2.7065e+000 +2.1583e+000 +1.3854e+000 -1.9216e+000 -1.0401e+000 -6.9930e-001
2379 0 +3.535648277e+001 +4.899648277e+001 +4.899648277e+001 +6.6824e-001 +8.4130e-001 -1.5308e+000 -1.3920e+000 -2.7049e+000 +2.1527e+000 +1.3925e+000 -1.9220e+000 -1.0457e+000 -6.8725e-001
2515 0 +3.315310329e+001 +4.679310329e+001 +4.679310329e+001 +6.7871e-001 +8.5515e-001 -1.5319e+000 -1.4037e+000 -2.7156e+000 +2.1458e+000 +1.4035e+000 -1.9404e+000 -1.0550e+000 -6.6636e-001
2580 0 +3.258671400e+001 +4.622671400e+001 +4.622671400e+001 +6.6930e-001 +8.4457e-001 -1.5250e+000 -1.3985e+000 -2.7089e+000 +2.1568e+000 +1.3915e+000 -1.9169e+000 -1.0493e+000 -6.8234e-001
3170 0 +3.179651412e+001 +4.543651412e+001 +4.543651412e+001 +6.7032e-001 +8.4327e-001 -1.5221e+000 -1.4006e+000 -2.7079e+000 +2.1534e+000 +1.3965e+000 -1.9186e+000 -1.0521e+000 -6.7614e-001
3215 0 +3.106597416e+001 +4.470597416e+001 +4.470597416e+001 +6.7004e-001 +8.4418e-001 -1.5249e+000 -1.3973e+000 -2.7090e+000 +2.1492e+000 +1.3987e+000 -1.9219e+000 -1.0495e+000 -6.7561e-001
3490 0 +2.571862341e+001 +3.935862341e+001 +3.935862341e+001 +8.2102e-001 +6.9794e-001 -9.8302e-001 -1.5097e+000 -2.3323e+000 +1.7755e+000 +1.6123e+000 -1.5402e+000 -9.1234e-001 -6.9126e-001
3767 0 +2.009442265e+001 +3.373442265e+001 +3.373442265e+001 +8.2257e-001 +6.9605e-001 -9.7589e-001 -1.5115e+000 -2.3269e+000 +1.7707e+000 +1.6149e+000 -1.5345e+000 -9.1033e-001 -6.9123e-001
3887 0 +1.872922907e+001 +3.236922907e+001 +3.236922907e+001 +8.2480e-001 +6.9432e-001 -9.7155e-001 -1.5119e+000 -2.3254e+000 +1.7687e+000 +1.6152e+000 -1.5309e+000 -9.1170e-001 -6.9207e-001
4568 0 +1.836768920e+001 +3.200768920e+001 +3.200768920e+001 +8.1698e-001 +6.9256e-001 -9.6645e-001 -1.5122e+000 -2.3228e+000 +1.7708e+000 +1.6091e+000 -1.5281e+000 -9.1713e-001 -7.0043e-001
4679 0 +1.786133904e+001 +3.150133904e+001 +3.150133904e+001 +8.2068e-001 +6.9483e-001 -9.7237e-001 -1.5106e+000 -2.3260e+000 +1.7706e+000 +1.6110e+000 -1.5312e+000 -9.1452e-001 -6.9588e-001
4990 0 +1.754338383e+001 +3.118338383e+001 +3.118338383e+001 +8.2012e-001 +6.9387e-001 -9.6923e-001 -1.5112e+000 -2.3241e+000 +1.7694e+000 +1.6108e+000 -1.5290e+000 -9.1494e-001 -6.9729e-001
5319 0 +1.714146948e+001 +3.078146948e+001 +3.078146948e+001 +8.1826e-001 +6.9204e-001 -9.7059e-001 -1.5119e+000 -2.3206e+000 +1.7691e+000 +1.6134e+000 -1.5264e+000 -9.1253e-001 -6.9913e-001
5413 0 +1.679504100e+001 +3.043504100e+001 +3.043504100e+001 +8.1773e-001 +6.9280e-001 -9.7122e-001 -1.5113e+000 -2.3229e+000 +1.7705e+000 +1.6111e+000 -1.5281e+000 -9.1417e-001 -6.9901e-001
5554 0 +1.611531681e+001 +2.975531681e+001 +2.975531681e+001 +8.1571e-001 +6.9305e-001 -9.7349e-001 -1.5109e+000 -2.3227e+000 +1.7718e+000 +1.6111e+000 -1.5281e+000 -9.1369e-001 -7.0247e-001
5690 0 +1.533701096e+001 +2.897701096e+001 +2.897701096e+001 +8.1218e-001 +6.9294e-001 -9.7632e-001 -1.5105e+000 -2.3215e+000 +1.7736e+000 +1.6103e+000 -1.5268e+000 -9.1394e-001 -7.0787e-001
5790 0 +1.510902726e+001 +2.874902726e+001 +2.874902726e+001 +8.0833e-001 +6.9234e-001 -9.7943e-001 -1.5103e+000 -2.3196e+000 +1.7753e+000 +1.6103e+000 -1.5252e+000 -9.1329e-001 -7.1335e-001
5976 0 +1.478550108e+001 +2.842550108e+001 +2.842550108e+001 +8.0755e-001 +6.9244e-001 -9.8063e-001 -1.5106e+000 -2.3183e+000 +1.7759e+000 +1.6095e+000 -1.5231e+000 -9.1479e-001 -7.1748e-001
6312 0 +1.440646157e+001 +2.804646157e+001 +2.804646157e+001 +8.1080e-001 +6.9268e-001 -9.8106e-001 -1.5105e+000 -2.3183e+000 +1.7748e+000 +1.6094e+000 -1.5227e+000 -9.1843e-001 -7.1784e-001
6358 0 +1.411686681e+001 +2.775686681e+001 +2.775686681e+001 +8.1124e-001 +6.9392e-001 -9.7873e-001 -1.5106e+000 -2.3155e+000 +1.7758e+000 +1.6097e+000 -1.5246e+000 -9.1718e-001 -7.1535e-001
6507 0 +1.365111488e+001 +2.729111488e+001 +2.729111488e+001 +8.1613e-001 +6.9598e-001 -9.7811e-001 -1.5110e+000 -2.3121e+000 +1.7769e+000 +1.6082e+000 -1.5248e+000 -9.2307e-001 -7.1549e-001
7030 0 +1.347718822e+001 +2.711718822e+001 +2.711718822e+001 +8.1738e-001 +6.9608e-001 -9.7478e-001 -1.5108e+000 -2.3104e+000 +1.7755e+000 +1.6093e+000 -1.5260e+000 -9.2209e-001 -7.1301e-001
7314 0 +1.307823812e+001 +2.671823812e+001 +2.671823812e+001 +8.1527e-001 +6.9720e-001 -9.7606e-001 -1.5142e+000 -2.3088e+000 +1.7779e+000 +1.6110e+000 -1.5253e+000 -9.2614e-001 -7.1889e-001
7813 0 +1.286941857e+001 +2.650941857e+001 +2.650941857e+001 +8.1257e-001 +6.9720e-001 -9.7755e-001 -1.5125e+000 -2.3110e+000 +1.7790e+000 +1.6103e+000 -1.5278e+000 -9.2430e-001 -7.1880e-001
8516 0 +1.251890990e+001 +2.615890990e+001 +2.615890990e+001 +8.1277e-001 +7.0095e-001 -9.7868e-001 -1.5097e+000 -2.3078e+000 +1.7793e+000 +1.6097e+000 -1.5328e+000 -9.2421e-001 -7.1968e-001
8635 0 +1.228427545e+001 +2.592427545e+001 +2.592427545e+001 +8.1303e-001 +7.0504e-001 -9.8068e-001 -1.5080e+000 -2.3045e+000 +1.7802e+000 +1.6085e+000 -1.5366e+000 -9.2732e-001 -7.2333e-001
8735 0 +1.194075771e+001 +2.558075771e+001 +2.558075771e+001 +8.1100e-001 +7.0700e-001 -9.8275e-001 -1.5086e+000 -2.3058e+000 +1.7783e+000 +1.6099e+000 -1.5374e+000 -9.2627e-001 -7.2783e-001
8984 0 +1.173131868e+001 +2.537131868e+001 +2.537131868e+001 +8.1241e-001 +7.0724e-001 -9.8185e-001 -1.5093e+000 -2.3046e+000 +1.7766e+000 +1.6102e+000 -1.5356e+000 -9.2703e-001 -7.2874e-001
9180 0 +1.145027091e+001 +2.509027091e+001 +2.509027091e+001 +8.1489e-001 +7.0739e-001 -9.8029e-001 -1.5105e+000 -2.3026e+000 +1.7756e+000 +1.6095e+000 -1.5323e+000 -9.3045e-001 -7.3079e-001
9561 0 +1.113625686e+001 +2.477625686e+001 +2.477625686e+001 +8.1716e-001 +7.1156e-001 -9.8317e-001 -1.5094e+000 -2.3031e+000 +1.7738e+000 +1.6085e+000 -1.5348e+000 -9.3253e-001 -7.3211e-001
% f evaluations | g evaluations | best noise-free fitness - Fopt (1.948000000000e+002) + sum g_i+ | measured fitness | best measured fitness or single-digit g-values | x1 | x2...
1 0 +1.947008140e+002 +3.895008140e+002 +3.895008140e+002 +0.0000e+000 +0.0000e+000 +0.0000e+000 +0.0000e+000 +0.0000e+000 +0.0000e+000 +0.0000e+000 +0.0000e+000 +0.0000e+000 +0.0000e+000
15 0 +1.598564599e+002 +3.546564599e+002 +3.546564599e+002 -4.2386e+000 -1.3621e+000 +2.0120e+000 -3.0115e+000 -4.5020e+000 +3.4077e+000 +5.4788e-001 -4.2904e-001 -1.2076e+000 -1.4762e+000
88 0 +1.457672853e+002 +3.405672853e+002 +3.405672853e+002 -3.0817e+000 -1.7515e+000 +9.2730e-001 -1.9732e+000 +1.5962e+000 +2.3136e+000 +4.4923e+000 +1.1416e+000 +2.3040e-001 -2.2229e+000
206 0 +1.100911869e+002 +3.048911869e+002 +3.048911869e+002 -1.9385e+000 -7.8205e-001 +6.2799e-001 -6.9213e-001 +4.7229e-001 +1.4378e+000 +2.1372e+000 +9.3354e-001 -6.7011e-001 -1.8597e+000
498 0 +8.915550331e+001 +2.839555033e+002 +2.839555033e+002 -1.5744e+000 -5.0755e-001 +1.5388e-002 -1.2944e-001 +2.9177e-001 +1.3125e-001 +8.1815e-002 +1.7277e+000 -1.8498e+000 -1.7224e+000
753 0 +7.323280433e+001 +2.680328043e+002 +2.680328043e+002 -1.9514e+000 -6.2435e-001 +2.2930e-001 -9.2945e-001 +6.2577e-001 +5.1187e-001 +9.4531e-001 +1.8782e+000 -1.6820e+000 -1.5288e+000
1563 0 +5.577156953e+001 +2.505715695e+002 +2.505715695e+002 -1.8905e+000 -3.1933e-001 +2.1098e-001 -6.1392e-001 +4.3665e-001 +6.8569e-001 +1.1496e+000 +2.0196e+000 -1.8479e+000 -1.6573e+000
2078 0 +5.220556582e+001 +2.470055658e+002 +2.470055658e+002 -1.8877e+000 -3.2456e-001 +2.1434e-001 -6.2039e-001 +4.3497e-001 +6.7177e-001 +1.1398e+000 +2.0196e+000 -1.8493e+000 -1.6519e+000
2863 0 +4.927846331e+001 +2.440784633e+002 +2.440784633e+002 -1.8831e+000 -3.2177e-001 +2.0986e-001 -6.1945e-001 +4.2698e-001 +6.7352e-001 +1.1353e+000 +2.0087e+000 -1.8482e+000 -1.6524e+000
2900 0 +4.884635128e+001 +2.436463513e+002 +2.436463513e+002 -1.8796e+000 -3.3100e-001 +2.2071e-001 -6.1909e-001 +4.1910e-001 +6.6475e-001 +1.1344e+000 +2.0047e+000 -1.8451e+000 -1.6515e+000
2953 0 +4.494874998e+001 +2.397487500e+002 +2.397487500e+002 -1.8822e+000 -3.2783e-001 +2.1990e-001 -6.1484e-001 +4.2414e-001 +6.6582e-001 +1.1360e+000 +2.0140e+000 -1.8488e+000 -1.6530e+000
3090 0 +4.317394975e+001 +2.379739498e+002 +2.379739498e+002 -1.8783e+000 -3.2680e-001 +2.1297e-001 -6.1516e-001 +4.2858e-001 +6.6505e-001 +1.1410e+000 +2.0098e+000 -1.8536e+000 -1.6496e+000
3871 0 +4.226013679e+001 +2.370601368e+002 +2.370601368e+002 -1.8781e+000 -3.2422e-001 +2.1049e-001 -6.1473e-001 +4.2990e-001 +6.6416e-001 +1.1423e+000 +2.0121e+000 -1.8572e+000 -1.6483e+000
4029 0 +4.092407131e+001 +2.357240713e+002 +2.357240713e+002 -1.8819e+000 -3.2437e-001 +2.0526e-001 -6.1181e-001 +4.2857e-001 +6.6478e-001 +1.1447e+000 +2.0169e+000 -1.8594e+000 -1.6457e+000
4136 0 +4.057894467e+001 +2.353789447e+002 +2.353789447e+002 -1.8798e+000 -3.2351e-001 +2.0949e-001 -6.1312e-001 +4.3525e-001 +6.6414e-001 +1.1455e+000 +2.0180e+000 -1.8608e+000 -1.6459e+000
4336 0 +3.922782393e+001 +2.340278239e+002 +2.340278239e+002 -1.8805e+000 -3.2819e-001 +2.0825e-001 -6.1006e-001 +4.3919e-001 +6.5643e-001 +1.1396e+000 +2.0226e+000 -1.8613e+000 -1.6458e+000
4530 0 +3.879149347e+001 +2.335914935e+002 +2.335914935e+002 -1.8807e+000 -3.2729e-001 +2.0344e-001 -6.0685e-001 +4.4057e-001 +6.5103e-001 +1.1353e+000 +2.0260e+000 -1.8594e+000 -1.6453e+000
5009 0 +3.796536376e+001 +2.327653638e+002 +2.327653638e+002 -1.8762e+000 -3.3141e-001 +2.0651e-001 -6.0269e-001 +4.3731e-001 +6.4549e-001 +1.1327e+000 +2.0282e+000 -1.8541e+000 -1.6467e+000
5306 0 +3.696184291e+001 +2.317618429e+002 +2.317618429e+002 -1.8770e+000 -3.3124e-001 +1.9992e-001 -5.9929e-001 +4.4210e-001 +6.4550e-001 +1.1340e+000 +2.0278e+000 -1.8530e+000 -1.6466e+000
5504 0 +3.608160357e+001 +2.308816036e+002 +2.308816036e+002 -1.8760e+000 -3.3363e-001 +1.9511e-001 -5.9540e-001 +4.4565e-001 +6.3956e-001 +1.1317e+000 +2.0283e+000 -1.8482e+000 -1.6453e+000
5656 0 +3.544581601e+001 +2.302458160e+002 +2.302458160e+002 -1.8790e+000 -3.3334e-001 +1.9851e-001 -5.9700e-001 +4.4427e-001 +6.4452e-001 +1.1311e+000 +2.0241e+000 -1.8489e+000 -1.6419e+000
5705 0 +3.461692643e+001 +2.294169264e+002 +2.294169264e+002 -1.8781e+000 -3.3620e-001 +1.9431e-001 -5.9295e-001 +4.4641e-001 +6.4027e-001 +1.1279e+000 +2.0216e+000 -1.8432e+000 -1.6400e+000
5878 0 +3.372170713e+001 +2.285217071e+002 +2.285217071e+002 -1.8789e+000 -3.3335e-001 +1.9317e-001 -5.8890e-001 +4.4714e-001 +6.4196e-001 +1.1310e+000 +2.0213e+000 -1.8406e+000 -1.6379e+000
6153 0 +3.299464716e+001 +2.277946472e+002 +2.277946472e+002 -1.8810e+000 -3.3239e-001 +1.9387e-001 -5.8181e-001 +4.4673e-001 +6.4792e-001 +1.1332e+000 +2.0133e+000 -1.8334e+000 -1.6308e+000
7640 0 +3.233442734e+001 +2.271344273e+002 +2.271344273e+002 -1.8773e+000 -3.3543e-001 +1.9304e-001 -5.7633e-001 +4.5167e-001 +6.5498e-001 +1.1296e+000 +2.0134e+000 -1.8360e+000 -1.6298e+000
% f evaluations | g evaluations | best noise-free fitness - Fopt (-1.335900000000e+002) + sum g_i+ | measured fitness | best measured fitness or single-digit g-values | x1 | x2...
1 0 +1.778421450e+002 +4.425214496e+001 +4.425214496e+001 +0.0000e+000 +0.0000e+000 +0.0000e+000 +0.0000e+000 +0.0000e+000 +0.0000e+000 +0.0000e+000 +0.0000e+000 +0.0000e+000 +0.0000e+000
35 0 +1.351024294e+002 +1.512429436e+000 +1.512429436e+000 -4.3202e+000 +2.3267e+000 +3.1143e+000 -2.5607e+000 -1.3451e+000 +4.6659e-001 +3.4370e+000 -1.7381e+000 -3.7007e+000 +6.8068e-001
257 0 +1.074296467e+002 -2.616035325e+001 -2.616035325e+001 -3.4291e+000 +3.1050e+000 +2.4959e+000 -1.6632e+000 +6.5916e-002 +1.6181e+000 +1.0506e+000 +9.0535e-002 -1.8355e+000 +1.1449e+000
537 0 +8.375873444e+001 -4.983126556e+001 -4.983126556e+001 -4.0624e+000 +2.5862e+000 +2.9974e+000 -2.6656e-001 -9.0100e-001 +9.4285e-002 +2.1613e+000 -1.8031e+000 -1.6761e+000 +9.7746e-001
717 0 +8.316826213e+001 -5.042173787e+001 -5.042173787e+001 -3.2287e+000 +1.2951e+000 +2.6019e+000 -1.1620e+000 -4.8084e-001 -3.4131e-002 +1.9843e+000 -1.7642e+000 -2.3642e+000 +1.7020e-001
1151 0 +7.487329714e+001 -5.871670286e+001 -5.871670286e+001 -2.5243e+000 +3.1827e+000 +1.4635e+000 -9.4833e-001 -1.2212e+000 +8.8674e-001 +1.0595e+000 -9.1550e-001 -3.0717e+000 +1.0972e+000
1211 0 +5.745919251e+001 -7.613080749e+001 -7.613080749e+001 -2.5565e+000 +2.3995e+000 +1.8672e+000 -5.3693e-001 -8.8850e-001 +6.8986e-001 +1.2204e+000 -1.2560e+000 -2.0770e+000 +6.4949e-001
2277 0 +4.739114097e+001 -8.619885903e+001 -8.619885903e+001 -2.5798e+000 +2.4101e+000 +1.8753e+000 -5.6226e-001 -8.9276e-001 +6.8682e-001 +1.2361e+000 -1.2530e+000 -2.0928e+000 +6.5412e-001
2489 0 +4.510904588e+001 -8.848095412e+001 -8.848095412e+001 -2.5827e+000 +2.4155e+000 +1.8779e+000 -5.6554e-001 -8.9015e-001 +6.9030e-001 +1.2317e+000 -1.2474e+000 -2.0952e+000 +6.5691e-001
2947 0 +4.457737613e+001 -8.901262387e+001 -8.901262387e+001 -2.5814e+000 +2.4127e+000 +1.8793e+000 -5.6232e-001 -8.8811e-001 +6.9058e-001 +1.2299e+000 -1.2482e+000 -2.0929e+000 +6.5325e-001
3174 0 +4.263678534e+001 -9.095321466e+001 -9.095321466e+001 -2.5806e+000 +2.4161e+000 +1.8792e+000 -5.6163e-001 -8.9093e-001 +6.9027e-001 +1.2262e+000 -1.2466e+000 -2.0969e+000 +6.5716e-001
3336 0 +4.158609636e+001 -9.200390364e+001 -9.200390364e+001 -2.5911e+000 +2.4151e+000 +1.8847e+000 -5.7007e-001 -9.0045e-001 +6.8193e-001 +1.2244e+000 -1.2553e+000 -2.1047e+000 +6.5878e-001
3408 0 +3.957811615e+001 -9.401188385e+001 -9.401188385e+001 -2.5773e+000 +2.4135e+000 +1.8841e+000 -5.5813e-001 -8.8486e-001 +6.8983e-001 +1.2083e+000 -1.2460e+000 -2.0812e+000 +6.5038e-001
3608 0 +3.864837400e+001 -9.494162600e+001 -9.494162600e+001 -2.5782e+000 +2.4187e+000 +1.8820e+000 -5.5913e-001 -8.8808e-001 +6.9153e-001 +1.2098e+000 -1.2447e+000 -2.0884e+000 +6.5209e-001
3670 0 +3.666039765e+001 -9.692960235e+001 -9.692960235e+001 -2.5789e+000 +2.4177e+000 +1.8846e+000 -5.4725e-001 -8.9008e-001 +6.9111e-001 +1.1968e+000 -1.2505e+000 -2.0730e+000 +6.4250e-001
3789 0 +3.342120902e+001 -1.001687910e+002 -1.001687910e+002 -2.5940e+000 +2.4208e+000 +1.8943e+000 -5.5561e-001 -8.9304e-001 +6.9100e-001 +1.2013e+000 -1.2540e+000 -2.0808e+000 +6.3867e-001
3983 0 +3.261593346e+001 -1.009740665e+002 -1.009740665e+002 -2.5998e+000 +2.4232e+000 +1.8995e+000 -5.5473e-001 -8.9441e-001 +6.9125e-001 +1.1945e+000 -1.2569e+000 -2.0767e+000 +6.3310e-001
4089 0 +3.235148481e+001 -1.012385152e+002 -1.012385152e+002 -2.5930e+000 +2.4219e+000 +1.8956e+000 -5.5177e-001 -8.9250e-001 +6.9128e-001 +1.1920e+000 -1.2549e+000 -2.0729e+000 +6.3492e-001
4408 0 +3.153320639e+001 -1.020567936e+002 -1.020567936e+002 -2.5911e+000 +2.4189e+000 +1.8965e+000 -5.4777e-001 -8.9037e-001 +6.8977e-001 +1.1866e+000 -1.2577e+000 -2.0653e+000 +6.3455e-001
4449 0 +2.944919833e+001 -1.041408017e+002 -1.041408017e+002 -2.6002e+000 +2.4211e+000 +1.9039e+000 -5.4386e-001 -8.9333e-001 +6.8996e-001 +1.1780e+000 -1.2632e+000 -2.0591e+000 +6.3071e-001
4569 0 +2.861175450e+001 -1.049782455e+002 -1.049782455e+002 -2.6015e+000 +2.4192e+000 +1.9054e+000 -5.4035e-001 -8.9323e-001 +6.8928e-001 +1.1750e+000 -1.2664e+000 -2.0533e+000 +6.3328e-001
4676 0 +2.803933094e+001 -1.055506691e+002 -1.055506691e+002 -2.6056e+000 +2.4200e+000 +1.9072e+000 -5.4127e-001 -8.9441e-001 +6.8890e-001 +1.1759e+000 -1.2676e+000 -2.0558e+000 +6.3396e-001
4873 0 +2.729927923e+001 -1.062907208e+002 -1.062907208e+002 -2.6048e+000 +2.4209e+000 +1.9054e+000 -5.4268e-001 -8.9545e-001 +6.8908e-001 +1.1798e+000 -1.2666e+000 -2.0591e+000 +6.3979e-001
5103 0 +2.691320021e+001 -1.066767998e+002 -1.066767998e+002 -2.6056e+000 +2.4233e+000 +1.9062e+000 -5.4238e-001 -8.9543e-001 +6.8813e-001 +1.1774e+000 -1.2680e+000 -2.0576e+000 +6.3791e-001
5218 0 +2.603033383e+001 -1.075596662e+002 -1.075596662e+002 -2.6126e+000 +2.4254e+000 +1.9134e+000 -5.3827e-001 -8.9787e-001 +6.8683e-001 +1.1650e+000 -1.2747e+000 -2.0485e+000 +6.4002e-001
5342 0 +2.561049551e+001 -1.079795045e+002 -1.079795045e+002 -2.6120e+000 +2.4273e+000 +1.9103e+000 -5.4201e-001 -8.9942e-001 +6.8719e-001 +1.1705e+000 -1.2717e+000 -2.0566e+000 +6.4322e-001
5519 0 +2.502667537e+001 -1.085633246e+002 -1.085633246e+002 -2.6199e+000 +2.4296e+000 +1.9149e+000 -5.4336e-001 -9.0242e-001 +6.8644e-001 +1.1692e+000 -1.2742e+000 -2.0576e+000 +6.4511e-001
6218 0 +2.448158282e+001 -1.091084172e+002 -1.091084172e+002 -2.6292e+000 +2.4270e+000 +1.9182e+000 -5.4732e-001 -9.0778e-001 +6.8810e-001 +1.1687e+000 -1.2755e+000 -2.0557e+000 +6.4719e-001
7904 0 +2.396215950e+001 -1.096278405e+002 -1.096278405e+002 -2.6181e+000 +2.4260e+000 +1.9198e+000 -5.4444e-001 -9.0981e-001 +6.9313e-001 +1.1636e+000 -1.2832e+000 -2.0466e+000 +6.4891e-001
% f evaluations | g evaluations | best noise-free fitness - Fopt (-3.085000000000e+001) + sum g_i+ | measured fitness | best measured fitness or single-digit g-values | x1 | x2...
1 0 +1.583594769e+002 +1.275094769e+002 +1.275094769e+002 +0.0000e+000 +0.0000e+000 +0.0000e+000 +0.0000e+000 +0.0000e+000 +0.0000e+000 +0.0000e+000 +0.0000e+000 +0.0000e+000 +0.0000e+000
239 0 +1.579840827e+002 +1.271340827e+002 +1.271340827e+002 +9.3308e-001 -8.9449e-001 -2.9886e+000 -2.6567e-001 +4.4048e-001 +3.5040e+000 -4.5775e-001 +1.3361e+000 -2.2137e+000 +4.7054e+000
245 0 +7.890645276e+001 +4.805645276e+001 +4.805645276e+001 +1.5693e+000 +3.0676e+000 -2.0158e+000 +1.3154e+000 +1.0058e+000 +1.6890e-001 +1.7156e-001 +1.9994e+000 +1.7464e-001 +1.7796e+000
1103 0 +5.927338007e+001 +2.842338007e+001 +2.842338007e+001 +1.5402e+000 +2.8698e+000 -2.0215e+000 +1.3214e+000 +1.0291e+000 +4.1654e-001 -8.6371e-002 +1.8406e+000 +7.9535e-002 +2.0618e+000
1616 0 +5.673493486e+001 +2.588493486e+001 +2.588493486e+001 +1.5408e+000 +2.8730e+000 -2.0203e+000 +1.3214e+000 +1.0255e+000 +4.1177e-001 -8.0295e-002 +1.8463e+000 +8.1388e-002 +2.0582e+000
1745 0 +5.564641862e+001 +2.479641862e+001 +2.479641862e+001 +1.5573e+000 +2.8935e+000 -2.0225e+000 +1.3273e+000 +1.0371e+000 +4.0253e-001 -7.2484e-002 +1.8539e+000 +8.1657e-002 +2.0414e+000
2033 0 +5.045780376e+001 +1.960780376e+001 +1.960780376e+001 +1.5564e+000 +2.8823e+000 -2.0196e+000 +1.3245e+000 +1.0569e+000 +4.2055e-001 -9.3408e-002 +1.8462e+000 +7.6850e-002 +2.0552e+000
2126 0 +4.812462750e+001 +1.727462750e+001 +1.727462750e+001 +1.5516e+000 +2.9044e+000 -2.0214e+000 +1.3280e+000 +1.0703e+000 +4.1525e-001 -7.4062e-002 +1.8576e+000 +8.4648e-002 +2.0401e+000
2526 0 +4.776305543e+001 +1.691305543e+001 +1.691305543e+001 +1.5507e+000 +2.9036e+000 -2.0213e+000 +1.3278e+000 +1.0694e+000 +4.1630e-001 -7.5342e-002 +1.8561e+000 +8.4301e-002 +2.0421e+000
2644 0 +4.621015744e+001 +1.536015744e+001 +1.536015744e+001 +1.5494e+000 +2.9022e+000 -2.0263e+000 +1.3279e+000 +1.0586e+000 +4.1883e-001 -8.0956e-002 +1.8508e+000 +8.4721e-002 +2.0507e+000
3308 0 +4.556014988e+001 +1.471014988e+001 +1.471014988e+001 +1.5468e+000 +2.9049e+000 -2.0261e+000 +1.3269e+000 +1.0568e+000 +4.1633e-001 -8.0070e-002 +1.8517e+000 +8.7163e-002 +2.0479e+000
3827 0 +4.459045048e+001 +1.374045048e+001 +1.374045048e+001 +1.5490e+000 +2.9027e+000 -2.0261e+000 +1.3258e+000 +1.0562e+000 +4.1642e-001 -8.3709e-002 +1.8546e+000 +8.3989e-002 +2.0481e+000
3875 0 +4.109019489e+001 +1.024019489e+001 +1.024019489e+001 +1.5196e+000 +2.6815e+000 -2.0091e+000 +1.3267e+000 +1.0401e+000 +8.3274e-001 -4.4306e-001 +1.7751e+000 +9.0480e-002 +2.0561e+000
4360 0 +4.035247660e+001 +9.502476596e+000 +9.502476596e+000 +1.5208e+000 +2.6824e+000 -2.0099e+000 +1.3262e+000 +1.0405e+000 +8.2991e-001 -4.4243e-001 +1.7761e+000 +9.0739e-002 +2.0557e+000
4504 0 +3.897823994e+001 +8.128239942e+000 +8.128239942e+000 +1.5205e+000 +2.6749e+000 -2.0102e+000 +1.3244e+000 +1.0390e+000 +8.4595e-001 -4.5614e-001 +1.7750e+000 +9.0489e-002 +2.0562e+000
4663 0 +3.860840268e+001 +7.758402683e+000 +7.758402683e+000 +1.5198e+000 +2.6802e+000 -2.0090e+000 +1.3257e+000 +1.0400e+000 +8.3795e-001 -4.4912e-001 +1.7754e+000 +9.1137e-002 +2.0560e+000
5670 0 +3.787961283e+001 +7.029612834e+000 +7.029612834e+000 +1.5223e+000 +2.6804e+000 -2.0125e+000 +1.3188e+000 +1.0374e+000 +8.2721e-001 -4.4056e-001 +1.7830e+000 +8.7504e-002 +2.0552e+000
5717 0 +3.699344379e+001 +6.143443789e+000 +6.143443789e+000 +1.5231e+000 +2.6790e+000 -2.0126e+000 +1.3186e+000 +1.0369e+000 +8.2605e-001 -4.4083e-001 +1.7853e+000 +8.9663e-002 +2.0548e+000
6024 0 +3.620823842e+001 +5.358238419e+000 +5.358238419e+000 +1.5225e+000 +2.6766e+000 -2.0109e+000 +1.3189e+000 +1.0370e+000 +8.2814e-001 -4.4467e-001 +1.7868e+000 +9.2476e-002 +2.0542e+000
6456 0 +3.524705357e+001 +4.397053573e+000 +4.397053573e+000 +1.5261e+000 +2.6794e+000 -2.0112e+000 +1.3168e+000 +1.0382e+000 +8.2559e-001 -4.4149e-001 +1.7892e+000 +9.1517e-002 +2.0542e+000
6602 0 +3.438623142e+001 +3.536231422e+000 +3.536231422e+000 +1.5259e+000 +2.6810e+000 -2.0145e+000 +1.3152e+000 +1.0382e+000 +8.2581e-001 -4.4171e-001 +1.7927e+000 +9.1114e-002 +2.0554e+000
7024 0 +3.385202155e+001 +3.002021552e+000 +3.002021552e+000 +1.5270e+000 +2.6849e+000 -2.0162e+000 +1.3144e+000 +1.0402e+000 +8.2742e-001 -4.4196e-001 +1.7934e+000 +8.9265e-002 +2.0559e+000
7344 0 +3.305608105e+001 +2.206081046e+000 +2.206081046e+000 +1.5304e+000 +2.6901e+000 -2.0163e+000 +1.3070e+000 +1.0405e+000 +8.1765e-001 -4.3469e-001 +1.8027e+000 +8.8865e-002 +2.0550e+000
7710 0 +3.218952604e+001 +1.339526039e+000 +1.339526039e+000 +1.5286e+000 +2.6902e+000 -2.0136e+000 +1.3101e+000 +1.0376e+000 +8.2245e-001 -4.3810e-001 +1.7997e+000 +8.8961e-002 +2.0568e+000
7751 0 +3.148987693e+001 +6.398769323e-001 +6.398769323e-001 +1.5258e+000 +2.7001e+000 -2.0119e+000 +1.3094e+000 +1.0368e+000 +8.1862e-001 -4.3485e-001 +1.8061e+000 +8.5364e-002 +2.0611e+000
7815 0 +3.074198122e+001 -1.080187806e-001 -1.080187806e-001 +1.5262e+000 +2.7020e+000 -2.0135e+000 +1.3098e+000 +1.0346e+000 +8.2665e-001 -4.4472e-001 +1.8036e+000 +8.6160e-002 +2.0615e+000
7921 0 +2.975873970e+001 -1.091260299e+000 -1.091260299e+000 +1.5222e+000 +2.7106e+000 -2.0089e+000 +1.3123e+000 +1.0315e+000 +8.2437e-001 -4.4192e-001 +1.8084e+000 +8.3006e-002 +2.0665e+000
8010 0 +2.924700018e+001 -1.602999815e+000 -1.602999815e+000 +1.5243e+000 +2.7105e+000 -2.0091e+000 +1.3111e+000 +1.0333e+000 +8.2866e-001 -4.4224e-001 +1.8115e+000 +8.5133e-002 +2.0649e+000
8054 0 +2.882437125e+001 -2.025628745e+000 -2.025628745e+000 +1.5238e+000 +2.7145e+000 -1.9994e+000 +1.3226e+000 +1.0375e+000 +8.3137e-001 -4.4194e-001 +1.8151e+000 +9.1789e-002 +2.0646e+000
8817 0 +2.817657268e+001 -2.673427319e+000 -2.673427319e+000 +1.5214e+000 +2.7211e+000 -1.9978e+000 +1.3225e+000 +1.0342e+000 +8.3267e-001 -4.4393e-001 +1.8162e+000 +8.8138e-002 +2.0679e+000
9508 0 +2.748546783e+001 -3.364532174e+000 -3.364532174e+000 +1.5188e+000 +2.7301e+000 -1.9968e+000 +1.3312e+000 +1.0296e+000 +8.3045e-001 -4.4548e-001 +1.8189e+000 +8.5697e-002 +2.0745e+000
% f evaluations | g evaluations | best noise-free fitness - Fopt (-9.200000000000e+000) + sum g_i+ | measured fitness | best measured fitness or single-digit g-values | x1 | x2...
1 0 +1.914511092e+002 +1.822511092e+002 +1.822511092e+002 +0.0000e+000 +0.0000e+000 +0.0000e+000 +0.0000e+000 +0.0000e+000 +0.0000e+000 +0.0000e+000 +0.0000e+000 +0.0000e+000 +0.0000e+000
58 0 +1.729663666e+002 +1.637663666e+002 +1.637663666e+002 +7.9150e-001 -8.5556e-001 +9.2253e-001 -1.5576e+000 -3.0778e+000 -1.7114e+000 +3.2364e+000 +2.9068e+000 -3.9989e+000 -1.0678e+000
239 0 +1.540408301e+002 +1.448408301e+002 +1.448408301e+002 -4.8498e-001 +1.9532e+000 -1.0064e+000 -3.4645e-001 -2.7159e+000 -1.8502e+000 +1.6935e+000 +2.1934e+000 +2.3576e-001 +1.4461e+000
471 0 +1.465359585e+002 +1.373359585e+002 +1.373359585e+002 -3.3105e-001 -2.5039e+000 -2.6980e+000 -1.4024e+000 -1.9273e+000 -3.3285e-001 +7.3655e-001 +3.6472e+000 -3.8543e-001 -9.7806e-001
480 0 +1.265772509e+002 +1.173772509e+002 +1.173772509e+002 +1.3208e+000 +1.8217e-001 -1.1717e+000 +3.1548e+000 -5.3207e-002 -8.4155e-001 +4.4719e-001 -8.5067e-001 +1.2959e+000 +3.4846e+000
569 0 +1.139340096e+002 +1.047340096e+002 +1.047340096e+002 -7.0649e-001 -4.4254e-001 -8.0252e-001 +9.1893e-001 -3.9292e+000 -1.0484e+000 +2.5162e+000 +1.8237e-001 -1.2374e+000 -1.0143e+000
872 0 +1.051179167e+002 +9.591791667e+001 +9.591791667e+001 +7.2006e-001 -5.4350e-001 +5.2534e-001 -5.9970e-001 -2.3332e+000 -1.2001e+000 +1.1493e+000 -9.2866e-001 -1.6191e+000 -2.4754e-002
1257 0 +9.679456342e+001 +8.759456342e+001 +8.759456342e+001 +1.5785e-001 -3.0640e-001 +8.5710e-002 +2.5007e-003 -2.9577e+000 -1.2235e+000 +1.2827e+000 -9.7991e-001 -1.2995e+000 +1.8710e-001
1699 0 +9.293476729e+001 +8.373476729e+001 +8.373476729e+001 +2.5611e-001 +3.3245e-001 -4.1590e-002 -1.4133e+000 -1.6540e+000 -1.8587e-001 +1.6176e+000 +9.6085e-001 -1.5269e+000 -3.9709e-001
1855 0 +7.925599782e+001 +7.005599782e+001 +7.005599782e+001 +2.3584e-001 +2.4171e-001 +1.1285e-001 -1.3771e+000 -1.7230e+000 -2.0172e-001 +1.7752e+000 +1.0230e+000 -1.5667e+000 -6.1158e-001
2122 0 +7.515681354e+001 +6.595681354e+001 +6.595681354e+001 +1.4697e-001 +1.6135e-001 +4.6316e-002 -1.3684e+000 -1.8851e+000 -3.1833e-001 +1.7487e+000 +7.8617e-001 -1.6326e+000 -6.9400e-001
2351 0 +7.064780395e+001 +6.144780395e+001 +6.144780395e+001 -3.5613e-002 +2.2426e-001 -8.2235e-002 -6.5882e-001 -2.4102e+000 -6.7954e-001 +1.6292e+000 +4.6267e-001 -1.1631e+000 -6.6871e-001
2951 0 +6.722624232e+001 +5.802624232e+001 +5.802624232e+001 -3.3606e-002 +2.2359e-001 -8.0822e-002 -6.6654e-001 -2.4045e+000 -6.7559e-001 +1.6305e+000 +4.6624e-001 -1.1682e+000 -6.6896e-001
3122 0 +6.010895049e+001 +5.090895049e+001 +5.090895049e+001 -2.7185e-002 +2.3835e-001 -8.1929e-002 -6.7603e-001 -2.3824e+000 -6.5914e-001 +1.6305e+000 +4.9692e-001 -1.1612e+000 -6.5810e-001
3191 0 +5.499583707e+001 +4.579583707e+001 +4.579583707e+001 -4.3125e-002 +2.4909e-001 -1.0155e-001 -6.8647e-001 -2.3641e+000 -6.2654e-001 +1.6320e+000 +5.5089e-001 -1.1584e+000 -7.0399e-001
3448 0 +5.278140425e+001 +4.358140425e+001 +4.358140425e+001 -3.0172e-002 +2.3597e-001 -8.9805e-002 -6.8160e-001 -2.3708e+000 -6.4661e-001 +1.6252e+000 +5.0960e-001 -1.1669e+000 -6.9156e-001
3516 0 +4.982302649e+001 +4.062302649e+001 +4.062302649e+001 -3.7591e-002 +2.3983e-001 -9.1811e-002 -6.7355e-001 -2.3810e+000 -6.5082e-001 +1.6204e+000 +5.0968e-001 -1.1583e+000 -6.9170e-001
3645 0 +4.787110676e+001 +3.867110676e+001 +3.867110676e+001 -3.8789e-002 +2.3902e-001 -9.0669e-002 -6.7936e-001 -2.3799e+000 -6.4283e-001 +1.6206e+000 +5.1830e-001 -1.1556e+000 -6.9872e-001
3822 0 +4.692920862e+001 +3.772920862e+001 +3.772920862e+001 -4.0452e-002 +2.4095e-001 -9.0292e-002 -6.8021e-001 -2.3818e+000 -6.4511e-001 +1.6226e+000 +5.1842e-001 -1.1569e+000 -6.9137e-001
4283 0 +4.636764365e+001 +3.716764365e+001 +3.716764365e+001 -3.6026e-002 +2.4064e-001 -9.1194e-002 -6.8141e-001 -2.3774e+000 -6.4287e-001 +1.6240e+000 +5.2472e-001 -1.1572e+000 -6.9505e-001
4710 0 +4.535585294e+001 +3.615585294e+001 +3.615585294e+001 -3.2412e-002 +2.3632e-001 -8.7089e-002 -6.8643e-001 -2.3716e+000 -6.4434e-001 +1.6275e+000 +5.2872e-001 -1.1612e+000 -6.9049e-001
4797 0 +4.428665219e+001 +3.508665219e+001 +3.508665219e+001 -3.9876e-002 +2.3960e-001 -9.2364e-002 -6.7441e-001 -2.3818e+000 -6.4496e-001 +1.6268e+000 +5.2193e-001 -1.1569e+000 -6.8755e-001
4822 0 +4.253826186e+001 +3.333826186e+001 +3.333826186e+001 -3.8748e-002 +2.3762e-001 -9.3477e-002 -6.7274e-001 -2.3821e+000 -6.4617e-001 +1.6296e+000 +5.2487e-001 -1.1584e+000 -6.8556e-001
5008 0 +4.089645036e+001 +3.169645036e+001 +3.169645036e+001 -3.8393e-002 +2.3541e-001 -9.2336e-002 -6.6950e-001 -2.3836e+000 -6.4956e-001 +1.6330e+000 +5.2658e-001 -1.1572e+000 -6.7984e-001
5130 0 +4.068002933e+001 +3.148002933e+001 +3.148002933e+001 -3.4099e-002 +2.3352e-001 -9.5177e-002 -6.7513e-001 -2.3749e+000 -6.4164e-001 +1.6390e+000 +5.3543e-001 -1.1668e+000 -6.7846e-001
5497 0 +3.958623157e+001 +3.038623157e+001 +3.038623157e+001 -3.2512e-002 +2.3347e-001 -9.6094e-002 -6.7340e-001 -2.3760e+000 -6.4388e-001 +1.6388e+000 +5.3659e-001 -1.1653e+000 -6.8029e-001
5610 0 +3.886648042e+001 +2.966648042e+001 +2.966648042e+001 -2.8971e-002 +2.3038e-001 -9.5740e-002 -6.7288e-001 -2.3737e+000 -6.4496e-001 +1.6423e+000 +5.3928e-001 -1.1686e+000 -6.7583e-001
5773 0 +3.794223333e+001 +2.874223333e+001 +2.874223333e+001 -2.8539e-002 +2.3115e-001 -9.4860e-002 -6.7081e-001 -2.3761e+000 -6.4857e-001 +1.6394e+000 +5.3861e-001 -1.1659e+000 -6.7945e-001
6024 0 +3.715238496e+001 +2.795238496e+001 +2.795238496e+001 -2.3284e-002 +2.2909e-001 -9.5548e-002 -6.6724e-001 -2.3749e+000 -6.5206e-001 +1.6412e+000 +5.4330e-001 -1.1664e+000 -6.7852e-001
6213 0 +3.620815385e+001 +2.700815385e+001 +2.700815385e+001 -6.0953e-003 +2.2411e-001 -1.0081e-001 -6.5890e-001 -2.3738e+000 -6.6950e-001 +1.6456e+000 +5.4781e-001 -1.1770e+000 -6.8792e-001
6306 0 +3.526639655e+001 +2.606639655e+001 +2.606639655e+001 -4.6612e-003 +2.2182e-001 -9.8811e-002 -6.6032e-001 -2.3755e+000 -6.6732e-001 +1.6476e+000 +5.4587e-001 -1.1800e+000 -6.8552e-001
6821 0 +3.460017748e+001 +2.540017748e+001 +2.540017748e+001 -3.2429e-003 +2.2357e-001 -1.0315e-001 -6.5895e-001 -2.3801e+000 -6.7285e-001 +1.6519e+000 +5.4513e-001 -1.1824e+000 -6.9285e-001
7045 0 +3.381189899e+001 +2.461189899e+001 +2.461189899e+001 +9.8977e-004 +2.2015e-001 -1.0334e-001 -6.5485e-001 -2.3812e+000 -6.7345e-001 +1.6547e+000 +5.4885e-001 -1.1834e+000 -6.9226e-001
7312 0 +3.306005311e+001 +2.386005311e+001 +2.386005311e+001 +5.7554e-003 +2.1676e-001 -1.0263e-001 -6.5067e-001 -2.3779e+000 -6.6959e-001 +1.6551e+000 +5.5341e-001 -1.1853e+000 -6.9225e-001
7939 0 +3.235560372e+001 +2.315560372e+001 +2.315560372e+001 +5.6911e-003 +2.1700e-001 -1.0405e-001 -6.5051e-001 -2.3751e+000 -6.6403e-001 +1.6576e+000 +5.5974e-001 -1.1862e+000 -6.9736e-001
% f evaluations | g evaluations | best noise-free fitness - Fopt (-2.037600000000e+002) + sum g_i+ | measured fitness | best measured fitness or single-digit g-values | x1 | x2...
1 0 +1.726180430e+002 -3.114195698e+001 -3.114195698e+001 +0.0000e+000 +0.0000e+000 +0.0000e+000 +0.0000e+000 +0.0000e+000 +0.0000e+000 +0.0000e+000 +0.0000e+000 +0.0000e+000 +0.0000e+000
71 0 +1.518461427e+002 -5.191385735e+001 -5.191385735e+001 -2.6125e+000 -3.0672e+000 +1.0530e+000 +1.3777e+000 +3.0790e+000 -2.4318e+000 +2.0736e+000 -1.2388e+000 -2.3555e+000 -1.5119e+000
212 0 +1.509057586e+002 -5.285424144e+001 -5.285424144e+001 -3.0052e+000 -9.7176e-001 +1.7222e+000 -1.5389e+000 +8.8496e-001 +5.1317e-001 +2.3570e-001 -2.7640e-001 -3.0673e+000 -5.7137e-001
225 0 +1.411358377e+002 -6.262416230e+001 -6.262416230e+001 -3.6012e+000 -3.4610e+000 +1.0690e+000 +1.2991e+000 +3.1555e+000 -2.9579e+000 +1.7998e+000 -1.5875e+000 -2.8100e+000 -1.6979e+000
332 0 +1.330785043e+002 -7.068149574e+001 -7.068149574e+001 -2.1368e+000 -1.5710e+000 +1.2864e+000 +9.0110e-001 +5.6383e-001 -3.1902e+000 +1.6538e+000 -1.8701e+000 -1.1475e+000 -6.2433e-001
458 0 +1.008135894e+002 -1.029464106e+002 -1.029464106e+002 -3.0993e+000 +2.3156e-001 -1.3564e+000 -1.6524e+000 +1.8825e+000 -8.1902e-001 +1.9509e+000 +6.2919e-002 -1.7638e+000 +6.0804e-001
771 0 +8.565542273e+001 -1.181045773e+002 -1.181045773e+002 -2.6651e+000 -7.5939e-001 -1.2927e+000 -1.4298e+000 +1.9578e+000 -1.3485e+000 +2.0195e+000 -1.5488e-001 -1.3571e+000 +8.5513e-001
960 0 +8.451683583e+001 -1.192431642e+002 -1.192431642e+002 -1.6519e+000 -1.6678e+000 -1.2054e+000 -1.7615e+000 +1.0710e+000 -1.7079e+000 +1.9832e+000 -9.8391e-001 -1.4320e+000 +1.2944e+000
1295 0 +7.996339001e+001 -1.237966100e+002 -1.237966100e+002 -2.2426e+000 -1.0602e+000 -1.9761e+000 -2.4306e+000 +1.8204e+000 -1.0916e+000 +2.1150e+000 -3.8199e-001 -1.7512e+000 +1.4876e+000
2181 0 +7.381405123e+001 -1.299459488e+002 -1.299459488e+002 -2.2386e+000 -1.0642e+000 -1.9566e+000 -2.4597e+000 +1.8054e+000 -1.0737e+000 +2.0878e+000 -3.8150e-001 -1.7179e+000 +1.4934e+000
2881 0 +7.102034571e+001 -1.327396543e+002 -1.327396543e+002 -2.2391e+000 -1.0625e+000 -1.9609e+000 -2.4561e+000 +1.8086e+000 -1.0780e+000 +2.0933e+000 -3.8096e-001 -1.7244e+000 +1.4940e+000
2962 0 +6.941729258e+001 -1.343427074e+002 -1.343427074e+002 -2.0412e+000 -9.8992e-001 -1.5353e+000 -2.5532e+000 +1.2393e+000 -1.2700e+000 +1.9652e+000 -4.1274e-001 -1.7237e+000 +1.2372e+000
3909 0 +6.415987359e+001 -1.396001264e+002 -1.396001264e+002 -2.0446e+000 -9.9139e-001 -1.5459e+000 -2.5548e+000 +1.2508e+000 -1.2646e+000 +1.9673e+000 -4.1067e-001 -1.7236e+000 +1.2446e+000
4613 0 +6.072282085e+001 -1.430371791e+002 -1.430371791e+002 -2.0526e+000 -9.8473e-001 -1.5535e+000 -2.5638e+000 +1.2527e+000 -1.2589e+000 +1.9620e+000 -4.2435e-001 -1.7232e+000 +1.2445e+000
4755 0 +5.940612381e+001 -1.443538762e+002 -1.443538762e+002 -2.0521e+000 -9.8458e-001 -1.5513e+000 -2.5636e+000 +1.2503e+000 -1.2576e+000 +1.9576e+000 -4.2647e-001 -1.7177e+000 +1.2453e+000
5096 0 +5.817090645e+001 -1.455890936e+002 -1.455890936e+002 -2.0509e+000 -9.8973e-001 -1.5472e+000 -2.5580e+000 +1.2472e+000 -1.2571e+000 +1.9577e+000 -4.2844e-001 -1.7140e+000 +1.2466e+000
5409 0 +5.744750067e+001 -1.463124993e+002 -1.463124993e+002 -2.0559e+000 -9.8583e-001 -1.5537e+000 -2.5615e+000 +1.2484e+000 -1.2565e+000 +1.9577e+000 -4.3019e-001 -1.7160e+000 +1.2468e+000
5631 0 +5.585312734e+001 -1.479068727e+002 -1.479068727e+002 -2.0555e+000 -9.9049e-001 -1.5498e+000 -2.5562e+000 +1.2447e+000 -1.2558e+000 +1.9575e+000 -4.3309e-001 -1.7122e+000 +1.2481e+000
5855 0 +5.353103185e+001 -1.502289682e+002 -1.502289682e+002 -2.0610e+000 -9.8682e-001 -1.5482e+000 -2.5558e+000 +1.2310e+000 -1.2614e+000 +1.9573e+000 -4.3471e-001 -1.7130e+000 +1.2427e+000
6142 0 +5.052339872e+001 -1.532366013e+002 -1.532366013e+002 -2.0657e+000 -9.7901e-001 -1.5421e+000 -2.5458e+000 +1.2248e+000 -1.2628e+000 +1.9594e+000 -4.3468e-001 -1.7184e+000 +1.2344e+000
6274 0 +4.806826028e+001 -1.556917397e+002 -1.556917397e+002 -2.0568e+000 -9.7928e-001 -1.5460e+000 -2.5509e+000 +1.2262e+000 -1.2519e+000 +1.9574e+000 -4.3285e-001 -1.7157e+000 +1.2391e+000
6351 0 +4.738243657e+001 -1.563775634e+002 -1.563775634e+002 -2.0542e+000 -9.7451e-001 -1.5459e+000 -2.5525e+000 +1.2286e+000 -1.2434e+000 +1.9522e+000 -4.3593e-001 -1.7126e+000 +1.2393e+000
6479 0 +4.534518151e+001 -1.584148185e+002 -1.584148185e+002 -2.0593e+000 -9.7687e-001 -1.5546e+000 -2.5437e+000 +1.2246e+000 -1.2332e+000 +1.9495e+000 -4.4855e-001 -1.7066e+000 +1.2427e+000
6630 0 +4.443690252e+001 -1.593230975e+002 -1.593230975e+002 -2.0554e+000 -9.7355e-001 -1.5549e+000 -2.5444e+000 +1.2232e+000 -1.2250e+000 +1.9462e+000 -4.4755e-001 -1.7045e+000 +1.2448e+000
6789 0 +4.321928847e+001 -1.605407115e+002 -1.605407115e+002 -2.0555e+000 -9.7237e-001 -1.5526e+000 -2.5483e+000 +1.2238e+000 -1.2319e+000 +1.9482e+000 -4.4175e-001 -1.7079e+000 +1.2433e+000
6951 0 +4.173993802e+001 -1.620200620e+002 -1.620200620e+002 -2.0567e+000 -9.7101e-001 -1.5560e+000 -2.5458e+000 +1.2206e+000 -1.2276e+000 +1.9469e+000 -4.4314e-001 -1.7064e+000 +1.2450e+000
7009 0 +4.147136818e+001 -1.622886318e+002 -1.622886318e+002 -2.0556e+000 -9.7114e-001 -1.5571e+000 -2.5457e+000 +1.2175e+000 -1.2251e+000 +1.9468e+000 -4.4249e-001 -1.7062e+000 +1.2472e+000
7497 0 +4.059633915e+001 -1.631636609e+002 -1.631636609e+002 -2.0594e+000 -9.6932e-001 -1.5602e+000 -2.5408e+000 +1.2137e+000 -1.2233e+000 +1.9452e+000 -4.4487e-001 -1.7044e+000 +1.2472e+000
7713 0 +3.979197209e+001 -1.639680279e+002 -1.639680279e+002 -2.0599e+000 -9.6687e-001 -1.5595e+000 -2.5382e+000 +1.2085e+000 -1.2255e+000 +1.9442e+000 -4.3996e-001 -1.7049e+000 +1.2474e+000
7909 0 +3.885936576e+001 -1.649006342e+002 -1.649006342e+002 -2.0571e+000 -9.6710e-001 -1.5640e+000 -2.5368e+000 +1.2106e+000 -1.2194e+000 +1.9405e+000 -4.3861e-001 -1.7013e+000 +1.2533e+000
8314 0 +3.796727144e+001 -1.657927286e+002 -1.657927286e+002 -2.0575e+000 -9.6625e-001 -1.5644e+000 -2.5283e+000 +1.1971e+000 -1.2215e+000 +1.9381e+000 -4.3420e-001 -1.6978e+000 +1.2587e+000
% f evaluations | g evaluations | best noise-free fitness - Fopt (3.399000000000e+001) + sum g_i+ | measured fitness | best measured fitness or single-digit g-values | x1 | x2...
1 0 +1.570088390e+002 +1.909988390e+002 +1.909988390e+002 +0.0000e+000 +0.0000e+000 +0.0000e+000 +0.0000e+000 +0.0000e+000 +0.0000e+000 +0.0000e+000 +0.0000e+000 +0.0000e+000 +0.0000e+000
254 0 +1.218575068e+002 +1.558475068e+002 +1.558475068e+002 +4.8139e-002 +2.7243e+000 -1.6029e+000 -1.5520e+000 +1.5216e-001 -7.8429e-001 +9.7694e-002 -1.1858e+000 +2.0769e-001 -3.2261e+000
329 0 +1.064361933e+002 +1.404261933e+002 +1.404261933e+002 -5.9362e-001 +1.8151e+000 -1.0132e-001 -2.6478e+000 -2.0445e-001 -1.7258e+000 +7.7728e-001 +3.4014e-001 +1.4606e+000 -1.4380e+000
459 0 +9.264170659e+001 +1.266317066e+002 +1.266317066e+002 -5.8594e-001 +2.0957e+000 -5.1594e-001 -2.6796e+000 -1.7677e-001 -1.6815e+000 +6.3706e-001 +1.6934e-001 +1.1387e+000 -1.6345e+000
643 0 +8.861798264e+001 +1.226079826e+002 +1.226079826e+002 -1.1308e+000 +1.6902e+000 +6.7752e-001 -2.1905e+000 -3.1101e-002 -1.8319e+000 +1.3859e+000 -6.4078e-001 +2.1369e+000 -1.8751e+000
980 0 +8.443628726e+001 +1.184262873e+002 +1.184262873e+002 -3.2519e-001 +1.7386e+000 -1.3333e-001 -1.6506e+000 -1.1326e-001 -1.8321e+000 +6.4828e-002 -3.9989e-001 +1.0530e+000 -1.5531e+000
1030 0 +7.244108479e+001 +1.064310848e+002 +1.064310848e+002 +1.4906e-001 +1.9341e+000 -1.6658e+000 -1.5930e+000 -4.7681e-001 -1.3340e+000 -6.8183e-002 -5.1621e-001 -4.6168e-002 -1.0587e+000
2493 0 +7.061485378e+001 +1.046048538e+002 +1.046048538e+002 +1.4759e-001 +1.9447e+000 -1.6208e+000 -1.6150e+000 -4.7212e-001 -1.3388e+000 -8.1869e-002 -5.5601e-001 -5.6922e-002 -1.0865e+000
2541 0 +6.413717196e+001 +9.812717196e+001 +9.812717196e+001 +1.5086e-001 +1.9402e+000 -1.6375e+000 -1.6099e+000 -4.7378e-001 -1.3345e+000 -7.7819e-002 -5.4388e-001 -5.8821e-002 -1.0780e+000
2641 0 +6.246723683e+001 +9.645723683e+001 +9.645723683e+001 +1.5372e-001 +1.9383e+000 -1.6548e+000 -1.6097e+000 -4.7241e-001 -1.3347e+000 -8.2087e-002 -5.3196e-001 -6.2257e-002 -1.0731e+000
2819 0 +5.817846152e+001 +9.216846152e+001 +9.216846152e+001 +1.5280e-001 +1.9334e+000 -1.6499e+000 -1.6128e+000 -4.7366e-001 -1.3353e+000 -8.0461e-002 -5.2920e-001 -6.0565e-002 -1.0772e+000
3223 0 +5.548643406e+001 +8.947643406e+001 +8.947643406e+001 +1.5229e-001 +1.9359e+000 -1.6431e+000 -1.6147e+000 -4.7453e-001 -1.3340e+000 -8.7173e-002 -5.2691e-001 -6.3071e-002 -1.0836e+000
3618 0 +5.284272961e+001 +8.683272961e+001 +8.683272961e+001 +1.5345e-001 +1.9363e+000 -1.6233e+000 -1.6123e+000 -4.7708e-001 -1.3324e+000 -9.7433e-002 -5.4287e-001 -6.8570e-002 -1.0930e+000
3722 0 +5.109959488e+001 +8.508959488e+001 +8.508959488e+001 +1.5490e-001 +1.9304e+000 -1.6151e+000 -1.6166e+000 -4.7948e-001 -1.3317e+000 -9.1092e-002 -5.5453e-001 -6.4893e-002 -1.0981e+000
3947 0 +4.998565667e+001 +8.397565667e+001 +8.397565667e+001 +1.6219e-001 +1.9201e+000 -1.6219e+000 -1.6196e+000 -4.8358e-001 -1.3325e+000 -1.0606e-001 -5.4106e-001 -6.2155e-002 -1.0954e+000
4023 0 +4.879603816e+001 +8.278603816e+001 +8.278603816e+001 +1.6156e-001 +1.9206e+000 -1.6121e+000 -1.6216e+000 -4.8438e-001 -1.3300e+000 -1.0673e-001 -5.5505e-001 -6.5326e-002 -1.1017e+000
4975 0 +4.766259125e+001 +8.165259125e+001 +8.165259125e+001 +1.5988e-001 +1.9220e+000 -1.6060e+000 -1.6213e+000 -4.8454e-001 -1.3329e+000 -1.0655e-001 -5.6043e-001 -6.3912e-002 -1.1063e+000
5326 0 +4.664438441e+001 +8.063438441e+001 +8.063438441e+001 +1.6318e-001 +1.9202e+000 -1.6048e+000 -1.6208e+000 -4.8834e-001 -1.3390e+000 -1.0806e-001 -5.5898e-001 -6.1575e-002 -1.1086e+000
5503 0 +4.567833815e+001 +7.966833815e+001 +7.966833815e+001 +1.6341e-001 +1.9212e+000 -1.6083e+000 -1.6261e+000 -4.8823e-001 -1.3418e+000 -1.1117e-001 -5.5596e-001 -6.0151e-002 -1.1127e+000
5703 0 +4.448410174e+001 +7.847410174e+001 +7.847410174e+001 +1.6647e-001 +1.9208e+000 -1.6179e+000 -1.6276e+000 -4.8967e-001 -1.3482e+000 -1.0571e-001 -5.4782e-001 -5.7452e-002 -1.1139e+000
5893 0 +4.364945084e+001 +7.763945084e+001 +7.763945084e+001 +1.6661e-001 +1.9184e+000 -1.6200e+000 -1.6329e+000 -4.9619e-001 -1.3483e+000 -1.0589e-001 -5.4555e-001 -5.7791e-002 -1.1158e+000
6411 0 +4.257769987e+001 +7.656769987e+001 +7.656769987e+001 +1.6564e-001 +1.9216e+000 -1.6252e+000 -1.6291e+000 -4.9705e-001 -1.3519e+000 -1.0384e-001 -5.3870e-001 -5.6050e-002 -1.1157e+000
6909 0 +4.166399030e+001 +7.565399030e+001 +7.565399030e+001 +1.6344e-001 +1.9248e+000 -1.6274e+000 -1.6321e+000 -5.0141e-001 -1.3587e+000 -1.0097e-001 -5.3574e-001 -5.6811e-002 -1.1204e+000
7418 0 +4.072668389e+001 +7.471668389e+001 +7.471668389e+001 +1.6040e-001 +1.9254e+000 -1.6277e+000 -1.6391e+000 -5.0771e-001 -1.3677e+000 -1.0765e-001 -5.3482e-001 -5.5446e-002 -1.1293e+000
8026 0 +3.978606526e+001 +7.377606526e+001 +7.377606526e+001 +1.5817e-001 +1.9220e+000 -1.6282e+000 -1.6358e+000 -5.0527e-001 -1.3594e+000 -1.0533e-001 -5.3925e-001 -5.1553e-002 -1.1266e+000
9902 0 +3.889674782e+001 +7.288674782e+001 +7.288674782e+001 +1.5172e-001 +1.9194e+000 -1.6326e+000 -1.6382e+000 -5.0758e-001 -1.3538e+000 -1.0919e-001 -5.4670e-001 -4.5602e-002 -1.1314e+000
% f evaluations | g evaluations | best noise-free fitness - Fopt (-1.000000000000e+003) + sum g_i+ | measured fitness | best measured fitness or single-digit g-values | x1 | x2...
1 0 +1.372577443e+002 -8.627422557e+002 -8.627422557e+002 +0.0000e+000 +0.0000e+000 +0.0000e+000 +0.0000e+000 +0.0000e+000 +0.0000e+000 +0.0000e+000 +0.0000e+000 +0.0000e+000 +0.0000e+000
312 0 +1.352820228e+002 -8.647179772e+002 -8.647179772e+002 -2.3509e+000 -8.4363e-001 +2.4332e-001 +1.9044e+000 -1.4457e-001 +1.8573e+000 -1.1397e+000 +1.3478e+000 +4.2147e+000 +3.5400e-001
322 0 +1.147349614e+002 -8.852650386e+002 -8.852650386e+002 -2.2558e+000 -1.8409e+000 -2.8112e-001 +1.5562e+000 -1.0308e-001 +2.5426e-001 -1.4930e+000 -1.2624e-002 +3.5805e+000 +7.3020e-001
348 0 +1.018962917e+002 -8.981037083e+002 -8.981037083e+002 -5.4237e-001 +2.3434e-001 +6.5078e-001 +9.7766e-001 -1.8357e-001 +1.0801e+000 -2.2740e-001 -6.1533e-001 +1.6375e+000 +6.7152e-001
426 0 +8.422303234e+001 -9.157769677e+002 -9.157769677e+002 -1.7087e+000 -2.5578e+000 +3.6990e-001 +2.6202e-001 -2.3162e+000 +3.6317e+000 -1.3833e+000 +1.4764e+000 +2.0083e+000 +1.9066e+000
1180 0 +7.877843497e+001 -9.212215650e+002 -9.212215650e+002 -1.7469e+000 -2.3764e+000 +3.7812e-001 -1.9020e-001 -2.0347e+000 +3.4933e+000 -9.2164e-001 +9.8544e-001 +1.9363e+000 +1.5549e+000
1422 0 +5.450329875e+001 -9.454967012e+002 -9.454967012e+002 -1.8448e+000 -2.1412e+000 +1.1050e-001 +4.8804e-001 -1.1405e+000 +1.8862e+000 -1.1996e+000 +5.5154e-001 +2.5288e+000 +1.0670e+000
2530 0 +5.259389437e+001 -9.474061056e+002 -9.474061056e+002 -1.8471e+000 -2.1506e+000 +1.2176e-001 +4.8081e-001 -1.1586e+000 +1.9311e+000 -1.2047e+000 +5.5927e-001 +2.5237e+000 +1.0753e+000
2765 0 +4.939018147e+001 -9.506098185e+002 -9.506098185e+002 -1.8507e+000 -2.1559e+000 +1.2704e-001 +4.7347e-001 -1.1721e+000 +1.9638e+000 -1.2039e+000 +5.6764e-001 +2.5195e+000 +1.0802e+000
2906 0 +4.804387861e+001 -9.519561214e+002 -9.519561214e+002 -1.8499e+000 -2.1524e+000 +1.2391e-001 +4.8132e-001 -1.1635e+000 +1.9422e+000 -1.2073e+000 +5.6198e-001 +2.5245e+000 +1.0745e+000
3184 0 +4.219756148e+001 -9.578024385e+002 -9.578024385e+002 -1.8379e+000 -2.1497e+000 +1.4215e-001 +4.8376e-001 -1.1515e+000 +1.9318e+000 -1.1952e+000 +5.7761e-001 +2.5325e+000 +1.0823e+000
3465 0 +4.117853729e+001 -9.588214627e+002 -9.588214627e+002 -1.8381e+000 -2.1520e+000 +1.4060e-001 +4.8195e-001 -1.1559e+000 +1.9363e+000 -1.1969e+000 +5.7724e-001 +2.5301e+000 +1.0838e+000
3469 0 +3.912524973e+001 -9.608747503e+002 -9.608747503e+002 -1.8365e+000 -2.1531e+000 +1.3915e-001 +4.8362e-001 -1.1592e+000 +1.9400e+000 -1.1996e+000 +5.8324e-001 +2.5284e+000 +1.0851e+000
3765 0 +3.852558966e+001 -9.614744103e+002 -9.614744103e+002 -1.8411e+000 -2.1530e+000 +1.3352e-001 +4.8312e-001 -1.1618e+000 +1.9432e+000 -1.2027e+000 +5.7814e-001 +2.5264e+000 +1.0816e+000
3833 0 +3.733635669e+001 -9.626636433e+002 -9.626636433e+002 -1.8425e+000 -2.1544e+000 +1.3278e-001 +4.8203e-001 -1.1647e+000 +1.9516e+000 -1.2068e+000 +5.7770e-001 +2.5248e+000 +1.0802e+000
3933 0 +3.689722489e+001 -9.631027751e+002 -9.631027751e+002 -1.8446e+000 -2.1551e+000 +1.3722e-001 +4.7784e-001 -1.1630e+000 +1.9544e+000 -1.2012e+000 +5.8209e-001 +2.5234e+000 +1.0845e+000
4499 0 +3.625403372e+001 -9.637459663e+002 -9.637459663e+002 -1.8433e+000 -2.1539e+000 +1.3753e-001 +4.8196e-001 -1.1610e+000 +1.9492e+000 -1.2010e+000 +5.8215e-001 +2.5269e+000 +1.0844e+000
5155 0 +3.511514403e+001 -9.648848560e+002 -9.648848560e+002 -1.8443e+000 -2.1581e+000 +1.3616e-001 +4.8327e-001 -1.1633e+000 +1.9543e+000 -1.2021e+000 +5.8613e-001 +2.5279e+000 +1.0843e+000
5236 0 +3.347249800e+001 -9.665275020e+002 -9.665275020e+002 -1.8431e+000 -2.1590e+000 +1.3755e-001 +4.8430e-001 -1.1582e+000 +1.9514e+000 -1.2004e+000 +5.9021e-001 +2.5300e+000 +1.0821e+000
5469 0 +3.305364429e+001 -9.669463557e+002 -9.669463557e+002 -1.8437e+000 -2.1607e+000 +1.3833e-001 +4.8421e-001 -1.1560e+000 +1.9529e+000 -1.2005e+000 +5.9199e-001 +2.5310e+000 +1.0804e+000
6013 0 +3.229625421e+001 -9.677037458e+002 -9.677037458e+002 -1.8443e+000 -2.1627e+000 +1.3321e-001 +4.8721e-001 -1.1580e+000 +1.9534e+000 -1.2017e+000 +5.9271e-001 +2.5340e+000 +1.0781e+000
6205 0 +3.109999746e+001 -9.689000025e+002 -9.689000025e+002 -1.8449e+000 -2.1655e+000 +1.3413e-001 +4.9613e-001 -1.1526e+000 +1.9627e+000 -1.1977e+000 +6.0106e-001 +2.5412e+000 +1.0749e+000
6309 0 +3.061608894e+001 -9.693839111e+002 -9.693839111e+002 -1.8433e+000 -2.1613e+000 +1.3659e-001 +4.9558e-001 -1.1524e+000 +1.9590e+000 -1.1965e+000 +5.9855e-001 +2.5391e+000 +1.0779e+000
6404 0 +2.987176706e+001 -9.701282329e+002 -9.701282329e+002 -1.8436e+000 -2.1600e+000 +1.3412e-001 +4.9716e-001 -1.1523e+000 +1.9600e+000 -1.1957e+000 +5.9602e-001 +2.5392e+000 +1.0761e+000
6509 0 +2.948684478e+001 -9.705131552e+002 -9.705131552e+002 -1.8443e+000 -2.1606e+000 +1.3227e-001 +4.9827e-001 -1.1512e+000 +1.9598e+000 -1.1959e+000 +5.9535e-001 +2.5399e+000 +1.0741e+000
6712 0 +2.842468427e+001 -9.715753157e+002 -9.715753157e+002 -1.8423e+000 -2.1587e+000 +1.2829e-001 +5.1066e-001 -1.1439e+000 +1.9569e+000 -1.1928e+000 +5.9524e-001 +2.5454e+000 +1.0692e+000
7241 0 +2.814299721e+001 -9.718570028e+002 -9.718570028e+002 -1.8417e+000 -2.1616e+000 +1.3034e-001 +5.0973e-001 -1.1470e+000 +1.9577e+000 -1.1931e+000 +5.9632e-001 +2.5451e+000 +1.0705e+000
8695 0 +2.747962202e+001 -9.725203780e+002 -9.725203780e+002 -1.8419e+000 -2.1655e+000 +1.2803e-001 +5.0617e-001 -1.1431e+000 +1.9586e+000 -1.1898e+000 +5.9994e-001 +2.5473e+000 +1.0714e+000
% f evaluations | g evaluations | best noise-free fitness - Fopt (-1.000000000000e+003) + sum g_i+ | measured fitness | best measured fitness or single-digit g-values | x1 | x2...
1 0 +1.388065101e+002 -8.611934899e+002 -8.611934899e+002 +0.0000e+000 +0.0000e+000 +0.0000e+000 +0.0000e+000 +0.0000e+000 +0.0000e+000 +0.0000e+000 +0.0000e+000 +0.0000e+000 +0.0000e+000
381 0 +1.213177398e+002 -8.786822602e+002 -8.786822602e+002 -1.1038e+000 +6.4329e-001 -2.8349e+000 +2.5173e+000 +3.0992e+000 +8.2622e-001 +9.8317e-001 +1.4856e+000 -1.9369e-001 +2.1605e+000
433 0 +1.145317555e+002 -8.854682445e+002 -8.854682445e+002 -3.3034e-001 +1.5792e+000 -1.5702e+000 +2.8075e+000 +1.6769e+000 +1.5892e+000 +1.7714e+000 +2.0517e+000 -3.8688e-001 +2.0303e+000
491 0 +7.078963020e+001 -9.292103698e+002 -9.292103698e+002 -1.1437e+000 -2.6289e-001 -2.1022e+000 +6.0355e-001 +3.3686e+000 +5.3826e-001 +2.3429e+000 +1.6372e+000 +1.6877e+000 +1.2082e+000
1234 0 +6.806793017e+001 -9.319320698e+002 -9.319320698e+002 -1.1557e+000 -5.4040e-001 -1.9243e+000 +6.9127e-001 +3.3100e+000 +4.8633e-001 +2.4463e+000 +1.6647e+000 +1.8665e+000 +1.1289e+000
1540 0 +5.190089391e+001 -9.480991061e+002 -9.480991061e+002 -1.1472e+000 -5.4697e-001 -1.9042e+000 +7.0323e-001 +3.2993e+000 +4.9051e-001 +2.4396e+000 +1.6555e+000 +1.8448e+000 +1.1076e+000
3039 0 +5.033914614e+001 -9.496608539e+002 -9.496608539e+002 -1.1496e+000 -5.4002e-001 -1.9035e+000 +7.0135e-001 +3.3004e+000 +4.9063e-001 +2.4434e+000 +1.6532e+000 +1.8454e+000 +1.1128e+000
3105 0 +4.944027502e+001 -9.505597250e+002 -9.505597250e+002 -1.1512e+000 -5.3488e-001 -1.9031e+000 +7.0211e-001 +3.3002e+000 +4.9078e-001 +2.4469e+000 +1.6523e+000 +1.8464e+000 +1.1156e+000
3117 0 +4.640421569e+001 -9.535957843e+002 -9.535957843e+002 -1.1532e+000 -5.4367e-001 -1.9000e+000 +7.0632e-001 +3.3021e+000 +4.8910e-001 +2.4486e+000 +1.6609e+000 +1.8557e+000 +1.1162e+000
3203 0 +4.532144772e+001 -9.546785523e+002 -9.546785523e+002 -1.1551e+000 -5.5178e-001 -1.8940e+000 +7.1196e-001 +3.3021e+000 +4.8717e-001 +2.4586e+000 +1.6666e+000 +1.8672e+000 +1.1159e+000
3217 0 +4.455562325e+001 -9.554443767e+002 -9.554443767e+002 -1.1561e+000 -5.4327e-001 -1.8971e+000 +7.0847e-001 +3.3033e+000 +4.8816e-001 +2.4534e+000 +1.6638e+000 +1.8618e+000 +1.1199e+000
3268 0 +4.114332364e+001 -9.588566764e+002 -9.588566764e+002 -1.1682e+000 -5.3533e-001 -1.9036e+000 +7.1938e-001 +3.3146e+000 +4.8120e-001 +2.4641e+000 +1.6722e+000 +1.8541e+000 +1.1086e+000
3705 0 +4.056432097e+001 -9.594356790e+002 -9.594356790e+002 -1.1681e+000 -5.3399e-001 -1.9032e+000 +7.1897e-001 +3.3140e+000 +4.8162e-001 +2.4645e+000 +1.6713e+000 +1.8544e+000 +1.1098e+000
4044 0 +3.966483210e+001 -9.603351679e+002 -9.603351679e+002 -1.1691e+000 -5.3336e-001 -1.8981e+000 +7.2247e-001 +3.3181e+000 +4.8512e-001 +2.4753e+000 +1.6691e+000 +1.8656e+000 +1.1116e+000
4276 0 +3.831439233e+001 -9.616856077e+002 -9.616856077e+002 -1.1622e+000 -5.3335e-001 -1.8923e+000 +7.1536e-001 +3.3085e+000 +4.8836e-001 +2.4669e+000 +1.6678e+000 +1.8641e+000 +1.1164e+000
4389 0 +3.701941463e+001 -9.629805854e+002 -9.629805854e+002 -1.1651e+000 -5.3220e-001 -1.8935e+000 +7.1883e-001 +3.3123e+000 +4.8801e-001 +2.4712e+000 +1.6688e+000 +1.8650e+000 +1.1143e+000
4503 0 +3.614072298e+001 -9.638592770e+002 -9.638592770e+002 -1.1668e+000 -5.2914e-001 -1.8929e+000 +7.1995e-001 +3.3124e+000 +4.8765e-001 +2.4731e+000 +1.6715e+000 +1.8621e+000 +1.1110e+000
4701 0 +3.517341542e+001 -9.648265846e+002 -9.648265846e+002 -1.1678e+000 -5.2603e-001 -1.8881e+000 +7.2189e-001 +3.3136e+000 +4.9086e-001 +2.4797e+000 +1.6692e+000 +1.8682e+000 +1.1121e+000
4783 0 +3.448689835e+001 -9.655131016e+002 -9.655131016e+002 -1.1694e+000 -5.2401e-001 -1.8857e+000 +7.2423e-001 +3.3133e+000 +4.8941e-001 +2.4855e+000 +1.6700e+000 +1.8717e+000 +1.1125e+000
5103 0 +3.387433627e+001 -9.661256637e+002 -9.661256637e+002 -1.1714e+000 -5.1691e-001 -1.8816e+000 +7.3191e-001 +3.3088e+000 +4.8850e-001 +2.4915e+000 +1.6681e+000 +1.8761e+000 +1.1175e+000
5676 0 +3.308750441e+001 -9.669124956e+002 -9.669124956e+002 -1.1736e+000 -5.1567e-001 -1.8836e+000 +7.3403e-001 +3.3089e+000 +4.8402e-001 +2.4923e+000 +1.6741e+000 +1.8722e+000 +1.1136e+000
6041 0 +3.228272085e+001 -9.677172791e+002 -9.677172791e+002 -1.1722e+000 -5.1276e-001 -1.8795e+000 +7.4386e-001 +3.3209e+000 +4.8513e-001 +2.4946e+000 +1.6776e+000 +1.8706e+000 +1.1169e+000
6661 0 +3.153943029e+001 -9.684605697e+002 -9.684605697e+002 -1.1712e+000 -5.1608e-001 -1.8785e+000 +7.4202e-001 +3.3218e+000 +4.8597e-001 +2.4871e+000 +1.6789e+000 +1.8648e+000 +1.1115e+000
7006 0 +3.078220834e+001 -9.692177917e+002 -9.692177917e+002 -1.1724e+000 -5.1388e-001 -1.8780e+000 +7.4092e-001 +3.3245e+000 +4.8315e-001 +2.4864e+000 +1.6791e+000 +1.8622e+000 +1.1069e+000
7375 0 +3.017372634e+001 -9.698262737e+002 -9.698262737e+002 -1.1730e+000 -5.1114e-001 -1.8786e+000 +7.4053e-001 +3.3340e+000 +4.8085e-001 +2.4789e+000 +1.6819e+000 +1.8509e+000 +1.0958e+000
8545 0 +2.950280385e+001 -9.704971961e+002 -9.704971961e+002 -1.1732e+000 -5.0663e-001 -1.8736e+000 +7.4193e-001 +3.3404e+000 +4.8095e-001 +2.4727e+000 +1.6832e+000 +1.8423e+000 +1.0849e+000
% f evaluations | g evaluations | best noise-free fitness - Fopt (-1.272000000000e+001) + sum g_i+ | measured fitness | best measured fitness or single-digit g-values | x1 | x2...
1 0 +1.184098665e+002 +1.056898665e+002 +1.056898665e+002 +0.0000e+000 +0.0000e+000 +0.0000e+000 +0.0000e+000 +0.0000e+000 +0.0000e+000 +0.0000e+000 +0.0000e+000 +0.0000e+000 +0.0000e+000
325 0 +1.124748704e+002 +9.975487045e+001 +9.975487045e+001 -5.8197e-001 +1.1595e+000 -2.9343e+000 -1.6520e+000 -1.2466e+000 +2.2671e+000 +6.2390e-001 -1.9966e+000 +6.8312e-001 -6.0521e-001
502 0 +9.296852716e+001 +8.024852716e+001 +8.024852716e+001 -2.8252e+000 +1.1570e+000 -3.5325e+000 -2.1531e+000 -7.2574e-001 +1.8826e+000 +1.4017e+000 -6.1098e-001 -8.0497e-001 -1.5731e+000
603 0 +8.012358320e+001 +6.740358320e+001 +6.740358320e+001 -2.8074e+000 +5.0337e-001 -1.3185e+000 -1.4535e+000 -2.4154e+000 +2.3191e+000 +2.1072e+000 -1.6225e+000 -1.6372e+000 -1.1932e+000
982 0 +7.004189227e+001 +5.732189227e+001 +5.732189227e+001 -1.7511e+000 +4.8700e-001 -2.0609e+000 -2.4269e+000 -2.0825e+000 +2.0012e+000 +1.3970e+000 -1.0436e+000 -2.0112e+000 -7.0639e-001
1111 0 +6.759982231e+001 +5.487982231e+001 +5.487982231e+001 -3.2029e+000 +2.1756e+000 -2.3105e+000 -1.0626e+000 -1.3086e+000 +2.9981e+000 +2.6964e+000 -3.2339e+000 -2.1457e+000 -4.9433e-001
2271 0 +6.259368586e+001 +4.987368586e+001 +4.987368586e+001 -3.2032e+000 +2.1765e+000 -2.3032e+000 -1.0540e+000 -1.2861e+000 +2.9825e+000 +2.7045e+000 -3.2222e+000 -2.1403e+000 -4.9434e-001
2657 0 +6.155331014e+001 +4.883331014e+001 +4.883331014e+001 -3.2014e+000 +2.1736e+000 -2.3062e+000 -1.0614e+000 -1.3015e+000 +2.9906e+000 +2.6970e+000 -3.2264e+000 -2.1430e+000 -4.9487e-001
2767 0 +5.687405769e+001 +4.415405769e+001 +4.415405769e+001 -2.8859e+000 +2.1077e+000 -2.6152e+000 -1.6356e+000 -1.2596e+000 +2.7094e+000 +2.3603e+000 -2.8020e+000 -1.8893e+000 -4.8069e-001
3067 0 +5.569363552e+001 +4.297363552e+001 +4.297363552e+001 -2.8789e+000 +2.1057e+000 -2.6218e+000 -1.6488e+000 -1.2594e+000 +2.7032e+000 +2.3526e+000 -2.7922e+000 -1.8844e+000 -4.8048e-001
3859 0 +5.403416385e+001 +4.131416385e+001 +4.131416385e+001 -2.8755e+000 +2.1066e+000 -2.6236e+000 -1.6492e+000 -1.2619e+000 +2.7017e+000 +2.3514e+000 -2.7929e+000 -1.8802e+000 -4.8345e-001
4167 0 +5.357283547e+001 +4.085283547e+001 +4.085283547e+001 -2.8757e+000 +2.1073e+000 -2.6229e+000 -1.6469e+000 -1.2627e+000 +2.7023e+000 +2.3524e+000 -2.7949e+000 -1.8798e+000 -4.8440e-001
4519 0 +5.060054996e+001 +3.788054996e+001 +3.788054996e+001 -2.8668e+000 +2.1128e+000 -2.6208e+000 -1.6549e+000 -1.2642e+000 +2.6999e+000 +2.3454e+000 -2.8019e+000 -1.8702e+000 -4.8483e-001
4660 0 +4.968893388e+001 +3.696893388e+001 +3.696893388e+001 -2.8625e+000 +2.1011e+000 -2.6243e+000 -1.6610e+000 -1.2691e+000 +2.7062e+000 +2.3494e+000 -2.8001e+000 -1.8772e+000 -4.8589e-001
5095 0 +4.891408678e+001 +3.619408678e+001 +3.619408678e+001 -2.8606e+000 +2.1008e+000 -2.6234e+000 -1.6610e+000 -1.2696e+000 +2.7065e+000 +2.3506e+000 -2.8024e+000 -1.8776e+000 -4.8597e-001
5604 0 +4.776667185e+001 +3.504667185e+001 +3.504667185e+001 -2.8583e+000 +2.1042e+000 -2.6191e+000 -1.6590e+000 -1.2672e+000 +2.7046e+000 +2.3473e+000 -2.8025e+000 -1.8755e+000 -4.8489e-001
5971 0 +4.653098731e+001 +3.381098731e+001 +3.381098731e+001 -2.8558e+000 +2.0991e+000 -2.6160e+000 -1.6515e+000 -1.2676e+000 +2.7044e+000 +2.3543e+000 -2.8038e+000 -1.8795e+000 -4.8539e-001
6438 0 +4.540525648e+001 +3.268525648e+001 +3.268525648e+001 -2.8524e+000 +2.0982e+000 -2.6103e+000 -1.6402e+000 -1.2647e+000 +2.6994e+000 +2.3576e+000 -2.8031e+000 -1.8804e+000 -4.8023e-001
6777 0 +4.425514593e+001 +3.153514593e+001 +3.153514593e+001 -2.8487e+000 +2.0977e+000 -2.6078e+000 -1.6437e+000 -1.2629e+000 +2.6993e+000 +2.3545e+000 -2.8039e+000 -1.8783e+000 -4.8144e-001
6924 0 +4.360735737e+001 +3.088735737e+001 +3.088735737e+001 -2.8544e+000 +2.1005e+000 -2.6096e+000 -1.6443e+000 -1.2621e+000 +2.7021e+000 +2.3558e+000 -2.8069e+000 -1.8811e+000 -4.7959e-001
7133 0 +4.246929650e+001 +2.974929650e+001 +2.974929650e+001 -2.8535e+000 +2.1014e+000 -2.6062e+000 -1.6439e+000 -1.2592e+000 +2.7017e+000 +2.3536e+000 -2.8092e+000 -1.8799e+000 -4.7899e-001
7172 0 +4.168110798e+001 +2.896110798e+001 +2.896110798e+001 -2.8549e+000 +2.1018e+000 -2.6056e+000 -1.6411e+000 -1.2578e+000 +2.7011e+000 +2.3526e+000 -2.8100e+000 -1.8793e+000 -4.7712e-001
7228 0 +4.061830211e+001 +2.789830211e+001 +2.789830211e+001 -2.8520e+000 +2.0995e+000 -2.6005e+000 -1.6348e+000 -1.2550e+000 +2.7008e+000 +2.3545e+000 -2.8139e+000 -1.8816e+000 -4.7206e-001
7318 0 +3.975524378e+001 +2.703524378e+001 +2.703524378e+001 -2.8554e+000 +2.1030e+000 -2.6020e+000 -1.6348e+000 -1.2529e+000 +2.6984e+000 +2.3476e+000 -2.8124e+000 -1.8756e+000 -4.7247e-001
7541 0 +3.884504265e+001 +2.612504265e+001 +2.612504265e+001 -2.8554e+000 +2.1014e+000 -2.5953e+000 -1.6273e+000 -1.2482e+000 +2.6971e+000 +2.3440e+000 -2.8137e+000 -1.8746e+000 -4.6618e-001
8167 0 +3.801708081e+001 +2.529708081e+001 +2.529708081e+001 -2.8572e+000 +2.1026e+000 -2.5918e+000 -1.6280e+000 -1.2449e+000 +2.7001e+000 +2.3437e+000 -2.8184e+000 -1.8742e+000 -4.6329e-001
8753 0 +3.689092020e+001 +2.417092020e+001 +2.417092020e+001 -2.8582e+000 +2.0996e+000 -2.5884e+000 -1.6264e+000 -1.2454e+000 +2.7030e+000 +2.3469e+000 -2.8221e+000 -1.8700e+000 -4.6128e-001
9347 0 +3.613159358e+001 +2.341159358e+001 +2.341159358e+001 -2.8605e+000 +2.0969e+000 -2.5859e+000 -1.6242e+000 -1.2456e+000 +2.7032e+000 +2.3447e+000 -2.8245e+000 -1.8662e+000 -4.5899e-001
9573 0 +3.547957672e+001 +2.275957672e+001 +2.275957672e+001 -2.8616e+000 +2.0921e+000 -2.5838e+000 -1.6289e+000 -1.2454e+000 +2.7048e+000 +2.3404e+000 -2.8272e+000 -1.8561e+000 -4.5563e-001
10012 0 +3.465526644e+001 +2.193526644e+001 +2.193526644e+001 -2.8618e+000 +2.0878e+000 -2.5812e+000 -1.6341e+000 -1.2490e+000 +2.7056e+000 +2.3356e+000 -2.8314e+000 -1.8527e+000 -4.5397e-001
% f evaluations | g evaluations | best noise-free fitness - Fopt (-5.954000000000e+001) + sum g_i+ | measured fitness | best measured fitness or single-digit g-values | x1 | x2...
1 0 +1.740401267e+002 +1.145001267e+002 +1.145001267e+002 +0.0000e+000 +0.0000e+000 +0.0000e+000 +0.0000e+000 +0.0000e+000 +0.0000e+000 +0.0000e+000 +0.0000e+000 +0.0000e+000 +0.0000e+000
54 0 +1.634319747e+002 +1.038919747e+002 +1.038919747e+002 -1.6965e-001 -1.8582e+000 +2.4073e+000 +2.6963e+000 +4.2623e+000 +3.4443e-001 -3.1570e+000 -2.4105e-001 +1.9204e+000 -4.8948e-001
331 0 +1.448075670e+002 +8.526756697e+001 +8.526756697e+001 +1.2851e+000 -1.1199e+000 +1.9875e+000 +1.5629e+000 +2.4500e+000 +1.4849e+000 +4.2130e-002 -1.7093e+000 -4.9795e-002 +2.2110e-002
411 0 +1.404454753e+002 +8.090547526e+001 +8.090547526e+001 +8.9714e-001 -1.8161e+000 +1.9197e+000 +1.3368e+000 +2.3556e+000 +6.9200e-001 -7.9522e-001 -9.5536e-001 +7.7250e-001 -2.8690e-001
419 0 +1.127042156e+002 +5.316421556e+001 +5.316421556e+001 +1.1029e+000 -1.0556e+000 +2.0916e+000 +1.4457e+000 +2.5556e+000 +1.3304e+000 +5.9408e-002 -1.4849e+000 +1.5845e-001 +2.2321e-002
440 0 +1.089659156e+002 +4.942591558e+001 +4.942591558e+001 +2.1061e+000 -1.1082e+000 +1.2625e+000 +8.8407e-001 +9.9301e-001 +2.4362e+000 +2.1100e+000 -3.2602e+000 -7.6498e-001 +1.1997e+000
622 0 +8.943625909e+001 +2.989625909e+001 +2.989625909e+001 +6.4073e-001 -2.0469e+000 +7.4531e-001 +1.1092e+000 +1.0646e+000 +1.1826e+000 -2.5574e-001 -2.1644e+000 +2.6541e-001 -2.2005e-001
691 0 +8.822076936e+001 +2.868076936e+001 +2.868076936e+001 +1.3063e+000 -1.3862e+000 +1.7351e+000 +1.8241e+000 +1.8047e+000 +1.8343e+000 +1.1483e+000 -2.0998e+000 +4.3885e-001 +8.8620e-001
991 0 +8.514800843e+001 +2.560800843e+001 +2.560800843e+001 +9.5798e-001 -1.6885e+000 +2.1807e+000 +2.5362e+000 +1.8366e+000 +1.5706e+000 +7.0640e-001 -1.4818e+000 +1.0777e+000 +8.6440e-001
1091 0 +7.976018053e+001 +2.022018053e+001 +2.022018053e+001 +1.2574e+000 -1.4000e+000 +1.9735e+000 +2.1989e+000 +1.5027e+000 +1.5490e+000 +8.9169e-001 -1.6896e+000 +9.0883e-001 +7.8256e-001
1101 0 +6.948637173e+001 +9.946371731e+000 +9.946371731e+000 +1.8957e+000 -1.4170e+000 +1.5780e+000 +1.7634e+000 +1.7663e+000 +1.2243e+000 +1.0595e+000 -2.0444e+000 +2.0962e-001 +7.2351e-001
1944 0 +5.470673973e+001 -4.833260265e+000 -4.833260265e+000 +1.2917e+000 -1.6559e+000 +1.7907e+000 +1.9629e+000 +2.5339e+000 +1.1995e+000 +7.5474e-001 -2.0168e+000 +2.0846e-001 +7.7379e-001
2817 0 +5.203461625e+001 -7.505383747e+000 -7.505383747e+000 +1.2779e+000 -1.6391e+000 +1.8018e+000 +1.9707e+000 +2.5537e+000 +1.2021e+000 +7.5411e-001 -1.9988e+000 +2.2266e-001 +7.7673e-001
2889 0 +4.834176646e+001 -1.119823354e+001 -1.119823354e+001 +1.2700e+000 -1.6643e+000 +1.7998e+000 +1.9722e+000 +2.5516e+000 +1.2034e+000 +7.4450e-001 -2.0179e+000 +2.1067e-001 +7.7695e-001
3181 0 +4.647971186e+001 -1.306028814e+001 -1.306028814e+001 +1.2628e+000 -1.6674e+000 +1.8084e+000 +1.9764e+000 +2.5578e+000 +1.2045e+000 +7.4176e-001 -2.0185e+000 +2.1039e-001 +7.8132e-001
3330 0 +4.464543781e+001 -1.489456219e+001 -1.489456219e+001 +1.2701e+000 -1.6633e+000 +1.8048e+000 +1.9698e+000 +2.5492e+000 +1.1992e+000 +7.4692e-001 -2.0188e+000 +2.0638e-001 +7.7991e-001
3734 0 +4.325935358e+001 -1.628064642e+001 -1.628064642e+001 +1.2648e+000 -1.6731e+000 +1.8124e+000 +1.9686e+000 +2.5543e+000 +1.1887e+000 +7.3916e-001 -2.0196e+000 +1.9875e-001 +7.7505e-001
3736 0 +4.251888336e+001 -1.702111664e+001 -1.702111664e+001 +1.2645e+000 -1.6673e+000 +1.8088e+000 +1.9667e+000 +2.5485e+000 +1.1994e+000 +7.4409e-001 -2.0238e+000 +2.0074e-001 +7.7867e-001
3881 0 +4.142762682e+001 -1.811237318e+001 -1.811237318e+001 +1.2627e+000 -1.6691e+000 +1.8120e+000 +1.9646e+000 +2.5483e+000 +1.1996e+000 +7.4440e-001 -2.0266e+000 +1.9630e-001 +7.7993e-001
4063 0 +3.937890041e+001 -2.016109959e+001 -2.016109959e+001 +1.2639e+000 -1.6691e+000 +1.8135e+000 +1.9615e+000 +2.5425e+000 +1.1978e+000 +7.4296e-001 -2.0287e+000 +1.8981e-001 +7.7748e-001
4183 0 +3.691764750e+001 -2.262235250e+001 -2.262235250e+001 +1.2553e+000 -1.6791e+000 +1.8267e+000 +1.9605e+000 +2.5398e+000 +1.1962e+000 +7.3456e-001 -2.0370e+000 +1.7582e-001 +7.7602e-001
4261 0 +3.487744502e+001 -2.466255498e+001 -2.466255498e+001 +1.2363e+000 -1.6864e+000 +1.8483e+000 +1.9579e+000 +2.5329e+000 +1.1947e+000 +7.2603e-001 -2.0484e+000 +1.6326e-001 +7.8251e-001
4320 0 +3.373242056e+001 -2.580757944e+001 -2.580757944e+001 +1.2491e+000 -1.6797e+000 +1.8379e+000 +1.9564e+000 +2.5354e+000 +1.1977e+000 +7.3172e-001 -2.0453e+000 +1.6568e-001 +7.8339e-001
4430 0 +3.248055380e+001 -2.705944620e+001 -2.705944620e+001 +1.2464e+000 -1.6777e+000 +1.8382e+000 +1.9570e+000 +2.5314e+000 +1.1948e+000 +7.2739e-001 -2.0374e+000 +1.7382e-001 +7.8226e-001
4532 0 +3.218974603e+001 -2.735025397e+001 -2.735025397e+001 +1.2407e+000 -1.6803e+000 +1.8425e+000 +1.9571e+000 +2.5355e+000 +1.1954e+000 +7.2236e-001 -2.0380e+000 +1.7036e-001 +7.8295e-001
4635 0 +3.113203041e+001 -2.840796959e+001 -2.840796959e+001 +1.2439e+000 -1.6767e+000 +1.8421e+000 +1.9524e+000 +2.5344e+000 +1.2016e+000 +7.3170e-001 -2.0385e+000 +1.7443e-001 +7.8053e-001
4731 0 +3.086889684e+001 -2.867110316e+001 -2.867110316e+001 +1.2445e+000 -1.6763e+000 +1.8411e+000 +1.9531e+000 +2.5321e+000 +1.1991e+000 +7.3087e-001 -2.0388e+000 +1.7399e-001 +7.8149e-001
4736 0 +2.832398738e+001 -3.121601262e+001 -3.121601262e+001 +1.2330e+000 -1.6760e+000 +1.8538e+000 +1.9508e+000 +2.5274e+000 +1.2001e+000 +7.2603e-001 -2.0405e+000 +1.7411e-001 +7.8874e-001
4818 0 +2.816868928e+001 -3.137131072e+001 -3.137131072e+001 +1.2291e+000 -1.6770e+000 +1.8578e+000 +1.9468e+000 +2.5300e+000 +1.2028e+000 +7.2445e-001 -2.0389e+000 +1.7741e-001 +7.9009e-001
4921 0 +2.686462807e+001 -3.267537193e+001 -3.267537193e+001 +1.2262e+000 -1.6746e+000 +1.8599e+000 +1.9520e+000 +2.5293e+000 +1.1933e+000 +7.2038e-001 -2.0374e+000 +1.7649e-001 +7.8831e-001
5049 0 +2.616816231e+001 -3.337183769e+001 -3.337183769e+001 +1.2270e+000 -1.6703e+000 +1.8595e+000 +1.9454e+000 +2.5295e+000 +1.2000e+000 +7.2781e-001 -2.0375e+000 +1.7270e-001 +7.8756e-001
5299 0 +2.547603957e+001 -3.406396043e+001 -3.406396043e+001 +1.2225e+000 -1.6679e+000 +1.8622e+000 +1.9467e+000 +2.5299e+000 +1.1941e+000 +7.2447e-001 -2.0342e+000 +1.7193e-001 +7.8819e-001
5447 0 +2.497046807e+001 -3.456953193e+001 -3.456953193e+001 +1.2235e+000 -1.6671e+000 +1.8588e+000 +1.9477e+000 +2.5326e+000 +1.1974e+000 +7.2814e-001 -2.0304e+000 +1.6680e-001 +7.9014e-001
5671 0 +2.394988078e+001 -3.559011922e+001 -3.559011922e+001 +1.2202e+000 -1.6643e+000 +1.8652e+000 +1.9416e+000 +2.5285e+000 +1.2055e+000 +7.2960e-001 -2.0297e+000 +1.6543e-001 +7.9399e-001
6302 0 +2.339093946e+001 -3.614906054e+001 -3.614906054e+001 +1.2198e+000 -1.6599e+000 +1.8644e+000 +1.9383e+000 +2.5271e+000 +1.2116e+000 +7.3596e-001 -2.0229e+000 +1.5961e-001 +7.9771e-001
6936 0 +2.290204197e+001 -3.663795803e+001 -3.663795803e+001 +1.2267e+000 -1.6546e+000 +1.8578e+000 +1.9420e+000 +2.5272e+000 +1.2134e+000 +7.4078e-001 -2.0202e+000 +1.6217e-001 +7.9691e-001
7338 0 +2.238151398e+001 -3.715848602e+001 -3.715848602e+001 +1.2258e+000 -1.6525e+000 +1.8606e+000 +1.9432e+000 +2.5290e+000 +1.2137e+000 +7.4110e-001 -2.0190e+000 +1.6508e-001 +7.9548e-001
8116 0 +2.186963189e+001 -3.767036811e+001 -3.767036811e+001 +1.2301e+000 -1.6489e+000 +1.8608e+000 +1.9465e+000 +2.5247e+000 +1.2098e+000 +7.4236e-001 -2.0176e+000 +1.7080e-001 +7.9009e-001
% f evaluations | g evaluations | best noise-free fitness - Fopt (-1.000000000000e+003) + sum g_i+ | measured fitness | best measured fitness or single-digit g-values | x1 | x2...
1 0 +1.868552016e+002 -8.131447984e+002 -8.131447984e+002 +0.0000e+000 +0.0000e+000 +0.0000e+000 +0.0000e+000 +0.0000e+000 +0.0000e+000 +0.0000e+000 +0.0000e+000 +0.0000e+000 +0.0000e+000
15 0 +1.752013560e+002 -8.247986440e+002 -8.247986440e+002 -4.2220e-001 +2.0258e-001 -5.4942e-001 +4.1121e+000 -1.8470e+000 +1.2465e+000 +4.4438e+000 +2.4904e+000 -1.6219e+000 -1.9543e+000
210 0 +1.630668524e+002 -8.369331476e+002 -8.369331476e+002 +6.0181e-001 +3.3540e-001 +5.6975e-001 +4.6718e+000 -1.0706e+000 +1.4271e+000 +4.0095e+000 +2.3296e+000 -2.5564e+000 -3.5214e+000
241 0 +1.593285390e+002 -8.406714610e+002 -8.406714610e+002 -1.6373e-001 +8.6502e-001 -6.3694e-001 +3.4058e+000 -2.6088e+000 +3.7817e-001 +4.1764e+000 +2.4924e+000 -1.5905e+000 -2.3707e+000
287 0 +1.414210091e+002 -8.585789909e+002 -8.585789909e+002 +1.0849e+000 +1.7483e+000 -1.2317e-001 +2.7105e+000 -2.0398e+000 +2.1141e+000 +3.4395e+000 +1.3253e+000 +8.5710e-001 -1.8796e+000
311 0 +1.101180788e+002 -8.898819212e+002 -8.898819212e+002 -7.7533e-001 +3.9658e-001 +4.8416e-001 +7.4505e-001 -1.1972e-001 +5.0493e-001 +2.3945e+000 +2.4859e-001 +2.8172e-001 -1.3850e+000
373 0 +1.043059705e+002 -8.956940295e+002 -8.956940295e+002 +1.1527e+000 +2.2588e+000 +5.3402e-001 +1.5694e+000 -2.1089e+000 +1.6094e+000 +3.1752e+000 +1.7558e+000 +2.5506e-001 -2.3306e+000
441 0 +9.409861051e+001 -9.059013895e+002 -9.059013895e+002 +1.3205e+000 +2.2175e+000 +3.5171e-001 +1.3811e+000 -2.0447e+000 +1.4803e+000 +3.3176e+000 +1.5345e+000 +4.7032e-001 -2.2791e+000
877 0 +7.959927198e+001 -9.204007280e+002 -9.204007280e+002 +2.0260e+000 +2.0412e+000 +4.9798e-001 +1.2521e+000 -2.3199e+000 +1.4829e+000 +3.4188e+000 +1.6689e+000 +3.2529e-001 -2.2721e+000
1008 0 +7.778641473e+001 -9.222135853e+002 -9.222135853e+002 +1.5925e+000 +2.1252e+000 +5.2001e-001 +9.5639e-001 -1.8337e+000 +1.2677e+000 +3.1621e+000 +1.9023e+000 -6.0504e-002 -2.0767e+000
1016 0 +7.553466748e+001 -9.244653325e+002 -9.244653325e+002 +1.5179e+000 +2.1646e+000 +3.7408e-001 +1.5047e+000 -2.0549e+000 +1.6005e+000 +3.3036e+000 +1.4561e+000 +3.0411e-001 -2.3909e+000
1118 0 +6.490806266e+001 -9.350919373e+002 -9.350919373e+002 +1.4912e+000 +1.9918e+000 +5.6244e-001 +1.6276e+000 -1.9209e+000 +1.6831e+000 +3.2396e+000 +1.4984e+000 +1.5052e-001 -2.4945e+000
1618 0 +6.404144976e+001 -9.359585502e+002 -9.359585502e+002 +1.5004e+000 +1.9949e+000 +5.5833e-001 +1.6181e+000 -1.9298e+000 +1.6779e+000 +3.2434e+000 +1.5018e+000 +1.5350e-001 -2.4912e+000
2328 0 +6.016806449e+001 -9.398319355e+002 -9.398319355e+002 +1.4707e+000 +1.9973e+000 +5.7422e-001 +1.6145e+000 -1.9247e+000 +1.7121e+000 +3.2161e+000 +1.5110e+000 +1.2126e-001 -2.5234e+000
2498 0 +4.635273736e+001 -9.536472626e+002 -9.536472626e+002 +1.4727e+000 +1.9984e+000 +6.2352e-001 +1.5857e+000 -1.9153e+000 +1.7397e+000 +3.2037e+000 +1.5469e+000 +9.0771e-002 -2.5570e+000
2553 0 +4.301350976e+001 -9.569864902e+002 -9.569864902e+002 +1.4827e+000 +2.0018e+000 +6.2400e-001 +1.5825e+000 -1.9094e+000 +1.7371e+000 +3.2010e+000 +1.5400e+000 +9.6788e-002 -2.5549e+000
2742 0 +3.861961913e+001 -9.613803809e+002 -9.613803809e+002 +1.4848e+000 +2.0001e+000 +6.3774e-001 +1.5688e+000 -1.9014e+000 +1.7401e+000 +3.1966e+000 +1.5547e+000 +8.0720e-002 -2.5605e+000
2842 0 +3.619328754e+001 -9.638067125e+002 -9.638067125e+002 +1.4888e+000 +2.0001e+000 +6.3592e-001 +1.5674e+000 -1.8994e+000 +1.7358e+000 +3.1975e+000 +1.5533e+000 +8.2362e-002 -2.5565e+000
3004 0 +3.480895121e+001 -9.651910488e+002 -9.651910488e+002 +1.4922e+000 +2.0000e+000 +6.3541e-001 +1.5636e+000 -1.8959e+000 +1.7310e+000 +3.1977e+000 +1.5539e+000 +8.1716e-002 -2.5524e+000
3142 0 +3.457724683e+001 -9.654227532e+002 -9.654227532e+002 +1.4931e+000 +1.9999e+000 +6.3593e-001 +1.5611e+000 -1.8939e+000 +1.7292e+000 +3.1974e+000 +1.5551e+000 +8.0308e-002 -2.5509e+000
3253 0 +3.352904112e+001 -9.664709589e+002 -9.664709589e+002 +1.4841e+000 +1.9967e+000 +6.3533e-001 +1.5634e+000 -1.8981e+000 +1.7310e+000 +3.1994e+000 +1.5615e+000 +7.3912e-002 -2.5524e+000
3731 0 +3.304883448e+001 -9.669511655e+002 -9.669511655e+002 +1.4830e+000 +1.9959e+000 +6.3754e-001 +1.5611e+000 -1.8938e+000 +1.7311e+000 +3.1964e+000 +1.5657e+000 +6.9913e-002 -2.5522e+000
3969 0 +3.191728629e+001 -9.680827137e+002 -9.680827137e+002 +1.4848e+000 +2.0053e+000 +6.4807e-001 +1.5598e+000 -1.8888e+000 +1.7338e+000 +3.1925e+000 +1.5688e+000 +6.4058e-002 -2.5558e+000
4042 0 +3.160045737e+001 -9.683995426e+002 -9.683995426e+002 +1.4851e+000 +2.0044e+000 +6.4523e-001 +1.5619e+000 -1.8909e+000 +1.7331e+000 +3.1940e+000 +1.5662e+000 +6.7059e-002 -2.5549e+000
5331 0 +3.089207075e+001 -9.691079292e+002 -9.691079292e+002 +1.4850e+000 +2.0082e+000 +6.4623e-001 +1.5644e+000 -1.8940e+000 +1.7373e+000 +3.1897e+000 +1.5661e+000 +6.7693e-002 -2.5575e+000
7018 0 +3.019935467e+001 -9.698006453e+002 -9.698006453e+002 +1.4849e+000 +2.0070e+000 +6.4248e-001 +1.5633e+000 -1.9067e+000 +1.7312e+000 +3.1953e+000 +1.5694e+000 +6.0593e-002 -2.5562e+000
% f evaluations | g evaluations | best noise-free fitness - Fopt (4.303000000000e+001) + sum g_i+ | measured fitness | best measured fitness or single-digit g-values | x1 | x2...
1 0 +1.781915823e+002 +2.212215823e+002 +2.212215823e+002 +0.0000e+000 +0.0000e+000 +0.0000e+000 +0.0000e+000 +0.0000e+000 +0.0000e+000 +0.0000e+000 +0.0000e+000 +0.0000e+000 +0.0000e+000
10 0 +1.684620621e+002 +2.114920621e+002 +2.114920621e+002 +2.8507e+000 +3.3004e+000 +1.9941e+000 +2.6740e+000 -4.8992e-001 +3.2652e+000 +2.2862e+000 -1.5678e+000 +1.9996e+000 +1.0519e+000
52 0 +1.512681875e+002 +1.942981875e+002 +1.942981875e+002 +1.7260e+000 +1.5178e+000 -6.1099e-001 +3.9424e+000 -3.2935e+000 -1.5938e-001 +2.4765e+000 +2.1378e+000 +1.0850e+000 -2.3978e-001
232 0 +1.414989354e+002 +1.845289354e+002 +1.845289354e+002 +2.3863e+000 +3.1820e+000 +1.2159e+000 +2.8995e+000 -4.9142e+000 -1.8102e-001 +7.8891e-001 +9.5384e-001 +3.7338e+000 +1.0392e+000
328 0 +1.134624232e+002 +1.564924232e+002 +1.564924232e+002 +2.9946e+000 +2.5181e+000 +2.5506e+000 +7.8826e-003 -4.1187e-002 +3.1322e+000 +1.2421e+000 +1.2681e+000 +3.4281e-001 +2.0695e+000
556 0 +1.016953843e+002 +1.447253843e+002 +1.447253843e+002 +1.6826e+000 +2.3757e+000 +1.8091e-001 +1.6317e+000 -6.2169e-001 +1.1517e+000 +7.8555e-001 +1.8349e+000 +5.8270e-002 +2.0355e+000
562 0 +9.889220438e+001 +1.419222044e+002 +1.419222044e+002 +1.7831e+000 +3.0661e+000 +7.2158e-001 +6.5562e-001 -1.2212e+000 +1.4502e+000 +9.2932e-001 +4.8010e-001 -4.9355e-001 +1.0587e+000
577 0 +8.609514257e+001 +1.291251426e+002 +1.291251426e+002 +2.2231e+000 +2.5353e+000 -1.8553e-001 +2.7003e+000 -1.8356e+000 +8.9457e-001 +1.5395e+000 +1.4613e+000 +1.1956e+000 +1.0598e+000
718 0 +8.105922836e+001 +1.240892284e+002 +1.240892284e+002 +2.3307e+000 +2.3491e+000 +3.6192e-001 +2.5509e+000 -1.7533e+000 +1.2544e+000 +1.7530e+000 +1.4068e+000 +1.0734e+000 +1.0695e+000
877 0 +6.738295859e+001 +1.104129586e+002 +1.104129586e+002 +2.3292e+000 +1.9264e+000 +1.1276e+000 +1.8179e+000 -1.6577e+000 +1.5658e+000 +1.6975e+000 +1.5336e+000 +5.9197e-001 +1.1950e+000
1461 0 +5.896577368e+001 +1.019957737e+002 +1.019957737e+002 +2.4370e+000 +1.7496e+000 +1.3991e+000 +1.9593e+000 -1.7264e+000 +1.7187e+000 +1.8804e+000 +1.5472e+000 +5.8797e-001 +1.0556e+000
2116 0 +5.437015117e+001 +9.740015117e+001 +9.740015117e+001 +2.4350e+000 +1.7498e+000 +1.3938e+000 +1.9635e+000 -1.7297e+000 +1.7135e+000 +1.8795e+000 +1.5459e+000 +5.9088e-001 +1.0537e+000
2203 0 +5.157469225e+001 +9.460469225e+001 +9.460469225e+001 +2.4401e+000 +1.7466e+000 +1.3721e+000 +1.9551e+000 -1.7336e+000 +1.6989e+000 +1.8792e+000 +1.5552e+000 +5.9003e-001 +1.0540e+000
2503 0 +5.109448046e+001 +9.412448046e+001 +9.412448046e+001 +2.4384e+000 +1.7480e+000 +1.3802e+000 +1.9565e+000 -1.7313e+000 +1.7047e+000 +1.8790e+000 +1.5522e+000 +5.8956e-001 +1.0548e+000
3328 0 +4.998229164e+001 +9.301229164e+001 +9.301229164e+001 +2.2379e+000 +1.3569e+000 +1.3511e-001 +1.4335e+000 -1.0135e+000 +1.4124e+000 +1.2620e+000 +1.4005e+000 +1.1239e+000 +1.4960e+000
3817 0 +4.889543530e+001 +9.192543530e+001 +9.192543530e+001 +2.2387e+000 +1.3592e+000 +1.3809e-001 +1.4348e+000 -1.0163e+000 +1.4135e+000 +1.2645e+000 +1.4012e+000 +1.1220e+000 +1.4944e+000
4117 0 +4.779262916e+001 +9.082262916e+001 +9.082262916e+001 +2.2461e+000 +1.3656e+000 +1.3566e-001 +1.4343e+000 -1.0214e+000 +1.4213e+000 +1.2710e+000 +1.4016e+000 +1.1242e+000 +1.4937e+000
4607 0 +4.630728086e+001 +8.933728086e+001 +8.933728086e+001 +2.2435e+000 +1.3649e+000 +1.2526e-001 +1.4486e+000 -1.0406e+000 +1.4084e+000 +1.2778e+000 +1.4077e+000 +1.1174e+000 +1.4895e+000
4806 0 +4.546976828e+001 +8.849976828e+001 +8.849976828e+001 +2.2433e+000 +1.3651e+000 +1.2991e-001 +1.4433e+000 -1.0329e+000 +1.4118e+000 +1.2745e+000 +1.4053e+000 +1.1196e+000 +1.4905e+000
5414 0 +4.374596530e+001 +8.677596530e+001 +8.677596530e+001 +2.2486e+000 +1.3753e+000 +1.3988e-001 +1.4437e+000 -1.0364e+000 +1.4171e+000 +1.2764e+000 +1.4057e+000 +1.1164e+000 +1.4985e+000
5506 0 +4.355033011e+001 +8.658033011e+001 +8.658033011e+001 +2.2499e+000 +1.3779e+000 +1.3946e-001 +1.4430e+000 -1.0365e+000 +1.4176e+000 +1.2755e+000 +1.4057e+000 +1.1162e+000 +1.5025e+000
5830 0 +4.242517998e+001 +8.545517998e+001 +8.545517998e+001 +2.2491e+000 +1.3775e+000 +1.4539e-001 +1.4447e+000 -1.0362e+000 +1.4180e+000 +1.2778e+000 +1.4078e+000 +1.1153e+000 +1.5050e+000
6047 0 +4.168098132e+001 +8.471098132e+001 +8.471098132e+001 +2.2511e+000 +1.3813e+000 +1.5201e-001 +1.4437e+000 -1.0355e+000 +1.4189e+000 +1.2795e+000 +1.4087e+000 +1.1159e+000 +1.5131e+000
6404 0 +4.047464758e+001 +8.350464758e+001 +8.350464758e+001 +2.2528e+000 +1.3810e+000 +1.5368e-001 +1.4427e+000 -1.0368e+000 +1.4201e+000 +1.2828e+000 +1.4150e+000 +1.1166e+000 +1.5107e+000
6626 0 +3.976189312e+001 +8.279189312e+001 +8.279189312e+001 +2.2541e+000 +1.3906e+000 +1.5703e-001 +1.4438e+000 -1.0461e+000 +1.4132e+000 +1.2839e+000 +1.4204e+000 +1.1148e+000 +1.5157e+000
6726 0 +3.876668544e+001 +8.179668544e+001 +8.179668544e+001 +2.2561e+000 +1.3923e+000 +1.6219e-001 +1.4417e+000 -1.0458e+000 +1.4142e+000 +1.2856e+000 +1.4233e+000 +1.1163e+000 +1.5161e+000
6804 0 +3.739152089e+001 +8.042152089e+001 +8.042152089e+001 +2.2637e+000 +1.4077e+000 +1.7374e-001 +1.4423e+000 -1.0546e+000 +1.4171e+000 +1.2871e+000 +1.4331e+000 +1.1118e+000 +1.5272e+000
6928 0 +3.715281531e+001 +8.018281531e+001 +8.018281531e+001 +2.2639e+000 +1.4068e+000 +1.7402e-001 +1.4423e+000 -1.0535e+000 +1.4184e+000 +1.2869e+000 +1.4327e+000 +1.1121e+000 +1.5270e+000
7326 0 +3.609008054e+001 +7.912008054e+001 +7.912008054e+001 +2.2646e+000 +1.4110e+000 +1.7745e-001 +1.4437e+000 -1.0538e+000 +1.4159e+000 +1.2869e+000 +1.4381e+000 +1.1157e+000 +1.5202e+000
7463 0 +3.483651577e+001 +7.786651577e+001 +7.786651577e+001 +2.2641e+000 +1.4097e+000 +1.7523e-001 +1.4491e+000 -1.0550e+000 +1.4187e+000 +1.2852e+000 +1.4359e+000 +1.1201e+000 +1.5216e+000
7510 0 +3.438945909e+001 +7.741945909e+001 +7.741945909e+001 +2.2649e+000 +1.4120e+000 +1.7602e-001 +1.4522e+000 -1.0567e+000 +1.4206e+000 +1.2844e+000 +1.4361e+000 +1.1210e+000 +1.5233e+000
7655 0 +3.323023208e+001 +7.626023208e+001 +7.626023208e+001 +2.2691e+000 +1.4151e+000 +1.8361e-001 +1.4618e+000 -1.0598e+000 +1.4314e+000 +1.2835e+000 +1.4396e+000 +1.1266e+000 +1.5214e+000
7833 0 +3.271069642e+001 +7.574069642e+001 +7.574069642e+001 +2.2628e+000 +1.4140e+000 +1.8050e-001 +1.4666e+000 -1.0582e+000 +1.4287e+000 +1.2865e+000 +1.4357e+000 +1.1227e+000 +1.5138e+000
8194 0 +3.216054212e+001 +7.519054212e+001 +7.519054212e+001 +2.2681e+000 +1.4152e+000 +1.8697e-001 +1.4683e+000 -1.0615e+000 +1.4336e+000 +1.2860e+000 +1.4379e+000 +1.1257e+000 +1.5152e+000
8335 0 +3.146314185e+001 +7.449314185e+001 +7.449314185e+001 +2.2694e+000 +1.4145e+000 +1.8494e-001 +1.4732e+000 -1.0615e+000 +1.4391e+000 +1.2839e+000 +1.4357e+000 +1.1309e+000 +1.5148e+000
8504 0 +3.076604121e+001 +7.379604121e+001 +7.379604121e+001 +2.2687e+000 +1.4135e+000 +1.8407e-001 +1.4773e+000 -1.0612e+000 +1.4418e+000 +1.2841e+000 +1.4334e+000 +1.1343e+000 +1.5108e+000
8505 0 +2.978571692e+001 +7.281571692e+001 +7.281571692e+001 +2.2701e+000 +1.4124e+000 +1.7453e-001 +1.4759e+000 -1.0567e+000 +1.4368e+000 +1.2867e+000 +1.4315e+000 +1.1336e+000 +1.5118e+000
8613 0 +2.936088511e+001 +7.239088511e+001 +7.239088511e+001 +2.2729e+000 +1.4127e+000 +1.7156e-001 +1.4786e+000 -1.0560e+000 +1.4370e+000 +1.2890e+000 +1.4303e+000 +1.1359e+000 +1.5109e+000
8827 0 +2.833449928e+001 +7.136449928e+001 +7.136449928e+001 +2.2745e+000 +1.4235e+000 +1.7180e-001 +1.4894e+000 -1.0605e+000 +1.4362e+000 +1.2946e+000 +1.4276e+000 +1.1448e+000 +1.5019e+000
8904 0 +2.766669122e+001 +7.069669122e+001 +7.069669122e+001 +2.2729e+000 +1.4188e+000 +1.7837e-001 +1.4827e+000 -1.0602e+000 +1.4384e+000 +1.2912e+000 +1.4313e+000 +1.1391e+000 +1.5061e+000
8983 0 +2.701297245e+001 +7.004297245e+001 +7.004297245e+001 +2.2782e+000 +1.4271e+000 +1.7622e-001 +1.4926e+000 -1.0603e+000 +1.4409e+000 +1.2956e+000 +1.4286e+000 +1.1489e+000 +1.4985e+000
9008 0 +2.690208590e+001 +6.993208590e+001 +6.993208590e+001 +2.2765e+000 +1.4235e+000 +1.7357e-001 +1.4889e+000 -1.0583e+000 +1.4386e+000 +1.2948e+000 +1.4286e+000 +1.1454e+000 +1.5007e+000
9046 0 +2.497803198e+001 +6.800803198e+001 +6.800803198e+001 +2.2784e+000 +1.4274e+000 +1.7570e-001 +1.4870e+000 -1.0573e+000 +1.4400e+000 +1.2939e+000 +1.4295e+000 +1.1496e+000 +1.4989e+000
9107 0 +2.396388580e+001 +6.699388580e+001 +6.699388580e+001 +2.2830e+000 +1.4352e+000 +1.8158e-001 +1.4874e+000 -1.0613e+000 +1.4407e+000 +1.2961e+000 +1.4341e+000 +1.1553e+000 +1.4979e+000
9207 0 +2.326740260e+001 +6.629740260e+001 +6.629740260e+001 +2.2871e+000 +1.4415e+000 +1.8521e-001 +1.4883e+000 -1.0624e+000 +1.4424e+000 +1.2979e+000 +1.4366e+000 +1.1614e+000 +1.4948e+000
9210 0 +2.278114951e+001 +6.581114951e+001 +6.581114951e+001 +2.2872e+000 +1.4395e+000 +1.7908e-001 +1.4861e+000 -1.0578e+000 +1.4405e+000 +1.2982e+000 +1.4351e+000 +1.1624e+000 +1.4944e+000
9408 0 +2.223652937e+001 +6.526652937e+001 +6.526652937e+001 +2.2880e+000 +1.4435e+000 +1.8193e-001 +1.4849e+000 -1.0619e+000 +1.4389e+000 +1.2995e+000 +1.4363e+000 +1.1654e+000 +1.4901e+000
9641 0 +2.173703018e+001 +6.476703018e+001 +6.476703018e+001 +2.2913e+000 +1.4442e+000 +1.7379e-001 +1.4837e+000 -1.0609e+000 +1.4352e+000 +1.3020e+000 +1.4355e+000 +1.1685e+000 +1.4860e+000
9897 0 +2.126238313e+001 +6.429238313e+001 +6.429238313e+001 +2.2914e+000 +1.4441e+000 +1.7084e-001 +1.4815e+000 -1.0621e+000 +1.4326e+000 +1.3024e+000 +1.4365e+000 +1.1648e+000 +1.4868e+000
10054 0 +2.074172975e+001 +6.377172975e+001 +6.377172975e+001 +2.2972e+000 +1.4522e+000 +1.7174e-001 +1.4795e+000 -1.0658e+000 +1.4311e+000 +1.3050e+000 +1.4399e+000 +1.1694e+000 +1.4827e+000
