% f evaluations | g evaluations | best noise-free fitness - Fopt (1.238300000000e+002) + sum g_i+ | measured fitness | best measured fitness or single-digit g-values | x1 | x2...
1 0 +1.300000000e+001 +1.368300000e+002 +1.368300000e+002 +0.0000e+000 +0.0000e+000 +0.0000e+000
354 0 +5.531485264e+000 +1.293614853e+002 +1.293614853e+002 -5.2075e-001 -4.8150e-001 +9.0126e-002
391 0 +3.710544890e+000 +1.275405449e+002 +1.275405449e+002 -1.5850e-001 -8.9602e-001 -1.1865e-001
498 0 +3.363880734e+000 +1.271938807e+002 +1.271938807e+002 -3.4938e-001 -9.4744e-001 -3.4470e-002
711 0 +2.214662237e+000 +1.260446622e+002 +1.260446622e+002 -5.2022e-001 -2.5083e-001 +9.6826e-002
754 0 +1.945966927e+000 +1.257759669e+002 +1.257759669e+002 -4.8038e-001 -6.2139e-001 -8.4951e-002
834 0 +7.221388425e-001 +1.245521388e+002 +1.245521388e+002 -2.5971e-001 +1.5564e-001 +1.1192e-001
911 0 +5.194415260e-001 +1.243494415e+002 +1.243494415e+002 -2.8145e-001 +1.5266e-001 +1.4473e-001
1039 0 +4.620776978e-001 +1.242920777e+002 +1.242920777e+002 -3.1955e-001 +4.5196e-002 +1.3365e-001
1099 0 +3.587798569e-001 +1.241887799e+002 +1.241887799e+002 -1.8996e-001 +1.7780e-001 +1.3333e-001
1203 0 +2.677805959e-001 +1.240977806e+002 +1.240977806e+002 -1.9154e-001 +2.3082e-001 +1.6804e-001
1439 0 +2.541754778e-001 +1.240841755e+002 +1.240841755e+002 -1.6098e-001 +2.3573e-001 +1.6851e-001
1495 0 +1.873625332e-001 +1.240173625e+002 +1.240173625e+002 -1.1802e-001 +2.7573e-001 +1.5702e-001
1595 0 +1.407782349e-001 +1.239707782e+002 +1.239707782e+002 -9.5323e-002 +3.1687e-001 +1.6538e-001
1831 0 +1.313746024e-001 +1.239613746e+002 +1.239613746e+002 -8.2237e-002 +3.2948e-001 +1.7077e-001
1960 0 +1.072601640e-001 +1.239372602e+002 +1.239372602e+002 -3.4662e-002 +3.6907e-001 +1.7004e-001
2045 0 +1.069624493e-001 +1.239369624e+002 +1.239369624e+002 -4.2315e-002 +3.7074e-001 +1.7368e-001
2106 0 +1.033135842e-001 +1.239333136e+002 +1.239333136e+002 -3.0763e-002 +3.8256e-001 +1.7568e-001
2110 0 +9.668520612e-002 +1.239266852e+002 +1.239266852e+002 -5.3242e-003 +4.0495e-001 +1.7828e-001
2156 0 +9.312103872e-002 +1.239231210e+002 +1.239231210e+002 +3.4407e-002 +4.2895e-001 +1.6776e-001
2205 0 +9.110374926e-002 +1.239211037e+002 +1.239211037e+002 +8.6866e-003 +4.0934e-001 +1.7351e-001
2219 0 +8.904053475e-002 +1.239190405e+002 +1.239190405e+002 -1.0537e-004 +4.0467e-001 +1.6875e-001
2305 0 +8.508875613e-002 +1.239150888e+002 +1.239150888e+002 +1.3770e-002 +4.1452e-001 +1.7077e-001
2315 0 +8.237438414e-002 +1.239123744e+002 +1.239123744e+002 +1.9248e-002 +4.3108e-001 +1.7845e-001
2339 0 +8.059849654e-002 +1.239105985e+002 +1.239105985e+002 +2.3058e-002 +4.2375e-001 +1.7275e-001
2352 0 +7.854118705e-002 +1.239085412e+002 +1.239085412e+002 +1.9072e-002 +4.2338e-001 +1.7471e-001
2385 0 +6.343438077e-002 +1.238934344e+002 +1.238934344e+002 +6.3447e-002 +4.6914e-001 +1.7812e-001
2405 0 +6.271135703e-002 +1.238927114e+002 +1.238927114e+002 +4.8170e-002 +4.5214e-001 +1.7411e-001
2439 0 +5.922300885e-002 +1.238892230e+002 +1.238892230e+002 +7.4415e-002 +4.7964e-001 +1.7805e-001
2458 0 +5.700143013e-002 +1.238870014e+002 +1.238870014e+002 +9.7476e-002 +4.9446e-001 +1.7668e-001
2505 0 +5.337112004e-002 +1.238833711e+002 +1.238833711e+002 +8.1196e-002 +4.8453e-001 +1.7661e-001
2511 0 +4.617755091e-002 +1.238761776e+002 +1.238761776e+002 +1.0414e-001 +5.0467e-001 +1.7614e-001
2523 0 +3.912622620e-002 +1.238691262e+002 +1.238691262e+002 +1.8475e-001 +5.6565e-001 +1.6659e-001
2603 0 +2.513372130e-002 +1.238551337e+002 +1.238551337e+002 +1.7519e-001 +5.6570e-001 +1.7180e-001
2629 0 +2.458203178e-002 +1.238545820e+002 +1.238545820e+002 +2.2445e-001 +6.1010e-001 +1.7204e-001
2658 0 +2.363838368e-002 +1.238536384e+002 +1.238536384e+002 +1.9982e-001 +5.8333e-001 +1.6895e-001
2708 0 +1.483937579e-002 +1.238448394e+002 +1.238448394e+002 +2.5800e-001 +6.3669e-001 +1.6785e-001
2716 0 +1.431510261e-002 +1.238443151e+002 +1.238443151e+002 +2.3020e-001 +6.1144e-001 +1.6551e-001
2808 0 +5.876198837e-003 +1.238358762e+002 +1.238358762e+002 +2.8411e-001 +6.5983e-001 +1.6293e-001
2905 0 +4.838637180e-003 +1.238348386e+002 +1.238348386e+002 +2.9704e-001 +6.7102e-001 +1.6177e-001
2915 0 +3.713812365e-003 +1.238337138e+002 +1.238337138e+002 +3.0788e-001 +6.7901e-001 +1.6065e-001
3006 0 +3.020400064e-003 +1.238330204e+002 +1.238330204e+002 +3.1566e-001 +6.8469e-001 +1.5892e-001
3010 0 +2.902851665e-003 +1.238329029e+002 +1.238329029e+002 +3.1805e-001 +6.8647e-001 +1.5857e-001
3073 0 +2.279053768e-003 +1.238322791e+002 +1.238322791e+002 +3.3096e-001 +6.9865e-001 +1.5791e-001
3106 0 +2.022687242e-003 +1.238320227e+002 +1.238320227e+002 +3.4120e-001 +7.0738e-001 +1.5703e-001
3205 0 +1.959856121e-003 +1.238319599e+002 +1.238319599e+002 +3.3309e-001 +6.9989e-001 +1.5759e-001
3207 0 +1.202035981e-003 +1.238312020e+002 +1.238312020e+002 +3.5158e-001 +7.1310e-001 +1.5498e-001
3305 0 +8.447898047e-004 +1.238308448e+002 +1.238308448e+002 +3.5623e-001 +7.1832e-001 +1.5494e-001
3358 0 +6.796734506e-004 +1.238306797e+002 +1.238306797e+002 +3.6378e-001 +7.2453e-001 +1.5389e-001
3359 0 +6.237125489e-004 +1.238306237e+002 +1.238306237e+002 +3.6754e-001 +7.2781e-001 +1.5371e-001
3361 0 +3.924307062e-004 +1.238303924e+002 +1.238303924e+002 +3.9225e-001 +7.4780e-001 +1.5108e-001
3405 0 +2.419489418e-004 +1.238302419e+002 +1.238302419e+002 +3.8672e-001 +7.4303e-001 +1.5159e-001
3410 0 +1.409440246e-004 +1.238301409e+002 +1.238301409e+002 +3.8324e-001 +7.3968e-001 +1.5168e-001
3454 0 +1.357794910e-004 +1.238301358e+002 +1.238301358e+002 +3.8520e-001 +7.4130e-001 +1.5140e-001
3504 0 +5.390128274e-005 +1.238300539e+002 +1.238300539e+002 +3.9076e-001 +7.4531e-001 +1.5098e-001
3510 0 +4.309574986e-005 +1.238300431e+002 +1.238300431e+002 +4.0947e-001 +7.6040e-001 +1.4859e-001
3523 0 +3.010442384e-006 +1.238300030e+002 +1.238300030e+002 +3.9838e-001 +7.5146e-001 +1.4985e-001
3821 0 +2.501174507e-006 +1.238300025e+002 +1.238300025e+002 +3.9801e-001 +7.5112e-001 +1.4993e-001
3882 0 +2.357793647e-006 +1.238300024e+002 +1.238300024e+002 +4.0276e-001 +7.5487e-001 +1.4931e-001
3944 0 +1.170958313e-006 +1.238300012e+002 +1.238300012e+002 +4.0178e-001 +7.5411e-001 +1.4943e-001
3968 0 +8.131693932e-007 +1.238300008e+002 +1.238300008e+002 +3.9990e-001 +7.5267e-001 +1.4968e-001
4005 0 +7.617451843e-007 +1.238300008e+002 +1.238300008e+002 +4.0000e-001 +7.5276e-001 +1.4967e-001
4075 0 +4.203459838e-007 +1.238300004e+002 +1.238300004e+002 +4.0137e-001 +7.5379e-001 +1.4953e-001
4100 0 +2.353201580e-007 +1.238300002e+002 +1.238300002e+002 +4.0032e-001 +7.5293e-001 +1.4963e-001
4132 0 +2.011063600e-007 +1.238300002e+002 +1.238300002e+002 +4.0087e-001 +7.5341e-001 +1.4959e-001
4329 0 +1.540710457e-007 +1.238300002e+002 +1.238300002e+002 +3.9995e-001 +7.5266e-001 +1.4968e-001
4364 0 +1.210842413e-007 +1.238300001e+002 +1.238300001e+002 +4.0014e-001 +7.5283e-001 +1.4967e-001
4405 0 +7.557902393e-008 +1.238300001e+002 +1.238300001e+002 +4.0081e-001 +7.5335e-001 +1.4957e-001
4432 0 +7.030217830e-008 +1.238300001e+002 +1.238300001e+002 +4.0023e-001 +7.5290e-001 +1.4965e-001
4454 0 +2.379891839e-009 +1.238300000e+002 +1.238300000e+002 +4.0049e-001 +7.5310e-001 +1.4962e-001
6646 0 +0.000000000e+000 +1.238300000e+002 +1.238300000e+002 +4.0052e-001 +7.5312e-001 +1.4962e-001
% f evaluations | g evaluations | best noise-free fitness - Fopt (4.751000000000e+001) + sum g_i+ | measured fitness | best measured fitness or single-digit g-values | x1 | x2...
1 0 +1.300000000e+001 +6.051000000e+001 +6.051000000e+001 +0.0000e+000 +0.0000e+000 +0.0000e+000
249 0 +3.724814318e+000 +5.123481432e+001 +5.123481432e+001 -6.5181e-001 -4.5263e-001 -6.4754e-001
511 0 +3.204894686e+000 +5.071489469e+001 +5.071489469e+001 -3.3597e-001 -5.1815e-001 -6.2333e-001
711 0 +2.638846130e+000 +5.014884613e+001 +5.014884613e+001 -2.7478e-001 -5.5693e-001 -6.2421e-001
833 0 +2.315124570e+000 +4.982512457e+001 +4.982512457e+001 -1.9480e-001 -5.9298e-001 -6.9797e-001
950 0 +2.256858165e+000 +4.976685816e+001 +4.976685816e+001 -1.0822e-001 -5.5989e-001 -5.3158e-001
1024 0 +2.194738760e+000 +4.970473876e+001 +4.970473876e+001 -1.6264e-001 -5.9559e-001 -6.6768e-001
1033 0 +2.125298903e+000 +4.963529890e+001 +4.963529890e+001 -1.6170e-001 -5.8347e-001 -6.1659e-001
1050 0 +1.997857266e+000 +4.950785727e+001 +4.950785727e+001 -4.4564e-003 -5.8821e-001 -4.5977e-001
1064 0 +1.751703569e+000 +4.926170357e+001 +4.926170357e+001 +5.8084e-002 -5.8775e-001 -4.4578e-001
1133 0 +1.560805725e+000 +4.907080573e+001 +4.907080573e+001 +2.4226e-002 -5.5209e-001 -5.0000e-001
1220 0 +1.330459037e+000 +4.884045904e+001 +4.884045904e+001 +1.2621e-001 -5.1631e-001 -3.6775e-001
1251 0 +1.311063780e+000 +4.882106378e+001 +4.882106378e+001 +9.7456e-002 -4.8856e-001 -3.8197e-001
1277 0 +1.184918078e+000 +4.869491808e+001 +4.869491808e+001 +1.1173e-001 -5.2161e-001 -3.4391e-001
1377 0 +1.068682158e+000 +4.857868216e+001 +4.857868216e+001 +1.1546e-001 -4.9839e-001 -2.7593e-001
1420 0 +1.012825063e+000 +4.852282506e+001 +4.852282506e+001 +1.4771e-001 -4.9387e-001 -2.5807e-001
1451 0 +9.903061552e-001 +4.850030616e+001 +4.850030616e+001 +1.2859e-001 -4.7424e-001 -2.6840e-001
1472 0 +8.721957204e-001 +4.838219572e+001 +4.838219572e+001 +2.1364e-001 -3.7591e-001 -5.2792e-002
1503 0 +8.047981446e-001 +4.831479814e+001 +4.831479814e+001 +1.9945e-001 -4.1506e-001 -9.0574e-002
1504 0 +7.311710596e-001 +4.824117106e+001 +4.824117106e+001 +1.7056e-001 -4.1360e-001 -7.1138e-002
1544 0 +6.110847164e-001 +4.812108472e+001 +4.812108472e+001 +1.7046e-001 -3.7432e-001 -5.1254e-002
1662 0 +5.637008368e-001 +4.807370084e+001 +4.807370084e+001 +1.8250e-001 -3.4126e-001 -2.7086e-002
1676 0 +4.455880142e-001 +4.795558801e+001 +4.795558801e+001 +1.7706e-001 -2.3953e-001 +9.2216e-002
1706 0 +3.746383731e-001 +4.788463837e+001 +4.788463837e+001 +1.9070e-001 -2.4817e-001 +9.6920e-002
1819 0 +3.349888374e-001 +4.784498884e+001 +4.784498884e+001 +1.8543e-001 -2.1154e-001 +1.4632e-001
1851 0 +3.032102617e-001 +4.781321026e+001 +4.781321026e+001 +2.0473e-001 -1.4047e-001 +2.3719e-001
1938 0 +2.286186595e-001 +4.773861866e+001 +4.773861866e+001 +1.8652e-001 -1.1537e-001 +2.3067e-001
2020 0 +2.024995211e-001 +4.771249952e+001 +4.771249952e+001 +1.9239e-001 -8.8433e-002 +2.6735e-001
2108 0 +1.661821858e-001 +4.767618219e+001 +4.767618219e+001 +1.8872e-001 -4.0894e-002 +3.0203e-001
2204 0 +1.624672830e-001 +4.767246728e+001 +4.767246728e+001 +1.8783e-001 -4.1884e-002 +2.9739e-001
2308 0 +1.543219689e-001 +4.766432197e+001 +4.766432197e+001 +1.8976e-001 -1.5028e-002 +3.2451e-001
2408 0 +1.509231537e-001 +4.766092315e+001 +4.766092315e+001 +1.8869e-001 -1.7229e-002 +3.2055e-001
2410 0 +1.383756529e-001 +4.764837565e+001 +4.764837565e+001 +1.8891e-001 -5.7659e-003 +3.2631e-001
2446 0 +1.245030749e-001 +4.763450307e+001 +4.763450307e+001 +1.8581e-001 +2.1902e-002 +3.3546e-001
2510 0 +1.049170585e-001 +4.761491706e+001 +4.761491706e+001 +1.8828e-001 +6.8837e-002 +3.7450e-001
2610 0 +1.016891853e-001 +4.761168919e+001 +4.761168919e+001 +1.8796e-001 +1.0614e-001 +3.9859e-001
2619 0 +8.659545015e-002 +4.759659545e+001 +4.759659545e+001 +1.8322e-001 +9.0756e-002 +3.8933e-001
2687 0 +8.301417949e-002 +4.759301418e+001 +4.759301418e+001 +1.8377e-001 +1.0749e-001 +4.0215e-001
2704 0 +7.781838126e-002 +4.758781838e+001 +4.758781838e+001 +1.8346e-001 +1.3456e-001 +4.1804e-001
2706 0 +6.618902166e-002 +4.757618902e+001 +4.757618902e+001 +1.7638e-001 +1.7213e-001 +4.4715e-001
2804 0 +6.138731077e-002 +4.757138731e+001 +4.757138731e+001 +1.7764e-001 +1.7954e-001 +4.5058e-001
2817 0 +5.960931976e-002 +4.756960932e+001 +4.756960932e+001 +1.7380e-001 +1.8376e-001 +4.4034e-001
2903 0 +4.906325791e-002 +4.755906326e+001 +4.755906326e+001 +1.7372e-001 +1.9527e-001 +4.5560e-001
2904 0 +4.739869696e-002 +4.755739870e+001 +4.755739870e+001 +1.7278e-001 +2.0418e-001 +4.6165e-001
2917 0 +4.134341853e-002 +4.755134342e+001 +4.755134342e+001 +1.7021e-001 +2.3784e-001 +4.7407e-001
2920 0 +3.830048947e-002 +4.754830049e+001 +4.754830049e+001 +1.6996e-001 +2.3485e-001 +4.7861e-001
2983 0 +3.242615004e-002 +4.754242615e+001 +4.754242615e+001 +1.6743e-001 +2.5838e-001 +4.8877e-001
3008 0 +2.836286914e-002 +4.753836287e+001 +4.753836287e+001 +1.6626e-001 +2.7534e-001 +5.0069e-001
3039 0 +2.692948795e-002 +4.753692949e+001 +4.753692949e+001 +1.6486e-001 +2.9386e-001 +5.1340e-001
3083 0 +2.350821730e-002 +4.753350822e+001 +4.753350822e+001 +1.6508e-001 +2.9887e-001 +5.1422e-001
3107 0 +2.177035991e-002 +4.753177036e+001 +4.753177036e+001 +1.6111e-001 +3.1695e-001 +5.2230e-001
3133 0 +2.029404613e-002 +4.753029405e+001 +4.753029405e+001 +1.6150e-001 +3.1954e-001 +5.2373e-001
3139 0 +1.717254474e-002 +4.752717254e+001 +4.752717254e+001 +1.6151e-001 +3.3364e-001 +5.3118e-001
3207 0 +1.583869877e-002 +4.752583870e+001 +4.752583870e+001 +1.5898e-001 +3.6101e-001 +5.4962e-001
3218 0 +1.452956528e-002 +4.752452957e+001 +4.752452957e+001 +1.5719e-001 +3.6941e-001 +5.4743e-001
3221 0 +1.422673745e-002 +4.752422674e+001 +4.752422674e+001 +1.5914e-001 +3.6816e-001 +5.5308e-001
3233 0 +1.363732959e-002 +4.752363733e+001 +4.752363733e+001 +1.6002e-001 +3.6503e-001 +5.4996e-001
3246 0 +1.267950621e-002 +4.752267951e+001 +4.752267951e+001 +1.5874e-001 +3.9007e-001 +5.6335e-001
3304 0 +1.219527443e-002 +4.752219527e+001 +4.752219527e+001 +1.5883e-001 +3.6783e-001 +5.5014e-001
3318 0 +9.638917348e-003 +4.751963892e+001 +4.751963892e+001 +1.5631e-001 +3.8863e-001 +5.5998e-001
3321 0 +7.878570254e-003 +4.751787857e+001 +4.751787857e+001 +1.5538e-001 +4.0657e-001 +5.7053e-001
3414 0 +7.743608288e-003 +4.751774361e+001 +4.751774361e+001 +1.5406e-001 +4.3210e-001 +5.8507e-001
3421 0 +6.142309479e-003 +4.751614231e+001 +4.751614231e+001 +1.5349e-001 +4.2578e-001 +5.7925e-001
3438 0 +5.999604275e-003 +4.751599960e+001 +4.751599960e+001 +1.5331e-001 +4.3040e-001 +5.8166e-001
3458 0 +5.694474776e-003 +4.751569447e+001 +4.751569447e+001 +1.5220e-001 +4.2978e-001 +5.8049e-001
3478 0 +5.034876922e-003 +4.751503488e+001 +4.751503488e+001 +1.5155e-001 +4.4196e-001 +5.8645e-001
3503 0 +3.506683847e-003 +4.751350668e+001 +4.751350668e+001 +1.5008e-001 +4.5789e-001 +5.9520e-001
3578 0 +2.357976630e-003 +4.751235798e+001 +4.751235798e+001 +1.4799e-001 +4.7742e-001 +6.0451e-001
3604 0 +1.620577341e-003 +4.751162058e+001 +4.751162058e+001 +1.4657e-001 +4.9270e-001 +6.1214e-001
3622 0 +1.335016050e-003 +4.751133502e+001 +4.751133502e+001 +1.4576e-001 +5.0102e-001 +6.1606e-001
3625 0 +4.231088761e-004 +4.751042311e+001 +4.751042311e+001 +1.4039e-001 +5.4203e-001 +6.3496e-001
3708 0 +1.216201756e-004 +4.751012162e+001 +4.751012162e+001 +1.4072e-001 +5.4324e-001 +6.3634e-001
3794 0 +2.697015683e-005 +4.751002697e+001 +4.751002697e+001 +1.3928e-001 +5.5724e-001 +6.4275e-001
3925 0 +1.490570986e-005 +4.751001491e+001 +4.751001491e+001 +1.3908e-001 +5.5980e-001 +6.4406e-001
4025 0 +1.154103296e-005 +4.751001154e+001 +4.751001154e+001 +1.3951e-001 +5.5621e-001 +6.4227e-001
4126 0 +1.037411771e-005 +4.751001037e+001 +4.751001037e+001 +1.3919e-001 +5.5889e-001 +6.4358e-001
4133 0 +9.934209018e-006 +4.751000993e+001 +4.751000993e+001 +1.3909e-001 +5.6043e-001 +6.4441e-001
4244 0 +7.595010693e-006 +4.751000760e+001 +4.751000760e+001 +1.3960e-001 +5.5642e-001 +6.4246e-001
4303 0 +4.101489516e-006 +4.751000410e+001 +4.751000410e+001 +1.3935e-001 +5.5815e-001 +6.4318e-001
4312 0 +3.422222235e-006 +4.751000342e+001 +4.751000342e+001 +1.3943e-001 +5.5800e-001 +6.4318e-001
4546 0 +2.322388930e-006 +4.751000232e+001 +4.751000232e+001 +1.3933e-001 +5.5859e-001 +6.4345e-001
4606 0 +6.282111542e-007 +4.751000063e+001 +4.751000063e+001 +1.3908e-001 +5.6090e-001 +6.4448e-001
4718 0 +2.979283451e-007 +4.751000030e+001 +4.751000030e+001 +1.3915e-001 +5.6038e-001 +6.4426e-001
4746 0 +1.007965196e-007 +4.751000010e+001 +4.751000010e+001 +1.3907e-001 +5.6116e-001 +6.4462e-001
4850 0 +5.494960220e-008 +4.751000005e+001 +4.751000005e+001 +1.3910e-001 +5.6109e-001 +6.4460e-001
4918 0 +5.069945530e-008 +4.751000005e+001 +4.751000005e+001 +1.3910e-001 +5.6103e-001 +6.4458e-001
4946 0 +4.294341949e-008 +4.751000004e+001 +4.751000004e+001 +1.3909e-001 +5.6101e-001 +6.4456e-001
5103 0 +2.728481263e-008 +4.751000003e+001 +4.751000003e+001 +1.3905e-001 +5.6137e-001 +6.4472e-001
5222 0 +7.811067348e-010 +4.751000000e+001 +4.751000000e+001 +1.3906e-001 +5.6131e-001 +6.4469e-001
7676 0 +0.000000000e+000 +4.751000000e+001 +4.751000000e+001 +1.3907e-001 +5.6129e-001 +6.4468e-001
% f evaluations | g evaluations | best noise-free fitness - Fopt (5.534000000000e+001) + sum g_i+ | measured fitness | best measured fitness or single-digit g-values | x1 | x2...
1 0 +1.300000000e+001 +6.834000000e+001 +6.834000000e+001 +0.0000e+000 +0.0000e+000 +0.0000e+000
459 0 +3.332413894e+000 +5.867241389e+001 +5.867241389e+001 +3.0202e+000 -2.1020e+000 -8.5573e-001
620 0 +3.068348766e+000 +5.840834877e+001 +5.840834877e+001 +2.0903e+000 -1.7910e+000 -5.4199e-001
695 0 +1.025196229e+000 +5.636519623e+001 +5.636519623e+001 +2.8426e+000 -2.0769e+000 -8.0584e-001
868 0 +9.652946643e-001 +5.630529466e+001 +5.630529466e+001 +2.3445e+000 -1.8510e+000 -6.4681e-001
932 0 +8.896772320e-001 +5.622967723e+001 +5.622967723e+001 +2.6295e+000 -1.9848e+000 -7.4327e-001
1262 0 +5.042416011e-001 +5.584424160e+001 +5.584424160e+001 -1.1926e-001 -3.2132e-001 +1.2139e-001
1320 0 +4.760734750e-001 +5.581607347e+001 +5.581607347e+001 +2.5096e-001 -6.7029e-001 -1.8777e-002
1368 0 +1.937730226e-001 +5.553377302e+001 +5.553377302e+001 +8.9031e-002 -4.8410e-001 +5.7862e-002
1501 0 +1.578115954e-002 +5.535578116e+001 +5.535578116e+001 +2.2477e-001 -6.3026e-001 +1.9510e-002
2101 0 +1.521719433e-002 +5.535521719e+001 +5.535521719e+001 +2.1445e-001 -6.2467e-001 +2.3085e-002
2252 0 +1.334800931e-002 +5.535334801e+001 +5.535334801e+001 +2.3258e-001 -6.4004e-001 +1.4229e-002
2452 0 +1.295264167e-002 +5.535295264e+001 +5.535295264e+001 +2.4144e-001 -6.4604e-001 +1.0871e-002
2510 0 +1.257129370e-002 +5.535257129e+001 +5.535257129e+001 +2.3237e-001 -6.4052e-001 +1.4836e-002
2523 0 +9.396491972e-003 +5.534939649e+001 +5.534939649e+001 +2.5038e-001 -6.5622e-001 +9.7841e-003
2617 0 +8.780615371e-003 +5.534878062e+001 +5.534878062e+001 +3.2321e-001 -7.0925e-001 -1.7077e-002
2702 0 +5.854016980e-003 +5.534585402e+001 +5.534585402e+001 +3.1066e-001 -7.0152e-001 -1.3064e-002
2752 0 +5.340591420e-003 +5.534534059e+001 +5.534534059e+001 +3.0414e-001 -6.9682e-001 -9.1205e-003
2813 0 +2.784807010e-003 +5.534278481e+001 +5.534278481e+001 +3.3303e-001 -7.2049e-001 -2.0398e-002
2913 0 +1.503737550e-003 +5.534150374e+001 +5.534150374e+001 +3.4720e-001 -7.3262e-001 -2.5519e-002
2994 0 +1.115505015e-003 +5.534111551e+001 +5.534111551e+001 +3.5459e-001 -7.3868e-001 -2.8144e-002
3008 0 +9.731860485e-004 +5.534097319e+001 +5.534097319e+001 +3.6550e-001 -7.4843e-001 -3.2432e-002
3088 0 +9.229507561e-004 +5.534092295e+001 +5.534092295e+001 +3.5774e-001 -7.4309e-001 -2.9312e-002
3125 0 +3.268779748e-004 +5.534032688e+001 +5.534032688e+001 +3.7007e-001 -7.5136e-001 -3.3230e-002
3143 0 +2.089289647e-004 +5.534020893e+001 +5.534020893e+001 +3.8771e-001 -7.6465e-001 -3.8947e-002
3213 0 +1.287513216e-004 +5.534012875e+001 +5.534012875e+001 +3.8361e-001 -7.6300e-001 -3.7791e-002
3255 0 +8.298368937e-005 +5.534008298e+001 +5.534008298e+001 +3.8329e-001 -7.6230e-001 -3.7388e-002
3263 0 +2.991759325e-005 +5.534002992e+001 +5.534002992e+001 +3.9137e-001 -7.6796e-001 -4.0460e-002
3401 0 +2.266145958e-005 +5.534002266e+001 +5.534002266e+001 +3.9330e-001 -7.7001e-001 -4.0976e-002
3474 0 +2.827341874e-006 +5.534000283e+001 +5.534000283e+001 +3.9637e-001 -7.7215e-001 -4.2220e-002
3558 0 +1.469996533e-007 +5.534000015e+001 +5.534000015e+001 +3.9355e-001 -7.7001e-001 -4.1217e-002
4122 0 +1.328784975e-007 +5.534000013e+001 +5.534000013e+001 +3.9381e-001 -7.7016e-001 -4.1304e-002
4213 0 +1.310528859e-007 +5.534000013e+001 +5.534000013e+001 +3.9345e-001 -7.6992e-001 -4.1195e-002
4313 0 +4.009387311e-008 +5.534000004e+001 +5.534000004e+001 +3.9376e-001 -7.7013e-001 -4.1292e-002
4527 0 +2.883606953e-008 +5.534000003e+001 +5.534000003e+001 +3.9396e-001 -7.7030e-001 -4.1366e-002
4628 0 +1.886973422e-008 +5.534000002e+001 +5.534000002e+001 +3.9392e-001 -7.7027e-001 -4.1349e-002
4694 0 +9.168275028e-009 +5.534000001e+001 +5.534000001e+001 +3.9388e-001 -7.7024e-001 -4.1335e-002
7305 0 +0.000000000e+000 +5.534000000e+001 +5.534000000e+001 +3.9382e-001 -7.7019e-001 -4.1312e-002
% f evaluations | g evaluations | best noise-free fitness - Fopt (-9.033000000000e+001) + sum g_i+ | measured fitness | best measured fitness or single-digit g-values | x1 | x2...
1 0 +1.300000000e+001 -7.733000000e+001 -7.733000000e+001 +0.0000e+000 +0.0000e+000 +0.0000e+000
411 0 +7.506068321e+000 -8.282393168e+001 -8.282393168e+001 -2.7472e-001 -8.7790e-001 -9.7598e-001
465 0 +5.049239418e+000 -8.528076058e+001 -8.528076058e+001 -1.0366e+000 -1.9238e+000 -5.5623e-001
796 0 +3.004376193e+000 -8.732562381e+001 -8.732562381e+001 -3.0366e-001 +1.9039e-001 +3.2777e-001
990 0 +6.563508484e-001 -8.967364915e+001 -8.967364915e+001 -2.5215e-001 +1.6600e-001 +3.2924e-001
1302 0 +2.054692591e-001 -9.012453074e+001 -9.012453074e+001 -2.2061e-001 +1.8939e-001 +3.6342e-001
1349 0 +8.177281264e-002 -9.024822719e+001 -9.024822719e+001 -2.6502e-001 +1.4202e-001 +4.0813e-001
1547 0 +7.761506129e-002 -9.025238494e+001 -9.025238494e+001 -2.6613e-001 +1.4162e-001 +4.0566e-001
1887 0 +6.354558781e-002 -9.026645441e+001 -9.026645441e+001 -2.6411e-001 +1.6259e-001 +3.9475e-001
1949 0 +5.753012808e-002 -9.027246987e+001 -9.027246987e+001 -2.6798e-001 +1.4788e-001 +4.0428e-001
2245 0 +5.136994995e-002 -9.027863005e+001 -9.027863005e+001 -3.2502e-001 +1.0153e-001 +4.9550e-001
2317 0 +4.223241964e-002 -9.028776758e+001 -9.028776758e+001 -3.1577e-001 +1.1026e-001 +4.7894e-001
2324 0 +3.703488332e-002 -9.029296512e+001 -9.029296512e+001 -3.2203e-001 +1.0268e-001 +4.8736e-001
2347 0 +3.474503348e-002 -9.029525497e+001 -9.029525497e+001 -3.1869e-001 +1.1028e-001 +4.7922e-001
2417 0 +3.067719047e-002 -9.029932281e+001 -9.029932281e+001 -3.4463e-001 +8.9412e-002 +5.1578e-001
2530 0 +2.963939549e-002 -9.030036060e+001 -9.030036060e+001 -3.3200e-001 +9.4444e-002 +4.9211e-001
2534 0 +2.371976244e-002 -9.030628024e+001 -9.030628024e+001 -4.3796e-001 -1.3832e-002 +6.6200e-001
2549 0 +1.876535589e-002 -9.031123464e+001 -9.031123464e+001 -3.6749e-001 +6.4737e-002 +5.4900e-001
2639 0 +1.595664207e-002 -9.031404336e+001 -9.031404336e+001 -3.6609e-001 +6.3679e-002 +5.4303e-001
2658 0 +1.524475364e-002 -9.031475525e+001 -9.031475525e+001 -3.7545e-001 +5.6472e-002 +5.5526e-001
2695 0 +1.419342074e-002 -9.031580658e+001 -9.031580658e+001 -3.7558e-001 +5.6730e-002 +5.5792e-001
2721 0 +1.170913531e-002 -9.031829086e+001 -9.031829086e+001 -3.9976e-001 +3.3965e-002 +5.9393e-001
2750 0 +7.036477521e-003 -9.032296352e+001 -9.032296352e+001 -4.0701e-001 +2.3301e-002 +6.0369e-001
2821 0 +5.927292303e-003 -9.032407271e+001 -9.032407271e+001 -4.1942e-001 +9.7191e-003 +6.2131e-001
2834 0 +5.150202877e-003 -9.032484980e+001 -9.032484980e+001 -4.4478e-001 -2.3916e-002 +6.6459e-001
2902 0 +4.031079883e-003 -9.032596892e+001 -9.032596892e+001 -4.5988e-001 -3.1683e-002 +6.8230e-001
2917 0 +3.943880143e-003 -9.032605612e+001 -9.032605612e+001 -4.4650e-001 -2.3723e-002 +6.6400e-001
2926 0 +2.214879185e-003 -9.032778512e+001 -9.032778512e+001 -4.6210e-001 -3.5130e-002 +6.8741e-001
2996 0 +2.001229586e-003 -9.032799877e+001 -9.032799877e+001 -4.5341e-001 -2.9126e-002 +6.7384e-001
3019 0 +1.855062233e-003 -9.032814494e+001 -9.032814494e+001 -4.4788e-001 -2.4472e-002 +6.6772e-001
3026 0 +4.238656482e-004 -9.032957613e+001 -9.032957613e+001 -4.7446e-001 -5.1067e-002 +7.0766e-001
3117 0 +1.582463256e-004 -9.032984175e+001 -9.032984175e+001 -4.8018e-001 -5.8347e-002 +7.1612e-001
3126 0 +1.208451214e-004 -9.032987915e+001 -9.032987915e+001 -4.8065e-001 -5.9035e-002 +7.1779e-001
3149 0 +6.354274389e-005 -9.032993646e+001 -9.032993646e+001 -4.8539e-001 -6.4968e-002 +7.2457e-001
3226 0 +3.950377956e-005 -9.032996050e+001 -9.032996050e+001 -4.8580e-001 -6.5602e-002 +7.2580e-001
3373 0 +8.031049816e-007 -9.032999920e+001 -9.032999920e+001 -4.8001e-001 -5.8980e-002 +7.1666e-001
3996 0 +6.028713813e-007 -9.032999940e+001 -9.032999940e+001 -4.8027e-001 -5.9269e-002 +7.1704e-001
4026 0 +4.888686789e-007 -9.032999951e+001 -9.032999951e+001 -4.8071e-001 -5.9738e-002 +7.1777e-001
4074 0 +3.425835757e-007 -9.032999966e+001 -9.032999966e+001 -4.8033e-001 -5.9319e-002 +7.1718e-001
4188 0 +2.483555477e-007 -9.032999975e+001 -9.032999975e+001 -4.8051e-001 -5.9548e-002 +7.1742e-001
4302 0 +1.186342899e-007 -9.032999988e+001 -9.032999988e+001 -4.8060e-001 -5.9662e-002 +7.1759e-001
4402 0 +6.405457498e-008 -9.032999994e+001 -9.032999994e+001 -4.8066e-001 -5.9719e-002 +7.1767e-001
4502 0 +4.971998635e-008 -9.032999995e+001 -9.032999995e+001 -4.8068e-001 -5.9747e-002 +7.1771e-001
4590 0 +3.311592423e-008 -9.032999997e+001 -9.032999997e+001 -4.8069e-001 -5.9747e-002 +7.1771e-001
4602 0 +3.101162349e-008 -9.032999997e+001 -9.032999997e+001 -4.8070e-001 -5.9762e-002 +7.1773e-001
4690 0 +1.756190215e-008 -9.032999998e+001 -9.032999998e+001 -4.8064e-001 -5.9686e-002 +7.1764e-001
4702 0 +1.690115425e-008 -9.032999998e+001 -9.032999998e+001 -4.8069e-001 -5.9751e-002 +7.1772e-001
4724 0 +1.372916358e-008 -9.032999999e+001 -9.032999999e+001 -4.8069e-001 -5.9743e-002 +7.1772e-001
4802 0 +1.154575102e-008 -9.032999999e+001 -9.032999999e+001 -4.8069e-001 -5.9744e-002 +7.1771e-001
4896 0 +1.179643050e-010 -9.033000000e+001 -9.033000000e+001 -4.8077e-001 -5.9831e-002 +7.1784e-001
7752 0 +0.000000000e+000 -9.033000000e+001 -9.033000000e+001 -4.8077e-001 -5.9828e-002 +7.1783e-001
% f evaluations | g evaluations | best noise-free fitness - Fopt (6.561000000000e+001) + sum g_i+ | measured fitness | best measured fitness or single-digit g-values | x1 | x2...
1 0 +1.300000000e+001 +7.861000000e+001 +7.861000000e+001 +0.0000e+000 +0.0000e+000 +0.0000e+000
273 0 +1.273698553e+001 +7.834698553e+001 +7.834698553e+001 -1.0715e+000 -5.6593e-001 -3.8584e-001
347 0 +1.075362707e+001 +7.636362707e+001 +7.636362707e+001 -1.2417e+000 -5.3434e-001 -4.0425e-001
374 0 +4.180774962e+000 +6.979077496e+001 +6.979077496e+001 -1.1515e+000 -5.4974e-001 -4.8454e-001
418 0 +3.889269107e+000 +6.949926911e+001 +6.949926911e+001 -9.9625e-001 -1.6585e-001 -6.1950e-001
618 0 +3.619615399e+000 +6.922961540e+001 +6.922961540e+001 -9.6071e-001 -3.2373e-002 -6.8724e-001
732 0 +2.412181544e+000 +6.802218154e+001 +6.802218154e+001 -4.6368e-001 +3.7010e-001 -6.7520e-001
918 0 +2.337863737e+000 +6.794786374e+001 +6.794786374e+001 -3.5772e-001 +4.8324e-001 -6.9054e-001
942 0 +1.462104554e+000 +6.707210455e+001 +6.707210455e+001 -1.4096e-001 +4.5605e-001 -3.5318e-001
1008 0 +1.117486972e+000 +6.672748697e+001 +6.672748697e+001 -8.5591e-002 +4.7559e-001 -3.1039e-001
1209 0 +1.069509223e+000 +6.667950922e+001 +6.667950922e+001 -8.0911e-002 +4.8728e-001 -3.0205e-001
1224 0 +8.647039377e-001 +6.647470394e+001 +6.647470394e+001 -2.3914e-002 +4.3464e-001 -1.6423e-001
1424 0 +7.983480099e-001 +6.640834801e+001 +6.640834801e+001 -4.1468e-002 +4.5680e-001 -1.7016e-001
1441 0 +6.595220850e-001 +6.626952208e+001 +6.626952208e+001 -8.9962e-003 +4.2763e-001 -9.3737e-002
1548 0 +6.341442910e-001 +6.624414429e+001 +6.624414429e+001 -5.3063e-003 +4.1590e-001 -7.5336e-002
1607 0 +5.500980231e-001 +6.616009802e+001 +6.616009802e+001 +3.4561e-002 +3.8326e-001 +5.3691e-002
1724 0 +4.942294801e-001 +6.610422948e+001 +6.610422948e+001 +2.9284e-002 +3.8030e-001 +1.1771e-002
1809 0 +4.862138252e-001 +6.609621383e+001 +6.609621383e+001 +4.2458e-002 +3.6953e-001 +6.0177e-002
1824 0 +4.547272907e-001 +6.606472729e+001 +6.606472729e+001 +4.8779e-002 +3.5914e-001 +5.6764e-002
1884 0 +3.958441878e-001 +6.600584419e+001 +6.600584419e+001 +7.1534e-002 +3.1883e-001 +1.1358e-001
1978 0 +3.545412551e-001 +6.596454126e+001 +6.596454126e+001 +7.5230e-002 +3.0033e-001 +1.2390e-001
1984 0 +3.318648350e-001 +6.594186484e+001 +6.594186484e+001 +8.2184e-002 +2.8504e-001 +1.4266e-001
2011 0 +3.027890171e-001 +6.591278902e+001 +6.591278902e+001 +8.1646e-002 +2.5736e-001 +1.6457e-001
2014 0 +2.980593891e-001 +6.590805939e+001 +6.590805939e+001 +1.0436e-001 +2.1910e-001 +1.8674e-001
2114 0 +2.469557261e-001 +6.585695573e+001 +6.585695573e+001 +1.2141e-001 +1.8318e-001 +2.2748e-001
2210 0 +1.878478801e-001 +6.579784788e+001 +6.579784788e+001 +1.2885e-001 +1.5642e-001 +2.6524e-001
2291 0 +1.802387956e-001 +6.579023880e+001 +6.579023880e+001 +1.4312e-001 +1.2939e-001 +3.0273e-001
2302 0 +1.715552624e-001 +6.578155526e+001 +6.578155526e+001 +1.4683e-001 +1.2520e-001 +2.9235e-001
2309 0 +1.581481795e-001 +6.576814818e+001 +6.576814818e+001 +1.4934e-001 +1.0479e-001 +3.1871e-001
2310 0 +1.373083185e-001 +6.574730832e+001 +6.574730832e+001 +1.6015e-001 +8.6088e-002 +3.2801e-001
2410 0 +1.230048496e-001 +6.573300485e+001 +6.573300485e+001 +1.7580e-001 +5.0921e-002 +3.5940e-001
2510 0 +1.201090440e-001 +6.573010904e+001 +6.573010904e+001 +1.8363e-001 +3.3337e-002 +3.7509e-001
2559 0 +9.679080469e-002 +6.570679080e+001 +6.570679080e+001 +1.9461e-001 -8.1456e-003 +4.0655e-001
2607 0 +9.284826688e-002 +6.570284827e+001 +6.570284827e+001 +1.9239e-001 -6.9074e-003 +4.0321e-001
2619 0 +7.456652201e-002 +6.568456652e+001 +6.568456652e+001 +2.0727e-001 -4.1150e-002 +4.2518e-001
2702 0 +6.555945776e-002 +6.567555946e+001 +6.567555946e+001 +2.1723e-001 -7.2655e-002 +4.4825e-001
2804 0 +5.852756521e-002 +6.566852757e+001 +6.566852757e+001 +2.1690e-001 -7.4285e-002 +4.4495e-001
2811 0 +5.443127749e-002 +6.566443128e+001 +6.566443128e+001 +2.2193e-001 -9.9022e-002 +4.5843e-001
2904 0 +3.998793064e-002 +6.564998793e+001 +6.564998793e+001 +2.3744e-001 -1.3710e-001 +4.8467e-001
3004 0 +3.432852959e-002 +6.564432853e+001 +6.564432853e+001 +2.4771e-001 -1.6851e-001 +5.0454e-001
3104 0 +3.256951215e-002 +6.564256951e+001 +6.564256951e+001 +2.5285e-001 -1.8422e-001 +5.1447e-001
3110 0 +3.149519721e-002 +6.564149520e+001 +6.564149520e+001 +2.5030e-001 -1.7738e-001 +5.0816e-001
3120 0 +2.812893285e-002 +6.563812893e+001 +6.563812893e+001 +2.5514e-001 -1.8595e-001 +5.1537e-001
3126 0 +2.289420281e-002 +6.563289420e+001 +6.563289420e+001 +2.7159e-001 -2.4009e-001 +5.4648e-001
3210 0 +2.172374449e-002 +6.563172374e+001 +6.563172374e+001 +2.7386e-001 -2.4723e-001 +5.5010e-001
3214 0 +2.124610405e-002 +6.563124610e+001 +6.563124610e+001 +2.7260e-001 -2.4286e-001 +5.4745e-001
3233 0 +1.798571212e-002 +6.562798571e+001 +6.562798571e+001 +2.8207e-001 -2.6622e-001 +5.6309e-001
3314 0 +1.512571436e-002 +6.562512571e+001 +6.562512571e+001 +2.8799e-001 -2.8543e-001 +5.7268e-001
3333 0 +1.103320895e-002 +6.562103321e+001 +6.562103321e+001 +2.9745e-001 -3.1218e-001 +5.8719e-001
3415 0 +1.048622805e-002 +6.562048623e+001 +6.562048623e+001 +2.9789e-001 -3.0726e-001 +5.8602e-001
3428 0 +8.653296001e-003 +6.561865330e+001 +6.561865330e+001 +3.0293e-001 -3.2715e-001 +5.9524e-001
3452 0 +7.603000792e-003 +6.561760300e+001 +6.561760300e+001 +3.0504e-001 -3.3203e-001 +5.9803e-001
3504 0 +6.509887958e-003 +6.561650989e+001 +6.561650989e+001 +3.1097e-001 -3.4844e-001 +6.0719e-001
3522 0 +6.189462496e-003 +6.561618946e+001 +6.561618946e+001 +3.1311e-001 -3.5876e-001 +6.1097e-001
3525 0 +5.871814769e-003 +6.561587181e+001 +6.561587181e+001 +3.1315e-001 -3.5419e-001 +6.1029e-001
3588 0 +5.431495849e-003 +6.561543150e+001 +6.561543150e+001 +3.1780e-001 -3.6728e-001 +6.1748e-001
3595 0 +5.340852775e-003 +6.561534085e+001 +6.561534085e+001 +3.1691e-001 -3.7007e-001 +6.1665e-001
3599 0 +4.685312223e-003 +6.561468531e+001 +6.561468531e+001 +3.0720e-001 -3.3788e-001 +5.9741e-001
3604 0 +3.760486627e-003 +6.561376049e+001 +6.561376049e+001 +3.1190e-001 -3.5038e-001 +6.0394e-001
3605 0 +2.568435361e-003 +6.561256844e+001 +6.561256844e+001 +3.1698e-001 -3.6638e-001 +6.1384e-001
3669 0 +2.451538288e-003 +6.561245154e+001 +6.561245154e+001 +3.1720e-001 -3.6550e-001 +6.1259e-001
3700 0 +2.273142404e-003 +6.561227314e+001 +6.561227314e+001 +3.1821e-001 -3.6769e-001 +6.1503e-001
3705 0 +1.892185496e-003 +6.561189219e+001 +6.561189219e+001 +3.2135e-001 -3.7732e-001 +6.1865e-001
3739 0 +1.584789513e-003 +6.561158479e+001 +6.561158479e+001 +3.2470e-001 -3.8520e-001 +6.2437e-001
3775 0 +1.321459172e-003 +6.561132146e+001 +6.561132146e+001 +3.3224e-001 -4.1022e-001 +6.3785e-001
3805 0 +5.975331497e-004 +6.561059753e+001 +6.561059753e+001 +3.3233e-001 -4.0935e-001 +6.3656e-001
3907 0 +4.435179627e-004 +6.561044352e+001 +6.561044352e+001 +3.3624e-001 -4.1963e-001 +6.4180e-001
3909 0 +4.357663958e-004 +6.561043577e+001 +6.561043577e+001 +3.3427e-001 -4.1510e-001 +6.3939e-001
3914 0 +3.687835560e-004 +6.561036878e+001 +6.561036878e+001 +3.3544e-001 -4.1778e-001 +6.4042e-001
3915 0 +3.456809507e-004 +6.561034568e+001 +6.561034568e+001 +3.3517e-001 -4.1787e-001 +6.4066e-001
3928 0 +2.926055118e-004 +6.561029261e+001 +6.561029261e+001 +3.4374e-001 -4.4179e-001 +6.5322e-001
3949 0 +2.324773231e-004 +6.561023248e+001 +6.561023248e+001 +3.4056e-001 -4.3240e-001 +6.4803e-001
4009 0 +1.422220699e-004 +6.561014222e+001 +6.561014222e+001 +3.4058e-001 -4.3365e-001 +6.4784e-001
4054 0 +1.319962143e-004 +6.561013200e+001 +6.561013200e+001 +3.4139e-001 -4.3553e-001 +6.4964e-001
4077 0 +1.258393541e-004 +6.561012584e+001 +6.561012584e+001 +3.4161e-001 -4.3599e-001 +6.4947e-001
4120 0 +1.066105119e-004 +6.561010661e+001 +6.561010661e+001 +3.4289e-001 -4.3971e-001 +6.5141e-001
4177 0 +1.043058453e-004 +6.561010431e+001 +6.561010431e+001 +3.4409e-001 -4.4317e-001 +6.5320e-001
4232 0 +8.586049429e-005 +6.561008586e+001 +6.561008586e+001 +3.4535e-001 -4.4703e-001 +6.5525e-001
4237 0 +5.899943190e-005 +6.561005900e+001 +6.561005900e+001 +3.4494e-001 -4.4601e-001 +6.5460e-001
4359 0 +5.615718133e-005 +6.561005616e+001 +6.561005616e+001 +3.4299e-001 -4.4043e-001 +6.5167e-001
4400 0 +4.718248188e-005 +6.561004718e+001 +6.561004718e+001 +3.4718e-001 -4.5285e-001 +6.5803e-001
4407 0 +4.586014485e-005 +6.561004586e+001 +6.561004586e+001 +3.4730e-001 -4.5322e-001 +6.5800e-001
4414 0 +2.431730303e-005 +6.561002432e+001 +6.561002432e+001 +3.4614e-001 -4.4994e-001 +6.5646e-001
4425 0 +1.828974676e-005 +6.561001829e+001 +6.561001829e+001 +3.4539e-001 -4.4783e-001 +6.5525e-001
4428 0 +1.485516802e-005 +6.561001486e+001 +6.561001486e+001 +3.4490e-001 -4.4641e-001 +6.5458e-001
4514 0 +5.769245121e-006 +6.561000577e+001 +6.561000577e+001 +3.4534e-001 -4.4788e-001 +6.5532e-001
4594 0 +1.257000790e-006 +6.561000126e+001 +6.561000126e+001 +3.4561e-001 -4.4886e-001 +6.5580e-001
4614 0 +4.973135930e-007 +6.561000050e+001 +6.561000050e+001 +3.4517e-001 -4.4770e-001 +6.5516e-001
4625 0 +4.579173805e-007 +6.561000046e+001 +6.561000046e+001 +3.4566e-001 -4.4912e-001 +6.5587e-001
4728 0 +1.249729280e-007 +6.561000012e+001 +6.561000012e+001 +3.4525e-001 -4.4791e-001 +6.5529e-001
4758 0 +1.017695155e-007 +6.561000010e+001 +6.561000010e+001 +3.4550e-001 -4.4863e-001 +6.5566e-001
4848 0 +8.192328949e-008 +6.561000008e+001 +6.561000008e+001 +3.4556e-001 -4.4884e-001 +6.5576e-001
4965 0 +7.672109348e-008 +6.561000008e+001 +6.561000008e+001 +3.4530e-001 -4.4809e-001 +6.5538e-001
5004 0 +4.264801134e-008 +6.561000004e+001 +6.561000004e+001 +3.4537e-001 -4.4827e-001 +6.5547e-001
5048 0 +1.074842260e-008 +6.561000001e+001 +6.561000001e+001 +3.4540e-001 -4.4838e-001 +6.5553e-001
5236 0 +9.795257938e-009 +6.561000001e+001 +6.561000001e+001 +3.4542e-001 -4.4842e-001 +6.5555e-001
7934 0 +0.000000000e+000 +6.561000000e+001 +6.561000000e+001 +3.4539e-001 -4.4834e-001 +6.5551e-001
% f evaluations | g evaluations | best noise-free fitness - Fopt (9.348200000000e+002) + sum g_i+ | measured fitness | best measured fitness or single-digit g-values | x1 | x2...
1 0 +1.300000000e+001 +9.478200000e+002 +9.478200000e+002 +0.0000e+000 +0.0000e+000 +0.0000e+000
803 0 +1.254804842e+001 +9.473680484e+002 +9.473680484e+002 +2.3417e+000 +3.8630e+000 -3.2964e+000
873 0 +1.169799257e+001 +9.465179926e+002 +9.465179926e+002 +2.3627e+000 +3.8885e+000 -3.2552e+000
915 0 +8.393422115e+000 +9.432134221e+002 +9.432134221e+002 +2.3000e+000 +3.8153e+000 -3.1639e+000
949 0 +8.101021777e+000 +9.429210218e+002 +9.429210218e+002 +2.2980e+000 +3.8548e+000 -3.2274e+000
1735 0 +5.253714682e+000 +9.400737147e+002 +9.400737147e+002 -6.3452e-001 +2.6170e+000 -2.9077e+000
1807 0 +3.709629609e+000 +9.385296296e+002 +9.385296296e+002 -6.1079e-001 +2.6440e+000 -2.9047e+000
2191 0 +1.686354425e+000 +9.365063544e+002 +9.365063544e+002 -6.4982e-001 +2.5771e+000 -2.8052e+000
2413 0 +1.164577586e+000 +9.359845776e+002 +9.359845776e+002 -6.5867e-001 +2.5853e+000 -2.7953e+000
3313 0 +1.145053564e+000 +9.359650536e+002 +9.359650536e+002 -6.5933e-001 +2.5851e+000 -2.7916e+000
4635 0 +1.120883607e+000 +9.359408836e+002 +9.359408836e+002 -6.6153e-001 +2.5571e+000 -2.7548e+000
5107 0 +1.092886112e+000 +9.359128861e+002 +9.359128861e+002 -6.6196e-001 +2.5256e+000 -2.7123e+000
5414 0 +1.071266260e+000 +9.358912663e+002 +9.358912663e+002 -6.6264e-001 +2.5095e+000 -2.6885e+000
5650 0 +1.042713538e+000 +9.358627135e+002 +9.358627135e+002 -6.6565e-001 +2.4750e+000 -2.6422e+000
5719 0 +1.021812877e+000 +9.358418129e+002 +9.358418129e+002 -6.6446e-001 +2.4528e+000 -2.6130e+000
5912 0 +9.996991638e-001 +9.358196992e+002 +9.358196992e+002 -6.6492e-001 +2.4248e+000 -2.5763e+000
6039 0 +9.763285673e-001 +9.357963286e+002 +9.357963286e+002 -6.6645e-001 +2.3962e+000 -2.5381e+000
6206 0 +9.480152580e-001 +9.357680153e+002 +9.357680153e+002 -6.6626e-001 +2.3626e+000 -2.4939e+000
6305 0 +9.329436456e-001 +9.357529436e+002 +9.357529436e+002 -6.6398e-001 +2.3485e+000 -2.4739e+000
6318 0 +9.119337122e-001 +9.357319337e+002 +9.357319337e+002 -6.6280e-001 +2.3225e+000 -2.4381e+000
6418 0 +8.876333157e-001 +9.357076333e+002 +9.357076333e+002 -6.6228e-001 +2.2909e+000 -2.3955e+000
6540 0 +8.654157379e-001 +9.356854157e+002 +9.356854157e+002 -6.7071e-001 +2.2480e+000 -2.3427e+000
6559 0 +8.099028230e-001 +9.356299028e+002 +9.356299028e+002 -6.6718e-001 +2.2107e+000 -2.2894e+000
6659 0 +7.476902210e-001 +9.355676902e+002 +9.355676902e+002 -6.6550e-001 +2.1221e+000 -2.1693e+000
6705 0 +7.378989303e-001 +9.355578989e+002 +9.355578989e+002 -6.6643e-001 +2.1083e+000 -2.1510e+000
6707 0 +7.239947380e-001 +9.355439947e+002 +9.355439947e+002 -6.6762e-001 +2.0844e+000 -2.1193e+000
6807 0 +7.014378550e-001 +9.355214379e+002 +9.355214379e+002 -6.6889e-001 +2.0144e+000 -2.0257e+000
6906 0 +6.908633801e-001 +9.355108634e+002 +9.355108634e+002 -6.6787e-001 +1.9881e+000 -1.9907e+000
7219 0 +6.746603049e-001 +9.354946603e+002 +9.354946603e+002 -6.6732e-001 +1.9429e+000 -1.9315e+000
7612 0 +6.604712664e-001 +9.354804713e+002 +9.354804713e+002 -6.6567e-001 +1.9565e+000 -1.9505e+000
8005 0 +6.451839155e-001 +9.354651839e+002 +9.354651839e+002 -6.6595e-001 +1.9428e+000 -1.9336e+000
8308 0 +6.305049214e-001 +9.354505049e+002 +9.354505049e+002 -6.6953e-001 +1.8915e+000 -1.8688e+000
8508 0 +6.162166053e-001 +9.354362166e+002 +9.354362166e+002 -6.6760e-001 +1.8949e+000 -1.8733e+000
8806 0 +6.020766726e-001 +9.354220767e+002 +9.354220767e+002 -6.6666e-001 +1.8903e+000 -1.8682e+000
8913 0 +5.888309043e-001 +9.354088309e+002 +9.354088309e+002 -6.6578e-001 +1.8666e+000 -1.8376e+000
9043 0 +5.745755028e-001 +9.353945755e+002 +9.353945755e+002 -6.6142e-001 +1.8299e+000 -1.7894e+000
9168 0 +5.605097266e-001 +9.353805097e+002 +9.353805097e+002 -6.6446e-001 +1.8379e+000 -1.8021e+000
9310 0 +5.463415537e-001 +9.353663416e+002 +9.353663416e+002 -6.6347e-001 +1.8117e+000 -1.7686e+000
9366 0 +5.363621651e-001 +9.353563622e+002 +9.353563622e+002 -6.6276e-001 +1.7928e+000 -1.7445e+000
9512 0 +5.220449963e-001 +9.353420450e+002 +9.353420450e+002 -6.6152e-001 +1.7664e+000 -1.7111e+000
9610 0 +5.119536453e-001 +9.353319536e+002 +9.353319536e+002 -6.6050e-001 +1.7509e+000 -1.6915e+000
9636 0 +4.918933792e-001 +9.353118934e+002 +9.353118934e+002 -6.6068e-001 +1.7167e+000 -1.6493e+000
9710 0 +4.878551172e-001 +9.353078551e+002 +9.353078551e+002 -6.5981e-001 +1.7055e+000 -1.6349e+000
9805 0 +4.738680689e-001 +9.352938681e+002 +9.352938681e+002 -6.5970e-001 +1.6754e+000 -1.5979e+000
9905 0 +4.632280320e-001 +9.352832280e+002 +9.352832280e+002 -6.5859e-001 +1.6360e+000 -1.5485e+000
9951 0 +4.557501717e-001 +9.352757502e+002 +9.352757502e+002 -6.5538e-001 +1.6015e+000 -1.5044e+000
% f evaluations | g evaluations | best noise-free fitness - Fopt (-6.371000000000e+001) + sum g_i+ | measured fitness | best measured fitness or single-digit g-values | x1 | x2...
1 0 +1.300000000e+001 -5.071000000e+001 -5.071000000e+001 +0.0000e+000 +0.0000e+000 +0.0000e+000
231 0 +5.478277437e+000 -5.823172256e+001 -5.823172256e+001 -8.2279e-001 +6.6555e-002 -2.1116e-001
519 0 +2.488984645e+000 -6.122101536e+001 -6.122101536e+001 -4.4682e-001 +4.1851e-001 -3.8704e-001
579 0 +2.209079096e+000 -6.150092090e+001 -6.150092090e+001 -7.2405e-001 +2.7274e-001 -3.2443e-001
896 0 +2.166601444e+000 -6.154339856e+001 -6.154339856e+001 -3.4614e-001 +3.4114e-001 -4.8272e-001
927 0 +1.609900147e+000 -6.210009985e+001 -6.210009985e+001 -3.0958e-001 +2.6004e-001 -3.9001e-001
966 0 +1.379188154e+000 -6.233081185e+001 -6.233081185e+001 -4.6084e-001 +3.3893e-001 -3.8864e-001
1003 0 +1.214039957e+000 -6.249596004e+001 -6.249596004e+001 -3.7319e-001 +3.3549e-001 -4.0203e-001
1227 0 +1.175319337e+000 -6.253468066e+001 -6.253468066e+001 -2.4906e-001 +2.8430e-001 -4.0465e-001
1237 0 +1.131337960e+000 -6.257866204e+001 -6.257866204e+001 -3.2904e-001 +3.1963e-001 -4.0310e-001
1364 0 +9.760804705e-001 -6.273391953e+001 -6.273391953e+001 -2.7199e-001 +3.0744e-001 -3.7929e-001
1527 0 +9.192390621e-001 -6.279076094e+001 -6.279076094e+001 -1.7710e-001 +2.6933e-001 -3.7667e-001
1534 0 +7.567624778e-001 -6.295323752e+001 -6.295323752e+001 -1.3285e-001 +2.8802e-001 -3.5369e-001
1598 0 +7.200167138e-001 -6.298998329e+001 -6.298998329e+001 -6.3689e-002 +2.5200e-001 -3.0881e-001
1627 0 +6.330907202e-001 -6.307690928e+001 -6.307690928e+001 -5.4238e-002 +2.4487e-001 -3.1701e-001
1734 0 +5.939664043e-001 -6.311603360e+001 -6.311603360e+001 -3.5658e-002 +2.5273e-001 -3.3713e-001
1743 0 +4.844596272e-001 -6.322554037e+001 -6.322554037e+001 +2.9808e-002 +2.1317e-001 -2.9496e-001
1810 0 +4.596221109e-001 -6.325037789e+001 -6.325037789e+001 +5.3988e-002 +2.1204e-001 -2.9755e-001
1832 0 +4.566180201e-001 -6.325338198e+001 -6.325338198e+001 +6.8015e-002 +2.0760e-001 -2.8360e-001
1885 0 +4.315391808e-001 -6.327846082e+001 -6.327846082e+001 +6.8315e-002 +1.9656e-001 -2.8838e-001
1932 0 +3.985758310e-001 -6.331142417e+001 -6.331142417e+001 +1.3544e-001 +1.7591e-001 -2.6941e-001
1966 0 +3.837219801e-001 -6.332627802e+001 -6.332627802e+001 +1.5222e-001 +1.7193e-001 -2.5400e-001
1967 0 +3.511391357e-001 -6.335886086e+001 -6.335886086e+001 +1.9341e-001 +1.4118e-001 -2.3675e-001
2034 0 +3.447935809e-001 -6.336520642e+001 -6.336520642e+001 +2.0666e-001 +1.3254e-001 -2.2852e-001
2041 0 +3.142957379e-001 -6.339570426e+001 -6.339570426e+001 +1.9283e-001 +1.3928e-001 -2.2907e-001
2133 0 +2.983315878e-001 -6.341166841e+001 -6.341166841e+001 +2.2544e-001 +1.3041e-001 -1.9761e-001
2139 0 +2.757341500e-001 -6.343426585e+001 -6.343426585e+001 +2.0666e-001 +1.2755e-001 -1.9711e-001
2192 0 +2.281954229e-001 -6.348180458e+001 -6.348180458e+001 +2.8090e-001 +9.4990e-002 -1.5940e-001
2230 0 +1.854962224e-001 -6.352450378e+001 -6.352450378e+001 +3.0648e-001 +6.7139e-002 -1.3383e-001
2351 0 +1.617734511e-001 -6.354822655e+001 -6.354822655e+001 +3.5452e-001 +3.0312e-002 -7.1618e-002
2425 0 +1.443345024e-001 -6.356566550e+001 -6.356566550e+001 +4.3656e-001 -1.3498e-002 -2.7834e-002
2431 0 +1.158666633e-001 -6.359413334e+001 -6.359413334e+001 +3.9605e-001 +1.0081e-002 -5.1812e-002
2532 0 +1.090261307e-001 -6.360097387e+001 -6.360097387e+001 +4.2117e-001 -1.3210e-002 -1.4100e-002
2538 0 +1.013512736e-001 -6.360864873e+001 -6.360864873e+001 +4.2990e-001 -1.5342e-002 -1.7234e-002
2560 0 +7.815133489e-002 -6.363184867e+001 -6.363184867e+001 +4.8860e-001 -4.9928e-002 +3.5147e-002
2620 0 +6.657107347e-002 -6.364342893e+001 -6.364342893e+001 +4.9583e-001 -5.6680e-002 +4.7024e-002
2623 0 +6.101252336e-002 -6.364898748e+001 -6.364898748e+001 +4.9056e-001 -5.0059e-002 +4.6950e-002
2725 0 +5.659567810e-002 -6.365340432e+001 -6.365340432e+001 +5.0826e-001 -6.1397e-002 +6.1199e-002
2753 0 +4.624165372e-002 -6.366375835e+001 -6.366375835e+001 +5.3654e-001 -8.0789e-002 +9.7088e-002
2791 0 +3.799200490e-002 -6.367200800e+001 -6.367200800e+001 +5.4842e-001 -9.2715e-002 +1.0885e-001
2826 0 +3.654698897e-002 -6.367345301e+001 -6.367345301e+001 +5.9347e-001 -1.1980e-001 +1.5932e-001
2854 0 +2.042434343e-002 -6.368957566e+001 -6.368957566e+001 +6.0311e-001 -1.3349e-001 +1.7579e-001
2920 0 +1.618556267e-002 -6.369381444e+001 -6.369381444e+001 +6.1291e-001 -1.4101e-001 +1.9021e-001
2931 0 +1.419032013e-002 -6.369580968e+001 -6.369580968e+001 +6.3682e-001 -1.5841e-001 +2.1742e-001
3020 0 +7.802455328e-003 -6.370219754e+001 -6.370219754e+001 +6.5121e-001 -1.7178e-001 +2.4324e-001
3028 0 +7.747020002e-003 -6.370225298e+001 -6.370225298e+001 +6.5738e-001 -1.7665e-001 +2.4854e-001
3120 0 +5.071645117e-003 -6.370492835e+001 -6.370492835e+001 +6.7095e-001 -1.8764e-001 +2.7026e-001
3139 0 +4.394683141e-003 -6.370560532e+001 -6.370560532e+001 +6.8906e-001 -2.0131e-001 +2.9055e-001
3220 0 +3.049871775e-003 -6.370695013e+001 -6.370695013e+001 +6.9174e-001 -2.0381e-001 +2.9601e-001
3322 0 +2.952718409e-003 -6.370704728e+001 -6.370704728e+001 +7.1929e-001 -2.2651e-001 +3.3968e-001
3332 0 +2.327792438e-003 -6.370767221e+001 -6.370767221e+001 +7.1571e-001 -2.2218e-001 +3.2735e-001
3366 0 +2.183779159e-003 -6.370781622e+001 -6.370781622e+001 +7.0988e-001 -2.1921e-001 +3.2279e-001
3392 0 +1.881391914e-003 -6.370811861e+001 -6.370811861e+001 +7.1301e-001 -2.2181e-001 +3.2865e-001
3394 0 +1.704926740e-003 -6.370829507e+001 -6.370829507e+001 +7.0752e-001 -2.1648e-001 +3.1845e-001
3422 0 +2.023099277e-004 -6.370979769e+001 -6.370979769e+001 +7.3896e-001 -2.4123e-001 +3.6415e-001
3522 0 +1.654195772e-004 -6.370983458e+001 -6.370983458e+001 +7.4880e-001 -2.4859e-001 +3.7638e-001
3590 0 +1.375379044e-004 -6.370986246e+001 -6.370986246e+001 +7.3917e-001 -2.4126e-001 +3.6341e-001
3599 0 +1.330751671e-004 -6.370986692e+001 -6.370986692e+001 +7.3902e-001 -2.4009e-001 +3.6283e-001
3682 0 +9.856230445e-005 -6.370990144e+001 -6.370990144e+001 +7.3389e-001 -2.3630e-001 +3.5527e-001
3740 0 +5.000211338e-005 -6.370995000e+001 -6.370995000e+001 +7.4189e-001 -2.4253e-001 +3.6690e-001
3777 0 +3.862775262e-005 -6.370996137e+001 -6.370996137e+001 +7.4633e-001 -2.4616e-001 +3.7285e-001
3781 0 +1.152687167e-005 -6.370998847e+001 -6.370998847e+001 +7.4220e-001 -2.4313e-001 +3.6769e-001
3853 0 +9.770773964e-006 -6.370999023e+001 -6.370999023e+001 +7.4599e-001 -2.4609e-001 +3.7270e-001
3932 0 +6.193099829e-006 -6.370999381e+001 -6.370999381e+001 +7.4500e-001 -2.4546e-001 +3.7148e-001
3981 0 +2.350784143e-006 -6.370999765e+001 -6.370999765e+001 +7.4494e-001 -2.4526e-001 +3.7137e-001
4132 0 +9.293128116e-007 -6.370999907e+001 -6.370999907e+001 +7.4471e-001 -2.4511e-001 +3.7105e-001
4265 0 +2.754675137e-007 -6.370999972e+001 -6.370999972e+001 +7.4388e-001 -2.4450e-001 +3.6991e-001
4465 0 +2.592022810e-007 -6.370999974e+001 -6.370999974e+001 +7.4387e-001 -2.4449e-001 +3.6989e-001
4481 0 +1.160252410e-007 -6.370999988e+001 -6.370999988e+001 +7.4425e-001 -2.4477e-001 +3.7043e-001
4541 0 +4.920615737e-008 -6.370999995e+001 -6.370999995e+001 +7.4397e-001 -2.4456e-001 +3.7005e-001
4643 0 +3.285997252e-009 -6.371000000e+001 -6.371000000e+001 +7.4391e-001 -2.4451e-001 +3.6995e-001
7226 0 +0.000000000e+000 -6.371000000e+001 -6.371000000e+001 +7.4390e-001 -2.4449e-001 +3.6992e-001
% f evaluations | g evaluations | best noise-free fitness - Fopt (1.000000000000e+003) + sum g_i+ | measured fitness | best measured fitness or single-digit g-values | x1 | x2...
1 0 +1.300000000e+001 +1.013000000e+003 +1.013000000e+003 +0.0000e+000 +0.0000e+000 +0.0000e+000
452 0 +1.118045425e+001 +1.011180454e+003 +1.011180454e+003 +1.1810e+000 -2.3231e+000 -4.2575e+000
643 0 +8.177239564e+000 +1.008177240e+003 +1.008177240e+003 +1.1268e+000 -2.2534e+000 -4.0905e+000
902 0 +7.425011884e+000 +1.007425012e+003 +1.007425012e+003 +1.1407e+000 -2.2803e+000 -4.0898e+000
1026 0 +3.505753916e+000 +1.003505754e+003 +1.003505754e+003 +1.1859e+000 -5.6969e-001 +1.8976e-002
1423 0 +3.375001067e+000 +1.003375001e+003 +1.003375001e+003 +1.1209e+000 -3.4299e-001 +2.0007e-001
1502 0 +3.145684593e+000 +1.003145685e+003 +1.003145685e+003 +1.1287e+000 -3.8100e-001 +2.2573e-001
2009 0 +3.070021384e+000 +1.003070021e+003 +1.003070021e+003 +1.1256e+000 -3.1721e-001 +2.7452e-001
2218 0 +3.006468859e+000 +1.003006469e+003 +1.003006469e+003 +1.1016e+000 -2.5768e-001 +2.9955e-001
2232 0 +2.944314326e+000 +1.002944314e+003 +1.002944314e+003 +1.0626e+000 -1.9151e-001 +3.4715e-001
2518 0 +2.870260824e+000 +1.002870261e+003 +1.002870261e+003 +1.0575e+000 -1.5339e-001 +3.6947e-001
2636 0 +2.764947616e+000 +1.002764948e+003 +1.002764948e+003 +1.0225e+000 -4.2967e-002 +4.1589e-001
2706 0 +2.728089068e+000 +1.002728089e+003 +1.002728089e+003 +1.0086e+000 -2.6088e-002 +4.1815e-001
2764 0 +2.688526436e+000 +1.002688526e+003 +1.002688526e+003 +9.8995e-001 +9.9777e-003 +4.3564e-001
2928 0 +2.581223372e+000 +1.002581223e+003 +1.002581223e+003 +9.3662e-001 +8.1331e-002 +4.3544e-001
3006 0 +2.568974677e+000 +1.002568975e+003 +1.002568975e+003 +9.3388e-001 +9.6512e-002 +4.4358e-001
3119 0 +2.482682996e+000 +1.002482683e+003 +1.002482683e+003 +8.9200e-001 +1.5108e-001 +4.5559e-001
3209 0 +2.454048952e+000 +1.002454049e+003 +1.002454049e+003 +8.7087e-001 +1.8233e-001 +4.5768e-001
3340 0 +2.396983728e+000 +1.002396984e+003 +1.002396984e+003 +8.4633e-001 +1.9547e-001 +4.5108e-001
3548 0 +2.337831679e+000 +1.002337832e+003 +1.002337832e+003 +8.1581e-001 +2.2370e-001 +4.5256e-001
3637 0 +2.245451906e+000 +1.002245452e+003 +1.002245452e+003 +6.9747e-001 +3.2587e-001 +4.4268e-001
3725 0 +2.237668290e+000 +1.002237668e+003 +1.002237668e+003 +7.1235e-001 +3.1502e-001 +4.4585e-001
3947 0 +2.187085014e+000 +1.002187085e+003 +1.002187085e+003 +7.2307e-001 +2.9631e-001 +4.5029e-001
4060 0 +2.131629888e+000 +1.002131630e+003 +1.002131630e+003 +6.9818e-001 +3.0671e-001 +4.5069e-001
4241 0 +2.081088260e+000 +1.002081088e+003 +1.002081088e+003 +6.8557e-001 +3.0639e-001 +4.5456e-001
4322 0 +2.038708598e+000 +1.002038709e+003 +1.002038709e+003 +6.5446e-001 +3.2412e-001 +4.5245e-001
4412 0 +1.988810967e+000 +1.001988811e+003 +1.001988811e+003 +6.2820e-001 +3.3837e-001 +4.5940e-001
4610 0 +1.937160438e+000 +1.001937160e+003 +1.001937160e+003 +5.9298e-001 +3.5199e-001 +4.6116e-001
4710 0 +1.905030030e+000 +1.001905030e+003 +1.001905030e+003 +5.8612e-001 +3.4953e-001 +4.6072e-001
4828 0 +1.858751814e+000 +1.001858752e+003 +1.001858752e+003 +5.8239e-001 +3.3881e-001 +4.6027e-001
4914 0 +1.809979549e+000 +1.001809980e+003 +1.001809980e+003 +5.5616e-001 +3.4256e-001 +4.5755e-001
5003 0 +1.765778226e+000 +1.001765778e+003 +1.001765778e+003 +5.3035e-001 +3.4838e-001 +4.5706e-001
5090 0 +1.734536081e+000 +1.001734536e+003 +1.001734536e+003 +4.8883e-001 +3.6363e-001 +4.5863e-001
5202 0 +1.689915107e+000 +1.001689915e+003 +1.001689915e+003 +4.6210e-001 +3.6591e-001 +4.6065e-001
5216 0 +1.653439710e+000 +1.001653440e+003 +1.001653440e+003 +4.7853e-001 +3.5407e-001 +4.6276e-001
5302 0 +1.618525776e+000 +1.001618526e+003 +1.001618526e+003 +4.6194e-001 +3.5387e-001 +4.6273e-001
5403 0 +1.580856806e+000 +1.001580857e+003 +1.001580857e+003 +4.5906e-001 +3.4518e-001 +4.6517e-001
5444 0 +1.548392350e+000 +1.001548392e+003 +1.001548392e+003 +4.3854e-001 +3.5170e-001 +4.7404e-001
5519 0 +1.497497308e+000 +1.001497497e+003 +1.001497497e+003 +4.0942e-001 +3.5216e-001 +4.7561e-001
5608 0 +1.477826662e+000 +1.001477827e+003 +1.001477827e+003 +3.9326e-001 +3.5285e-001 +4.8059e-001
5751 0 +1.444104433e+000 +1.001444104e+003 +1.001444104e+003 +3.8222e-001 +3.4891e-001 +4.8206e-001
5906 0 +1.386038000e+000 +1.001386038e+003 +1.001386038e+003 +3.5151e-001 +3.4535e-001 +4.8113e-001
6006 0 +1.368904848e+000 +1.001368905e+003 +1.001368905e+003 +3.5431e-001 +3.4147e-001 +4.7819e-001
6108 0 +1.338299384e+000 +1.001338299e+003 +1.001338299e+003 +3.2665e-001 +3.4060e-001 +4.8227e-001
6248 0 +1.315103285e+000 +1.001315103e+003 +1.001315103e+003 +3.2586e-001 +3.3627e-001 +4.8102e-001
6305 0 +1.286972152e+000 +1.001286972e+003 +1.001286972e+003 +3.1975e-001 +3.3253e-001 +4.7390e-001
6506 0 +1.253792223e+000 +1.001253792e+003 +1.001253792e+003 +3.1016e-001 +3.2640e-001 +4.7256e-001
6609 0 +1.229700153e+000 +1.001229700e+003 +1.001229700e+003 +2.9759e-001 +3.2418e-001 +4.7172e-001
6802 0 +1.202150362e+000 +1.001202150e+003 +1.001202150e+003 +2.8615e-001 +3.2006e-001 +4.6950e-001
7005 0 +1.173886973e+000 +1.001173887e+003 +1.001173887e+003 +2.7585e-001 +3.1444e-001 +4.6632e-001
7171 0 +1.145218016e+000 +1.001145218e+003 +1.001145218e+003 +2.6304e-001 +3.0886e-001 +4.6161e-001
7309 0 +1.117982368e+000 +1.001117982e+003 +1.001117982e+003 +2.5050e-001 +3.0461e-001 +4.6018e-001
7409 0 +1.096306199e+000 +1.001096306e+003 +1.001096306e+003 +2.4040e-001 +3.0078e-001 +4.5826e-001
7602 0 +1.068587621e+000 +1.001068588e+003 +1.001068588e+003 +2.2462e-001 +2.9925e-001 +4.6007e-001
7702 0 +1.041267735e+000 +1.001041268e+003 +1.001041268e+003 +2.1320e-001 +2.9326e-001 +4.5624e-001
7704 0 +9.926838875e-001 +1.000992684e+003 +1.000992684e+003 +1.9000e-001 +2.8063e-001 +4.4624e-001
7902 0 +9.622638907e-001 +1.000962264e+003 +1.000962264e+003 +1.7421e-001 +2.7256e-001 +4.4059e-001
7910 0 +9.498966431e-001 +1.000949897e+003 +1.000949897e+003 +1.6821e-001 +2.7050e-001 +4.3948e-001
7991 0 +9.200306978e-001 +1.000920031e+003 +1.000920031e+003 +1.5446e-001 +2.6799e-001 +4.4051e-001
8002 0 +9.101544447e-001 +1.000910154e+003 +1.000910154e+003 +1.4941e-001 +2.6456e-001 +4.3743e-001
8091 0 +8.905742760e-001 +1.000890574e+003 +1.000890574e+003 +1.3936e-001 +2.6290e-001 +4.3857e-001
8102 0 +8.683232420e-001 +1.000868323e+003 +1.000868323e+003 +1.2708e-001 +2.5892e-001 +4.3697e-001
8202 0 +8.428561609e-001 +1.000842856e+003 +1.000842856e+003 +1.1247e-001 +2.5375e-001 +4.3476e-001
8209 0 +8.273084353e-001 +1.000827308e+003 +1.000827308e+003 +1.0536e-001 +2.4966e-001 +4.3152e-001
8303 0 +8.123583879e-001 +1.000812358e+003 +1.000812358e+003 +9.6784e-002 +2.4628e-001 +4.2972e-001
8335 0 +7.919926017e-001 +1.000791993e+003 +1.000791993e+003 +8.2732e-002 +2.4159e-001 +4.2777e-001
8404 0 +7.761388229e-001 +1.000776139e+003 +1.000776139e+003 +7.3303e-002 +2.3743e-001 +4.2515e-001
8504 0 +7.513847937e-001 +1.000751385e+003 +1.000751385e+003 +5.2508e-002 +2.2978e-001 +4.2146e-001
8647 0 +7.400946684e-001 +1.000740095e+003 +1.000740095e+003 +3.9083e-002 +2.2488e-001 +4.1915e-001
8903 0 +7.226434696e-001 +1.000722643e+003 +1.000722643e+003 +1.3267e-002 +2.1451e-001 +4.1338e-001
9084 0 +6.978623907e-001 +1.000697862e+003 +1.000697862e+003 -9.9843e-003 +2.0398e-001 +4.0231e-001
9204 0 +6.900666932e-001 +1.000690067e+003 +1.000690067e+003 -1.3342e-002 +2.0195e-001 +3.9989e-001
9404 0 +6.754528137e-001 +1.000675453e+003 +1.000675453e+003 -1.4636e-002 +2.0025e-001 +3.9528e-001
9607 0 +6.593880885e-001 +1.000659388e+003 +1.000659388e+003 -2.4308e-002 +1.9502e-001 +3.8771e-001
9835 0 +6.447344087e-001 +1.000644734e+003 +1.000644734e+003 -2.7816e-002 +1.9184e-001 +3.8013e-001
% f evaluations | g evaluations | best noise-free fitness - Fopt (3.197000000000e+001) + sum g_i+ | measured fitness | best measured fitness or single-digit g-values | x1 | x2...
1 0 +1.300000000e+001 +4.497000000e+001 +4.497000000e+001 +0.0000e+000 +0.0000e+000 +0.0000e+000
373 0 +5.345629585e+000 +3.731562959e+001 +3.731562959e+001 +6.0087e-001 +8.1829e-001 -1.2694e+000
538 0 +4.982857569e+000 +3.695285757e+001 +3.695285757e+001 +9.4118e-001 +7.2883e-001 -7.9097e-001
607 0 +3.536194047e+000 +3.550619405e+001 +3.550619405e+001 +8.9878e-001 +7.4058e-001 -7.1472e-001
890 0 +3.116148092e+000 +3.508614809e+001 +3.508614809e+001 +9.4217e-001 +6.4479e-001 +7.2318e-002
894 0 +1.585658988e-001 +3.212856590e+001 +3.212856590e+001 -1.6066e-001 -3.6201e-001 +1.4004e-002
1594 0 +1.287033790e-001 +3.209870338e+001 +3.209870338e+001 -1.5667e-001 -3.5318e-001 +1.2336e-002
1856 0 +1.175660537e-001 +3.208756605e+001 +3.208756605e+001 -1.7150e-001 -3.5441e-001 -7.4952e-004
1934 0 +1.167791474e-001 +3.208677915e+001 +3.208677915e+001 -1.8521e-001 -3.5848e-001 -1.0949e-002
2087 0 +1.015104621e-001 +3.207151046e+001 +3.207151046e+001 -1.9455e-001 -3.6303e-001 -2.6040e-002
2371 0 +8.813035155e-002 +3.205813035e+001 +3.205813035e+001 -2.6491e-001 -3.7787e-001 -1.0078e-001
2414 0 +7.226958770e-002 +3.204226959e+001 +3.204226959e+001 -2.7434e-001 -3.8638e-001 -9.8962e-002
2494 0 +6.661222239e-002 +3.203661222e+001 +3.203661222e+001 -2.6530e-001 -3.8700e-001 -9.3906e-002
2546 0 +5.575649342e-002 +3.202575649e+001 +3.202575649e+001 -2.9102e-001 -3.9249e-001 -1.2186e-001
2616 0 +4.370602796e-002 +3.201370603e+001 +3.201370603e+001 -3.2535e-001 -4.0291e-001 -1.5663e-001
2704 0 +4.058996410e-002 +3.201058996e+001 +3.201058996e+001 -3.3629e-001 -4.0628e-001 -1.6765e-001
2727 0 +3.934297651e-002 +3.200934298e+001 +3.200934298e+001 -3.4301e-001 -4.1061e-001 -1.7052e-001
2730 0 +3.868061907e-002 +3.200868062e+001 +3.200868062e+001 -3.4238e-001 -4.0946e-001 -1.7262e-001
2768 0 +3.313061643e-002 +3.200313062e+001 +3.200313062e+001 -3.6836e-001 -4.1692e-001 -1.9816e-001
2804 0 +3.186581489e-002 +3.200186581e+001 +3.200186581e+001 -3.6932e-001 -4.1697e-001 -1.9811e-001
2811 0 +3.028961663e-002 +3.200028962e+001 +3.200028962e+001 -3.6600e-001 -4.1379e-001 -1.9426e-001
2830 0 +2.951403918e-002 +3.199951404e+001 +3.199951404e+001 -3.8088e-001 -4.1962e-001 -2.0695e-001
2893 0 +2.712495784e-002 +3.199712496e+001 +3.199712496e+001 -3.9084e-001 -4.2216e-001 -2.1752e-001
2917 0 +2.480798314e-002 +3.199480798e+001 +3.199480798e+001 -4.0229e-001 -4.2404e-001 -2.3168e-001
3017 0 +2.377183252e-002 +3.199377183e+001 +3.199377183e+001 -4.2341e-001 -4.3036e-001 -2.5099e-001
3035 0 +2.342910161e-002 +3.199342910e+001 +3.199342910e+001 -4.3749e-001 -4.3390e-001 -2.6422e-001
3052 0 +2.074159999e-002 +3.199074160e+001 +3.199074160e+001 -4.1468e-001 -4.2255e-001 -2.3942e-001
3110 0 +1.834403307e-002 +3.198834403e+001 +3.198834403e+001 -4.3662e-001 -4.3055e-001 -2.6573e-001
3119 0 +1.592472985e-002 +3.198592473e+001 +3.198592473e+001 -4.2866e-001 -4.2685e-001 -2.5469e-001
3191 0 +1.481974929e-002 +3.198481975e+001 +3.198481975e+001 -4.3406e-001 -4.2810e-001 -2.6096e-001
3222 0 +1.471793230e-002 +3.198471793e+001 +3.198471793e+001 -4.3481e-001 -4.2779e-001 -2.6077e-001
3271 0 +1.421563717e-002 +3.198421564e+001 +3.198421564e+001 -4.4298e-001 -4.3096e-001 -2.6845e-001
3291 0 +1.296613326e-002 +3.198296613e+001 +3.198296613e+001 -4.4445e-001 -4.2898e-001 -2.7053e-001
3321 0 +1.099309317e-002 +3.198099309e+001 +3.198099309e+001 -4.6015e-001 -4.3120e-001 -2.8528e-001
3368 0 +9.571071713e-003 +3.197957107e+001 +3.197957107e+001 -4.7206e-001 -4.3535e-001 -2.9914e-001
3404 0 +9.121650485e-003 +3.197912165e+001 +3.197912165e+001 -4.7554e-001 -4.3482e-001 -3.0298e-001
3421 0 +7.792646385e-003 +3.197779265e+001 +3.197779265e+001 -4.8346e-001 -4.3771e-001 -3.0910e-001
3468 0 +7.633077343e-003 +3.197763308e+001 +3.197763308e+001 -4.8684e-001 -4.3756e-001 -3.1364e-001
3493 0 +7.270195687e-003 +3.197727020e+001 +3.197727020e+001 -4.9155e-001 -4.3898e-001 -3.1788e-001
3506 0 +6.237307313e-003 +3.197623731e+001 +3.197623731e+001 -5.0242e-001 -4.3884e-001 -3.2934e-001
3534 0 +5.758396742e-003 +3.197575840e+001 +3.197575840e+001 -5.0210e-001 -4.4032e-001 -3.2801e-001
3574 0 +4.688966188e-003 +3.197468897e+001 +3.197468897e+001 -5.1037e-001 -4.4137e-001 -3.3585e-001
3606 0 +4.020908227e-003 +3.197402091e+001 +3.197402091e+001 -5.2180e-001 -4.4156e-001 -3.4770e-001
3674 0 +3.965145066e-003 +3.197396515e+001 +3.197396515e+001 -5.3359e-001 -4.4548e-001 -3.5908e-001
3681 0 +3.501789674e-003 +3.197350179e+001 +3.197350179e+001 -5.2643e-001 -4.4436e-001 -3.5071e-001
3706 0 +2.567888057e-003 +3.197256789e+001 +3.197256789e+001 -5.3528e-001 -4.4522e-001 -3.5935e-001
3748 0 +2.255728698e-003 +3.197225573e+001 +3.197225573e+001 -5.3829e-001 -4.4546e-001 -3.6195e-001
3808 0 +2.210804219e-003 +3.197221080e+001 +3.197221080e+001 -5.4464e-001 -4.4614e-001 -3.6939e-001
3816 0 +2.184475854e-003 +3.197218448e+001 +3.197218448e+001 -5.4532e-001 -4.4639e-001 -3.6781e-001
3840 0 +1.848529619e-003 +3.197184853e+001 +3.197184853e+001 -5.6478e-001 -4.5006e-001 -3.8728e-001
3849 0 +1.629158756e-003 +3.197162916e+001 +3.197162916e+001 -5.4723e-001 -4.4647e-001 -3.7070e-001
3889 0 +1.523141115e-003 +3.197152314e+001 +3.197152314e+001 -5.4864e-001 -4.4655e-001 -3.7197e-001
3908 0 +1.412048571e-003 +3.197141205e+001 +3.197141205e+001 -5.5045e-001 -4.4675e-001 -3.7404e-001
3931 0 +8.644064205e-004 +3.197086441e+001 +3.197086441e+001 -6.0027e-001 -4.5294e-001 -4.2367e-001
4005 0 +2.070778326e-004 +3.197020708e+001 +3.197020708e+001 -5.9227e-001 -4.5142e-001 -4.1517e-001
4017 0 +1.901559766e-004 +3.197019016e+001 +3.197019016e+001 -5.8518e-001 -4.5097e-001 -4.0774e-001
4039 0 +1.131316291e-004 +3.197011313e+001 +3.197011313e+001 -5.9969e-001 -4.5254e-001 -4.2219e-001
4080 0 +1.041615369e-004 +3.197010416e+001 +3.197010416e+001 -5.8919e-001 -4.5111e-001 -4.1137e-001
4117 0 +8.619443992e-005 +3.197008619e+001 +3.197008619e+001 -6.0350e-001 -4.5295e-001 -4.2582e-001
4143 0 +1.846601460e-006 +3.197000185e+001 +3.197000185e+001 -6.0385e-001 -4.5280e-001 -4.2576e-001
4421 0 +4.671360259e-007 +3.197000047e+001 +3.197000047e+001 -6.0349e-001 -4.5277e-001 -4.2538e-001
4869 0 +1.557703442e-007 +3.197000016e+001 +3.197000016e+001 -6.0297e-001 -4.5273e-001 -4.2485e-001
5049 0 +7.980333194e-008 +3.197000008e+001 +3.197000008e+001 -6.0339e-001 -4.5278e-001 -4.2527e-001
5091 0 +1.829168994e-008 +3.197000002e+001 +3.197000002e+001 -6.0324e-001 -4.5277e-001 -4.2511e-001
5271 0 +4.865956527e-009 +3.197000000e+001 +3.197000000e+001 -6.0346e-001 -4.5280e-001 -4.2532e-001
7949 0 +0.000000000e+000 +3.197000000e+001 +3.197000000e+001 -6.0342e-001 -4.5279e-001 -4.2528e-001
% f evaluations | g evaluations | best noise-free fitness - Fopt (5.819000000000e+001) + sum g_i+ | measured fitness | best measured fitness or single-digit g-values | x1 | x2...
1 0 +1.300000000e+001 +7.119000000e+001 +7.119000000e+001 +0.0000e+000 +0.0000e+000 +0.0000e+000
250 0 +8.551671044e+000 +6.674167104e+001 +6.674167104e+001 +3.6860e+000 -2.6718e+000 -1.8146e-001
524 0 +3.388305226e+000 +6.157830523e+001 +6.157830523e+001 +3.7572e+000 -2.6522e+000 -7.3908e-002
552 0 +2.532992277e+000 +6.072299228e+001 +6.072299228e+001 +8.1098e-001 -1.1025e+000 -1.6148e-001
717 0 +1.196447822e+000 +5.938644782e+001 +5.938644782e+001 +1.2063e+000 -1.3562e+000 -1.7424e-001
752 0 +9.740187889e-001 +5.916401879e+001 +5.916401879e+001 +9.0777e-001 -1.1751e+000 -1.9015e-001
928 0 +7.537506881e-001 +5.894375069e+001 +5.894375069e+001 +1.5160e+000 -1.5008e+000 -1.6997e-001
952 0 +6.634587540e-001 +5.885345875e+001 +5.885345875e+001 +1.0048e+000 -1.2479e+000 -2.1890e-001
1028 0 +4.380772871e-001 +5.862807729e+001 +5.862807729e+001 +1.7509e+000 -1.6633e+000 -1.8708e-001
1146 0 +4.163133735e-001 +5.860631337e+001 +5.860631337e+001 +1.6721e+000 -1.6073e+000 -1.8924e-001
1206 0 +3.679538827e-001 +5.855795388e+001 +5.855795388e+001 -7.3801e-002 -3.5771e-001 -2.3554e-001
1363 0 +2.098619269e-001 +5.839986193e+001 +5.839986193e+001 +6.7059e-001 -9.6265e-001 -2.2134e-001
1406 0 +9.434615640e-002 +5.828434616e+001 +5.828434616e+001 +2.0099e-001 -5.8156e-001 -2.1513e-001
1521 0 +3.081256158e-002 +5.822081256e+001 +5.822081256e+001 +3.6919e-001 -7.3832e-001 -2.1973e-001
1534 0 +2.566732233e-002 +5.821566732e+001 +5.821566732e+001 +1.8076e-001 -5.9022e-001 -2.2398e-001
1746 0 +2.139760783e-002 +5.821139761e+001 +5.821139761e+001 +1.9383e-001 -5.9796e-001 -2.2377e-001
1913 0 +1.846902782e-002 +5.820846903e+001 +5.820846903e+001 +1.7212e-001 -5.7730e-001 -2.1931e-001
1958 0 +1.628537768e-002 +5.820628538e+001 +5.820628538e+001 +3.7194e-001 -7.4737e-001 -2.2354e-001
2015 0 +7.838276046e-003 +5.819783828e+001 +5.819783828e+001 +2.7235e-001 -6.6545e-001 -2.2219e-001
2017 0 +5.503131708e-003 +5.819550313e+001 +5.819550313e+001 +3.2948e-001 -7.1835e-001 -2.2349e-001
2133 0 +1.223783402e-003 +5.819122378e+001 +5.819122378e+001 +4.0160e-001 -7.7516e-001 -2.1873e-001
2208 0 +1.163432699e-003 +5.819116343e+001 +5.819116343e+001 +3.8097e-001 -7.6044e-001 -2.1911e-001
2330 0 +9.281802556e-004 +5.819092818e+001 +5.819092818e+001 +3.6780e-001 -7.4683e-001 -2.1914e-001
2346 0 +8.919250076e-004 +5.819089193e+001 +5.819089193e+001 +3.6073e-001 -7.4461e-001 -2.2114e-001
2422 0 +2.520811391e-004 +5.819025208e+001 +5.819025208e+001 +3.7006e-001 -7.4966e-001 -2.2043e-001
2558 0 +2.126869226e-004 +5.819021269e+001 +5.819021269e+001 +3.6429e-001 -7.4661e-001 -2.2064e-001
2615 0 +2.607059864e-005 +5.819002607e+001 +5.819002607e+001 +3.6594e-001 -7.4714e-001 -2.2040e-001
2822 0 +1.914773800e-005 +5.819001915e+001 +5.819001915e+001 +3.6860e-001 -7.4922e-001 -2.2036e-001
2846 0 +9.549391656e-006 +5.819000955e+001 +5.819000955e+001 +3.6979e-001 -7.5041e-001 -2.2015e-001
2915 0 +3.491301420e-006 +5.819000349e+001 +5.819000349e+001 +3.7024e-001 -7.5074e-001 -2.2018e-001
2933 0 +1.316806291e-006 +5.819000132e+001 +5.819000132e+001 +3.6907e-001 -7.4968e-001 -2.2018e-001
3322 0 +1.270682759e-008 +5.819000001e+001 +5.819000001e+001 +3.7057e-001 -7.5090e-001 -2.2019e-001
3846 0 +1.065011190e-008 +5.819000001e+001 +5.819000001e+001 +3.7059e-001 -7.5092e-001 -2.2019e-001
3922 0 +3.123751924e-009 +5.819000000e+001 +5.819000000e+001 +3.7068e-001 -7.5099e-001 -2.2019e-001
6758 0 +0.000000000e+000 +5.819000000e+001 +5.819000000e+001 +3.7074e-001 -7.5104e-001 -2.2019e-001
% f evaluations | g evaluations | best noise-free fitness - Fopt (-4.840000000000e+000) + sum g_i+ | measured fitness | best measured fitness or single-digit g-values | x1 | x2...
1 0 +1.300000000e+001 +8.160000000e+000 +8.160000000e+000 +0.0000e+000 +0.0000e+000 +0.0000e+000
128 0 +9.410268715e+000 +4.570268715e+000 +4.570268715e+000 -2.9791e-001 -7.9225e-001 -2.8339e-001
212 0 +4.579197067e+000 -2.608029332e-001 -2.608029332e-001 +7.2166e-002 -6.3869e-001 -6.8129e-002
405 0 +3.992663854e+000 -8.473361459e-001 -8.473361459e-001 -1.3531e+000 +4.5458e-003 +5.5315e-001
612 0 +3.174936797e+000 -1.665063203e+000 -1.665063203e+000 +3.8686e-002 -6.8667e-001 -1.1889e-001
707 0 +1.588618371e+000 -3.251381629e+000 -3.251381629e+000 +3.0598e-001 +5.6020e-001 -9.6421e-002
737 0 +1.511417324e+000 -3.328582676e+000 -3.328582676e+000 -1.2636e-001 -6.9947e-001 -9.9664e-002
908 0 +1.105949806e+000 -3.734050194e+000 -3.734050194e+000 +2.2004e-002 -5.4878e-001 -1.9839e-001
970 0 +7.725419996e-001 -4.067458000e+000 -4.067458000e+000 +1.2698e-001 -2.9012e-001 -2.9662e-001
1181 0 +7.078987997e-001 -4.132101200e+000 -4.132101200e+000 +6.9434e-002 -3.7908e-001 -2.6599e-001
1297 0 +5.328223178e-001 -4.307177682e+000 -4.307177682e+000 +1.9700e-001 +1.8043e-002 -2.8249e-001
1381 0 +4.243999422e-001 -4.415600058e+000 -4.415600058e+000 +1.4263e-001 -1.2771e-001 -2.9979e-001
1489 0 +3.341181595e-001 -4.505881841e+000 -4.505881841e+000 +1.6158e-001 -4.5003e-002 -2.6798e-001
1583 0 +2.660791324e-001 -4.573920868e+000 -4.573920868e+000 +1.6307e-001 +3.6256e-003 -2.7042e-001
1619 0 +2.267799841e-001 -4.613220016e+000 -4.613220016e+000 +1.7671e-001 +7.2020e-002 -2.6799e-001
1784 0 +2.050195534e-001 -4.634980447e+000 -4.634980447e+000 +1.8446e-001 +9.4752e-002 -2.6222e-001
1859 0 +1.893016484e-001 -4.650698352e+000 -4.650698352e+000 +1.9650e-001 +1.5922e-001 -2.5598e-001
1910 0 +1.482137751e-001 -4.691786225e+000 -4.691786225e+000 +1.9778e-001 +1.8876e-001 -2.3283e-001
2010 0 +1.136089266e-001 -4.726391073e+000 -4.726391073e+000 +2.0896e-001 +2.5470e-001 -2.2011e-001
2035 0 +1.117718013e-001 -4.728228199e+000 -4.728228199e+000 +2.1242e-001 +2.9099e-001 -2.0183e-001
2110 0 +9.091125134e-002 -4.749088749e+000 -4.749088749e+000 +2.1796e-001 +3.2347e-001 -1.9572e-001
2135 0 +8.751313952e-002 -4.752486860e+000 -4.752486860e+000 +2.2221e-001 +3.2188e-001 -1.9865e-001
2210 0 +7.784043224e-002 -4.762159568e+000 -4.762159568e+000 +2.2433e-001 +3.5715e-001 -1.8481e-001
2240 0 +7.283338944e-002 -4.767166611e+000 -4.767166611e+000 +2.2760e-001 +3.7886e-001 -1.8642e-001
2281 0 +7.193232252e-002 -4.768067677e+000 -4.768067677e+000 +2.2783e-001 +3.6965e-001 -1.8141e-001
2283 0 +6.865338838e-002 -4.771346612e+000 -4.771346612e+000 +2.2952e-001 +3.7132e-001 -1.8660e-001
2308 0 +6.256624550e-002 -4.777433755e+000 -4.777433755e+000 +2.3447e-001 +3.9751e-001 -1.7946e-001
2324 0 +5.138364492e-002 -4.788616355e+000 -4.788616355e+000 +2.3677e-001 +4.3096e-001 -1.6656e-001
2410 0 +5.062630435e-002 -4.789373696e+000 -4.789373696e+000 +2.3909e-001 +4.3847e-001 -1.6555e-001
2419 0 +4.976328399e-002 -4.790236716e+000 -4.790236716e+000 +2.4142e-001 +4.4635e-001 -1.6341e-001
2451 0 +4.864126849e-002 -4.791358732e+000 -4.791358732e+000 +2.3963e-001 +4.6034e-001 -1.5705e-001
2519 0 +4.136630381e-002 -4.798633696e+000 -4.798633696e+000 +2.4579e-001 +4.8009e-001 -1.5114e-001
2539 0 +4.067589845e-002 -4.799324102e+000 -4.799324102e+000 +2.4308e-001 +4.7938e-001 -1.4895e-001
2609 0 +3.772065931e-002 -4.802279341e+000 -4.802279341e+000 +2.4750e-001 +5.0641e-001 -1.4096e-001
2619 0 +3.708241780e-002 -4.802917582e+000 -4.802917582e+000 +2.4635e-001 +4.9653e-001 -1.4369e-001
2707 0 +3.483689858e-002 -4.805163101e+000 -4.805163101e+000 +2.4631e-001 +5.0498e-001 -1.3547e-001
2807 0 +2.940736817e-002 -4.810592632e+000 -4.810592632e+000 +2.4964e-001 +5.2045e-001 -1.3073e-001
2907 0 +2.724514944e-002 -4.812754851e+000 -4.812754851e+000 +2.5130e-001 +5.2818e-001 -1.2835e-001
2931 0 +2.518508776e-002 -4.814814912e+000 -4.814814912e+000 +2.5437e-001 +5.4401e-001 -1.2004e-001
3007 0 +2.425284796e-002 -4.815747152e+000 -4.815747152e+000 +2.5482e-001 +5.4592e-001 -1.1988e-001
3034 0 +2.287122924e-002 -4.817128771e+000 -4.817128771e+000 +2.5639e-001 +5.5544e-001 -1.1998e-001
3045 0 +2.217196764e-002 -4.817828032e+000 -4.817828032e+000 +2.5663e-001 +5.7544e-001 -1.1029e-001
3057 0 +1.496131855e-002 -4.825038681e+000 -4.825038681e+000 +2.6416e-001 +6.0730e-001 -9.4715e-002
3111 0 +1.474303896e-002 -4.825256961e+000 -4.825256961e+000 +2.6300e-001 +6.0289e-001 -9.7197e-002
3146 0 +1.340765092e-002 -4.826592349e+000 -4.826592349e+000 +2.6479e-001 +6.1592e-001 -9.1235e-002
3178 0 +1.274885067e-002 -4.827251149e+000 -4.827251149e+000 +2.6875e-001 +6.3066e-001 -8.5755e-002
3210 0 +1.250680866e-002 -4.827493191e+000 -4.827493191e+000 +2.6972e-001 +6.4107e-001 -7.9837e-002
3211 0 +9.224575542e-003 -4.830775424e+000 -4.830775424e+000 +2.7337e-001 +6.7389e-001 -7.1439e-002
3247 0 +6.950822044e-003 -4.833049178e+000 -4.833049178e+000 +2.7479e-001 +6.7618e-001 -6.6454e-002
3278 0 +5.645136008e-003 -4.834354864e+000 -4.834354864e+000 +2.7607e-001 +6.8768e-001 -6.1246e-002
3311 0 +4.635316899e-003 -4.835364683e+000 -4.835364683e+000 +2.8096e-001 +7.2169e-001 -4.9470e-002
3347 0 +2.824022561e-003 -4.837175977e+000 -4.837175977e+000 +2.7957e-001 +7.2083e-001 -4.6831e-002
3350 0 +2.660871430e-003 -4.837339129e+000 -4.837339129e+000 +2.8636e-001 +7.5387e-001 -3.2903e-002
3415 0 +2.356570262e-003 -4.837643430e+000 -4.837643430e+000 +2.8830e-001 +7.7128e-001 -2.6185e-002
3422 0 +1.924019382e-003 -4.838075981e+000 -4.838075981e+000 +2.8436e-001 +7.5065e-001 -3.5050e-002
3447 0 +1.198117877e-003 -4.838801882e+000 -4.838801882e+000 +2.8821e-001 +7.7359e-001 -2.4189e-002
3466 0 +6.116706186e-004 -4.839388329e+000 -4.839388329e+000 +2.8708e-001 +7.7312e-001 -2.3261e-002
3511 0 +2.815947605e-004 -4.839718405e+000 -4.839718405e+000 +2.9035e-001 +7.9124e-001 -1.4752e-002
3526 0 +1.259922563e-004 -4.839874008e+000 -4.839874008e+000 +2.9064e-001 +7.9575e-001 -1.2526e-002
3611 0 +6.961062361e-005 -4.839930389e+000 -4.839930389e+000 +2.9186e-001 +8.0676e-001 -6.6577e-003
3660 0 +4.364121539e-005 -4.839956359e+000 -4.839956359e+000 +2.9388e-001 +8.1840e-001 -1.7541e-003
3790 0 +3.171780918e-005 -4.839968282e+000 -4.839968282e+000 +2.9371e-001 +8.1771e-001 -2.0720e-003
3804 0 +1.346296301e-005 -4.839986537e+000 -4.839986537e+000 +2.9270e-001 +8.1060e-001 -5.1335e-003
3959 0 +1.291882591e-005 -4.839987081e+000 -4.839987081e+000 +2.9269e-001 +8.1070e-001 -5.2874e-003
4011 0 +6.870682173e-006 -4.839993129e+000 -4.839993129e+000 +2.9272e-001 +8.1198e-001 -4.4227e-003
4190 0 +2.170318792e-006 -4.839997830e+000 -4.839997830e+000 +2.9300e-001 +8.1329e-001 -3.8460e-003
4271 0 +1.827230961e-006 -4.839998173e+000 -4.839998173e+000 +2.9346e-001 +8.1694e-001 -2.1503e-003
4286 0 +9.394584088e-007 -4.839999061e+000 -4.839999061e+000 +2.9333e-001 +8.1571e-001 -2.7738e-003
4324 0 +7.288309085e-007 -4.839999271e+000 -4.839999271e+000 +2.9316e-001 +8.1447e-001 -3.3709e-003
4390 0 +5.437794153e-007 -4.839999456e+000 -4.839999456e+000 +2.9325e-001 +8.1522e-001 -3.0058e-003
4453 0 +8.421382525e-008 -4.839999916e+000 -4.839999916e+000 +2.9313e-001 +8.1436e-001 -3.3782e-003
4783 0 +5.325694552e-008 -4.839999947e+000 -4.839999947e+000 +2.9322e-001 +8.1503e-001 -3.0655e-003
4854 0 +1.266693328e-008 -4.839999987e+000 -4.839999987e+000 +2.9320e-001 +8.1492e-001 -3.1121e-003
5088 0 +1.097138558e-008 -4.839999989e+000 -4.839999989e+000 +2.9318e-001 +8.1473e-001 -3.1949e-003
5111 0 +2.651616704e-009 -4.839999997e+000 -4.839999997e+000 +2.9319e-001 +8.1483e-001 -3.1518e-003
8366 0 +0.000000000e+000 -4.840000000e+000 -4.840000000e+000 +2.9320e-001 +8.1488e-001 -3.1266e-003
% f evaluations | g evaluations | best noise-free fitness - Fopt (-6.337000000000e+001) + sum g_i+ | measured fitness | best measured fitness or single-digit g-values | x1 | x2...
1 0 +1.300000000e+001 -5.037000000e+001 -5.037000000e+001 +0.0000e+000 +0.0000e+000 +0.0000e+000
206 0 +2.156370547e+000 -6.121362945e+001 -6.121362945e+001 +1.3432e-001 -1.7098e-001 -7.0062e-001
719 0 +2.085820604e+000 -6.128417940e+001 -6.128417940e+001 +1.7094e-001 -1.5483e-001 -6.5984e-001
778 0 +1.434618273e+000 -6.193538173e+001 -6.193538173e+001 -5.3773e-002 -2.4222e-001 -2.3726e-001
814 0 +9.621993863e-001 -6.240780061e+001 -6.240780061e+001 -7.5409e-002 -2.7968e-001 -1.6858e-001
864 0 +8.374834108e-001 -6.253251659e+001 -6.253251659e+001 -7.4718e-002 -3.4854e-001 -3.4534e-001
932 0 +7.473292046e-001 -6.262267080e+001 -6.262267080e+001 -6.3245e-002 -3.0737e-001 -3.2423e-001
1099 0 +6.463761262e-001 -6.272362387e+001 -6.272362387e+001 -1.4378e-001 -2.7430e-001 -3.1136e-002
1164 0 +4.698174706e-001 -6.290018253e+001 -6.290018253e+001 -1.4869e-001 -3.0744e-001 -1.5323e-001
1239 0 +3.827536040e-001 -6.298724640e+001 -6.298724640e+001 -2.3967e-001 -2.0832e-001 +1.2345e-001
1318 0 +3.489913263e-001 -6.302100867e+001 -6.302100867e+001 -2.2258e-001 -2.5585e-001 +6.3725e-002
1377 0 +2.981599559e-001 -6.307184004e+001 -6.307184004e+001 -2.1404e-001 -2.5277e-001 +4.6454e-002
1474 0 +1.931065680e-001 -6.317689343e+001 -6.317689343e+001 -2.2509e-001 -1.9596e-001 +1.9929e-001
1528 0 +1.583168769e-001 -6.321168312e+001 -6.321168312e+001 -2.5952e-001 -1.4911e-001 +3.0422e-001
1712 0 +1.498188730e-001 -6.322018113e+001 -6.322018113e+001 -2.5739e-001 -1.4995e-001 +2.9873e-001
1732 0 +1.242041459e-001 -6.324579585e+001 -6.324579585e+001 -2.5349e-001 -1.1759e-001 +3.4642e-001
1829 0 +9.780572669e-002 -6.327219427e+001 -6.327219427e+001 -2.5389e-001 -1.3155e-001 +3.3481e-001
1901 0 +9.038598926e-002 -6.327961401e+001 -6.327961401e+001 -2.5218e-001 -1.3198e-001 +3.3628e-001
1932 0 +8.877452333e-002 -6.328122548e+001 -6.328122548e+001 -2.6219e-001 -1.0761e-001 +3.9537e-001
1968 0 +6.902463911e-002 -6.330097536e+001 -6.330097536e+001 -2.5802e-001 -8.8258e-002 +4.2342e-001
2049 0 +6.009419399e-002 -6.330990581e+001 -6.330990581e+001 -2.5721e-001 -9.3026e-002 +4.3451e-001
2068 0 +4.250298293e-002 -6.332749702e+001 -6.332749702e+001 -2.5838e-001 -7.1408e-002 +4.7060e-001
2152 0 +3.564401108e-002 -6.333435599e+001 -6.333435599e+001 -2.6304e-001 -5.2443e-002 +5.1687e-001
2252 0 +2.354122486e-002 -6.334645878e+001 -6.334645878e+001 -2.5979e-001 -3.1673e-002 +5.5629e-001
2329 0 +2.331351736e-002 -6.334668648e+001 -6.334668648e+001 -2.6091e-001 -3.1527e-002 +5.5692e-001
2332 0 +1.855936456e-002 -6.335144064e+001 -6.335144064e+001 -2.6059e-001 -1.8667e-002 +5.8437e-001
2428 0 +1.122913673e-002 -6.335877086e+001 -6.335877086e+001 -2.6241e-001 +9.2789e-003 +6.4276e-001
2488 0 +1.114901822e-002 -6.335885098e+001 -6.335885098e+001 -2.6204e-001 +7.8016e-003 +6.3994e-001
2528 0 +9.903440950e-003 -6.336009656e+001 -6.336009656e+001 -2.6327e-001 +2.9834e-002 +6.8455e-001
2529 0 +9.230435880e-003 -6.336076956e+001 -6.336076956e+001 -2.6272e-001 +2.2194e-002 +6.7002e-001
2578 0 +6.856778661e-003 -6.336314322e+001 -6.336314322e+001 -2.6150e-001 +3.3690e-002 +6.9036e-001
2629 0 +6.634876692e-003 -6.336336512e+001 -6.336336512e+001 -2.6208e-001 +4.1881e-002 +7.0881e-001
2641 0 +6.455218667e-003 -6.336354478e+001 -6.336354478e+001 -2.5902e-001 +3.2184e-002 +6.8610e-001
2657 0 +6.036694808e-003 -6.336396331e+001 -6.336396331e+001 -2.6178e-001 +4.1027e-002 +7.0713e-001
2695 0 +5.520901346e-003 -6.336447910e+001 -6.336447910e+001 -2.6121e-001 +3.9921e-002 +7.0380e-001
2730 0 +3.708202966e-003 -6.336629180e+001 -6.336629180e+001 -2.6005e-001 +5.9403e-002 +7.4793e-001
2739 0 +2.854328924e-003 -6.336714567e+001 -6.336714567e+001 -2.5997e-001 +6.0226e-002 +7.4751e-001
2741 0 +2.410179386e-003 -6.336758982e+001 -6.336758982e+001 -2.5819e-001 +5.7868e-002 +7.3857e-001
2829 0 +2.125249509e-003 -6.336787475e+001 -6.336787475e+001 -2.5841e-001 +6.1647e-002 +7.4610e-001
2841 0 +1.201168669e-003 -6.336879883e+001 -6.336879883e+001 -2.5778e-001 +7.0710e-002 +7.6481e-001
2905 0 +7.542374999e-004 -6.336924576e+001 -6.336924576e+001 -2.5608e-001 +8.1733e-002 +7.8591e-001
2921 0 +7.007500791e-004 -6.336929925e+001 -6.336929925e+001 -2.5690e-001 +8.3227e-002 +7.8954e-001
3023 0 +3.300163767e-004 -6.336966998e+001 -6.336966998e+001 -2.5565e-001 +8.6137e-002 +7.9576e-001
3126 0 +3.001888387e-004 -6.336969981e+001 -6.336969981e+001 -2.5569e-001 +8.7240e-002 +7.9768e-001
3129 0 +1.503974372e-004 -6.336984960e+001 -6.336984960e+001 -2.5578e-001 +9.0391e-002 +8.0435e-001
3157 0 +1.460572567e-004 -6.336985394e+001 -6.336985394e+001 -2.5581e-001 +8.8070e-002 +8.0030e-001
3188 0 +1.217902389e-004 -6.336987821e+001 -6.336987821e+001 -2.5585e-001 +9.1059e-002 +8.0605e-001
3228 0 +8.708863019e-005 -6.336991291e+001 -6.336991291e+001 -2.5571e-001 +9.1639e-002 +8.0726e-001
3232 0 +5.800869675e-005 -6.336994199e+001 -6.336994199e+001 -2.5507e-001 +9.3894e-002 +8.1176e-001
3249 0 +4.265547694e-005 -6.336995734e+001 -6.336995734e+001 -2.5513e-001 +9.5313e-002 +8.1528e-001
3257 0 +3.667992508e-005 -6.336996332e+001 -6.336996332e+001 -2.5530e-001 +9.4262e-002 +8.1238e-001
3326 0 +2.094014338e-005 -6.336997906e+001 -6.336997906e+001 -2.5491e-001 +9.6814e-002 +8.1730e-001
3332 0 +7.780447007e-006 -6.336999222e+001 -6.336999222e+001 -2.5500e-001 +9.6456e-002 +8.1700e-001
3426 0 +2.921605159e-006 -6.336999708e+001 -6.336999708e+001 -2.5486e-001 +9.8720e-002 +8.2140e-001
3529 0 +2.076946444e-006 -6.336999792e+001 -6.336999792e+001 -2.5487e-001 +9.7930e-002 +8.2000e-001
3557 0 +1.626127570e-007 -6.336999984e+001 -6.336999984e+001 -2.5479e-001 +9.8866e-002 +8.2176e-001
3832 0 +8.149584119e-008 -6.336999992e+001 -6.336999992e+001 -2.5475e-001 +9.8910e-002 +8.2182e-001
3932 0 +3.493512679e-008 -6.336999997e+001 -6.336999997e+001 -2.5476e-001 +9.8879e-002 +8.2176e-001
4032 0 +2.039142544e-008 -6.336999998e+001 -6.336999998e+001 -2.5477e-001 +9.8863e-002 +8.2174e-001
4132 0 +1.530416682e-008 -6.336999998e+001 -6.336999998e+001 -2.5477e-001 +9.8855e-002 +8.2172e-001
4157 0 +1.177656372e-008 -6.336999999e+001 -6.336999999e+001 -2.5478e-001 +9.8839e-002 +8.2169e-001
4232 0 +9.672731949e-009 -6.336999999e+001 -6.336999999e+001 -2.5477e-001 +9.8850e-002 +8.2171e-001
6984 0 +0.000000000e+000 -6.337000000e+001 -6.337000000e+001 -2.5477e-001 +9.8884e-002 +8.2177e-001
% f evaluations | g evaluations | best noise-free fitness - Fopt (2.750000000000e+000) + sum g_i+ | measured fitness | best measured fitness or single-digit g-values | x1 | x2...
1 0 +1.300000000e+001 +1.575000000e+001 +1.575000000e+001 +0.0000e+000 +0.0000e+000 +0.0000e+000
274 0 +7.613304447e+000 +1.036330445e+001 +1.036330445e+001 -2.8131e+000 -8.6438e-001 -6.3976e-001
527 0 +2.560092390e+000 +5.310092390e+000 +5.310092390e+000 -2.0342e-001 +6.1982e-001 +5.9535e-001
874 0 +1.948467859e+000 +4.698467859e+000 +4.698467859e+000 +2.3084e-001 +4.4843e-001 +4.8997e-001
892 0 +1.300496588e+000 +4.050496588e+000 +4.050496588e+000 +2.7423e-001 +2.3924e-001 +1.9927e-001
904 0 +7.906199891e-001 +3.540619989e+000 +3.540619989e+000 +2.6138e-001 +3.2113e-001 +2.1502e-001
1123 0 +4.488082021e-001 +3.198808202e+000 +3.198808202e+000 +3.0392e-001 +1.5758e-004 -2.1305e-001
1249 0 +3.513914268e-001 +3.101391427e+000 +3.101391427e+000 +3.0679e-001 +1.2542e-001 -6.1790e-002
1481 0 +3.075654036e-001 +3.057565404e+000 +3.057565404e+000 +2.9057e-001 +9.7500e-002 -7.4068e-002
1874 0 +2.869029094e-001 +3.036902909e+000 +3.036902909e+000 +2.8551e-001 +7.2679e-002 -1.1608e-001
1974 0 +2.740490975e-001 +3.024049097e+000 +3.024049097e+000 +2.8597e-001 +6.2114e-002 -1.2903e-001
2074 0 +2.688341545e-001 +3.018834155e+000 +3.018834155e+000 +2.8620e-001 +5.6831e-002 -1.3550e-001
2085 0 +2.273819190e-001 +2.977381919e+000 +2.977381919e+000 +2.8338e-001 +2.4151e-002 -1.5271e-001
2094 0 +1.924026021e-001 +2.942402602e+000 +2.942402602e+000 +2.6708e-001 -1.7074e-002 -2.0248e-001
2194 0 +1.407827220e-001 +2.890782722e+000 +2.890782722e+000 +2.4888e-001 -1.3191e-001 -3.1393e-001
2292 0 +1.255010799e-001 +2.875501080e+000 +2.875501080e+000 +2.4806e-001 -1.3169e-001 -3.0901e-001
2316 0 +1.150036133e-001 +2.865003613e+000 +2.865003613e+000 +2.3534e-001 -1.5245e-001 -3.1124e-001
2387 0 +8.933722307e-002 +2.839337223e+000 +2.839337223e+000 +2.2777e-001 -1.9181e-001 -3.5466e-001
2413 0 +6.692131296e-002 +2.816921313e+000 +2.816921313e+000 +2.1201e-001 -2.2404e-001 -3.7588e-001
2514 0 +5.560635073e-002 +2.805606351e+000 +2.805606351e+000 +2.0300e-001 -2.4477e-001 -3.9826e-001
2602 0 +4.617403055e-002 +2.796174031e+000 +2.796174031e+000 +1.8945e-001 -2.7667e-001 -4.1724e-001
2614 0 +4.245747417e-002 +2.792457474e+000 +2.792457474e+000 +1.6564e-001 -3.3563e-001 -4.5776e-001
2641 0 +3.116595755e-002 +2.781165958e+000 +2.781165958e+000 +1.7393e-001 -3.2473e-001 -4.5911e-001
2714 0 +2.774377829e-002 +2.777743778e+000 +2.777743778e+000 +1.5163e-001 -3.7492e-001 -4.8827e-001
2806 0 +1.505398487e-002 +2.765053985e+000 +2.765053985e+000 +1.3890e-001 -4.2324e-001 -5.3018e-001
2934 0 +7.484750077e-003 +2.757484750e+000 +2.757484750e+000 +1.2267e-001 -4.5294e-001 -5.4780e-001
2957 0 +3.856308019e-003 +2.753856308e+000 +2.753856308e+000 +1.0661e-001 -4.9494e-001 -5.7871e-001
3021 0 +3.668497365e-003 +2.753668497e+000 +2.753668497e+000 +9.6656e-002 -5.2156e-001 -5.9756e-001
3044 0 +3.613331344e-003 +2.753613331e+000 +2.753613331e+000 +9.9167e-002 -5.1319e-001 -5.9170e-001
3121 0 +2.281418686e-003 +2.752281419e+000 +2.752281419e+000 +6.9643e-002 -5.8306e-001 -6.3773e-001
3206 0 +1.935015566e-003 +2.751935016e+000 +2.751935016e+000 +8.9474e-002 -5.3322e-001 -6.0348e-001
3246 0 +1.053957528e-003 +2.751053958e+000 +2.751053958e+000 +7.4978e-002 -5.6716e-001 -6.2493e-001
3285 0 +4.787999743e-004 +2.750478800e+000 +2.750478800e+000 +7.2535e-002 -5.7586e-001 -6.3164e-001
3334 0 +4.633446622e-004 +2.750463345e+000 +2.750463345e+000 +7.7853e-002 -5.6226e-001 -6.2133e-001
3431 0 +1.013456241e-004 +2.750101346e+000 +2.750101346e+000 +7.0066e-002 -5.8319e-001 -6.3592e-001
3506 0 +7.324928297e-005 +2.750073249e+000 +2.750073249e+000 +6.4618e-002 -5.9492e-001 -6.4305e-001
3544 0 +2.607918445e-005 +2.750026079e+000 +2.750026079e+000 +6.8642e-002 -5.8537e-001 -6.3678e-001
3639 0 +1.591738785e-005 +2.750015917e+000 +2.750015917e+000 +6.7396e-002 -5.8871e-001 -6.3884e-001
3646 0 +8.365963704e-006 +2.750008366e+000 +2.750008366e+000 +7.1101e-002 -5.8038e-001 -6.3355e-001
3933 0 +2.761081901e-006 +2.750002761e+000 +2.750002761e+000 +6.9589e-002 -5.8368e-001 -6.3564e-001
3940 0 +2.203010536e-006 +2.750002203e+000 +2.750002203e+000 +7.0476e-002 -5.8176e-001 -6.3449e-001
4106 0 +5.621258192e-007 +2.750000562e+000 +2.750000562e+000 +6.9620e-002 -5.8378e-001 -6.3579e-001
4202 0 +2.868200450e-007 +2.750000287e+000 +2.750000287e+000 +6.9509e-002 -5.8390e-001 -6.3584e-001
4306 0 +2.185590700e-007 +2.750000219e+000 +2.750000219e+000 +6.9450e-002 -5.8411e-001 -6.3598e-001
4309 0 +1.004590469e-007 +2.750000100e+000 +2.750000100e+000 +6.9366e-002 -5.8429e-001 -6.3611e-001
4470 0 +7.464614749e-008 +2.750000075e+000 +2.750000075e+000 +6.9441e-002 -5.8410e-001 -6.3598e-001
4594 0 +7.406498748e-008 +2.750000074e+000 +2.750000074e+000 +6.9376e-002 -5.8426e-001 -6.3609e-001
4687 0 +5.671177572e-008 +2.750000057e+000 +2.750000057e+000 +6.9482e-002 -5.8403e-001 -6.3594e-001
4733 0 +4.516907515e-008 +2.750000045e+000 +2.750000045e+000 +6.9535e-002 -5.8392e-001 -6.3588e-001
4903 0 +1.947561490e-008 +2.750000019e+000 +2.750000019e+000 +6.9495e-002 -5.8400e-001 -6.3593e-001
4933 0 +1.363543367e-008 +2.750000014e+000 +2.750000014e+000 +6.9594e-002 -5.8376e-001 -6.3577e-001
5015 0 +6.540838537e-009 +2.750000007e+000 +2.750000007e+000 +6.9502e-002 -5.8397e-001 -6.3591e-001
8113 0 +0.000000000e+000 +2.750000000e+000 +2.750000000e+000 +6.9553e-002 -5.8385e-001 -6.3583e-001
% f evaluations | g evaluations | best noise-free fitness - Fopt (-4.681000000000e+001) + sum g_i+ | measured fitness | best measured fitness or single-digit g-values | x1 | x2...
1 0 +1.300000000e+001 -3.381000000e+001 -3.381000000e+001 +0.0000e+000 +0.0000e+000 +0.0000e+000
225 0 +1.007218593e+001 -3.673781407e+001 -3.673781407e+001 -9.6723e-001 +1.6230e-001 +3.3398e-001
435 0 +9.940709561e+000 -3.686929044e+001 -3.686929044e+001 -1.0026e+000 +1.6914e-001 +5.5206e-001
437 0 +5.443808247e+000 -4.136619175e+001 -4.136619175e+001 -1.1572e+000 +1.7488e-001 +4.2219e-001
443 0 +4.253616004e+000 -4.255638400e+001 -4.255638400e+001 -1.0743e+000 +2.5063e-001 +1.2558e+000
555 0 +2.194103995e+000 -4.461589600e+001 -4.461589600e+001 -3.1604e-001 +2.0315e-002 -6.0250e-001
625 0 +1.855226060e+000 -4.495477394e+001 -4.495477394e+001 -6.0919e-001 -8.8740e-002 -4.5928e-001
720 0 +8.940188958e-001 -4.591598110e+001 -4.591598110e+001 -1.5394e-001 +5.1267e-002 -4.7795e-001
809 0 +8.585379153e-001 -4.595146208e+001 -4.595146208e+001 -2.0802e-001 +4.8644e-002 -4.6010e-001
1151 0 +8.072267782e-001 -4.600277322e+001 -4.600277322e+001 -1.8188e-001 +5.4493e-002 -4.6968e-001
1191 0 +7.732929505e-001 -4.603670705e+001 -4.603670705e+001 +1.5555e-001 +9.8408e-002 -2.6689e-001
1241 0 +6.866368252e-001 -4.612336317e+001 -4.612336317e+001 -1.1619e-001 +7.0822e-002 -4.2662e-001
1266 0 +5.588677396e-001 -4.625113226e+001 -4.625113226e+001 +1.5435e-001 +1.1793e-001 -1.9550e-001
1365 0 +5.331288839e-001 -4.627687112e+001 -4.627687112e+001 +1.1356e-001 +1.5327e-001 -3.0059e-001
1367 0 +2.724623477e-001 -4.653753765e+001 -4.653753765e+001 +2.0854e-001 +1.3906e-001 -1.8306e-001
1431 0 +2.637949682e-001 -4.654620503e+001 -4.654620503e+001 +2.8642e-001 +1.4199e-001 -1.4692e-001
1467 0 +1.747746292e-001 -4.663522537e+001 -4.663522537e+001 +2.9725e-001 +1.4358e-001 -1.1714e-001
1566 0 +1.676568272e-001 -4.664234317e+001 -4.664234317e+001 +3.7974e-001 +1.4592e-001 -6.7610e-003
1631 0 +1.648876797e-001 -4.664511232e+001 -4.664511232e+001 +3.6918e-001 +1.5132e-001 -4.0439e-002
1640 0 +1.206676528e-001 -4.668933235e+001 -4.668933235e+001 +3.6432e-001 +1.3541e-001 -3.4468e-002
1738 0 +1.168163501e-001 -4.669318365e+001 -4.669318365e+001 +3.7436e-001 +1.3403e-001 -1.8385e-002
1843 0 +9.909541783e-002 -4.671090458e+001 -4.671090458e+001 +4.0440e-001 +1.4054e-001 +3.8983e-003
2065 0 +8.777806006e-002 -4.672222194e+001 -4.672222194e+001 +4.6999e-001 +1.3904e-001 +7.8310e-002
2103 0 +7.992010207e-002 -4.673007990e+001 -4.673007990e+001 +4.9586e-001 +1.3589e-001 +1.1566e-001
2217 0 +5.285079736e-002 -4.675714920e+001 -4.675714920e+001 +4.8783e-001 +1.2875e-001 +1.0616e-001
2321 0 +5.053321728e-002 -4.675946678e+001 -4.675946678e+001 +4.9471e-001 +1.2862e-001 +1.1446e-001
2331 0 +4.700341739e-002 -4.676299658e+001 -4.676299658e+001 +5.1936e-001 +1.2738e-001 +1.4936e-001
2367 0 +4.612895240e-002 -4.676387105e+001 -4.676387105e+001 +5.0203e-001 +1.2719e-001 +1.2810e-001
2406 0 +3.282296171e-002 -4.677717704e+001 -4.677717704e+001 +5.7197e-001 +1.1611e-001 +2.0840e-001
2516 0 +3.124970954e-002 -4.677875029e+001 -4.677875029e+001 +5.4535e-001 +1.1732e-001 +1.8750e-001
2520 0 +3.008915679e-002 -4.677991084e+001 -4.677991084e+001 +5.4532e-001 +1.1737e-001 +1.8528e-001
2528 0 +2.394878555e-002 -4.678605121e+001 -4.678605121e+001 +5.8590e-001 +1.0760e-001 +2.4362e-001
2603 0 +1.914454724e-002 -4.679085545e+001 -4.679085545e+001 +6.5062e-001 +1.0190e-001 +3.1801e-001
2614 0 +1.712904113e-002 -4.679287096e+001 -4.679287096e+001 +6.0308e-001 +1.0867e-001 +2.5471e-001
2638 0 +8.363124328e-003 -4.680163688e+001 -4.680163688e+001 +6.3735e-001 +1.0038e-001 +3.0508e-001
2705 0 +4.928242628e-003 -4.680507176e+001 -4.680507176e+001 +6.6442e-001 +9.2515e-002 +3.4153e-001
2743 0 +4.300501419e-003 -4.680569950e+001 -4.680569950e+001 +6.7434e-001 +9.0768e-002 +3.5903e-001
2828 0 +2.819892877e-003 -4.680718011e+001 -4.680718011e+001 +6.7783e-001 +8.8928e-002 +3.6196e-001
2834 0 +2.754894295e-003 -4.680724511e+001 -4.680724511e+001 +6.9713e-001 +8.5608e-002 +3.8764e-001
2903 0 +2.684107990e-003 -4.680731589e+001 -4.680731589e+001 +6.8099e-001 +8.7625e-002 +3.6655e-001
2920 0 +1.332951990e-003 -4.680866705e+001 -4.680866705e+001 +7.0108e-001 +8.2974e-002 +3.9609e-001
3020 0 +9.162690946e-004 -4.680908373e+001 -4.680908373e+001 +7.1691e-001 +7.6914e-002 +4.2008e-001
3116 0 +4.681822006e-005 -4.680995318e+001 -4.680995318e+001 +7.3114e-001 +7.3870e-002 +4.3854e-001
3324 0 +4.256896585e-005 -4.680995743e+001 -4.680995743e+001 +7.3381e-001 +7.3194e-002 +4.4193e-001
3366 0 +1.449876913e-005 -4.680998550e+001 -4.680998550e+001 +7.3334e-001 +7.3083e-002 +4.4164e-001
3457 0 +3.475698421e-006 -4.680999652e+001 -4.680999652e+001 +7.3943e-001 +7.1160e-002 +4.5058e-001
3557 0 +2.127884621e-006 -4.680999787e+001 -4.680999787e+001 +7.3610e-001 +7.2227e-002 +4.4562e-001
3757 0 +4.558296780e-007 -4.680999954e+001 -4.680999954e+001 +7.3700e-001 +7.1937e-002 +4.4697e-001
4057 0 +1.919164063e-007 -4.680999981e+001 -4.680999981e+001 +7.3748e-001 +7.1785e-002 +4.4767e-001
4242 0 +1.047652773e-007 -4.680999990e+001 -4.680999990e+001 +7.3796e-001 +7.1664e-002 +4.4832e-001
4381 0 +7.661252965e-008 -4.680999992e+001 -4.680999992e+001 +7.3790e-001 +7.1675e-002 +4.4825e-001
4415 0 +3.898248480e-008 -4.680999996e+001 -4.680999996e+001 +7.3768e-001 +7.1753e-002 +4.4794e-001
4486 0 +2.363132268e-008 -4.680999998e+001 -4.680999998e+001 +7.3771e-001 +7.1726e-002 +4.4800e-001
4643 0 +2.255335829e-008 -4.680999998e+001 -4.680999998e+001 +7.3775e-001 +7.1717e-002 +4.4806e-001
4691 0 +1.916713899e-008 -4.680999998e+001 -4.680999998e+001 +7.3773e-001 +7.1732e-002 +4.4801e-001
4705 0 +1.237059166e-008 -4.680999999e+001 -4.680999999e+001 +7.3774e-001 +7.1728e-002 +4.4803e-001
4810 0 +1.019360951e-008 -4.680999999e+001 -4.680999999e+001 +7.3775e-001 +7.1725e-002 +4.4804e-001
4843 0 +4.109637075e-009 -4.681000000e+001 -4.681000000e+001 +7.3771e-001 +7.1732e-002 +4.4799e-001
7417 0 +0.000000000e+000 -4.681000000e+001 -4.681000000e+001 +7.3769e-001 +7.1741e-002 +4.4796e-001
% f evaluations | g evaluations | best noise-free fitness - Fopt (6.134000000000e+001) + sum g_i+ | measured fitness | best measured fitness or single-digit g-values | x1 | x2...
1 0 +1.300000000e+001 +7.434000000e+001 +7.434000000e+001 +0.0000e+000 +0.0000e+000 +0.0000e+000
328 0 +6.452779619e+000 +6.779277962e+001 +6.779277962e+001 -4.2786e-001 -9.1319e-001 +2.2127e-001
519 0 +5.871886787e+000 +6.721188679e+001 +6.721188679e+001 -5.4898e-001 -8.0659e-001 +5.6444e-002
524 0 +4.869251089e+000 +6.620925109e+001 +6.620925109e+001 -5.1670e-001 -8.3912e-001 +8.4373e-002
532 0 +2.025706178e+000 +6.336570618e+001 +6.336570618e+001 -6.8182e-001 -3.5073e-001 +2.7292e-001
572 0 +5.646458395e-001 +6.190464584e+001 +6.190464584e+001 +3.9656e-001 +3.4003e-001 -2.1073e-001
815 0 +4.392144682e-001 +6.177921447e+001 +6.177921447e+001 +5.7156e-001 +4.1510e-001 -2.4353e-001
921 0 +2.814561103e-001 +6.162145611e+001 +6.162145611e+001 +3.4253e-001 +3.4367e-001 -2.6399e-001
1106 0 +5.775846911e-002 +6.139775847e+001 +6.139775847e+001 +4.3531e-001 +3.7632e-001 -2.4684e-001
1207 0 +3.256777067e-002 +6.137256777e+001 +6.137256777e+001 +4.9171e-001 +3.8299e-001 -2.6177e-001
1306 0 +2.586346521e-002 +6.136586347e+001 +6.136586347e+001 +4.6237e-001 +3.7872e-001 -2.5780e-001
1631 0 +2.110246903e-002 +6.136110247e+001 +6.136110247e+001 +4.8219e-001 +3.8243e-001 -2.5481e-001
1885 0 +2.085556214e-002 +6.136085556e+001 +6.136085556e+001 +4.3998e-001 +3.7049e-001 -2.5191e-001
1953 0 +1.669193646e-002 +6.135669194e+001 +6.135669194e+001 +4.8112e-001 +3.7664e-001 -2.5201e-001
2185 0 +1.544745874e-002 +6.135544746e+001 +6.135544746e+001 +4.8170e-001 +3.7850e-001 -2.5309e-001
2267 0 +9.867282824e-003 +6.134986728e+001 +6.134986728e+001 +5.3083e-001 +3.8450e-001 -2.5502e-001
2408 0 +8.503345595e-003 +6.134850335e+001 +6.134850335e+001 +5.3940e-001 +3.8630e-001 -2.5609e-001
2414 0 +7.924158664e-003 +6.134792416e+001 +6.134792416e+001 +5.4352e-001 +3.8873e-001 -2.5694e-001
2600 0 +7.036969566e-003 +6.134703697e+001 +6.134703697e+001 +5.5143e-001 +3.8891e-001 -2.5654e-001
2629 0 +2.076179302e-003 +6.134207618e+001 +6.134207618e+001 +6.5410e-001 +4.0399e-001 -2.5678e-001
2731 0 +1.781980196e-003 +6.134178198e+001 +6.134178198e+001 +6.6371e-001 +4.0431e-001 -2.5704e-001
2757 0 +1.630686139e-003 +6.134163069e+001 +6.134163069e+001 +6.5393e-001 +4.0436e-001 -2.5723e-001
2811 0 +4.708171204e-004 +6.134047082e+001 +6.134047082e+001 +7.0716e-001 +4.1253e-001 -2.5809e-001
2872 0 +4.624712017e-004 +6.134046247e+001 +6.134046247e+001 +7.0506e-001 +4.1234e-001 -2.5917e-001
2943 0 +3.567398136e-004 +6.134035674e+001 +6.134035674e+001 +7.2119e-001 +4.1417e-001 -2.5915e-001
2961 0 +2.192144769e-004 +6.134021921e+001 +6.134021921e+001 +6.9775e-001 +4.1100e-001 -2.5850e-001
2985 0 +1.796489134e-004 +6.134017965e+001 +6.134017965e+001 +7.0278e-001 +4.1170e-001 -2.5857e-001
2986 0 +6.781185545e-005 +6.134006781e+001 +6.134006781e+001 +7.1974e-001 +4.1358e-001 -2.5805e-001
3125 0 +3.045865169e-005 +6.134003046e+001 +6.134003046e+001 +7.1325e-001 +4.1240e-001 -2.5810e-001
3126 0 +1.096575392e-005 +6.134001097e+001 +6.134001097e+001 +7.1899e-001 +4.1316e-001 -2.5822e-001
3317 0 +8.225265390e-006 +6.134000823e+001 +6.134000823e+001 +7.2114e-001 +4.1357e-001 -2.5823e-001
3486 0 +4.134284794e-006 +6.134000413e+001 +6.134000413e+001 +7.1876e-001 +4.1325e-001 -2.5824e-001
3626 0 +3.171416175e-006 +6.134000317e+001 +6.134000317e+001 +7.1694e-001 +4.1295e-001 -2.5826e-001
3748 0 +3.159045647e-006 +6.134000316e+001 +6.134000316e+001 +7.1649e-001 +4.1290e-001 -2.5835e-001
3753 0 +2.271436188e-006 +6.134000227e+001 +6.134000227e+001 +7.1653e-001 +4.1295e-001 -2.5826e-001
3762 0 +2.101223373e-006 +6.134000210e+001 +6.134000210e+001 +7.1807e-001 +4.1313e-001 -2.5829e-001
3807 0 +1.042518221e-006 +6.134000104e+001 +6.134000104e+001 +7.1678e-001 +4.1303e-001 -2.5837e-001
3908 0 +4.087254482e-007 +6.134000041e+001 +6.134000041e+001 +7.1676e-001 +4.1303e-001 -2.5833e-001
3991 0 +2.810159927e-007 +6.134000028e+001 +6.134000028e+001 +7.1701e-001 +4.1305e-001 -2.5833e-001
4053 0 +1.761282107e-007 +6.134000018e+001 +6.134000018e+001 +7.1541e-001 +4.1283e-001 -2.5834e-001
4081 0 +1.031018400e-007 +6.134000010e+001 +6.134000010e+001 +7.1589e-001 +4.1287e-001 -2.5833e-001
4162 0 +6.569017330e-008 +6.134000007e+001 +6.134000007e+001 +7.1613e-001 +4.1291e-001 -2.5834e-001
4191 0 +2.634214979e-008 +6.134000003e+001 +6.134000003e+001 +7.1612e-001 +4.1292e-001 -2.5834e-001
4407 0 +1.725973675e-008 +6.134000002e+001 +6.134000002e+001 +7.1611e-001 +4.1292e-001 -2.5833e-001
4552 0 +1.602670352e-008 +6.134000002e+001 +6.134000002e+001 +7.1588e-001 +4.1288e-001 -2.5833e-001
4653 0 +9.254257805e-009 +6.134000001e+001 +6.134000001e+001 +7.1597e-001 +4.1290e-001 -2.5833e-001
7053 0 +0.000000000e+000 +6.134000000e+001 +6.134000000e+001 +7.1608e-001 +4.1291e-001 -2.5833e-001
