% f evaluations | g evaluations | best noise-free fitness - Fopt (1.238300000000e+002) + sum g_i+ | measured fitness | best measured fitness or single-digit g-values | x1 | x2...
1 0 +2.600000000e+001 +1.498300000e+002 +1.498300000e+002 +0.0000e+000 +0.0000e+000 +0.0000e+000 +0.0000e+000 +0.0000e+000
609 0 +1.939624665e+001 +1.432262466e+002 +1.432262466e+002 -4.7747e-001 +1.6973e-001 -9.9453e-001 +5.6065e-001 +2.6656e-001
709 0 +1.841279332e+001 +1.422427933e+002 +1.422427933e+002 -5.7506e-001 +3.5819e-001 -9.5720e-001 +6.4025e-001 -1.1352e-001
742 0 +1.573368718e+001 +1.395636872e+002 +1.395636872e+002 -5.6639e-001 +3.1232e-001 -1.1068e+000 +6.2209e-001 +1.9527e-001
832 0 +1.501087427e+001 +1.388408743e+002 +1.388408743e+002 -4.9397e-001 -2.1505e-002 -1.1032e+000 +7.0170e-001 +4.7153e-002
844 0 +8.557653124e+000 +1.323876531e+002 +1.323876531e+002 -6.8512e-001 +2.0048e-001 -1.1030e+000 +3.0902e-001 -1.6393e-001
939 0 +6.999814139e+000 +1.308298141e+002 +1.308298141e+002 -6.4591e-001 +2.5670e-001 -1.1003e+000 +2.6686e-001 -1.4225e-001
984 0 +6.157393177e+000 +1.299873932e+002 +1.299873932e+002 -5.2336e-001 +3.5965e-001 -9.7575e-001 +2.5176e-001 -2.9213e-001
998 0 +5.418354597e+000 +1.292483546e+002 +1.292483546e+002 -6.5977e-001 +1.8095e-001 -1.1032e+000 +4.6145e-001 -4.2797e-002
1032 0 +5.337756128e+000 +1.291677561e+002 +1.291677561e+002 -6.0989e-001 +1.7558e-002 -1.0336e+000 +5.0869e-001 +4.6327e-002
1109 0 +5.086190356e+000 +1.289161904e+002 +1.289161904e+002 -6.1949e-001 +5.3147e-002 -1.0448e+000 +4.9359e-001 +2.1428e-002
1284 0 +4.730791860e+000 +1.285607919e+002 +1.285607919e+002 -6.0873e-001 +1.6068e-001 -1.0946e+000 +4.6046e-001 -4.0643e-002
1726 0 +4.668987009e+000 +1.284989870e+002 +1.284989870e+002 -6.0551e-001 +1.7185e-001 -1.0845e+000 +4.6726e-001 -4.7794e-002
% f evaluations | g evaluations | best noise-free fitness - Fopt (4.751000000000e+001) + sum g_i+ | measured fitness | best measured fitness or single-digit g-values | x1 | x2...
1 0 +2.600000000e+001 +7.351000000e+001 +7.351000000e+001 +0.0000e+000 +0.0000e+000 +0.0000e+000 +0.0000e+000 +0.0000e+000
545 0 +1.527183365e+001 +6.278183365e+001 +6.278183365e+001 -1.9376e-001 -4.7491e-001 +5.9258e-001 +1.9367e-001 -1.9451e-001
770 0 +1.425361778e+001 +6.176361778e+001 +6.176361778e+001 -1.9699e-001 -5.4237e-001 +6.1595e-001 +2.2524e-001 -1.8853e-001
808 0 +1.056597162e+001 +5.807597162e+001 +5.807597162e+001 -2.6021e-001 +1.6797e-001 -6.0246e-002 -1.8298e-002 +1.9280e-002
817 0 +8.956397463e+000 +5.646639746e+001 +5.646639746e+001 -4.1651e-001 -6.3396e-002 +7.4309e-001 +4.5825e-001 +2.6265e-003
927 0 +5.499924665e+000 +5.300992467e+001 +5.300992467e+001 -3.5257e-001 -2.4063e-001 +7.0084e-001 +3.5679e-001 -6.4693e-002
936 0 +5.381821622e+000 +5.289182162e+001 +5.289182162e+001 -3.4127e-001 -3.2406e-001 +6.7659e-001 +3.3859e-001 -1.5023e-001
954 0 +4.655531430e+000 +5.216553143e+001 +5.216553143e+001 -4.3828e-001 -4.0269e-001 +7.7237e-001 +5.2914e-001 -1.5568e-001
1017 0 +4.372911101e+000 +5.188291110e+001 +5.188291110e+001 -3.7111e-001 -3.1813e-001 +7.1979e-001 +4.2480e-001 -1.1780e-001
1154 0 +3.994169377e+000 +5.150416938e+001 +5.150416938e+001 -4.0600e-001 -3.9363e-001 +7.3902e-001 +4.7909e-001 -1.5065e-001
1263 0 +3.917762392e+000 +5.142776239e+001 +5.142776239e+001 -4.2503e-001 -3.9511e-001 +7.5855e-001 +4.4638e-001 -1.0959e-001
1336 0 +3.789542485e+000 +5.129954249e+001 +5.129954249e+001 -4.6205e-001 -3.4211e-001 +7.4690e-001 +4.2912e-001 -1.6419e-001
1480 0 +3.704783625e+000 +5.121478362e+001 +5.121478362e+001 -4.3750e-001 -3.5906e-001 +7.3833e-001 +4.2135e-001 -1.5991e-001
1615 0 +3.528366656e+000 +5.103836666e+001 +5.103836666e+001 -4.7602e-001 -2.5388e-001 +6.5318e-001 +3.6948e-001 -1.1675e-001
1724 0 +3.462057295e+000 +5.097205730e+001 +5.097205730e+001 -4.8227e-001 -2.7031e-001 +6.7955e-001 +3.7529e-001 -1.2692e-001
1725 0 +3.375186626e+000 +5.088518663e+001 +5.088518663e+001 -4.9105e-001 -2.4927e-001 +6.6307e-001 +3.3823e-001 -1.0044e-001
1824 0 +3.292009897e+000 +5.080200990e+001 +5.080200990e+001 -4.9919e-001 -1.9072e-001 +6.1989e-001 +3.1469e-001 -7.5600e-002
1866 0 +3.234778343e+000 +5.074477834e+001 +5.074477834e+001 -5.2905e-001 -2.1012e-001 +6.6210e-001 +3.5261e-001 -6.7020e-002
1913 0 +3.080084290e+000 +5.059008429e+001 +5.059008429e+001 -5.4538e-001 -1.7486e-001 +6.1113e-001 +3.3886e-001 -7.3047e-002
2013 0 +3.002995870e+000 +5.051299587e+001 +5.051299587e+001 -5.7919e-001 -1.4820e-001 +5.9395e-001 +3.2092e-001 -6.0720e-002
2039 0 +2.875850685e+000 +5.038585068e+001 +5.038585068e+001 -5.7618e-001 -1.2506e-001 +5.7645e-001 +3.0238e-001 -6.0704e-002
2107 0 +2.816162991e+000 +5.032616299e+001 +5.032616299e+001 -5.9691e-001 -9.7566e-002 +5.5775e-001 +2.8728e-001 -4.8222e-002
2207 0 +2.703697797e+000 +5.021369780e+001 +5.021369780e+001 -6.0476e-001 -6.6383e-002 +5.4454e-001 +2.8641e-001 -5.7141e-002
2220 0 +2.643853777e+000 +5.015385378e+001 +5.015385378e+001 -6.0451e-001 -4.6350e-002 +5.2522e-001 +2.7245e-001 -4.6068e-002
2292 0 +2.586206060e+000 +5.009620606e+001 +5.009620606e+001 -5.9685e-001 -5.0193e-003 +4.7633e-001 +2.4761e-001 -4.0381e-002
2303 0 +2.517069120e+000 +5.002706912e+001 +5.002706912e+001 -6.0762e-001 -2.3702e-002 +4.9506e-001 +2.7482e-001 -4.3233e-002
2347 0 +2.485521831e+000 +4.999552183e+001 +4.999552183e+001 -5.9271e-001 -9.9753e-003 +4.6770e-001 +2.8370e-001 -3.1987e-002
2353 0 +2.454304687e+000 +4.996430469e+001 +4.996430469e+001 -6.2640e-001 +3.9172e-003 +4.4782e-001 +2.4932e-001 -7.9715e-003
2411 0 +2.385552311e+000 +4.989555231e+001 +4.989555231e+001 -6.2153e-001 +4.9593e-002 +4.0480e-001 +2.3093e-001 -1.5826e-002
2472 0 +2.343822872e+000 +4.985382287e+001 +4.985382287e+001 -5.9772e-001 +3.9048e-002 +3.5195e-001 +2.0929e-001 -1.0636e-003
2507 0 +2.286015545e+000 +4.979601554e+001 +4.979601554e+001 -6.1227e-001 +3.9026e-002 +3.7641e-001 +2.2036e-001 -2.2110e-004
2511 0 +2.174151034e+000 +4.968415103e+001 +4.968415103e+001 -6.1192e-001 +6.5738e-002 +3.2708e-001 +2.0796e-001 +1.0122e-002
2551 0 +2.104977055e+000 +4.961497706e+001 +4.961497706e+001 -6.1959e-001 +5.8546e-002 +3.3160e-001 +2.1688e-001 +1.1462e-002
2602 0 +2.003426917e+000 +4.951342692e+001 +4.951342692e+001 -6.3421e-001 +9.4602e-002 +2.7866e-001 +1.9170e-001 +2.8117e-002
2702 0 +1.978084994e+000 +4.948808499e+001 +4.948808499e+001 -6.3252e-001 +1.2721e-001 +2.1880e-001 +1.7470e-001 +3.4664e-002
2713 0 +1.893846400e+000 +4.940384640e+001 +4.940384640e+001 -6.3270e-001 +1.0651e-001 +2.4604e-001 +1.8796e-001 +3.8182e-002
2810 0 +1.799845146e+000 +4.930984515e+001 +4.930984515e+001 -6.3471e-001 +1.1984e-001 +2.1081e-001 +1.8691e-001 +4.7362e-002
2826 0 +1.750186433e+000 +4.926018643e+001 +4.926018643e+001 -6.4215e-001 +1.2326e-001 +2.0233e-001 +1.8820e-001 +5.5607e-002
2903 0 +1.717260861e+000 +4.922726086e+001 +4.922726086e+001 -6.4678e-001 +1.3533e-001 +1.7503e-001 +1.8447e-001 +6.3767e-002
2922 0 +1.686977551e+000 +4.919697755e+001 +4.919697755e+001 -6.2910e-001 +1.0616e-001 +1.4853e-001 +1.7245e-001 +6.5551e-002
2982 0 +1.642151507e+000 +4.915215151e+001 +4.915215151e+001 -6.4694e-001 +1.2776e-001 +1.6773e-001 +1.8045e-001 +7.0026e-002
3022 0 +1.607888323e+000 +4.911788832e+001 +4.911788832e+001 -6.3631e-001 +1.3382e-001 +1.1596e-001 +1.7016e-001 +8.2899e-002
3154 0 +1.580714743e+000 +4.909071474e+001 +4.909071474e+001 -6.6026e-001 +1.3999e-001 +1.1062e-001 +1.7103e-001 +9.2805e-002
3232 0 +1.540222890e+000 +4.905022289e+001 +4.905022289e+001 -6.6231e-001 +1.3054e-001 +1.1892e-001 +1.6472e-001 +9.7141e-002
3402 0 +1.508358673e+000 +4.901835867e+001 +4.901835867e+001 -6.5808e-001 +1.2424e-001 +1.2682e-001 +1.6362e-001 +8.8312e-002
3458 0 +1.476394712e+000 +4.898639471e+001 +4.898639471e+001 -6.5515e-001 +1.3502e-001 +1.0370e-001 +1.5679e-001 +9.2349e-002
3602 0 +1.437833666e+000 +4.894783367e+001 +4.894783367e+001 -6.4944e-001 +1.3043e-001 +9.8541e-002 +1.4983e-001 +9.1669e-002
3702 0 +1.405672829e+000 +4.891567283e+001 +4.891567283e+001 -6.5131e-001 +1.3623e-001 +7.5869e-002 +1.4322e-001 +1.0003e-001
3816 0 +1.376321947e+000 +4.888632195e+001 +4.888632195e+001 -6.5129e-001 +1.3343e-001 +7.0916e-002 +1.3728e-001 +9.9775e-002
3911 0 +1.344439129e+000 +4.885443913e+001 +4.885443913e+001 -6.5516e-001 +1.3334e-001 +5.9581e-002 +1.2866e-001 +1.0207e-001
4008 0 +1.307626848e+000 +4.881762685e+001 +4.881762685e+001 -6.5733e-001 +1.4526e-001 +2.0552e-002 +1.1375e-001 +1.1291e-001
4011 0 +1.284166932e+000 +4.879416693e+001 +4.879416693e+001 -6.5486e-001 +1.4129e-001 +1.4966e-002 +1.0718e-001 +1.1213e-001
4156 0 +1.252973407e+000 +4.876297341e+001 +4.876297341e+001 -6.5915e-001 +1.4589e-001 -5.7585e-003 +9.6601e-002 +1.2322e-001
4302 0 +1.227832072e+000 +4.873783207e+001 +4.873783207e+001 -6.5838e-001 +1.4748e-001 -3.2719e-002 +7.9598e-002 +1.2900e-001
4502 0 +1.197202202e+000 +4.870720220e+001 +4.870720220e+001 -6.5459e-001 +1.4430e-001 -3.3698e-002 +7.7534e-002 +1.3086e-001
4710 0 +1.174560196e+000 +4.868456020e+001 +4.868456020e+001 -6.4828e-001 +1.3876e-001 -2.5180e-002 +8.0425e-002 +1.3197e-001
4931 0 +1.146726307e+000 +4.865672631e+001 +4.865672631e+001 -6.4773e-001 +1.4260e-001 -4.8459e-002 +6.5862e-002 +1.4095e-001
5252 0 +1.121499971e+000 +4.863149997e+001 +4.863149997e+001 -6.4177e-001 +1.3995e-001 -7.3282e-002 +4.6867e-002 +1.4896e-001
5609 0 +1.096196530e+000 +4.860619653e+001 +4.860619653e+001 -6.4098e-001 +1.4462e-001 -6.6922e-002 +5.1645e-002 +1.4405e-001
6203 0 +1.070985607e+000 +4.858098561e+001 +4.858098561e+001 -6.3799e-001 +1.4794e-001 -8.2909e-002 +4.0000e-002 +1.4778e-001
7304 0 +1.046892649e+000 +4.855689265e+001 +4.855689265e+001 -6.3436e-001 +1.5438e-001 -9.7822e-002 +2.9288e-002 +1.4947e-001
% f evaluations | g evaluations | best noise-free fitness - Fopt (5.534000000000e+001) + sum g_i+ | measured fitness | best measured fitness or single-digit g-values | x1 | x2...
1 0 +2.600000000e+001 +8.134000000e+001 +8.134000000e+001 +0.0000e+000 +0.0000e+000 +0.0000e+000 +0.0000e+000 +0.0000e+000
504 0 +1.556100525e+001 +7.090100525e+001 +7.090100525e+001 +3.4050e-001 -3.6668e-001 +9.0258e-001 +1.6359e-001 -2.8798e-001
510 0 +5.797847025e+000 +6.113784702e+001 +6.113784702e+001 -2.1491e-001 -7.8154e-001 +8.6674e-001 +3.3972e-001 +1.4412e-001
717 0 +5.357581072e+000 +6.069758107e+001 +6.069758107e+001 -2.1963e-001 -7.5794e-001 +8.1998e-001 +3.6678e-001 +1.7230e-001
924 0 +5.217943438e+000 +6.055794344e+001 +6.055794344e+001 -2.2366e-001 -7.8190e-001 +8.3582e-001 +3.7595e-001 +1.9248e-001
1074 0 +4.921959653e+000 +6.026195965e+001 +6.026195965e+001 -1.9946e-001 -7.7948e-001 +7.8014e-001 +3.6838e-001 +1.5704e-001
1274 0 +4.892793410e+000 +6.023279341e+001 +6.023279341e+001 -2.0719e-001 -7.8384e-001 +8.2000e-001 +3.4546e-001 +9.4144e-002
1373 0 +4.499898279e+000 +5.983989828e+001 +5.983989828e+001 -1.9245e-001 -8.2042e-001 +7.3615e-001 +3.7011e-001 +7.0631e-002
1461 0 +4.431151326e+000 +5.977115133e+001 +5.977115133e+001 -1.9806e-001 -7.9734e-001 +7.5503e-001 +3.5317e-001 +4.4304e-002
1507 0 +4.361408756e+000 +5.970140876e+001 +5.970140876e+001 -1.8848e-001 -8.1977e-001 +7.5925e-001 +3.5901e-001 +3.7676e-002
1902 0 +4.215837583e+000 +5.955583758e+001 +5.955583758e+001 -1.3379e-001 -8.0354e-001 +7.2303e-001 +2.5740e-001 -6.5695e-002
2019 0 +4.141157780e+000 +5.948115778e+001 +5.948115778e+001 -1.3206e-001 -7.9248e-001 +7.3440e-001 +2.9257e-001 -5.4481e-002
2107 0 +4.016465609e+000 +5.935646561e+001 +5.935646561e+001 -1.0514e-001 -7.1402e-001 +7.4004e-001 +2.2887e-001 -1.4180e-001
2120 0 +3.920789100e+000 +5.926078910e+001 +5.926078910e+001 -8.7085e-002 -7.0645e-001 +7.4074e-001 +2.1367e-001 -1.5897e-001
2220 0 +3.890150886e+000 +5.923015089e+001 +5.923015089e+001 -6.2376e-002 -6.5475e-001 +7.4052e-001 +1.8164e-001 -2.2760e-001
2284 0 +3.767512184e+000 +5.910751218e+001 +5.910751218e+001 -4.7240e-002 -7.0995e-001 +7.2272e-001 +2.2156e-001 -1.6897e-001
2315 0 +3.689156226e+000 +5.902915623e+001 +5.902915623e+001 -4.8732e-002 -6.8432e-001 +7.2547e-001 +2.1135e-001 -2.0068e-001
2418 0 +3.619807430e+000 +5.895980743e+001 +5.895980743e+001 -2.5020e-002 -6.6873e-001 +7.2010e-001 +1.8691e-001 -2.2545e-001
2502 0 +3.501441527e+000 +5.884144153e+001 +5.884144153e+001 +1.5505e-002 -6.3221e-001 +7.1788e-001 +1.8204e-001 -2.6262e-001
2754 0 +3.387575499e+000 +5.872757550e+001 +5.872757550e+001 +2.9725e-002 -5.8857e-001 +7.2023e-001 +1.7083e-001 -2.8340e-001
3007 0 +3.304946085e+000 +5.864494609e+001 +5.864494609e+001 +4.1213e-002 -5.5567e-001 +7.2063e-001 +1.6161e-001 -2.9309e-001
3118 0 +3.229341770e+000 +5.856934177e+001 +5.856934177e+001 +5.9977e-002 -5.3326e-001 +7.1707e-001 +1.5588e-001 -2.9853e-001
3219 0 +3.157064475e+000 +5.849706447e+001 +5.849706447e+001 +7.6149e-002 -5.0966e-001 +7.1656e-001 +1.5977e-001 -3.0880e-001
3406 0 +3.079955127e+000 +5.841995513e+001 +5.841995513e+001 +8.3767e-002 -4.7718e-001 +7.1981e-001 +1.5614e-001 -3.1672e-001
3484 0 +3.013903551e+000 +5.835390355e+001 +5.835390355e+001 +9.7990e-002 -4.4215e-001 +7.1875e-001 +1.4535e-001 -3.2883e-001
3584 0 +2.945333806e+000 +5.828533381e+001 +5.828533381e+001 +1.0385e-001 -4.1945e-001 +7.1778e-001 +1.4515e-001 -3.3079e-001
3702 0 +2.856304721e+000 +5.819630472e+001 +5.819630472e+001 +1.2523e-001 -3.6742e-001 +7.1711e-001 +1.3651e-001 -3.4570e-001
3802 0 +2.812102086e+000 +5.815210209e+001 +5.815210209e+001 +1.3633e-001 -3.3498e-001 +7.1733e-001 +1.3162e-001 -3.5275e-001
4007 0 +2.751147864e+000 +5.809114786e+001 +5.809114786e+001 +1.3961e-001 -3.1447e-001 +7.1764e-001 +1.3207e-001 -3.4675e-001
4403 0 +2.689514570e+000 +5.802951457e+001 +5.802951457e+001 +1.5383e-001 -2.6275e-001 +7.1695e-001 +1.2763e-001 -3.5280e-001
5037 0 +2.625785317e+000 +5.796578532e+001 +5.796578532e+001 +1.5823e-001 -2.3660e-001 +7.1081e-001 +1.2389e-001 -3.6172e-001
5614 0 +2.569667429e+000 +5.790966743e+001 +5.790966743e+001 +1.6311e-001 -2.1213e-001 +7.0352e-001 +1.2323e-001 -3.6641e-001
6444 0 +2.510610799e+000 +5.785061080e+001 +5.785061080e+001 +1.6790e-001 -1.8690e-001 +6.9319e-001 +1.2583e-001 -3.6970e-001
% f evaluations | g evaluations | best noise-free fitness - Fopt (-9.033000000000e+001) + sum g_i+ | measured fitness | best measured fitness or single-digit g-values | x1 | x2...
1 0 +2.600000000e+001 -6.433000000e+001 -6.433000000e+001 +0.0000e+000 +0.0000e+000 +0.0000e+000 +0.0000e+000 +0.0000e+000
519 0 +2.308814554e+001 -6.724185446e+001 -6.724185446e+001 -7.8253e-001 -3.4768e-001 -6.0137e-001 +9.9921e-002 -3.0310e-001
616 0 +2.201481222e+001 -6.831518778e+001 -6.831518778e+001 -6.8016e-001 -3.4686e-001 -4.9818e-001 +1.3764e-001 -2.9372e-001
684 0 +1.497136268e+001 -7.535863732e+001 -7.535863732e+001 -7.9683e-001 -3.5230e-001 -6.8339e-001 +1.5196e-001 -1.3601e-001
697 0 +1.066854982e+001 -7.966145018e+001 -7.966145018e+001 -4.4931e-001 -6.7926e-001 -6.3870e-001 +1.7065e-001 -2.2716e-001
740 0 +9.733467800e+000 -8.059653220e+001 -8.059653220e+001 -4.2647e-001 -6.4084e-001 -6.2584e-001 +1.6614e-001 -2.1238e-001
856 0 +9.549275064e+000 -8.078072494e+001 -8.078072494e+001 -5.2689e-001 -6.6416e-001 -5.7816e-001 +1.4847e-001 -1.7614e-001
857 0 +7.934991477e+000 -8.239500852e+001 -8.239500852e+001 -4.5385e-001 -6.1852e-001 -7.1537e-001 +1.4055e-001 -1.6103e-001
923 0 +5.961510597e+000 -8.436848940e+001 -8.436848940e+001 -3.8543e-001 -5.6420e-001 -6.0204e-001 +9.8254e-002 -7.2256e-002
947 0 +5.625759507e+000 -8.470424049e+001 -8.470424049e+001 -5.7315e-001 -6.6358e-001 -6.4351e-001 +2.8797e-001 +1.7816e-002
1040 0 +5.535072324e+000 -8.479492768e+001 -8.479492768e+001 -4.2408e-001 -4.8277e-001 -5.7076e-001 +2.0362e-001 -4.4497e-003
1044 0 +4.724590495e+000 -8.560540950e+001 -8.560540950e+001 -5.0104e-001 -5.7895e-001 -6.0946e-001 +1.8434e-001 +3.4664e-002
1098 0 +4.619254143e+000 -8.571074586e+001 -8.571074586e+001 -3.8016e-001 -6.8971e-001 -6.8879e-001 +1.8448e-001 -2.0806e-002
1114 0 +4.324240792e+000 -8.600575921e+001 -8.600575921e+001 -3.9985e-001 -6.7965e-001 -6.6277e-001 +2.4409e-001 +3.6657e-002
1215 0 +4.183192619e+000 -8.614680738e+001 -8.614680738e+001 -3.9187e-001 -6.5881e-001 -6.9270e-001 +2.5621e-001 +2.2865e-002
1221 0 +3.896094487e+000 -8.643390551e+001 -8.643390551e+001 -3.8585e-001 -5.9827e-001 -6.8917e-001 +1.6678e-001 -1.7498e-002
1344 0 +3.794748685e+000 -8.653525132e+001 -8.653525132e+001 -3.5198e-001 -5.9348e-001 -7.0963e-001 +1.6423e-001 +3.5857e-002
1387 0 +3.591007510e+000 -8.673899249e+001 -8.673899249e+001 -3.8631e-001 -6.3434e-001 -6.6155e-001 +1.9193e-001 +4.4465e-002
1447 0 +3.508666629e+000 -8.682133337e+001 -8.682133337e+001 -3.9139e-001 -6.1837e-001 -6.7109e-001 +1.9578e-001 +2.7580e-002
1631 0 +3.464858429e+000 -8.686514157e+001 -8.686514157e+001 -3.7805e-001 -6.0416e-001 -6.7673e-001 +1.9231e-001 +3.3921e-002
1765 0 +3.354474787e+000 -8.697552521e+001 -8.697552521e+001 -3.4444e-001 -6.1763e-001 -6.5445e-001 +1.9791e-001 +3.0763e-002
1948 0 +3.305766949e+000 -8.702423305e+001 -8.702423305e+001 -3.1592e-001 -6.2503e-001 -6.2753e-001 +1.9784e-001 +3.6312e-002
2172 0 +3.186655650e+000 -8.714334435e+001 -8.714334435e+001 -2.8211e-001 -6.1732e-001 -6.1246e-001 +1.6935e-001 +4.7774e-002
2216 0 +3.143976263e+000 -8.718602374e+001 -8.718602374e+001 -2.4863e-001 -6.2278e-001 -6.1553e-001 +1.7676e-001 +6.1264e-002
2301 0 +3.043262927e+000 -8.728673707e+001 -8.728673707e+001 -2.2250e-001 -6.4335e-001 -6.0654e-001 +1.6384e-001 +3.4645e-002
2309 0 +3.009070340e+000 -8.732092966e+001 -8.732092966e+001 -2.1376e-001 -6.4461e-001 -6.0265e-001 +1.5413e-001 +3.9495e-002
2403 0 +2.950737742e+000 -8.737926226e+001 -8.737926226e+001 -1.9096e-001 -6.4098e-001 -5.8931e-001 +1.5840e-001 +3.5033e-002
2503 0 +2.870912060e+000 -8.745908794e+001 -8.745908794e+001 -1.5477e-001 -6.5583e-001 -5.7713e-001 +1.5140e-001 +4.0536e-002
2581 0 +2.814540811e+000 -8.751545919e+001 -8.751545919e+001 -1.3620e-001 -6.5351e-001 -5.6564e-001 +1.4868e-001 +5.2241e-002
2697 0 +2.738077147e+000 -8.759192285e+001 -8.759192285e+001 -1.0049e-001 -6.5870e-001 -5.0688e-001 +1.5349e-001 +3.4598e-002
2703 0 +2.650620090e+000 -8.767937991e+001 -8.767937991e+001 -8.9125e-002 -6.6213e-001 -5.1633e-001 +1.4777e-001 +4.7946e-002
2748 0 +2.627050458e+000 -8.770294954e+001 -8.770294954e+001 -7.9852e-002 -6.5607e-001 -5.0613e-001 +1.4984e-001 +4.2936e-002
2803 0 +2.552231940e+000 -8.777776806e+001 -8.777776806e+001 -5.4386e-002 -6.6352e-001 -4.8784e-001 +1.4671e-001 +4.2988e-002
2823 0 +2.444464162e+000 -8.788553584e+001 -8.788553584e+001 -1.2950e-002 -6.7034e-001 -4.6997e-001 +1.4107e-001 +4.4534e-002
2914 0 +2.375601966e+000 -8.795439803e+001 -8.795439803e+001 +1.6635e-002 -6.7878e-001 -4.4236e-001 +1.4241e-001 +4.4710e-002
3021 0 +2.337871981e+000 -8.799212802e+001 -8.799212802e+001 +5.6688e-002 -6.8348e-001 -4.2645e-001 +1.3730e-001 +4.5163e-002
3059 0 +2.221363084e+000 -8.810863692e+001 -8.810863692e+001 +8.6191e-002 -6.5279e-001 -3.6071e-001 +1.2772e-001 +2.8528e-002
3105 0 +2.180502738e+000 -8.814949726e+001 -8.814949726e+001 +9.5487e-002 -6.6167e-001 -3.6591e-001 +1.2763e-001 +3.2323e-002
3122 0 +2.137703031e+000 -8.819229697e+001 -8.819229697e+001 +1.0651e-001 -6.5928e-001 -3.5496e-001 +1.3164e-001 +3.5719e-002
3305 0 +2.078965597e+000 -8.825103440e+001 -8.825103440e+001 +1.7050e-001 -6.4368e-001 -2.7799e-001 +1.1337e-001 +3.1963e-002
3381 0 +2.023593067e+000 -8.830640693e+001 -8.830640693e+001 +1.4791e-001 -6.5153e-001 -3.1467e-001 +1.2040e-001 +4.2247e-002
3505 0 +1.991349386e+000 -8.833865061e+001 -8.833865061e+001 +1.6233e-001 -6.4630e-001 -2.9849e-001 +1.1755e-001 +4.5351e-002
3678 0 +1.946636629e+000 -8.838336337e+001 -8.838336337e+001 +1.6552e-001 -6.3526e-001 -2.8660e-001 +1.1537e-001 +5.1822e-002
3819 0 +1.893422142e+000 -8.843657786e+001 -8.843657786e+001 +1.6563e-001 -6.2743e-001 -2.7095e-001 +1.2061e-001 +5.1923e-002
3902 0 +1.859081297e+000 -8.847091870e+001 -8.847091870e+001 +1.8110e-001 -6.2017e-001 -2.5246e-001 +1.1726e-001 +5.6693e-002
4012 0 +1.781645876e+000 -8.854835412e+001 -8.854835412e+001 +2.0703e-001 -6.2116e-001 -2.3800e-001 +1.2325e-001 +6.3563e-002
4114 0 +1.760999635e+000 -8.856900036e+001 -8.856900036e+001 +2.0979e-001 -6.1795e-001 -2.3029e-001 +1.2353e-001 +6.3546e-002
4203 0 +1.734938655e+000 -8.859506134e+001 -8.859506134e+001 +2.1830e-001 -6.1541e-001 -2.2058e-001 +1.2429e-001 +6.5618e-002
4303 0 +1.696542690e+000 -8.863345731e+001 -8.863345731e+001 +2.3564e-001 -6.1159e-001 -2.0278e-001 +1.2573e-001 +6.9069e-002
4316 0 +1.644736207e+000 -8.868526379e+001 -8.868526379e+001 +2.4146e-001 -6.0414e-001 -1.8890e-001 +1.2731e-001 +7.1968e-002
4416 0 +1.614678723e+000 -8.871532128e+001 -8.871532128e+001 +2.5099e-001 -6.0061e-001 -1.7745e-001 +1.2847e-001 +7.4498e-002
4502 0 +1.563811123e+000 -8.876618888e+001 -8.876618888e+001 +2.5501e-001 -5.9691e-001 -1.6956e-001 +1.3251e-001 +7.8511e-002
4602 0 +1.524439808e+000 -8.880556019e+001 -8.880556019e+001 +2.6003e-001 -5.9282e-001 -1.5987e-001 +1.3496e-001 +8.1072e-002
4702 0 +1.495610682e+000 -8.883438932e+001 -8.883438932e+001 +2.6872e-001 -5.9097e-001 -1.4897e-001 +1.3440e-001 +8.4263e-002
4792 0 +1.477294455e+000 -8.885270554e+001 -8.885270554e+001 +2.7647e-001 -5.8943e-001 -1.3985e-001 +1.3399e-001 +8.6917e-002
4804 0 +1.441549804e+000 -8.888845020e+001 -8.888845020e+001 +2.8690e-001 -5.8565e-001 -1.2567e-001 +1.3462e-001 +9.1510e-002
4904 0 +1.409508487e+000 -8.892049151e+001 -8.892049151e+001 +2.9049e-001 -5.8208e-001 -1.1546e-001 +1.3529e-001 +9.2179e-002
5002 0 +1.378388822e+000 -8.895161118e+001 -8.895161118e+001 +2.9604e-001 -5.7889e-001 -1.0512e-001 +1.3639e-001 +9.4733e-002
5102 0 +1.345125458e+000 -8.898487454e+001 -8.898487454e+001 +3.0154e-001 -5.7514e-001 -9.4193e-002 +1.3777e-001 +9.7369e-002
5203 0 +1.312478847e+000 -8.901752115e+001 -8.901752115e+001 +3.0969e-001 -5.7143e-001 -8.0551e-002 +1.3896e-001 +1.0182e-001
5303 0 +1.276584234e+000 -8.905341577e+001 -8.905341577e+001 +3.1991e-001 -5.6575e-001 -6.2340e-002 +1.4037e-001 +1.0687e-001
5403 0 +1.256092871e+000 -8.907390713e+001 -8.907390713e+001 +3.2485e-001 -5.6230e-001 -5.2437e-002 +1.4151e-001 +1.0977e-001
5505 0 +1.224950127e+000 -8.910504987e+001 -8.910504987e+001 +3.3743e-001 -5.5579e-001 -3.1491e-002 +1.4451e-001 +1.1577e-001
6002 0 +1.200022633e+000 -8.912997737e+001 -8.912997737e+001 +3.5285e-001 -5.4663e-001 -4.0735e-003 +1.4903e-001 +1.2408e-001
6802 0 +1.174492960e+000 -8.915550704e+001 -8.915550704e+001 +3.5013e-001 -5.4523e-001 -5.4491e-003 +1.5102e-001 +1.2385e-001
7603 0 +1.147209783e+000 -8.918279022e+001 -8.918279022e+001 +3.4386e-001 -5.4413e-001 -1.0930e-002 +1.5373e-001 +1.2250e-001
% f evaluations | g evaluations | best noise-free fitness - Fopt (6.561000000000e+001) + sum g_i+ | measured fitness | best measured fitness or single-digit g-values | x1 | x2...
1 0 +2.600000000e+001 +9.161000000e+001 +9.161000000e+001 +0.0000e+000 +0.0000e+000 +0.0000e+000 +0.0000e+000 +0.0000e+000
615 0 +2.143351083e+001 +8.704351083e+001 +8.704351083e+001 -1.7270e-001 -1.4838e-001 +2.1295e-001 -2.8268e-002 +1.1140e-001
680 0 +1.958080983e+001 +8.519080983e+001 +8.519080983e+001 +1.9520e-001 -5.2187e-002 +4.6207e-001 +9.4206e-002 -2.9500e-002
737 0 +1.605814189e+001 +8.166814189e+001 +8.166814189e+001 +1.1333e-001 +2.4676e-001 +4.7673e-001 +2.3802e-001 +4.2398e-003
763 0 +6.677071878e+000 +7.228707188e+001 +7.228707188e+001 -1.9814e-001 -3.0912e-002 +6.3472e-001 -1.0841e-001 -5.4696e-002
850 0 +3.771210484e+000 +6.938121048e+001 +6.938121048e+001 -1.5312e-001 -9.2647e-002 +6.0282e-001 -5.4479e-002 -6.2667e-002
999 0 +3.485218292e+000 +6.909521829e+001 +6.909521829e+001 -1.9302e-001 -3.0061e-002 +7.1527e-001 -4.9508e-002 -1.3234e-001
1117 0 +2.399188737e+000 +6.800918874e+001 +6.800918874e+001 -1.6674e-001 -1.6392e-001 +6.7386e-001 +3.1828e-003 -1.4171e-001
1197 0 +1.982266262e+000 +6.759226626e+001 +6.759226626e+001 -1.7286e-001 -1.1990e-001 +6.8203e-001 -4.2105e-002 -1.2379e-001
1330 0 +1.866323934e+000 +6.747632393e+001 +6.747632393e+001 -1.7772e-001 -1.0039e-001 +6.7338e-001 -3.8854e-002 -1.3292e-001
1471 0 +1.838481415e+000 +6.744848142e+001 +6.744848142e+001 -1.7792e-001 -1.1250e-001 +6.7431e-001 -3.9029e-002 -1.3293e-001
1567 0 +1.796517993e+000 +6.740651799e+001 +6.740651799e+001 -2.0069e-001 -1.1517e-001 +6.5921e-001 -5.7035e-003 -1.5262e-001
1620 0 +1.701686307e+000 +6.731168631e+001 +6.731168631e+001 -1.9769e-001 -1.2198e-001 +6.6004e-001 -3.3193e-002 -1.4446e-001
1855 0 +1.670481582e+000 +6.728048158e+001 +6.728048158e+001 -2.0329e-001 -1.1743e-001 +6.6496e-001 -3.9276e-002 -1.5260e-001
1917 0 +1.650609245e+000 +6.726060924e+001 +6.726060924e+001 -2.1013e-001 -1.0888e-001 +6.6093e-001 -4.8005e-002 -1.5121e-001
2126 0 +1.579669555e+000 +6.718966955e+001 +6.718966955e+001 -2.2614e-001 -1.0773e-001 +6.4288e-001 -7.0768e-002 -1.6295e-001
2313 0 +1.542572920e+000 +6.715257292e+001 +6.715257292e+001 -2.4153e-001 -1.0859e-001 +6.3016e-001 -9.3504e-002 -1.7288e-001
2481 0 +1.496646475e+000 +6.710664647e+001 +6.710664647e+001 -2.4076e-001 -1.0975e-001 +6.1871e-001 -1.0504e-001 -1.7675e-001
2562 0 +1.456846533e+000 +6.706684653e+001 +6.706684653e+001 -2.3208e-001 -1.0202e-001 +6.0676e-001 -1.0743e-001 -1.6651e-001
2611 0 +1.430670260e+000 +6.704067026e+001 +6.704067026e+001 -2.3758e-001 -1.0895e-001 +5.9700e-001 -1.1892e-001 -1.7108e-001
2642 0 +1.386591872e+000 +6.699659187e+001 +6.699659187e+001 -2.5414e-001 -1.0450e-001 +5.9819e-001 -1.3793e-001 -1.7316e-001
2711 0 +1.369321878e+000 +6.697932188e+001 +6.697932188e+001 -2.4844e-001 -1.0133e-001 +5.9106e-001 -1.3915e-001 -1.7030e-001
2783 0 +1.312471345e+000 +6.692247134e+001 +6.692247134e+001 -2.5850e-001 -1.0070e-001 +5.7755e-001 -1.5891e-001 -1.7927e-001
2836 0 +1.267285222e+000 +6.687728522e+001 +6.687728522e+001 -2.7455e-001 -9.7287e-002 +5.6225e-001 -1.9753e-001 -1.7978e-001
2912 0 +1.249384546e+000 +6.685938455e+001 +6.685938455e+001 -2.7102e-001 -9.8242e-002 +5.6045e-001 -1.8681e-001 -1.8007e-001
2927 0 +1.224545588e+000 +6.683454559e+001 +6.683454559e+001 -2.8202e-001 -9.9726e-002 +5.4966e-001 -2.1017e-001 -1.8201e-001
2991 0 +1.173155207e+000 +6.678315521e+001 +6.678315521e+001 -2.8365e-001 -9.2322e-002 +5.2482e-001 -2.0563e-001 -1.8023e-001
3002 0 +1.142947887e+000 +6.675294789e+001 +6.675294789e+001 -2.8689e-001 -9.2101e-002 +5.1957e-001 -2.1753e-001 -1.8236e-001
3003 0 +1.096234259e+000 +6.670623426e+001 +6.670623426e+001 -2.9488e-001 -9.5722e-002 +5.0219e-001 -2.3719e-001 -1.8188e-001
3106 0 +1.048492789e+000 +6.665849279e+001 +6.665849279e+001 -3.0101e-001 -9.0070e-002 +4.8372e-001 -2.5034e-001 -1.8440e-001
3145 0 +1.032790226e+000 +6.664279023e+001 +6.664279023e+001 -2.9991e-001 -9.3321e-002 +4.8298e-001 -2.5723e-001 -1.8843e-001
3206 0 +1.004945239e+000 +6.661494524e+001 +6.661494524e+001 -3.0745e-001 -9.0724e-002 +4.6659e-001 -2.6296e-001 -1.8571e-001
3212 0 +9.993462562e-001 +6.660934626e+001 +6.660934626e+001 -3.0928e-001 -9.3263e-002 +4.6355e-001 -2.7234e-001 -1.8606e-001
3309 0 +9.696040824e-001 +6.657960408e+001 +6.657960408e+001 -3.1021e-001 -9.2919e-002 +4.5198e-001 -2.7974e-001 -1.8775e-001
3312 0 +9.546428438e-001 +6.656464284e+001 +6.656464284e+001 -3.1572e-001 -9.2034e-002 +4.4535e-001 -2.8836e-001 -1.8932e-001
3325 0 +9.308005408e-001 +6.654080054e+001 +6.654080054e+001 -3.2236e-001 -8.5882e-002 +4.3790e-001 -2.9065e-001 -2.0070e-001
3404 0 +9.040870361e-001 +6.651408704e+001 +6.651408704e+001 -3.1797e-001 -8.9233e-002 +4.1707e-001 -3.0415e-001 -1.8896e-001
3479 0 +8.823164138e-001 +6.649231641e+001 +6.649231641e+001 -3.2819e-001 -8.9654e-002 +4.0969e-001 -3.1657e-001 -1.9597e-001
3503 0 +8.480007895e-001 +6.645800079e+001 +6.645800079e+001 -3.3260e-001 -8.3873e-002 +3.9842e-001 -3.2444e-001 -1.9931e-001
3603 0 +8.150202613e-001 +6.642502026e+001 +6.642502026e+001 -3.4138e-001 -8.0503e-002 +3.7490e-001 -3.4419e-001 -2.0315e-001
3703 0 +8.038291673e-001 +6.641382917e+001 +6.641382917e+001 -3.4577e-001 -7.8819e-002 +3.6315e-001 -3.5406e-001 -2.0507e-001
3793 0 +7.931371634e-001 +6.640313716e+001 +6.640313716e+001 -3.4562e-001 -7.7013e-002 +3.6507e-001 -3.4944e-001 -2.0471e-001
3943 0 +7.733880694e-001 +6.638338807e+001 +6.638338807e+001 -3.5967e-001 -7.2756e-002 +3.2543e-001 -3.8119e-001 -2.1028e-001
4002 0 +7.576385915e-001 +6.636763859e+001 +6.636763859e+001 -3.5455e-001 -7.4948e-002 +3.3055e-001 -3.7404e-001 -2.0622e-001
4102 0 +7.353078474e-001 +6.634530785e+001 +6.634530785e+001 -3.5640e-001 -7.2715e-002 +3.1988e-001 -3.7933e-001 -2.0506e-001
4205 0 +7.230631993e-001 +6.633306320e+001 +6.633306320e+001 -3.5500e-001 -7.3051e-002 +3.1852e-001 -3.7642e-001 -2.0460e-001
4305 0 +7.078861351e-001 +6.631788614e+001 +6.631788614e+001 -3.5905e-001 -7.0991e-002 +3.0350e-001 -3.8679e-001 -2.0425e-001
4472 0 +6.903297374e-001 +6.630032974e+001 +6.630032974e+001 -3.6128e-001 -6.9547e-002 +2.9004e-001 -3.9362e-001 -2.0360e-001
4530 0 +6.757387767e-001 +6.628573878e+001 +6.628573878e+001 -3.6080e-001 -6.9077e-002 +2.8689e-001 -3.9277e-001 -2.0209e-001
4630 0 +6.490105876e-001 +6.625901059e+001 +6.625901059e+001 -3.6401e-001 -6.6573e-002 +2.6838e-001 -4.0117e-001 -2.0079e-001
4704 0 +6.420085893e-001 +6.625200859e+001 +6.625200859e+001 -3.6366e-001 -6.6409e-002 +2.6592e-001 -4.0103e-001 -1.9986e-001
4803 0 +6.299336166e-001 +6.623993362e+001 +6.623993362e+001 -3.6583e-001 -6.4877e-002 +2.5551e-001 -4.0623e-001 -1.9944e-001
4902 0 +6.149376283e-001 +6.622493763e+001 +6.622493763e+001 -3.6862e-001 -6.2663e-002 +2.4170e-001 -4.1290e-001 -1.9871e-001
4938 0 +6.006536710e-001 +6.621065367e+001 +6.621065367e+001 -3.7199e-001 -6.0355e-002 +2.2439e-001 -4.2140e-001 -1.9791e-001
5053 0 +5.774367543e-001 +6.618743675e+001 +6.618743675e+001 -3.7339e-001 -6.2512e-002 +2.2820e-001 -4.1524e-001 -1.9680e-001
5104 0 +5.745732546e-001 +6.618457325e+001 +6.618457325e+001 -3.7583e-001 -5.9513e-002 +2.1281e-001 -4.2473e-001 -1.9683e-001
5151 0 +5.592322307e-001 +6.616923223e+001 +6.616923223e+001 -3.7752e-001 -5.8645e-002 +2.0317e-001 -4.2757e-001 -1.9544e-001
5209 0 +5.471589028e-001 +6.615715890e+001 +6.615715890e+001 -3.7889e-001 -5.9139e-002 +2.0117e-001 -4.2665e-001 -1.9474e-001
5305 0 +5.361074433e-001 +6.614610744e+001 +6.614610744e+001 -3.8123e-001 -5.7915e-002 +1.9000e-001 -4.3127e-001 -1.9382e-001
5402 0 +5.247846341e-001 +6.613478463e+001 +6.613478463e+001 -3.8297e-001 -5.7460e-002 +1.8278e-001 -4.3323e-001 -1.9291e-001
5423 0 +5.123027216e-001 +6.612230272e+001 +6.612230272e+001 -3.8598e-001 -5.6407e-002 +1.7090e-001 -4.3758e-001 -1.9184e-001
5502 0 +4.989955139e-001 +6.610899551e+001 +6.610899551e+001 -3.8558e-001 -5.6645e-002 +1.7039e-001 -4.3419e-001 -1.9100e-001
5533 0 +4.785663369e-001 +6.608856634e+001 +6.608856634e+001 -3.9014e-001 -5.4791e-002 +1.5042e-001 -4.4069e-001 -1.8931e-001
5704 0 +4.643069793e-001 +6.607430698e+001 +6.607430698e+001 -3.9350e-001 -5.3469e-002 +1.3545e-001 -4.4474e-001 -1.8779e-001
5739 0 +4.545919674e-001 +6.606459197e+001 +6.606459197e+001 -3.9660e-001 -5.2930e-002 +1.2375e-001 -4.4705e-001 -1.8619e-001
5902 0 +4.449179071e-001 +6.605491791e+001 +6.605491791e+001 -4.0157e-001 -5.1090e-002 +1.0219e-001 -4.5336e-001 -1.8408e-001
6627 0 +4.363154800e-001 +6.604631548e+001 +6.604631548e+001 -4.0541e-001 -4.9606e-002 +8.1904e-002 -4.5652e-001 -1.8130e-001
8403 0 +4.263911957e-001 +6.603639120e+001 +6.603639120e+001 -4.0166e-001 -4.9459e-002 +8.7490e-002 -4.5349e-001 -1.8142e-001
% f evaluations | g evaluations | best noise-free fitness - Fopt (9.348200000000e+002) + sum g_i+ | measured fitness | best measured fitness or single-digit g-values | x1 | x2...
1 0 +2.600000000e+001 +9.608200000e+002 +9.608200000e+002 +0.0000e+000 +0.0000e+000 +0.0000e+000 +0.0000e+000 +0.0000e+000
629 0 +1.340564238e+001 +9.482256424e+002 +9.482256424e+002 +6.0904e-001 +5.8635e-001 +2.0996e-001 +8.9748e-002 -1.0981e+000
765 0 +1.211024990e+001 +9.469302499e+002 +9.469302499e+002 +6.2753e-001 +4.2018e-001 +1.5266e-001 +1.2676e-001 -7.9518e-001
829 0 +6.470194909e+000 +9.412901949e+002 +9.412901949e+002 +7.6523e-001 +4.5921e-001 +3.7353e-001 +1.3007e-001 -8.2014e-001
952 0 +4.773187029e+000 +9.395931870e+002 +9.395931870e+002 +7.2883e-001 +4.7374e-001 +3.1444e-001 +5.6848e-002 -8.6422e-001
1395 0 +4.658318530e+000 +9.394783185e+002 +9.394783185e+002 +7.3558e-001 +4.7674e-001 +3.1882e-001 +3.5056e-002 -8.7411e-001
2212 0 +4.566009801e+000 +9.393860098e+002 +9.393860098e+002 +7.1034e-001 +4.6468e-001 +3.3974e-001 +8.6737e-003 -8.6552e-001
2914 0 +4.465303428e+000 +9.392853034e+002 +9.392853034e+002 +6.7153e-001 +3.6379e-001 +3.6758e-001 -6.0385e-002 -8.8676e-001
3307 0 +4.358955627e+000 +9.391789556e+002 +9.391789556e+002 +6.3222e-001 +2.9345e-001 +3.8676e-001 -9.0871e-002 -8.9921e-001
4039 0 +4.263805232e+000 +9.390838052e+002 +9.390838052e+002 +6.0005e-001 +2.4891e-001 +3.9890e-001 -1.1134e-001 -8.9184e-001
4720 0 +4.167841219e+000 +9.389878412e+002 +9.389878412e+002 +5.8032e-001 +2.1241e-001 +3.9959e-001 -1.3565e-001 -8.8018e-001
5219 0 +4.073544144e+000 +9.388935441e+002 +9.388935441e+002 +5.5767e-001 +1.7127e-001 +4.0038e-001 -1.6374e-001 -8.6836e-001
7306 0 +3.981053330e+000 +9.388010533e+002 +9.388010533e+002 +5.1622e-001 +8.8649e-002 +4.0056e-001 -2.2158e-001 -8.4572e-001
% f evaluations | g evaluations | best noise-free fitness - Fopt (-6.371000000000e+001) + sum g_i+ | measured fitness | best measured fitness or single-digit g-values | x1 | x2...
1 0 +2.600000000e+001 -3.771000000e+001 -3.771000000e+001 +0.0000e+000 +0.0000e+000 +0.0000e+000 +0.0000e+000 +0.0000e+000
468 0 +2.058632568e+001 -4.312367432e+001 -4.312367432e+001 -1.8320e-001 +6.7256e-001 +7.3526e-001 +4.6997e-001 -6.1585e-002
471 0 +1.757185014e+001 -4.613814986e+001 -4.613814986e+001 -9.1238e-002 +4.8356e-001 +8.5554e-001 +3.9191e-001 +2.5919e-001
578 0 +1.666059285e+001 -4.704940715e+001 -4.704940715e+001 -3.9808e-001 +6.9082e-001 +6.9383e-001 +6.9408e-001 +2.1095e-001
595 0 +1.449925502e+001 -4.921074498e+001 -4.921074498e+001 -1.6586e-001 +1.9648e-001 +8.2821e-001 +6.0775e-001 +7.1120e-002
671 0 +1.238854975e+001 -5.132145025e+001 -5.132145025e+001 -1.1587e-001 +3.5409e-001 +7.4319e-001 +5.7418e-001 +1.4411e-001
778 0 +1.100602506e+001 -5.270397494e+001 -5.270397494e+001 -4.9201e-001 +5.5851e-001 +5.8407e-001 +5.6824e-001 +1.9399e-001
808 0 +1.059023880e+001 -5.311976120e+001 -5.311976120e+001 -2.6139e-001 +4.9528e-001 +6.2278e-001 +4.6492e-001 +2.2605e-001
838 0 +1.015984463e+001 -5.355015537e+001 -5.355015537e+001 -3.3088e-001 +5.6685e-001 +6.6318e-001 +5.5625e-001 +2.4170e-001
921 0 +6.820500547e+000 -5.688949945e+001 -5.688949945e+001 -4.4656e-001 +4.8428e-001 +6.3453e-001 +5.3562e-001 +1.8603e-001
945 0 +6.370616542e+000 -5.733938346e+001 -5.733938346e+001 -4.1513e-001 +5.0993e-001 +6.6402e-001 +5.7490e-001 +9.9134e-002
971 0 +5.598680170e+000 -5.811131983e+001 -5.811131983e+001 -4.6575e-001 +3.6938e-001 +9.2210e-001 +4.1657e-001 +1.8598e-001
1067 0 +4.829077731e+000 -5.888092227e+001 -5.888092227e+001 -3.5038e-001 +3.0284e-001 +7.6178e-001 +6.0257e-001 +1.5304e-001
1107 0 +4.444576871e+000 -5.926542313e+001 -5.926542313e+001 -3.7591e-001 +3.9402e-001 +7.5982e-001 +5.6070e-001 +1.8459e-001
1145 0 +4.209434711e+000 -5.950056529e+001 -5.950056529e+001 -4.4019e-001 +3.9086e-001 +7.1827e-001 +5.8976e-001 +1.0109e-001
1244 0 +4.037129329e+000 -5.967287067e+001 -5.967287067e+001 -3.7646e-001 +3.4366e-001 +6.6172e-001 +5.3297e-001 +1.6133e-001
1292 0 +3.974624159e+000 -5.973537584e+001 -5.973537584e+001 -4.1351e-001 +3.8440e-001 +7.2834e-001 +5.7512e-001 +1.0848e-001
1444 0 +3.792309543e+000 -5.991769046e+001 -5.991769046e+001 -4.1080e-001 +3.4917e-001 +7.0927e-001 +5.6389e-001 +1.3950e-001
1717 0 +3.712347686e+000 -5.999765231e+001 -5.999765231e+001 -3.8283e-001 +3.2197e-001 +6.6167e-001 +5.7800e-001 +1.4042e-001
1948 0 +3.515002447e+000 -6.019499755e+001 -6.019499755e+001 -3.7934e-001 +2.5908e-001 +5.7663e-001 +6.1255e-001 +1.6727e-001
2027 0 +3.394235661e+000 -6.031576434e+001 -6.031576434e+001 -3.5536e-001 +2.4884e-001 +5.8083e-001 +6.2470e-001 +1.9548e-001
2119 0 +3.359535229e+000 -6.035046477e+001 -6.035046477e+001 -3.4993e-001 +2.3299e-001 +5.4683e-001 +6.3904e-001 +1.9805e-001
2127 0 +3.300959019e+000 -6.040904098e+001 -6.040904098e+001 -3.5261e-001 +2.2192e-001 +5.5050e-001 +6.3643e-001 +2.0890e-001
2207 0 +3.197329988e+000 -6.051267001e+001 -6.051267001e+001 -3.3974e-001 +1.9051e-001 +4.6641e-001 +6.3428e-001 +2.4689e-001
2271 0 +3.123405269e+000 -6.058659473e+001 -6.058659473e+001 -3.4231e-001 +1.9248e-001 +4.9632e-001 +6.2673e-001 +2.4053e-001
2319 0 +3.078803105e+000 -6.063119689e+001 -6.063119689e+001 -3.3566e-001 +1.8323e-001 +4.8808e-001 +6.2359e-001 +2.5097e-001
2341 0 +3.019003613e+000 -6.069099639e+001 -6.069099639e+001 -3.2045e-001 +1.6092e-001 +4.5406e-001 +6.0865e-001 +2.6899e-001
2418 0 +2.889993098e+000 -6.082000690e+001 -6.082000690e+001 -3.2079e-001 +1.3690e-001 +4.3406e-001 +6.1580e-001 +2.8856e-001
2503 0 +2.850461947e+000 -6.085953805e+001 -6.085953805e+001 -3.0972e-001 +1.2326e-001 +4.1444e-001 +6.1338e-001 +2.9836e-001
2504 0 +2.816284706e+000 -6.089371529e+001 -6.089371529e+001 -3.0410e-001 +1.0889e-001 +3.9165e-001 +6.1687e-001 +3.1368e-001
2514 0 +2.667128038e+000 -6.104287196e+001 -6.104287196e+001 -3.0707e-001 +7.1787e-002 +3.7305e-001 +6.1669e-001 +3.4137e-001
2628 0 +2.626949190e+000 -6.108305081e+001 -6.108305081e+001 -2.9998e-001 +6.2568e-002 +3.6747e-001 +6.0996e-001 +3.4486e-001
2704 0 +2.550305955e+000 -6.115969404e+001 -6.115969404e+001 -2.9594e-001 +2.5813e-002 +3.4027e-001 +6.0379e-001 +3.7249e-001
2802 0 +2.417303239e+000 -6.129269676e+001 -6.129269676e+001 -2.7530e-001 -2.1267e-002 +2.7215e-001 +5.7675e-001 +4.1182e-001
2909 0 +2.359592030e+000 -6.135040797e+001 -6.135040797e+001 -2.7095e-001 -4.6515e-002 +2.5555e-001 +5.5674e-001 +4.5417e-001
3009 0 +2.322596179e+000 -6.138740382e+001 -6.138740382e+001 -2.6657e-001 -4.8205e-002 +2.4239e-001 +5.3939e-001 +4.7306e-001
3084 0 +2.280052533e+000 -6.142994747e+001 -6.142994747e+001 -2.7063e-001 -3.9385e-002 +2.5170e-001 +5.5362e-001 +4.4168e-001
3197 0 +2.233273643e+000 -6.147672636e+001 -6.147672636e+001 -2.7256e-001 -3.5864e-002 +2.4770e-001 +5.4488e-001 +4.5080e-001
3310 0 +2.177999255e+000 -6.153200074e+001 -6.153200074e+001 -2.7122e-001 -4.2030e-002 +2.3538e-001 +5.2767e-001 +4.6133e-001
3359 0 +2.108022838e+000 -6.160197716e+001 -6.160197716e+001 -3.0058e-001 -8.1913e-002 +1.7072e-001 +5.0188e-001 +4.8623e-001
3403 0 +2.082603535e+000 -6.162739647e+001 -6.162739647e+001 -2.7929e-001 -6.5652e-002 +1.9542e-001 +5.1089e-001 +4.8212e-001
3416 0 +2.032718696e+000 -6.167728130e+001 -6.167728130e+001 -2.8597e-001 -9.2488e-002 +1.6811e-001 +4.9310e-001 +4.9949e-001
3644 0 +1.992347638e+000 -6.171765236e+001 -6.171765236e+001 -2.9180e-001 -9.3109e-002 +1.5885e-001 +4.8463e-001 +4.9898e-001
3903 0 +1.942999024e+000 -6.176700098e+001 -6.176700098e+001 -2.8991e-001 -9.3628e-002 +1.5429e-001 +4.7441e-001 +5.0143e-001
4111 0 +1.901156080e+000 -6.180884392e+001 -6.180884392e+001 -2.9139e-001 -1.0748e-001 +1.3367e-001 +4.5210e-001 +5.1618e-001
4188 0 +1.859017637e+000 -6.185098236e+001 -6.185098236e+001 -2.8718e-001 -1.1536e-001 +1.1749e-001 +4.4580e-001 +5.1720e-001
4288 0 +1.809097370e+000 -6.190090263e+001 -6.190090263e+001 -2.7945e-001 -1.1379e-001 +1.1291e-001 +4.4048e-001 +5.1099e-001
4359 0 +1.777364146e+000 -6.193263585e+001 -6.193263585e+001 -2.7699e-001 -1.1711e-001 +1.0558e-001 +4.3024e-001 +5.1361e-001
4502 0 +1.735104468e+000 -6.197489553e+001 -6.197489553e+001 -2.6986e-001 -1.2456e-001 +8.5978e-002 +4.1516e-001 +5.1336e-001
4807 0 +1.694757929e+000 -6.201524207e+001 -6.201524207e+001 -2.6154e-001 -1.3995e-001 +5.3469e-002 +3.8497e-001 +5.2160e-001
5650 0 +1.658898361e+000 -6.205110164e+001 -6.205110164e+001 -2.5630e-001 -1.5764e-001 +2.9625e-002 +3.6312e-001 +5.3004e-001
% f evaluations | g evaluations | best noise-free fitness - Fopt (1.000000000000e+003) + sum g_i+ | measured fitness | best measured fitness or single-digit g-values | x1 | x2...
1 0 +2.600000000e+001 +1.026000000e+003 +1.026000000e+003 +0.0000e+000 +0.0000e+000 +0.0000e+000 +0.0000e+000 +0.0000e+000
702 0 +1.961815170e+001 +1.019618152e+003 +1.019618152e+003 -5.5698e-001 -5.1800e-001 +5.2355e-001 +4.8646e-001 +3.5757e-001
708 0 +1.414783607e+001 +1.014147836e+003 +1.014147836e+003 -4.1310e-001 -5.5715e-003 +1.8950e-001 +2.7727e-001 +3.3863e-002
806 0 +9.576820737e+000 +1.009576821e+003 +1.009576821e+003 -5.6806e-001 -1.2104e-001 +3.1396e-001 +3.9347e-001 +2.5591e-001
822 0 +9.443420435e+000 +1.009443420e+003 +1.009443420e+003 -2.7675e-001 +2.8242e-001 -2.7671e-001 -1.4598e-001 -3.2393e-002
865 0 +9.330045483e+000 +1.009330045e+003 +1.009330045e+003 -4.5898e-001 +1.9473e-001 -1.9905e-001 -3.5129e-002 +1.2837e-001
901 0 +6.869757147e+000 +1.006869757e+003 +1.006869757e+003 -3.7065e-001 -1.7913e-001 +3.4642e-001 +2.9390e-001 +1.1418e-001
997 0 +5.059512748e+000 +1.005059513e+003 +1.005059513e+003 -6.5233e-001 +5.0550e-003 +2.5911e-001 +9.5581e-002 +2.1007e-001
1006 0 +4.330133068e+000 +1.004330133e+003 +1.004330133e+003 -4.2419e-001 -1.6337e-001 +3.9783e-001 +1.1574e-001 +1.7335e-001
1009 0 +4.160813274e+000 +1.004160813e+003 +1.004160813e+003 -5.6222e-001 +4.3342e-002 +2.6378e-001 +1.5186e-001 +1.5275e-001
1045 0 +3.670298424e+000 +1.003670298e+003 +1.003670298e+003 -5.6176e-001 -5.6243e-002 +2.7797e-001 +4.7374e-002 +2.6070e-001
1060 0 +2.587084125e+000 +1.002587084e+003 +1.002587084e+003 -6.1155e-001 -5.4515e-002 +2.5680e-001 +1.1519e-001 +2.5399e-001
1150 0 +1.922903357e+000 +1.001922903e+003 +1.001922903e+003 -5.2444e-001 -3.9045e-002 +2.2083e-001 +1.2801e-001 +2.0566e-001
1201 0 +1.902399687e+000 +1.001902400e+003 +1.001902400e+003 -5.4948e-001 -8.9040e-002 +3.0714e-001 +1.7097e-001 +2.0732e-001
1240 0 +1.593885645e+000 +1.001593886e+003 +1.001593886e+003 -5.5558e-001 -7.4193e-002 +2.7760e-001 +1.8209e-001 +2.4349e-001
1558 0 +1.573905004e+000 +1.001573905e+003 +1.001573905e+003 -5.1618e-001 -1.1034e-001 +2.7989e-001 +1.6763e-001 +2.5571e-001
1610 0 +1.511140422e+000 +1.001511140e+003 +1.001511140e+003 -5.5559e-001 -7.2086e-002 +2.7396e-001 +1.8247e-001 +2.7601e-001
1695 0 +1.458349411e+000 +1.001458349e+003 +1.001458349e+003 -5.3615e-001 -9.8312e-002 +2.8381e-001 +1.6023e-001 +2.6154e-001
1873 0 +1.439877904e+000 +1.001439878e+003 +1.001439878e+003 -5.2402e-001 -7.6631e-002 +2.5752e-001 +1.4478e-001 +2.6029e-001
1917 0 +1.410826754e+000 +1.001410827e+003 +1.001410827e+003 -5.2596e-001 -3.4869e-002 +2.3407e-001 +1.3522e-001 +2.5255e-001
1987 0 +1.333151695e+000 +1.001333152e+003 +1.001333152e+003 -5.4347e-001 -5.2483e-002 +2.4540e-001 +1.5104e-001 +2.6637e-001
2110 0 +1.309901021e+000 +1.001309901e+003 +1.001309901e+003 -5.4376e-001 -2.9920e-002 +2.2549e-001 +1.4854e-001 +2.6743e-001
2180 0 +1.258054950e+000 +1.001258055e+003 +1.001258055e+003 -5.5527e-001 -3.5520e-002 +2.1842e-001 +1.3876e-001 +2.8591e-001
2210 0 +1.210680003e+000 +1.001210680e+003 +1.001210680e+003 -5.5622e-001 -1.3078e-002 +2.0142e-001 +1.3714e-001 +2.8236e-001
2302 0 +1.184677177e+000 +1.001184677e+003 +1.001184677e+003 -5.6228e-001 +3.0991e-003 +1.7312e-001 +1.0009e-001 +2.9855e-001
2350 0 +1.171319938e+000 +1.001171320e+003 +1.001171320e+003 -5.5739e-001 +3.6360e-003 +1.8315e-001 +1.3062e-001 +2.8467e-001
2406 0 +1.100641403e+000 +1.001100641e+003 +1.001100641e+003 -5.6560e-001 +1.9894e-002 +1.6126e-001 +1.1037e-001 +3.0080e-001
2456 0 +1.082834415e+000 +1.001082834e+003 +1.001082834e+003 -5.7052e-001 +4.5523e-002 +1.4521e-001 +1.0378e-001 +3.1123e-001
2506 0 +1.061629736e+000 +1.001061630e+003 +1.001061630e+003 -5.7052e-001 +4.5250e-002 +1.3735e-001 +9.7663e-002 +3.1155e-001
2566 0 +9.748655721e-001 +1.000974866e+003 +1.000974866e+003 -5.4119e-001 +6.6682e-002 +9.5204e-002 +8.1430e-002 +2.9014e-001
2612 0 +9.145397769e-001 +1.000914540e+003 +1.000914540e+003 -5.6041e-001 +8.7009e-002 +8.6214e-002 +7.4731e-002 +3.0633e-001
2618 0 +9.115068119e-001 +1.000911507e+003 +1.000911507e+003 -5.5014e-001 +8.2211e-002 +8.7385e-002 +7.3508e-002 +3.0422e-001
2624 0 +8.855257827e-001 +1.000885526e+003 +1.000885526e+003 -5.5724e-001 +8.7603e-002 +8.8630e-002 +6.9370e-002 +2.9954e-001
2715 0 +8.573014872e-001 +1.000857301e+003 +1.000857301e+003 -5.5165e-001 +9.5285e-002 +7.3017e-002 +6.2448e-002 +2.9881e-001
2718 0 +8.376850717e-001 +1.000837685e+003 +1.000837685e+003 -5.4066e-001 +1.0623e-001 +5.4161e-002 +5.2900e-002 +3.0109e-001
2721 0 +8.317126711e-001 +1.000831713e+003 +1.000831713e+003 -5.4314e-001 +1.0664e-001 +5.4994e-002 +5.5845e-002 +2.9255e-001
2804 0 +7.680412079e-001 +1.000768041e+003 +1.000768041e+003 -5.5089e-001 +1.4039e-001 +1.9305e-002 +3.2761e-002 +2.9998e-001
2904 0 +7.255285511e-001 +1.000725529e+003 +1.000725529e+003 -5.4517e-001 +1.6989e-001 -1.8466e-002 +1.2873e-002 +2.9783e-001
2942 0 +7.156382484e-001 +1.000715638e+003 +1.000715638e+003 -5.3241e-001 +1.4904e-001 +4.5261e-004 +1.9031e-002 +2.8862e-001
3004 0 +6.912246291e-001 +1.000691225e+003 +1.000691225e+003 -5.3958e-001 +1.7276e-001 -2.1706e-002 +9.6178e-003 +2.9625e-001
3042 0 +6.383180606e-001 +1.000638318e+003 +1.000638318e+003 -5.2325e-001 +2.0871e-001 -7.2828e-002 -1.8839e-002 +2.8578e-001
3143 0 +6.282386421e-001 +1.000628239e+003 +1.000628239e+003 -5.3083e-001 +2.0599e-001 -5.8134e-002 -1.2189e-002 +2.9166e-001
3212 0 +6.152664679e-001 +1.000615266e+003 +1.000615266e+003 -5.2483e-001 +2.1775e-001 -7.6886e-002 -2.1349e-002 +2.8593e-001
3245 0 +5.986341316e-001 +1.000598634e+003 +1.000598634e+003 -5.2269e-001 +2.0822e-001 -6.6693e-002 -1.8749e-002 +2.8128e-001
3271 0 +5.855662077e-001 +1.000585566e+003 +1.000585566e+003 -5.1808e-001 +2.2705e-001 -8.9329e-002 -2.9058e-002 +2.7995e-001
3315 0 +5.726857541e-001 +1.000572686e+003 +1.000572686e+003 -5.2007e-001 +2.3446e-001 -8.8305e-002 -2.7114e-002 +2.7825e-001
3371 0 +5.506997384e-001 +1.000550700e+003 +1.000550700e+003 -5.1430e-001 +2.4410e-001 -1.0275e-001 -3.6737e-002 +2.7480e-001
3404 0 +5.415211979e-001 +1.000541521e+003 +1.000541521e+003 -5.0988e-001 +2.5951e-001 -1.1966e-001 -4.5896e-002 +2.7025e-001
3426 0 +5.006183575e-001 +1.000500618e+003 +1.000500618e+003 -5.0423e-001 +2.3846e-001 -9.4302e-002 -3.6317e-002 +2.6597e-001
3506 0 +4.880228377e-001 +1.000488023e+003 +1.000488023e+003 -5.0212e-001 +2.5023e-001 -1.0711e-001 -4.2817e-002 +2.6391e-001
3526 0 +4.505945810e-001 +1.000450595e+003 +1.000450595e+003 -4.9117e-001 +2.7018e-001 -1.3331e-001 -5.8969e-002 +2.5619e-001
3603 0 +4.346814720e-001 +1.000434681e+003 +1.000434681e+003 -4.8718e-001 +2.8207e-001 -1.4135e-001 -6.5120e-002 +2.5248e-001
3613 0 +4.237977724e-001 +1.000423798e+003 +1.000423798e+003 -4.8417e-001 +2.8409e-001 -1.4862e-001 -6.9644e-002 +2.5077e-001
3703 0 +4.080432791e-001 +1.000408043e+003 +1.000408043e+003 -4.7575e-001 +3.0824e-001 -1.7249e-001 -8.4289e-002 +2.4391e-001
3709 0 +4.052035719e-001 +1.000405204e+003 +1.000405204e+003 -4.7786e-001 +2.8837e-001 -1.5400e-001 -7.4180e-002 +2.4554e-001
3731 0 +3.959261172e-001 +1.000395926e+003 +1.000395926e+003 -4.7421e-001 +3.0125e-001 -1.6716e-001 -8.1160e-002 +2.4129e-001
3804 0 +3.815687547e-001 +1.000381569e+003 +1.000381569e+003 -4.6976e-001 +2.9731e-001 -1.6500e-001 -8.3397e-002 +2.3958e-001
3805 0 +3.797209271e-001 +1.000379721e+003 +1.000379721e+003 -4.6969e-001 +3.0674e-001 -1.7583e-001 -8.8505e-002 +2.3906e-001
3832 0 +3.691447505e-001 +1.000369145e+003 +1.000369145e+003 -4.6629e-001 +3.0946e-001 -1.7913e-001 -9.2010e-002 +2.3666e-001
3833 0 +3.630486020e-001 +1.000363049e+003 +1.000363049e+003 -4.6389e-001 +3.0824e-001 -1.7696e-001 -9.1636e-002 +2.3393e-001
3904 0 +3.542404077e-001 +1.000354240e+003 +1.000354240e+003 -4.6056e-001 +3.1357e-001 -1.8330e-001 -9.6422e-002 +2.3148e-001
3933 0 +3.405833295e-001 +1.000340583e+003 +1.000340583e+003 -4.5403e-001 +3.2102e-001 -1.9204e-001 -1.0312e-001 +2.2599e-001
4003 0 +3.385291785e-001 +1.000338529e+003 +1.000338529e+003 -4.5320e-001 +3.2226e-001 -1.9391e-001 -1.0430e-001 +2.2537e-001
4004 0 +3.304887543e-001 +1.000330489e+003 +1.000330489e+003 -4.4998e-001 +3.2852e-001 -2.0046e-001 -1.0907e-001 +2.2241e-001
4102 0 +3.142560455e-001 +1.000314256e+003 +1.000314256e+003 -4.3886e-001 +3.4471e-001 -2.1981e-001 -1.2301e-001 +2.1405e-001
4202 0 +2.990443522e-001 +1.000299044e+003 +1.000299044e+003 -4.2338e-001 +3.6382e-001 -2.4150e-001 -1.3950e-001 +2.0081e-001
4307 0 +2.930857849e-001 +1.000293086e+003 +1.000293086e+003 -4.2309e-001 +3.6792e-001 -2.4543e-001 -1.4232e-001 +1.9929e-001
4402 0 +2.880930277e-001 +1.000288093e+003 +1.000288093e+003 -4.2040e-001 +3.7138e-001 -2.4916e-001 -1.4626e-001 +1.9601e-001
4454 0 +2.796572602e-001 +1.000279657e+003 +1.000279657e+003 -4.1261e-001 +3.7079e-001 -2.5206e-001 -1.4617e-001 +1.8915e-001
4502 0 +2.745231382e-001 +1.000274523e+003 +1.000274523e+003 -4.1549e-001 +3.6982e-001 -2.5028e-001 -1.4544e-001 +1.9050e-001
4603 0 +2.651489274e-001 +1.000265149e+003 +1.000265149e+003 -4.0930e-001 +3.7852e-001 -2.6002e-001 -1.5242e-001 +1.8415e-001
4640 0 +2.630200332e-001 +1.000263020e+003 +1.000263020e+003 -4.0594e-001 +3.8230e-001 -2.6438e-001 -1.5588e-001 +1.8106e-001
4803 0 +2.541186287e-001 +1.000254119e+003 +1.000254119e+003 -4.0667e-001 +3.8002e-001 -2.6339e-001 -1.5418e-001 +1.7980e-001
4871 0 +2.511116422e-001 +1.000251112e+003 +1.000251112e+003 -4.0487e-001 +3.8374e-001 -2.6734e-001 -1.5684e-001 +1.7821e-001
4988 0 +2.398063130e-001 +1.000239806e+003 +1.000239806e+003 -3.9961e-001 +3.8929e-001 -2.7471e-001 -1.6230e-001 +1.7161e-001
5104 0 +2.281982481e-001 +1.000228198e+003 +1.000228198e+003 -3.9548e-001 +3.9484e-001 -2.8206e-001 -1.6706e-001 +1.6586e-001
5204 0 +2.235446675e-001 +1.000223545e+003 +1.000223545e+003 -3.9201e-001 +3.9801e-001 -2.8650e-001 -1.6989e-001 +1.6169e-001
5321 0 +2.184536015e-001 +1.000218454e+003 +1.000218454e+003 -3.8814e-001 +4.0176e-001 -2.9169e-001 -1.7317e-001 +1.5684e-001
5407 0 +2.137885619e-001 +1.000213789e+003 +1.000213789e+003 -3.8522e-001 +4.0532e-001 -2.9625e-001 -1.7630e-001 +1.5328e-001
5507 0 +2.078091123e-001 +1.000207809e+003 +1.000207809e+003 -3.7939e-001 +4.1129e-001 -3.0430e-001 -1.8158e-001 +1.4614e-001
5659 0 +2.036799919e-001 +1.000203680e+003 +1.000203680e+003 -3.7696e-001 +4.1445e-001 -3.0828e-001 -1.8446e-001 +1.4299e-001
5802 0 +1.992616826e-001 +1.000199262e+003 +1.000199262e+003 -3.7321e-001 +4.1883e-001 -3.1398e-001 -1.8833e-001 +1.3826e-001
6002 0 +1.949300081e-001 +1.000194930e+003 +1.000194930e+003 -3.6907e-001 +4.2367e-001 -3.2031e-001 -1.9264e-001 +1.3297e-001
6141 0 +1.905381535e-001 +1.000190538e+003 +1.000190538e+003 -3.6415e-001 +4.2943e-001 -3.2781e-001 -1.9773e-001 +1.2676e-001
6306 0 +1.861859212e-001 +1.000186186e+003 +1.000186186e+003 -3.5914e-001 +4.3542e-001 -3.3541e-001 -2.0296e-001 +1.2048e-001
6460 0 +1.818483363e-001 +1.000181848e+003 +1.000181848e+003 -3.5792e-001 +4.3812e-001 -3.3847e-001 -2.0514e-001 +1.1878e-001
6613 0 +1.776124152e-001 +1.000177612e+003 +1.000177612e+003 -3.5517e-001 +4.4230e-001 -3.4352e-001 -2.0866e-001 +1.1520e-001
6804 0 +1.733361393e-001 +1.000173336e+003 +1.000173336e+003 -3.5180e-001 +4.4726e-001 -3.4957e-001 -2.1285e-001 +1.1084e-001
6970 0 +1.697144311e-001 +1.000169714e+003 +1.000169714e+003 -3.4851e-001 +4.5205e-001 -3.5540e-001 -2.1690e-001 +1.0660e-001
7203 0 +1.654047701e-001 +1.000165405e+003 +1.000165405e+003 -3.4415e-001 +4.5860e-001 -3.6333e-001 -2.2243e-001 +1.0095e-001
7402 0 +1.617288145e-001 +1.000161729e+003 +1.000161729e+003 -3.4007e-001 +4.6516e-001 -3.7113e-001 -2.2791e-001 +9.5627e-002
8921 0 +1.584774521e-001 +1.000158477e+003 +1.000158477e+003 -3.3346e-001 +4.7677e-001 -3.8470e-001 -2.3749e-001 +8.6861e-002
% f evaluations | g evaluations | best noise-free fitness - Fopt (3.197000000000e+001) + sum g_i+ | measured fitness | best measured fitness or single-digit g-values | x1 | x2...
1 0 +2.600000000e+001 +5.797000000e+001 +5.797000000e+001 +0.0000e+000 +0.0000e+000 +0.0000e+000 +0.0000e+000 +0.0000e+000
802 0 +1.402890499e+001 +4.599890499e+001 +4.599890499e+001 +2.4026e-001 -7.1084e-001 -8.2252e-001 -2.0340e-001 -3.3747e-001
989 0 +4.854093811e+000 +3.682409381e+001 +3.682409381e+001 +8.2266e-002 -1.0357e+000 -8.3980e-001 -2.5098e-001 -4.7445e-001
1235 0 +4.723670862e+000 +3.669367086e+001 +3.669367086e+001 +1.5141e-002 -9.7179e-001 -8.6949e-001 -2.2626e-001 -4.6908e-001
1245 0 +4.652794381e+000 +3.662279438e+001 +3.662279438e+001 +5.8667e-002 -1.0362e+000 -8.4912e-001 -2.5558e-001 -4.6497e-001
1466 0 +4.512067709e+000 +3.648206771e+001 +3.648206771e+001 +6.4422e-002 -1.0525e+000 -8.0074e-001 -2.4234e-001 -4.5284e-001
1887 0 +4.466472525e+000 +3.643647253e+001 +3.643647253e+001 +5.4587e-002 -1.0281e+000 -8.2991e-001 -2.4487e-001 -4.5941e-001
3060 0 +4.363855965e+000 +3.633385597e+001 +3.633385597e+001 +4.7055e-002 -9.8532e-001 -8.9905e-001 -2.0994e-001 -4.6586e-001
3702 0 +4.261363255e+000 +3.623136326e+001 +3.623136326e+001 +4.6035e-002 -9.1448e-001 -9.9804e-001 -1.8017e-001 -4.6087e-001
4703 0 +4.162311650e+000 +3.613231165e+001 +3.613231165e+001 +5.4686e-002 -8.1187e-001 -1.1080e+000 -1.4731e-001 -4.5355e-001
% f evaluations | g evaluations | best noise-free fitness - Fopt (5.819000000000e+001) + sum g_i+ | measured fitness | best measured fitness or single-digit g-values | x1 | x2...
1 0 +2.600000000e+001 +8.419000000e+001 +8.419000000e+001 +0.0000e+000 +0.0000e+000 +0.0000e+000 +0.0000e+000 +0.0000e+000
423 0 +1.351966764e+001 +7.170966764e+001 +7.170966764e+001 +3.9105e-001 +1.2313e-001 +1.2109e+000 -4.6562e-001 -3.8710e-001
675 0 +1.185286679e+001 +7.004286679e+001 +7.004286679e+001 +4.6461e-001 +4.1380e-001 +1.0052e+000 -2.4619e-001 -9.8167e-002
706 0 +1.071835913e+001 +6.890835913e+001 +6.890835913e+001 +4.6098e-001 +3.7507e-001 +1.0082e+000 -2.4899e-001 -1.1479e-001
817 0 +8.623889886e+000 +6.681388989e+001 +6.681388989e+001 +4.4906e-001 +2.9143e-001 +1.0737e+000 -3.3076e-001 -1.5250e-001
854 0 +6.954566880e+000 +6.514456688e+001 +6.514456688e+001 +2.4802e-001 +3.7023e-001 +1.0963e+000 -5.2287e-001 -2.2422e-001
915 0 +5.459120272e+000 +6.364912027e+001 +6.364912027e+001 +4.8491e-001 +3.3392e-001 +9.8036e-001 -5.5363e-001 -3.1903e-001
1129 0 +5.304480366e+000 +6.349448037e+001 +6.349448037e+001 +4.4630e-001 +3.7368e-001 +1.0478e+000 -4.8781e-001 -3.4507e-001
1215 0 +4.988116245e+000 +6.317811625e+001 +6.317811625e+001 +4.5182e-001 +3.4265e-001 +9.9935e-001 -5.3456e-001 -3.2317e-001
1224 0 +4.699242884e+000 +6.288924288e+001 +6.288924288e+001 +4.2174e-001 +3.3401e-001 +1.0147e+000 -5.0813e-001 -3.1741e-001
1517 0 +4.639065076e+000 +6.282906508e+001 +6.282906508e+001 +3.9902e-001 +3.3857e-001 +1.0246e+000 -5.0356e-001 -2.8561e-001
2610 0 +4.569003087e+000 +6.275900309e+001 +6.275900309e+001 +4.7178e-001 +2.9792e-001 +9.9818e-001 -4.5506e-001 -2.7980e-001
3047 0 +4.466638645e+000 +6.265663865e+001 +6.265663865e+001 +5.4895e-001 +2.4362e-001 +9.5920e-001 -4.1562e-001 -2.6219e-001
3355 0 +4.339406451e+000 +6.252940645e+001 +6.252940645e+001 +6.0386e-001 +1.7079e-001 +9.0270e-001 -3.4884e-001 -2.4755e-001
3703 0 +4.258398133e+000 +6.244839813e+001 +6.244839813e+001 +6.4226e-001 +1.4251e-001 +8.5902e-001 -3.0719e-001 -2.5040e-001
4207 0 +4.167133848e+000 +6.235713385e+001 +6.235713385e+001 +6.6407e-001 +1.1767e-001 +8.2318e-001 -2.8925e-001 -2.4373e-001
5405 0 +4.073730676e+000 +6.226373068e+001 +6.226373068e+001 +6.7934e-001 +8.0214e-002 +7.5416e-001 -2.5824e-001 -2.3575e-001
% f evaluations | g evaluations | best noise-free fitness - Fopt (-4.840000000000e+000) + sum g_i+ | measured fitness | best measured fitness or single-digit g-values | x1 | x2...
1 0 +2.600000000e+001 +2.116000000e+001 +2.116000000e+001 +0.0000e+000 +0.0000e+000 +0.0000e+000 +0.0000e+000 +0.0000e+000
697 0 +1.876463649e+001 +1.392463649e+001 +1.392463649e+001 -4.3508e-002 +1.9145e+000 +1.7980e+000 +2.7653e-001 -1.0636e+000
829 0 +1.209569381e+001 +7.255693813e+000 +7.255693813e+000 -4.9119e-002 +2.2376e+000 +1.8963e+000 +2.2291e-001 -1.2038e+000
1076 0 +7.637887822e+000 +2.797887822e+000 +2.797887822e+000 +3.8018e-003 +2.0198e+000 +1.9000e+000 +3.3740e-001 -1.0249e+000
1197 0 +5.482208420e+000 +6.422084202e-001 +6.422084202e-001 +8.5818e-003 +2.0337e+000 +1.8885e+000 +3.6478e-001 -1.0401e+000
1473 0 +5.303346316e+000 +4.633463156e-001 +4.633463156e-001 +1.0177e-002 +2.0528e+000 +1.9042e+000 +3.7672e-001 -1.0568e+000
1676 0 +5.166788557e+000 +3.267885568e-001 +3.267885568e-001 +3.3312e-003 +2.0622e+000 +1.9062e+000 +3.6413e-001 -1.0546e+000
1742 0 +4.807706504e+000 -3.229349648e-002 -3.229349648e-002 +4.9622e-003 +2.0410e+000 +1.9047e+000 +4.0218e-001 -1.0175e+000
1869 0 +4.750174064e+000 -8.982593581e-002 -8.982593581e-002 -5.0256e-004 +2.0138e+000 +1.8911e+000 +4.0798e-001 -1.0027e+000
2453 0 +4.656460944e+000 -1.835390556e-001 -1.835390556e-001 +1.8031e-003 +1.9830e+000 +1.8701e+000 +4.1624e-001 -9.7123e-001
3830 0 +4.567571079e+000 -2.724289208e-001 -2.724289208e-001 -7.3536e-003 +1.8500e+000 +1.8166e+000 +4.6016e-001 -8.7542e-001
4446 0 +4.466364361e+000 -3.736356391e-001 -3.736356391e-001 -1.1296e-002 +1.6926e+000 +1.7645e+000 +5.1756e-001 -7.6015e-001
4932 0 +4.348405653e+000 -4.915943474e-001 -4.915943474e-001 -1.6979e-002 +1.4814e+000 +1.6872e+000 +5.9133e-001 -6.0585e-001
5408 0 +4.264773799e+000 -5.752262009e-001 -5.752262009e-001 -1.9820e-002 +1.3140e+000 +1.6213e+000 +6.4841e-001 -4.8765e-001
% f evaluations | g evaluations | best noise-free fitness - Fopt (-6.337000000000e+001) + sum g_i+ | measured fitness | best measured fitness or single-digit g-values | x1 | x2...
1 0 +2.600000000e+001 -3.737000000e+001 -3.737000000e+001 +0.0000e+000 +0.0000e+000 +0.0000e+000 +0.0000e+000 +0.0000e+000
950 0 +2.421644014e+001 -3.915355986e+001 -3.915355986e+001 +1.8728e+000 -2.2285e+000 +2.1991e-001 -8.8718e-001 -9.6577e-001
1008 0 +1.817173790e+001 -4.519826210e+001 -4.519826210e+001 +1.8107e+000 -2.1952e+000 +1.6562e-001 -8.9945e-001 -9.3108e-001
1062 0 +8.527798346e+000 -5.484220165e+001 -5.484220165e+001 +1.9857e+000 -2.2912e+000 +1.0396e-001 -1.0258e+000 -9.7453e-001
1278 0 +6.461905192e+000 -5.690809481e+001 -5.690809481e+001 +1.9856e+000 -2.3433e+000 +2.3196e-002 -1.0249e+000 -9.6828e-001
1353 0 +5.255385603e+000 -5.811461440e+001 -5.811461440e+001 +1.9654e+000 -2.3281e+000 +4.7048e-002 -1.0278e+000 -9.3235e-001
1493 0 +5.211926044e+000 -5.815807396e+001 -5.815807396e+001 +1.9602e+000 -2.3239e+000 +5.8156e-002 -1.0243e+000 -9.4063e-001
1723 0 +5.117681414e+000 -5.825231859e+001 -5.825231859e+001 +2.0008e+000 -2.3486e+000 +4.0672e-002 -1.0204e+000 -9.5304e-001
1827 0 +4.993289140e+000 -5.837671086e+001 -5.837671086e+001 +1.9985e+000 -2.3406e+000 +4.5922e-002 -1.0233e+000 -9.5236e-001
4319 0 +4.896061930e+000 -5.847393807e+001 -5.847393807e+001 +1.9641e+000 -2.2670e+000 +3.8627e-002 -1.0351e+000 -9.2194e-001
5607 0 +4.785767113e+000 -5.858423289e+001 -5.858423289e+001 +1.8963e+000 -2.0873e+000 +2.0740e-003 -1.0554e+000 -8.5185e-001
7060 0 +4.677259796e+000 -5.869274020e+001 -5.869274020e+001 +1.7996e+000 -1.8309e+000 -4.8488e-002 -1.0806e+000 -7.5099e-001
% f evaluations | g evaluations | best noise-free fitness - Fopt (2.750000000000e+000) + sum g_i+ | measured fitness | best measured fitness or single-digit g-values | x1 | x2...
1 0 +2.600000000e+001 +2.875000000e+001 +2.875000000e+001 +0.0000e+000 +0.0000e+000 +0.0000e+000 +0.0000e+000 +0.0000e+000
528 0 +1.759295102e+001 +2.034295102e+001 +2.034295102e+001 -1.0324e-001 +1.9750e-001 -3.7243e-001 -9.2364e-001 -1.3383e-001
765 0 +1.704730800e+001 +1.979730800e+001 +1.979730800e+001 -1.1064e-001 +1.9985e-001 -3.7324e-001 -9.1438e-001 -1.3880e-001
835 0 +1.083739241e+001 +1.358739241e+001 +1.358739241e+001 -1.7594e-001 +1.0451e-001 -1.8212e-001 -6.6461e-001 -2.3682e-001
864 0 +6.268560444e+000 +9.018560444e+000 +9.018560444e+000 -3.1739e-001 +2.3379e-001 -8.0134e-002 -7.1677e-001 -2.7894e-002
935 0 +6.067621467e+000 +8.817621467e+000 +8.817621467e+000 -4.2229e-001 +1.8265e-001 -7.6378e-002 -7.5013e-001 -1.2969e-001
1003 0 +4.477248426e+000 +7.227248426e+000 +7.227248426e+000 -2.3988e-001 +2.3368e-001 -1.8191e-001 -6.9679e-001 -1.7597e-001
1103 0 +4.075031835e+000 +6.825031835e+000 +6.825031835e+000 -3.3000e-001 +2.5533e-001 -1.3509e-001 -7.6339e-001 -9.7267e-002
1123 0 +3.056071973e+000 +5.806071973e+000 +5.806071973e+000 -3.3085e-001 +2.7533e-001 -1.6185e-001 -7.0777e-001 -1.5333e-001
1403 0 +2.997759135e+000 +5.747759135e+000 +5.747759135e+000 -3.2328e-001 +2.7079e-001 -1.6476e-001 -6.8150e-001 -1.7727e-001
1408 0 +2.919734499e+000 +5.669734499e+000 +5.669734499e+000 -3.3392e-001 +2.8411e-001 -1.3909e-001 -6.9576e-001 -1.7896e-001
1498 0 +2.798075378e+000 +5.548075378e+000 +5.548075378e+000 -3.5768e-001 +2.7558e-001 -1.7328e-001 -6.8574e-001 -1.7872e-001
1726 0 +2.738593644e+000 +5.488593644e+000 +5.488593644e+000 -3.7922e-001 +2.7168e-001 -1.7007e-001 -6.9032e-001 -1.8414e-001
1915 0 +2.682986326e+000 +5.432986326e+000 +5.432986326e+000 -3.7991e-001 +2.6237e-001 -1.6985e-001 -6.6782e-001 -1.9409e-001
1999 0 +2.626676680e+000 +5.376676680e+000 +5.376676680e+000 -3.8545e-001 +2.5622e-001 -1.8453e-001 -6.4732e-001 -1.9291e-001
2119 0 +2.532659700e+000 +5.282659700e+000 +5.282659700e+000 -4.0605e-001 +2.4103e-001 -1.9738e-001 -6.2301e-001 -2.0241e-001
2219 0 +2.466352962e+000 +5.216352962e+000 +5.216352962e+000 -4.2349e-001 +2.2262e-001 -2.1559e-001 -5.9965e-001 -2.0753e-001
2319 0 +2.447218121e+000 +5.197218121e+000 +5.197218121e+000 -4.3221e-001 +2.1341e-001 -2.2469e-001 -5.8797e-001 -2.1009e-001
2418 0 +2.392365628e+000 +5.142365628e+000 +5.142365628e+000 -4.3724e-001 +2.1822e-001 -2.2918e-001 -5.8111e-001 -2.0836e-001
2531 0 +2.343912301e+000 +5.093912301e+000 +5.093912301e+000 -4.5524e-001 +2.0720e-001 -2.4414e-001 -5.5480e-001 -2.1753e-001
2577 0 +2.257174051e+000 +5.007174051e+000 +5.007174051e+000 -4.5907e-001 +1.9372e-001 -2.4847e-001 -4.9952e-001 -2.2664e-001
2675 0 +2.235158584e+000 +4.985158584e+000 +4.985158584e+000 -4.6014e-001 +2.0153e-001 -2.5141e-001 -5.0411e-001 -2.2179e-001
2803 0 +2.183952376e+000 +4.933952376e+000 +4.933952376e+000 -4.7529e-001 +1.8938e-001 -2.7026e-001 -4.6211e-001 -2.2730e-001
2900 0 +2.113112240e+000 +4.863112240e+000 +4.863112240e+000 -4.7132e-001 +1.7288e-001 -2.7458e-001 -4.6882e-001 -2.1827e-001
2926 0 +2.084569630e+000 +4.834569630e+000 +4.834569630e+000 -4.7389e-001 +1.7010e-001 -2.8087e-001 -4.5472e-001 -2.2199e-001
2929 0 +2.040515910e+000 +4.790515910e+000 +4.790515910e+000 -4.6146e-001 +1.6541e-001 -2.8716e-001 -4.4123e-001 -2.2460e-001
3083 0 +1.941704746e+000 +4.691704746e+000 +4.691704746e+000 -4.7454e-001 +1.4670e-001 -3.0810e-001 -4.0054e-001 -2.2554e-001
3138 0 +1.883125494e+000 +4.633125494e+000 +4.633125494e+000 -4.6929e-001 +1.3733e-001 -3.1731e-001 -3.8880e-001 -2.2362e-001
3202 0 +1.845630982e+000 +4.595630982e+000 +4.595630982e+000 -4.7362e-001 +1.2714e-001 -3.2950e-001 -3.6100e-001 -2.2850e-001
3222 0 +1.804881388e+000 +4.554881388e+000 +4.554881388e+000 -4.7397e-001 +1.2213e-001 -3.3632e-001 -3.4961e-001 -2.2674e-001
3302 0 +1.773906106e+000 +4.523906106e+000 +4.523906106e+000 -4.8067e-001 +1.1113e-001 -3.4981e-001 -3.2420e-001 -2.2916e-001
3350 0 +1.731426402e+000 +4.481426402e+000 +4.481426402e+000 -4.7778e-001 +1.0986e-001 -3.5149e-001 -3.2441e-001 -2.2321e-001
3411 0 +1.694263466e+000 +4.444263466e+000 +4.444263466e+000 -4.8109e-001 +9.8598e-002 -3.6414e-001 -3.0110e-001 -2.2390e-001
3435 0 +1.648693942e+000 +4.398693942e+000 +4.398693942e+000 -4.7512e-001 +8.8867e-002 -3.6616e-001 -2.9968e-001 -2.1958e-001
3504 0 +1.615750859e+000 +4.365750859e+000 +4.365750859e+000 -4.8049e-001 +8.3974e-002 -3.7988e-001 -2.7537e-001 -2.1754e-001
3605 0 +1.549987963e+000 +4.299987963e+000 +4.299987963e+000 -4.7691e-001 +7.2447e-002 -3.9171e-001 -2.5509e-001 -2.1263e-001
3705 0 +1.517725643e+000 +4.267725643e+000 +4.267725643e+000 -4.7603e-001 +6.4650e-002 -4.0058e-001 -2.4042e-001 -2.1077e-001
3716 0 +1.454875614e+000 +4.204875614e+000 +4.204875614e+000 -4.7284e-001 +3.9561e-002 -4.2968e-001 -2.1361e-001 -2.1701e-001
3804 0 +1.438681365e+000 +4.188681365e+000 +4.188681365e+000 -4.7188e-001 +3.7416e-002 -4.3175e-001 -2.0943e-001 -2.1558e-001
3903 0 +1.412224871e+000 +4.162224871e+000 +4.162224871e+000 -4.7052e-001 +3.3264e-002 -4.3516e-001 -2.0311e-001 -2.1246e-001
4172 0 +1.373565259e+000 +4.123565259e+000 +4.123565259e+000 -4.6346e-001 +3.0318e-002 -4.3901e-001 -2.0514e-001 -2.1024e-001
4206 0 +1.347518782e+000 +4.097518782e+000 +4.097518782e+000 -4.5611e-001 +2.9380e-003 -4.7184e-001 -1.6019e-001 -2.0784e-001
4406 0 +1.312304646e+000 +4.062304646e+000 +4.062304646e+000 -4.5324e-001 +8.9891e-003 -4.6678e-001 -1.6649e-001 -2.0565e-001
4704 0 +1.287444095e+000 +4.037444095e+000 +4.037444095e+000 -4.4767e-001 +3.6476e-003 -4.7630e-001 -1.4980e-001 -2.0039e-001
8004 0 +1.258753676e+000 +4.008753676e+000 +4.008753676e+000 -4.3540e-001 -2.1037e-003 -4.8177e-001 -1.4725e-001 -1.8959e-001
% f evaluations | g evaluations | best noise-free fitness - Fopt (-4.681000000000e+001) + sum g_i+ | measured fitness | best measured fitness or single-digit g-values | x1 | x2...
1 0 +2.600000000e+001 -2.081000000e+001 -2.081000000e+001 +0.0000e+000 +0.0000e+000 +0.0000e+000 +0.0000e+000 +0.0000e+000
583 0 +1.536860264e+001 -3.144139736e+001 -3.144139736e+001 -3.4633e-001 -3.2708e-001 -1.9141e-002 +7.0305e-001 -6.0896e-001
651 0 +8.637221185e+000 -3.817277882e+001 -3.817277882e+001 -1.0727e-001 -2.5870e-001 -2.5909e-002 +3.1969e-001 -6.8018e-001
655 0 +7.917968757e+000 -3.889203124e+001 -3.889203124e+001 -1.9304e-001 -2.4116e-001 +4.8177e-002 +5.8457e-001 -7.0534e-001
881 0 +7.048619624e+000 -3.976138038e+001 -3.976138038e+001 -3.4258e-001 -3.8660e-001 +1.6942e-001 +5.5697e-001 -7.7299e-001
932 0 +5.755692591e+000 -4.105430741e+001 -4.105430741e+001 -2.4027e-001 -4.3696e-001 +2.0879e-001 +4.2839e-001 -7.3376e-001
1049 0 +4.422791681e+000 -4.238720832e+001 -4.238720832e+001 -1.9196e-001 -3.7885e-001 +1.8125e-001 +4.5156e-001 -6.8035e-001
1157 0 +3.666179135e+000 -4.314382086e+001 -4.314382086e+001 -2.0835e-001 -3.8275e-001 +1.2989e-001 +3.9205e-001 -7.1187e-001
1206 0 +3.029928116e+000 -4.378007188e+001 -4.378007188e+001 -1.7657e-001 -3.6050e-001 +1.1109e-001 +3.6821e-001 -6.0906e-001
1372 0 +2.814190567e+000 -4.399580943e+001 -4.399580943e+001 -2.0199e-001 -3.7602e-001 +1.0388e-001 +3.5662e-001 -5.9668e-001
1458 0 +2.662919094e+000 -4.414708091e+001 -4.414708091e+001 -2.1429e-001 -3.8547e-001 +1.2089e-001 +3.3479e-001 -6.3968e-001
1621 0 +2.620784543e+000 -4.418921546e+001 -4.418921546e+001 -2.2732e-001 -4.2743e-001 +1.4197e-001 +2.7752e-001 -6.0867e-001
1719 0 +2.555328703e+000 -4.425467130e+001 -4.425467130e+001 -2.2483e-001 -4.0586e-001 +1.2010e-001 +3.2554e-001 -5.9723e-001
1785 0 +2.485188530e+000 -4.432481147e+001 -4.432481147e+001 -2.0279e-001 -3.9947e-001 +1.2735e-001 +3.0982e-001 -6.0535e-001
1922 0 +2.443813552e+000 -4.436618645e+001 -4.436618645e+001 -1.6621e-001 -4.3936e-001 +1.5759e-001 +2.2595e-001 -5.6003e-001
2003 0 +2.336689296e+000 -4.447331070e+001 -4.447331070e+001 -1.5850e-001 -4.5273e-001 +1.4388e-001 +1.7237e-001 -5.3503e-001
2065 0 +2.246941257e+000 -4.456305874e+001 -4.456305874e+001 -1.7290e-001 -4.4625e-001 +1.3010e-001 +2.4283e-001 -5.5188e-001
2119 0 +2.229438676e+000 -4.458056132e+001 -4.458056132e+001 -1.5382e-001 -4.4744e-001 +1.4426e-001 +2.2113e-001 -5.3771e-001
2153 0 +2.171731120e+000 -4.463826888e+001 -4.463826888e+001 -1.3142e-001 -4.5915e-001 +1.2381e-001 +1.9883e-001 -5.2038e-001
2219 0 +2.121654098e+000 -4.468834590e+001 -4.468834590e+001 -1.4024e-001 -4.6392e-001 +1.4320e-001 +1.9087e-001 -5.2705e-001
2240 0 +2.071828469e+000 -4.473817153e+001 -4.473817153e+001 -1.4265e-001 -4.7203e-001 +1.4040e-001 +1.9080e-001 -5.2083e-001
2308 0 +2.011568798e+000 -4.479843120e+001 -4.479843120e+001 -1.3677e-001 -4.8198e-001 +1.4388e-001 +1.6616e-001 -5.0711e-001
2310 0 +1.903236444e+000 -4.490676356e+001 -4.490676356e+001 -1.2071e-001 -5.0895e-001 +1.5230e-001 +1.3815e-001 -4.8654e-001
2410 0 +1.812687711e+000 -4.499731229e+001 -4.499731229e+001 -1.0651e-001 -5.3405e-001 +1.5764e-001 +1.0580e-001 -4.6227e-001
2502 0 +1.767001991e+000 -4.504299801e+001 -4.504299801e+001 -9.7716e-002 -5.5122e-001 +1.5593e-001 +8.8202e-002 -4.4806e-001
2511 0 +1.724602185e+000 -4.508539781e+001 -4.508539781e+001 -8.5253e-002 -5.4751e-001 +1.6387e-001 +6.0686e-002 -4.2595e-001
2606 0 +1.688483617e+000 -4.512151638e+001 -4.512151638e+001 -7.9704e-002 -5.5739e-001 +1.5557e-001 +6.1950e-002 -4.2460e-001
2614 0 +1.650443407e+000 -4.515955659e+001 -4.515955659e+001 -7.7860e-002 -5.5034e-001 +1.5373e-001 +4.8133e-002 -4.3079e-001
2620 0 +1.621472197e+000 -4.518852780e+001 -4.518852780e+001 -9.8656e-002 -5.9262e-001 +1.5083e-001 -9.2548e-003 -3.6424e-001
2629 0 +1.542996312e+000 -4.526700369e+001 -4.526700369e+001 -7.1210e-002 -5.5915e-001 +1.5759e-001 +1.9960e-002 -3.9229e-001
2716 0 +1.507499241e+000 -4.530250076e+001 -4.530250076e+001 -6.5550e-002 -5.6797e-001 +1.5873e-001 +4.0170e-003 -3.8162e-001
2720 0 +1.398818134e+000 -4.541118187e+001 -4.541118187e+001 -6.3514e-002 -5.9628e-001 +1.5690e-001 -3.6308e-002 -3.4271e-001
2802 0 +1.351172808e+000 -4.545882719e+001 -4.545882719e+001 -5.6903e-002 -5.9738e-001 +1.5743e-001 -5.2201e-002 -3.2986e-001
2810 0 +1.330830675e+000 -4.547916933e+001 -4.547916933e+001 -5.4049e-002 -5.9495e-001 +1.5614e-001 -5.4476e-002 -3.2723e-001
2902 0 +1.302100501e+000 -4.550789950e+001 -4.550789950e+001 -4.9577e-002 -6.1350e-001 +1.5324e-001 -9.2937e-002 -2.9151e-001
3008 0 +1.285830559e+000 -4.552416944e+001 -4.552416944e+001 -4.6984e-002 -6.1037e-001 +1.5333e-001 -8.3448e-002 -2.9174e-001
3112 0 +1.258439276e+000 -4.555156072e+001 -4.555156072e+001 -5.5531e-002 -6.0837e-001 +1.5186e-001 -1.1735e-001 -2.6035e-001
3227 0 +1.219339676e+000 -4.559066032e+001 -4.559066032e+001 -3.8726e-002 -6.1450e-001 +1.5652e-001 -1.1424e-001 -2.6157e-001
3239 0 +1.183772787e+000 -4.562622721e+001 -4.562622721e+001 -2.9944e-002 -6.1555e-001 +1.5485e-001 -1.2029e-001 -2.4510e-001
3333 0 +1.156395302e+000 -4.565360470e+001 -4.565360470e+001 -4.0916e-002 -6.0404e-001 +1.5075e-001 -1.0866e-001 -2.5907e-001
3419 0 +1.142650211e+000 -4.566734979e+001 -4.566734979e+001 -3.5011e-002 -6.0810e-001 +1.5303e-001 -1.1893e-001 -2.4774e-001
3505 0 +1.116219636e+000 -4.569378036e+001 -4.569378036e+001 -2.6297e-002 -6.0876e-001 +1.4540e-001 -1.2950e-001 -2.3270e-001
3553 0 +1.090003074e+000 -4.571999693e+001 -4.571999693e+001 -2.3198e-002 -6.1129e-001 +1.5079e-001 -1.4306e-001 -2.1902e-001
3613 0 +1.067540204e+000 -4.574245980e+001 -4.574245980e+001 -2.4126e-002 -6.0611e-001 +1.4981e-001 -1.3726e-001 -2.2160e-001
3708 0 +1.040236063e+000 -4.576976394e+001 -4.576976394e+001 -2.2090e-002 -6.0366e-001 +1.4827e-001 -1.4140e-001 -2.1431e-001
3710 0 +1.021881573e+000 -4.578811843e+001 -4.578811843e+001 -1.5486e-002 -6.0302e-001 +1.4951e-001 -1.4910e-001 -2.0467e-001
3802 0 +9.898862352e-001 -4.582011376e+001 -4.582011376e+001 -2.0187e-002 -5.9575e-001 +1.4786e-001 -1.5726e-001 -1.9360e-001
3810 0 +9.766056129e-001 -4.583339439e+001 -4.583339439e+001 -9.7733e-003 -5.9756e-001 +1.4916e-001 -1.6126e-001 -1.8698e-001
3947 0 +9.547339049e-001 -4.585526610e+001 -4.585526610e+001 -1.2096e-002 -5.9118e-001 +1.4683e-001 -1.6400e-001 -1.8188e-001
4006 0 +9.231683664e-001 -4.588683163e+001 -4.588683163e+001 -4.3458e-004 -5.9212e-001 +1.4744e-001 -1.8278e-001 -1.5692e-001
4089 0 +9.036233923e-001 -4.590637661e+001 -4.590637661e+001 -4.0947e-003 -5.8951e-001 +1.4537e-001 -1.7505e-001 -1.6069e-001
4106 0 +8.865216471e-001 -4.592347835e+001 -4.592347835e+001 +3.0690e-004 -5.8849e-001 +1.4482e-001 -1.8290e-001 -1.5008e-001
4203 0 +8.695402134e-001 -4.594045979e+001 -4.594045979e+001 +4.0703e-005 -5.8864e-001 +1.4328e-001 -1.8974e-001 -1.4040e-001
4269 0 +8.506274321e-001 -4.595937257e+001 -4.595937257e+001 +7.7115e-003 -5.9084e-001 +1.4359e-001 -1.9707e-001 -1.2872e-001
4303 0 +8.301948482e-001 -4.597980515e+001 -4.597980515e+001 +6.3434e-003 -5.8508e-001 +1.4105e-001 -2.0372e-001 -1.1774e-001
4402 0 +8.034290260e-001 -4.600657097e+001 -4.600657097e+001 +8.6617e-003 -5.8139e-001 +1.3924e-001 -2.0024e-001 -1.1475e-001
4499 0 +7.911356515e-001 -4.601886435e+001 -4.601886435e+001 +1.4909e-002 -5.8186e-001 +1.3847e-001 -2.1009e-001 -1.0453e-001
4502 0 +7.745521395e-001 -4.603544786e+001 -4.603544786e+001 +1.6729e-002 -5.8031e-001 +1.3742e-001 -2.1208e-001 -9.8460e-002
4597 0 +7.554647749e-001 -4.605453523e+001 -4.605453523e+001 +2.0121e-002 -5.7899e-001 +1.3612e-001 -2.1932e-001 -8.6786e-002
4620 0 +7.410887695e-001 -4.606891123e+001 -4.606891123e+001 +2.4655e-002 -5.7786e-001 +1.3521e-001 -2.2530e-001 -7.7846e-002
4643 0 +7.226397916e-001 -4.608736021e+001 -4.608736021e+001 +2.8667e-002 -5.7511e-001 +1.3329e-001 -2.3785e-001 -5.9236e-002
4719 0 +7.077641404e-001 -4.610223586e+001 -4.610223586e+001 +3.2191e-002 -5.7369e-001 +1.3204e-001 -2.4357e-001 -4.9369e-002
4804 0 +6.812316809e-001 -4.612876832e+001 -4.612876832e+001 +4.1225e-002 -5.7106e-001 +1.3040e-001 -2.5751e-001 -2.6224e-002
4904 0 +6.702355067e-001 -4.613976449e+001 -4.613976449e+001 +4.5570e-002 -5.6866e-001 +1.2853e-001 -2.6616e-001 -1.2208e-002
4918 0 +6.588170467e-001 -4.615118295e+001 -4.615118295e+001 +4.5977e-002 -5.6563e-001 +1.2728e-001 -2.6771e-001 -6.5946e-003
5104 0 +6.449614539e-001 -4.616503855e+001 -4.616503855e+001 +5.0173e-002 -5.6231e-001 +1.2544e-001 -2.7495e-001 +7.3979e-003
5207 0 +6.276062265e-001 -4.618239377e+001 -4.618239377e+001 +5.3319e-002 -5.5946e-001 +1.2415e-001 -2.7840e-001 +1.6747e-002
5317 0 +6.163795142e-001 -4.619362049e+001 -4.619362049e+001 +5.5567e-002 -5.5682e-001 +1.2311e-001 -2.8151e-001 +2.5143e-002
5523 0 +5.992837488e-001 -4.621071625e+001 -4.621071625e+001 +5.9484e-002 -5.5251e-001 +1.2116e-001 -2.8654e-001 +3.8588e-002
5702 0 +5.874422320e-001 -4.622255777e+001 -4.622255777e+001 +5.9852e-002 -5.5109e-001 +1.2078e-001 -2.8456e-001 +3.8674e-002
5809 0 +5.591049068e-001 -4.625089509e+001 -4.625089509e+001 +6.5312e-002 -5.4103e-001 +1.1755e-001 -2.8728e-001 +5.2357e-002
6003 0 +5.441181909e-001 -4.626588181e+001 -4.626588181e+001 +7.0070e-002 -5.3464e-001 +1.1523e-001 -2.9138e-001 +6.5931e-002
6137 0 +5.364253308e-001 -4.627357467e+001 -4.627357467e+001 +7.4225e-002 -5.2933e-001 +1.1329e-001 -2.9578e-001 +7.7940e-002
6735 0 +5.247609850e-001 -4.628523902e+001 -4.628523902e+001 +8.5711e-002 -5.1331e-001 +1.0770e-001 -3.0477e-001 +1.0901e-001
% f evaluations | g evaluations | best noise-free fitness - Fopt (6.134000000000e+001) + sum g_i+ | measured fitness | best measured fitness or single-digit g-values | x1 | x2...
1 0 +2.600000000e+001 +8.734000000e+001 +8.734000000e+001 +0.0000e+000 +0.0000e+000 +0.0000e+000 +0.0000e+000 +0.0000e+000
382 0 +2.368074942e+001 +8.502074942e+001 +8.502074942e+001 +6.2368e-001 +5.3086e-001 -3.7521e-001 -9.2760e-001 +8.6822e-001
609 0 +2.164774589e+001 +8.298774589e+001 +8.298774589e+001 +5.7792e-001 +4.9745e-001 -5.6725e-001 -9.6749e-001 +8.3033e-001
742 0 +1.649196607e+001 +7.783196607e+001 +7.783196607e+001 +6.0911e-001 +3.6991e-001 -6.2223e-001 -1.0607e+000 +7.0445e-001
818 0 +9.110878787e+000 +7.045087879e+001 +7.045087879e+001 +4.1305e-001 +6.5938e-001 -6.5390e-001 -1.0004e+000 +4.8893e-001
856 0 +8.484139843e+000 +6.982413984e+001 +6.982413984e+001 +7.9914e-001 +3.9072e-001 +8.5224e-002 -9.0609e-001 +4.3131e-001
909 0 +7.019376085e+000 +6.835937609e+001 +6.835937609e+001 +7.1025e-001 +3.3087e-001 -1.8948e-001 -8.5002e-001 +5.8424e-001
995 0 +6.775411128e+000 +6.811541113e+001 +6.811541113e+001 +6.7164e-001 +3.9379e-001 +9.3607e-002 -8.5340e-001 +4.2322e-001
1054 0 +5.355810254e+000 +6.669581025e+001 +6.669581025e+001 +6.4278e-001 +3.2129e-001 +2.5722e-002 -8.5862e-001 +4.3427e-001
1199 0 +4.992641819e+000 +6.633264182e+001 +6.633264182e+001 +6.3083e-001 +2.5208e-001 +1.1681e-001 -6.8644e-001 +4.1329e-001
1234 0 +4.777497029e+000 +6.611749703e+001 +6.611749703e+001 +6.5926e-001 +3.6608e-001 -4.4833e-002 -8.2411e-001 +4.5037e-001
1260 0 +4.481535014e+000 +6.582153501e+001 +6.582153501e+001 +6.9947e-001 +3.1246e-001 +2.2388e-002 -7.7763e-001 +4.3276e-001
1472 0 +4.408668290e+000 +6.574866829e+001 +6.574866829e+001 +7.0366e-001 +3.0379e-001 +3.8744e-002 -8.0206e-001 +4.5316e-001
1804 0 +4.360145665e+000 +6.570014567e+001 +6.570014567e+001 +7.1662e-001 +2.7525e-001 +3.6078e-002 -7.8157e-001 +4.7798e-001
2094 0 +4.254656009e+000 +6.559465601e+001 +6.559465601e+001 +6.9285e-001 +2.6480e-001 +7.9791e-002 -7.4615e-001 +4.6127e-001
2311 0 +4.167763998e+000 +6.550776400e+001 +6.550776400e+001 +7.0942e-001 +2.4777e-001 +1.0327e-001 -7.1629e-001 +4.6625e-001
2562 0 +4.056741846e+000 +6.539674185e+001 +6.539674185e+001 +6.9337e-001 +2.1412e-001 +1.5421e-001 -6.7024e-001 +4.6312e-001
2672 0 +3.960024396e+000 +6.530002440e+001 +6.530002440e+001 +6.9633e-001 +2.1023e-001 +1.7239e-001 -6.2594e-001 +4.7521e-001
2804 0 +3.875753382e+000 +6.521575338e+001 +6.521575338e+001 +6.8671e-001 +1.8087e-001 +2.0101e-001 -5.9340e-001 +4.7166e-001
2887 0 +3.721850288e+000 +6.506185029e+001 +6.506185029e+001 +6.9566e-001 +1.5632e-001 +2.0966e-001 -5.5476e-001 +5.0010e-001
2903 0 +3.672241158e+000 +6.501224116e+001 +6.501224116e+001 +6.9192e-001 +1.4541e-001 +2.2584e-001 -5.3380e-001 +4.9917e-001
3003 0 +3.565567433e+000 +6.490556743e+001 +6.490556743e+001 +6.8253e-001 +1.1305e-001 +2.4853e-001 -4.7905e-001 +5.1763e-001
3065 0 +3.488974714e+000 +6.482897471e+001 +6.482897471e+001 +6.7195e-001 +1.1721e-001 +2.3942e-001 -4.5823e-001 +5.0777e-001
3114 0 +3.449975539e+000 +6.478997554e+001 +6.478997554e+001 +6.7160e-001 +1.0616e-001 +2.4292e-001 -4.4364e-001 +5.1251e-001
3214 0 +3.387104434e+000 +6.472710443e+001 +6.472710443e+001 +6.6491e-001 +1.0165e-001 +2.3230e-001 -4.2100e-001 +5.1568e-001
3338 0 +3.293725557e+000 +6.463372556e+001 +6.463372556e+001 +6.6387e-001 +8.0187e-002 +2.5444e-001 -3.6426e-001 +5.3217e-001
3503 0 +3.228724438e+000 +6.456872444e+001 +6.456872444e+001 +6.6216e-001 +7.1442e-002 +2.5298e-001 -3.2511e-001 +5.4157e-001
3627 0 +3.154028605e+000 +6.449402861e+001 +6.449402861e+001 +6.5246e-001 +6.5797e-002 +2.4680e-001 -2.8592e-001 +5.4692e-001
3907 0 +3.080202085e+000 +6.442020208e+001 +6.442020208e+001 +6.4208e-001 +5.0992e-002 +2.4150e-001 -2.4676e-001 +5.4985e-001
4106 0 +3.009954412e+000 +6.434995441e+001 +6.434995441e+001 +6.3549e-001 +4.7303e-002 +2.2787e-001 -2.3531e-001 +5.5101e-001
4321 0 +2.947618689e+000 +6.428761869e+001 +6.428761869e+001 +6.2877e-001 +3.6407e-002 +2.2409e-001 -2.2284e-001 +5.5343e-001
4505 0 +2.871222632e+000 +6.421122263e+001 +6.421122263e+001 +6.1899e-001 +1.8997e-002 +2.1467e-001 -1.8996e-001 +5.5824e-001
4807 0 +2.818172817e+000 +6.415817282e+001 +6.415817282e+001 +6.0912e-001 +4.1626e-004 +2.0654e-001 -1.5469e-001 +5.6358e-001
5208 0 +2.751413157e+000 +6.409141316e+001 +6.409141316e+001 +5.9668e-001 -1.5895e-002 +1.9296e-001 -1.3065e-001 +5.6771e-001
5516 0 +2.689797274e+000 +6.402979727e+001 +6.402979727e+001 +5.8651e-001 -2.6722e-002 +1.8853e-001 -1.1741e-001 +5.7393e-001
6006 0 +2.627223703e+000 +6.396722370e+001 +6.396722370e+001 +5.7133e-001 -4.4467e-002 +1.7974e-001 -9.3034e-002 +5.8220e-001
7312 0 +2.570308745e+000 +6.391030875e+001 +6.391030875e+001 +5.3970e-001 -8.0271e-002 +1.6169e-001 -4.7047e-002 +5.9922e-001
