% f evaluations | g evaluations | best noise-free fitness - Fopt (-4.620900000000e+002) + sum g_i+ | measured fitness | best measured fitness or single-digit g-values | x1 | x2...
1 0 +9.180962943e+001 -3.702803706e+002 -3.702803706e+002 +0.0000e+000 +0.0000e+000 +0.0000e+000
5 0 +5.516830463e+001 -4.069216954e+002 -4.069216954e+002 -1.1640e+000 +3.1826e+000 +2.3999e+000
6 0 +5.500231417e+000 -4.565897686e+002 -4.565897686e+002 -4.2983e+000 +2.8392e+000 +2.1997e+000
2362 0 +5.391831170e+000 -4.566981688e+002 -4.566981688e+002 -4.2952e+000 +2.8549e+000 +2.2005e+000
3758 0 +5.209206432e+000 -4.568807936e+002 -4.568807936e+002 -4.2952e+000 +2.8541e+000 +2.2036e+000
5881 0 +5.124594822e+000 -4.569654052e+002 -4.569654052e+002 -4.2652e+000 +2.8530e+000 +2.2166e+000
6150 0 +2.895732790e+000 -4.591942672e+002 -4.591942672e+002 -2.3075e+000 +2.8602e+000 +1.9176e+000
7520 0 +1.892252168e+000 -4.601977478e+002 -4.601977478e+002 -2.2717e+000 +2.2962e+000 +2.1897e+000
9816 0 +9.118509476e-001 -4.611781491e+002 -4.611781491e+002 -2.2823e+000 +2.2931e+000 +2.2240e+000
% f evaluations | g evaluations | best noise-free fitness - Fopt (7.766000000000e+001) + sum g_i+ | measured fitness | best measured fitness or single-digit g-values | x1 | x2...
1 0 +7.373269304e+001 +1.513926930e+002 +1.513926930e+002 +0.0000e+000 +0.0000e+000 +0.0000e+000
12 0 +5.397495598e+001 +1.316349560e+002 +1.316349560e+002 +2.1933e+000 -1.1886e+000 +9.0199e-002
24 0 +1.939207587e+001 +9.705207587e+001 +9.705207587e+001 +3.1367e+000 -9.5344e-001 -8.8138e-001
312 0 +7.685661467e+000 +8.534566147e+001 +8.534566147e+001 +3.8025e-001 -8.7086e-001 -1.3103e+000
1053 0 +5.845886883e+000 +8.350588688e+001 +8.350588688e+001 +5.5096e-001 -8.3892e-001 -1.2522e+000
1294 0 +5.647767919e+000 +8.330776792e+001 +8.330776792e+001 +2.4048e+000 -1.3970e+000 -1.2244e+000
2110 0 +2.173556005e+000 +7.983355601e+001 +7.983355601e+001 +2.3835e+000 -1.4217e+000 -1.2493e+000
2310 0 +1.445741035e+000 +7.910574104e+001 +7.910574104e+001 +2.3592e+000 -1.4334e+000 -1.2722e+000
6589 0 +1.418937501e+000 +7.907893750e+001 +7.907893750e+001 +2.3615e+000 -1.4363e+000 -1.2669e+000
7694 0 +1.368592768e+000 +7.902859277e+001 +7.902859277e+001 +2.4054e+000 -1.4552e+000 -1.2569e+000
9442 0 +1.042369297e+000 +7.870236930e+001 +7.870236930e+001 +2.3926e+000 -1.4524e+000 -1.2761e+000
% f evaluations | g evaluations | best noise-free fitness - Fopt (1.156800000000e+002) + sum g_i+ | measured fitness | best measured fitness or single-digit g-values | x1 | x2...
1 0 +4.079349721e+001 +1.564734972e+002 +1.564734972e+002 +0.0000e+000 +0.0000e+000 +0.0000e+000
42 0 +2.629064986e+001 +1.419706499e+002 +1.419706499e+002 -2.1544e+000 +8.3293e-001 -1.8314e-002
390 0 +1.228100019e+001 +1.279610002e+002 +1.279610002e+002 -2.3303e+000 -1.5269e+000 +9.3021e-001
473 0 +1.106797972e+001 +1.267479797e+002 +1.267479797e+002 -3.1175e+000 -2.0093e+000 +5.9788e-001
838 0 +8.039294197e+000 +1.237192942e+002 +1.237192942e+002 -2.0843e+000 -3.8375e-001 +6.4865e-001
1157 0 +5.617256231e+000 +1.212972562e+002 +1.212972562e+002 -1.2418e+000 -9.8892e-001 +5.6326e-001
1371 0 +5.024576771e+000 +1.207045768e+002 +1.207045768e+002 -1.1181e+000 -1.0255e+000 +2.3754e-001
2759 0 +3.936263159e+000 +1.196162632e+002 +1.196162632e+002 -1.1634e+000 -9.1177e-001 +2.6317e-001
3116 0 +1.535785596e+000 +1.172157856e+002 +1.172157856e+002 -2.1476e+000 -1.5438e+000 +2.4338e-001
5119 0 +1.186716905e+000 +1.168667169e+002 +1.168667169e+002 -2.1478e+000 -1.5809e+000 +2.4762e-001
8599 0 +1.115695865e+000 +1.167956959e+002 +1.167956959e+002 -2.1589e+000 -1.5919e+000 +2.4405e-001
8999 0 +1.072666009e+000 +1.167526660e+002 +1.167526660e+002 -2.1662e+000 -1.5917e+000 +2.4454e-001
% f evaluations | g evaluations | best noise-free fitness - Fopt (-3.710000000000e+000) + sum g_i+ | measured fitness | best measured fitness or single-digit g-values | x1 | x2...
1 0 +7.156572542e+001 +6.785572542e+001 +6.785572542e+001 +0.0000e+000 +0.0000e+000 +0.0000e+000
19 0 +6.697353409e+001 +6.326353409e+001 +6.326353409e+001 +5.3200e-001 -5.2476e-002 +2.7434e+000
27 0 +3.878564821e+001 +3.507564821e+001 +3.507564821e+001 +4.2336e+000 -6.8930e-001 +1.3892e+000
156 0 +3.289929119e+001 +2.918929119e+001 +2.918929119e+001 +4.0025e+000 -3.0498e+000 +1.3811e+000
244 0 +2.313943883e+001 +1.942943883e+001 +1.942943883e+001 +4.0707e+000 -2.8862e+000 +2.7143e+000
369 0 +1.868853642e+001 +1.497853642e+001 +1.497853642e+001 +4.3314e+000 -2.3061e+000 +2.1087e+000
457 0 +1.553827257e+001 +1.182827257e+001 +1.182827257e+001 +1.5092e+000 -2.3051e+000 +2.1712e+000
1088 0 +7.741415614e+000 +4.031415614e+000 +4.031415614e+000 +2.1356e+000 -2.3603e+000 +2.4287e+000
1638 0 +7.524199172e+000 +3.814199172e+000 +3.814199172e+000 +2.0532e+000 -2.2925e+000 +2.4315e+000
2343 0 +6.446307861e+000 +2.736307861e+000 +2.736307861e+000 +4.1000e+000 -2.8334e+000 +1.5044e+000
2897 0 +2.638918836e+000 -1.071081164e+000 -1.071081164e+000 +3.0809e+000 -2.2463e+000 +1.7635e+000
3443 0 +1.511738531e-001 -3.558826147e+000 -3.558826147e+000 +3.1050e+000 -2.2818e+000 +1.7831e+000
7943 0 +5.409448441e-002 -3.655905516e+000 -3.655905516e+000 +3.1157e+000 -2.2879e+000 +1.7802e+000
% f evaluations | g evaluations | best noise-free fitness - Fopt (1.321800000000e+002) + sum g_i+ | measured fitness | best measured fitness or single-digit g-values | x1 | x2...
1 0 +1.579813147e+002 +2.901613147e+002 +2.901613147e+002 +0.0000e+000 +0.0000e+000 +0.0000e+000
2 0 +7.759376471e+001 +2.097737647e+002 +2.097737647e+002 -3.0619e+000 +4.4381e-001 +1.4681e+000
20 0 +6.279013562e+001 +1.949701356e+002 +1.949701356e+002 -4.3778e+000 -1.5750e+000 +3.1574e+000
39 0 +6.073619668e+001 +1.929161967e+002 +1.929161967e+002 +1.8746e+000 +9.4792e-001 +4.4284e+000
44 0 +4.647864121e+001 +1.786586412e+002 +1.786586412e+002 +3.3927e-001 +1.1568e+000 +3.0923e+000
65 0 +2.354317983e+001 +1.557231798e+002 +1.557231798e+002 -3.6770e+000 +1.8810e+000 +3.4100e+000
429 0 +1.072826648e+001 +1.429082665e+002 +1.429082665e+002 -5.6376e+000 +8.3150e-001 +3.1164e+000
687 0 +8.049476115e+000 +1.402294761e+002 +1.402294761e+002 -2.7315e+000 +1.5301e+000 +3.5155e+000
902 0 +7.814284162e+000 +1.399942842e+002 +1.399942842e+002 -1.7368e+000 +1.4817e+000 +3.5077e+000
994 0 +4.624466180e+000 +1.368044662e+002 +1.368044662e+002 -4.8139e+000 +1.5238e+000 +3.1670e+000
3038 0 +2.188544574e+000 +1.343685446e+002 +1.343685446e+002 -4.7783e+000 +1.4757e+000 +3.1558e+000
4647 0 +2.174995466e+000 +1.343549955e+002 +1.343549955e+002 -4.7753e+000 +1.4735e+000 +3.1563e+000
9419 0 +2.132591961e+000 +1.343125920e+002 +1.343125920e+002 -4.7755e+000 +1.4824e+000 +3.1562e+000
% f evaluations | g evaluations | best noise-free fitness - Fopt (-3.930000000000e+001) + sum g_i+ | measured fitness | best measured fitness or single-digit g-values | x1 | x2...
1 0 +1.065118937e+002 +6.721189366e+001 +6.721189366e+001 +0.0000e+000 +0.0000e+000 +0.0000e+000
5 0 +5.675478999e+001 +1.745478999e+001 +1.745478999e+001 +5.3242e-001 +8.6330e-001 +1.4326e+000
13 0 +5.539712824e+001 +1.609712824e+001 +1.609712824e+001 -1.0797e+000 -1.6272e+000 +3.4149e+000
27 0 +2.681724329e+001 -1.248275671e+001 -1.248275671e+001 -4.6417e+000 +4.8464e-001 +2.0982e+000
818 0 +2.242872860e+001 -1.687127140e+001 -1.687127140e+001 -4.1249e+000 -1.2834e+000 +2.9226e+000
837 0 +1.894717516e+001 -2.035282484e+001 -2.035282484e+001 -3.2266e+000 -6.5625e-001 +2.3292e+000
954 0 +1.460647736e+001 -2.469352264e+001 -2.469352264e+001 -3.5360e+000 -6.2592e-001 +1.9586e+000
1143 0 +1.308363660e+001 -2.621636340e+001 -2.621636340e+001 -4.4270e+000 -6.4821e-001 +2.0697e+000
1154 0 +8.942565835e+000 -3.035743416e+001 -3.035743416e+001 -3.4874e+000 -6.3512e-001 +1.9874e+000
1336 0 +8.667586082e+000 -3.063241392e+001 -3.063241392e+001 -3.4973e+000 -6.3486e-001 +1.9875e+000
1420 0 +6.716488152e+000 -3.258351185e+001 -3.258351185e+001 -3.4784e+000 -6.4407e-001 +2.0015e+000
1791 0 +6.008678071e+000 -3.329132193e+001 -3.329132193e+001 -3.6160e+000 -6.7553e-001 +2.0260e+000
2603 0 +4.547280407e+000 -3.475271959e+001 -3.475271959e+001 -3.5014e+000 -1.7584e+000 +2.6916e+000
2793 0 +3.240003526e+000 -3.605999647e+001 -3.605999647e+001 -3.5120e+000 -1.8122e+000 +2.6801e+000
2997 0 +2.891112031e+000 -3.640888797e+001 -3.640888797e+001 -3.5198e+000 -1.2489e+000 +2.6611e+000
4504 0 +2.452895918e+000 -3.684710408e+001 -3.684710408e+001 -3.5288e+000 -1.2378e+000 +2.6658e+000
5904 0 +2.395557451e+000 -3.690444255e+001 -3.690444255e+001 -3.5215e+000 -1.2369e+000 +2.6680e+000
7696 0 +2.254248427e+000 -3.704575157e+001 -3.704575157e+001 -3.5225e+000 -1.2458e+000 +2.6803e+000
8458 0 +2.179000202e+000 -3.712099980e+001 -3.712099980e+001 -3.5226e+000 -1.2296e+000 +2.6747e+000
% f evaluations | g evaluations | best noise-free fitness - Fopt (4.296000000000e+001) + sum g_i+ | measured fitness | best measured fitness or single-digit g-values | x1 | x2...
1 0 +2.170253941e+002 +2.599853941e+002 +2.599853941e+002 +0.0000e+000 +0.0000e+000 +0.0000e+000
3 0 +5.810191947e+001 +1.010619195e+002 +1.010619195e+002 -6.1679e-001 +3.8428e+000 -1.6356e+000
26 0 +5.515161391e+001 +9.811161391e+001 +9.811161391e+001 +1.8112e+000 +7.5895e-002 -4.0126e+000
29 0 +3.987597093e+001 +8.283597093e+001 +8.283597093e+001 +4.5194e+000 +3.1307e+000 -2.0472e+000
48 0 +2.565783800e+001 +6.861783800e+001 +6.861783800e+001 +5.4956e-001 -4.3268e-001 -3.1131e+000
53 0 +2.385809790e+001 +6.681809790e+001 +6.681809790e+001 -6.0476e-001 +1.9453e+000 -3.0682e+000
248 0 +2.246161140e+001 +6.542161140e+001 +6.542161140e+001 -2.1435e-001 +2.7293e-001 -3.0750e+000
521 0 +2.114902230e+001 +6.410902230e+001 +6.410902230e+001 +2.2064e+000 +1.1303e+000 -2.0513e+000
547 0 +6.897913540e+000 +4.985791354e+001 +4.985791354e+001 +4.6987e-001 +6.4959e-001 -3.0765e+000
1927 0 +4.259241923e+000 +4.721924192e+001 +4.721924192e+001 +4.8483e-001 +1.1027e+000 -3.0928e+000
2427 0 +3.975046959e+000 +4.693504696e+001 +4.693504696e+001 +4.8574e-001 +1.1167e+000 -3.0931e+000
3041 0 +3.762842362e+000 +4.672284236e+001 +4.672284236e+001 +5.4673e-001 +1.1244e+000 -3.0689e+000
4338 0 +3.163813479e+000 +4.612381348e+001 +4.612381348e+001 +5.3027e-001 +1.1234e+000 -3.0822e+000
5338 0 +3.124226077e+000 +4.608422608e+001 +4.608422608e+001 +5.3120e-001 +1.1302e+000 -3.0829e+000
7533 0 +2.571523556e+000 +4.553152356e+001 +4.553152356e+001 +5.0645e-001 +1.1274e+000 -2.7858e+000
7933 0 +2.026467234e+000 +4.498646723e+001 +4.498646723e+001 +5.1017e-001 +1.1371e+000 -2.7671e+000
% f evaluations | g evaluations | best noise-free fitness - Fopt (2.842200000000e+002) + sum g_i+ | measured fitness | best measured fitness or single-digit g-values | x1 | x2...
1 0 +5.768031398e+001 +3.419003140e+002 +3.419003140e+002 +0.0000e+000 +0.0000e+000 +0.0000e+000
17 0 +3.986257006e+001 +3.240825701e+002 +3.240825701e+002 -4.1971e+000 -1.2031e+000 -1.8486e+000
20 0 +2.763043082e+001 +3.118504308e+002 +3.118504308e+002 -3.9450e+000 -2.6208e+000 -6.8708e-001
54 0 +1.291789779e+001 +2.971378978e+002 +2.971378978e+002 -2.0480e+000 +1.5308e+000 -1.0848e+000
1366 0 +4.856664180e+000 +2.890766642e+002 +2.890766642e+002 -2.1052e+000 -1.2846e+000 -1.0332e+000
1503 0 +1.293009306e+000 +2.855130093e+002 +2.855130093e+002 -2.1168e+000 -8.4030e-001 -1.0481e+000
3062 0 +9.937900633e-001 +2.852137901e+002 +2.852137901e+002 -2.1098e+000 -1.9580e-001 -1.0703e+000
4483 0 +8.424370062e-001 +2.850624370e+002 +2.850624370e+002 -2.0798e+000 -2.0321e-001 -1.0698e+000
5921 0 +2.778873368e-001 +2.844978873e+002 +2.844978873e+002 -2.0691e+000 -2.0560e-001 -1.0532e+000
6521 0 +2.577789007e-001 +2.844777789e+002 +2.844777789e+002 -2.0784e+000 -2.0438e-001 -1.0566e+000
8588 0 +5.393878979e-002 +2.842739388e+002 +2.842739388e+002 -2.0900e+000 -2.2147e-001 -1.0555e+000
% f evaluations | g evaluations | best noise-free fitness - Fopt (-3.217000000000e+001) + sum g_i+ | measured fitness | best measured fitness or single-digit g-values | x1 | x2...
1 0 +7.339161758e+001 +4.122161758e+001 +4.122161758e+001 +0.0000e+000 +0.0000e+000 +0.0000e+000
8 0 +6.397112737e+001 +3.180112737e+001 +3.180112737e+001 -3.8020e+000 +3.3936e+000 +6.9953e-001
9 0 +1.788020999e+001 -1.428979001e+001 -1.428979001e+001 +3.5754e+000 +1.3399e+000 +8.7910e-001
504 0 +1.502518362e+001 -1.714481638e+001 -1.714481638e+001 +1.5481e+000 +1.8683e+000 -1.2971e-001
1188 0 +1.245353978e+001 -1.971646022e+001 -1.971646022e+001 +1.4994e+000 +1.1351e+000 +1.1291e+000
1234 0 +7.554744337e+000 -2.461525566e+001 -2.461525566e+001 +1.6027e+000 +1.2328e+000 +7.8312e-001
1270 0 +6.423727714e+000 -2.574627229e+001 -2.574627229e+001 +1.3416e+000 +1.2398e+000 +8.7767e-001
2734 0 +2.955430196e+000 -2.921456980e+001 -2.921456980e+001 +1.4644e+000 +1.2548e+000 +7.8640e-001
3899 0 +2.492986746e+000 -2.967701325e+001 -2.967701325e+001 +1.4333e+000 +1.2501e+000 +7.9564e-001
4073 0 +2.095188700e+000 -3.007481130e+001 -3.007481130e+001 +1.4383e+000 +1.2487e+000 +8.1109e-001
4563 0 +2.079269212e+000 -3.009073079e+001 -3.009073079e+001 +1.4279e+000 +1.2513e+000 +8.2483e-001
6773 0 +2.027174359e+000 -3.014282564e+001 -3.014282564e+001 +1.4437e+000 +1.2502e+000 +8.2712e-001
% f evaluations | g evaluations | best noise-free fitness - Fopt (-5.858000000000e+001) + sum g_i+ | measured fitness | best measured fitness or single-digit g-values | x1 | x2...
1 0 +8.608716178e+001 +2.750716178e+001 +2.750716178e+001 +0.0000e+000 +0.0000e+000 +0.0000e+000
6 0 +6.300882128e+001 +4.428821278e+000 +4.428821278e+000 +2.0089e+000 -4.3067e+000 +6.3468e-002
29 0 +1.956918686e+001 -3.901081314e+001 -3.901081314e+001 +2.5662e+000 -1.7969e+000 +2.2347e-001
526 0 +9.471528098e+000 -4.910847190e+001 -4.910847190e+001 +2.5884e+000 -1.8897e+000 +2.9177e-001
696 0 +5.875401769e+000 -5.270459823e+001 -5.270459823e+001 +2.5681e+000 -1.9827e+000 +6.2913e-001
1391 0 +4.175843917e+000 -5.440415608e+001 -5.440415608e+001 +1.6148e+000 -2.4526e+000 +6.5476e-001
1637 0 +4.137648709e+000 -5.444235129e+001 -5.444235129e+001 +2.5750e+000 -2.9979e+000 +9.8016e-001
2056 0 +4.037833989e+000 -5.454216601e+001 -5.454216601e+001 +2.6004e+000 -3.5952e+000 +9.7453e-001
4930 0 +3.472349259e+000 -5.510765074e+001 -5.510765074e+001 +1.6361e+000 -3.0670e+000 +9.8983e-001
5075 0 +2.724694720e+000 -5.585530528e+001 -5.585530528e+001 +1.6169e+000 -3.1185e+000 +9.9049e-001
6745 0 +2.224386680e+000 -5.635561332e+001 -5.635561332e+001 +1.6057e+000 -3.1192e+000 +9.8048e-001
7405 0 +2.140564053e+000 -5.643943595e+001 -5.643943595e+001 +1.6000e+000 -3.1113e+000 +9.6448e-001
9001 0 +2.051304900e+000 -5.652869510e+001 -5.652869510e+001 +1.5950e+000 -3.0892e+000 +9.7422e-001
9962 0 +1.139444657e+000 -5.744055534e+001 -5.744055534e+001 +2.5742e+000 -3.1129e+000 +9.6750e-001
% f evaluations | g evaluations | best noise-free fitness - Fopt (-6.049200000000e+002) + sum g_i+ | measured fitness | best measured fitness or single-digit g-values | x1 | x2...
1 0 +7.163123330e+001 -5.332887667e+002 -5.332887667e+002 +0.0000e+000 +0.0000e+000 +0.0000e+000
4 0 +4.752588463e+001 -5.573941154e+002 -5.573941154e+002 +3.9530e+000 -1.4085e+000 +2.8506e+000
21 0 +2.642483868e+001 -5.784951613e+002 -5.784951613e+002 -3.9239e+000 +7.3417e-001 +2.6905e+000
295 0 +2.453522164e+001 -5.803847784e+002 -5.803847784e+002 -3.3178e+000 -3.6971e-001 +2.4178e+000
315 0 +1.257067813e+001 -5.923493219e+002 -5.923493219e+002 -2.0705e+000 -4.8593e-001 +2.1545e+000
1037 0 +5.285727037e+000 -5.996342730e+002 -5.996342730e+002 -1.9357e+000 -4.4117e-001 +2.0502e+000
1313 0 +1.540394331e+000 -6.033796057e+002 -6.033796057e+002 -1.9590e+000 -1.0065e+000 +2.0725e+000
4563 0 +1.247976225e+000 -6.036720238e+002 -6.036720238e+002 -2.0094e+000 -1.0283e+000 +2.0685e+000
6198 0 +5.180818744e-001 -6.044019181e+002 -6.044019181e+002 -1.0041e+000 -9.8950e-001 +2.0665e+000
6295 0 +3.824893204e-001 -6.045375107e+002 -6.045375107e+002 -1.0158e+000 -9.9240e-001 +2.0719e+000
6316 0 +3.539636414e-001 -6.045660364e+002 -6.045660364e+002 -9.8268e-001 -1.0209e+000 +2.0867e+000
6495 0 +3.108612086e-001 -6.046091388e+002 -6.046091388e+002 -9.8866e-001 -9.9385e-001 +2.0777e+000
6516 0 +1.630815174e-001 -6.047569185e+002 -6.047569185e+002 -1.0027e+000 -1.0111e+000 +2.0829e+000
% f evaluations | g evaluations | best noise-free fitness - Fopt (1.337000000000e+002) + sum g_i+ | measured fitness | best measured fitness or single-digit g-values | x1 | x2...
1 0 +4.286820420e+001 +1.765682042e+002 +1.765682042e+002 +0.0000e+000 +0.0000e+000 +0.0000e+000
52 0 +4.276649077e+001 +1.764664908e+002 +1.764664908e+002 -1.9298e-001 -1.2743e+000 -3.6795e-001
78 0 +3.814111729e+001 +1.718411173e+002 +1.718411173e+002 +5.7444e-001 +1.5809e+000 +9.9722e-001
98 0 +1.878446295e+001 +1.524844630e+002 +1.524844630e+002 +1.4205e+000 -1.3662e+000 -3.8249e-001
308 0 +1.627729883e+001 +1.499772988e+002 +1.499772988e+002 +2.7158e-001 +1.5246e+000 -7.8805e-002
519 0 +7.408825016e+000 +1.411088250e+002 +1.411088250e+002 +4.4370e-001 +9.1984e-001 -5.4786e-002
1397 0 +5.124435870e+000 +1.388244359e+002 +1.388244359e+002 +4.9455e-001 +9.4832e-001 -2.8062e-002
6903 0 +4.784224484e+000 +1.384842245e+002 +1.384842245e+002 +4.9188e-001 +9.8590e-001 -3.8939e-001
7141 0 +4.577801519e+000 +1.382778015e+002 +1.382778015e+002 +4.6191e-001 +9.7573e-001 -3.7629e-001
7576 0 +4.310974623e+000 +1.380109746e+002 +1.380109746e+002 +5.1848e-001 +9.7758e-001 -3.7826e-001
7776 0 +4.162607090e+000 +1.378626071e+002 +1.378626071e+002 +5.3392e-001 +9.7211e-001 -3.7884e-001
8502 0 +1.210204824e+000 +1.349102048e+002 +1.349102048e+002 +2.4597e+000 +9.7217e-001 -1.5115e-002
% f evaluations | g evaluations | best noise-free fitness - Fopt (-2.098000000000e+001) + sum g_i+ | measured fitness | best measured fitness or single-digit g-values | x1 | x2...
1 0 +4.293454209e+001 +2.195454209e+001 +2.195454209e+001 +0.0000e+000 +0.0000e+000 +0.0000e+000
7 0 +4.197013628e+001 +2.099013628e+001 +2.099013628e+001 -1.1204e-001 +3.8229e+000 +6.3958e-001
27 0 +2.230245580e+001 +1.322455796e+000 +1.322455796e+000 -1.1420e+000 +2.9850e+000 +8.7913e-001
514 0 +1.714897503e+001 -3.831024974e+000 -3.831024974e+000 +1.9627e-001 +2.4429e+000 -7.1518e-001
705 0 +1.649297942e+001 -4.487020578e+000 -4.487020578e+000 -1.4431e-001 +1.4584e+000 +2.4833e-001
1029 0 +5.395852722e+000 -1.558414728e+001 -1.558414728e+001 +1.3543e-001 +1.9299e+000 +6.0453e-001
2071 0 +4.771416912e+000 -1.620858309e+001 -1.620858309e+001 +2.1035e+000 +1.9099e+000 +6.8921e-001
2683 0 +3.056288603e+000 -1.792371140e+001 -1.792371140e+001 +2.0724e+000 +1.9743e+000 +6.4288e-001
3283 0 +2.821064664e+000 -1.815893534e+001 -1.815893534e+001 +2.0893e+000 +1.8698e+000 +6.3578e-001
3710 0 +2.071197976e+000 -1.890880202e+001 -1.890880202e+001 +2.0743e+000 +1.8967e+000 +6.5953e-001
8119 0 +1.715451339e-001 -2.080845487e+001 -2.080845487e+001 +2.0385e+000 +1.9300e+000 +2.6717e-001
% f evaluations | g evaluations | best noise-free fitness - Fopt (1.353300000000e+002) + sum g_i+ | measured fitness | best measured fitness or single-digit g-values | x1 | x2...
1 0 +3.053061949e+001 +1.658606195e+002 +1.658606195e+002 +0.0000e+000 +0.0000e+000 +0.0000e+000
80 0 +2.529685132e+001 +1.606268513e+002 +1.606268513e+002 -1.2179e+000 +2.0601e-001 +1.6210e+000
203 0 +1.891115563e+001 +1.542411556e+002 +1.542411556e+002 -5.2891e-001 -1.4212e+000 +6.5731e-001
249 0 +1.175719377e+001 +1.470871938e+002 +1.470871938e+002 -1.2816e+000 -6.5605e-001 +6.9345e-001
395 0 +1.111576015e+001 +1.464457602e+002 +1.464457602e+002 -1.5115e+000 -5.4327e-001 +3.1581e-001
1342 0 +8.654968255e+000 +1.439849683e+002 +1.439849683e+002 -1.3013e+000 -5.6663e-001 +9.4245e-001
1733 0 +7.830609940e+000 +1.431606099e+002 +1.431606099e+002 +4.7430e-001 +2.3761e-002 +2.4548e-001
1950 0 +7.092680428e+000 +1.424226804e+002 +1.424226804e+002 +1.4944e+000 +9.6832e-002 +1.3830e+000
2460 0 +4.592968326e+000 +1.399229683e+002 +1.399229683e+002 +6.9260e-001 -7.3921e-003 +9.8775e-001
2613 0 +4.418449672e+000 +1.397484497e+002 +1.397484497e+002 +6.3917e-001 +3.9753e-002 +6.9035e-001
3455 0 +2.367743663e+000 +1.376977437e+002 +1.376977437e+002 +4.8686e-001 +1.6710e-002 +6.8378e-001
4874 0 +1.370768303e+000 +1.367007683e+002 +1.367007683e+002 +5.1356e-001 +1.1669e-002 +6.7223e-001
7813 0 +1.029574277e+000 +1.363595743e+002 +1.363595743e+002 +5.3286e-001 +2.7352e-002 +6.6628e-001
9304 0 +1.019811643e+000 +1.363498116e+002 +1.363498116e+002 +5.4463e-001 +1.8697e-002 +6.6550e-001
% f evaluations | g evaluations | best noise-free fitness - Fopt (4.066000000000e+001) + sum g_i+ | measured fitness | best measured fitness or single-digit g-values | x1 | x2...
1 0 +2.067564417e+002 +2.474164417e+002 +2.474164417e+002 +0.0000e+000 +0.0000e+000 +0.0000e+000
2 0 +6.639950976e+001 +1.070595098e+002 +1.070595098e+002 -2.1557e-001 +2.4886e+000 +4.4486e+000
4 0 +5.445578692e+001 +9.511578692e+001 +9.511578692e+001 -9.1829e-001 +9.1762e-001 +4.9352e+000
5 0 +4.889033416e+001 +8.955033416e+001 +8.955033416e+001 +3.6191e+000 -1.1945e+000 +4.5178e+000
26 0 +7.917434777e+000 +4.857743478e+001 +4.857743478e+001 +1.0711e+000 +1.1614e+000 +3.9128e+000
1382 0 +5.692606034e+000 +4.635260603e+001 +4.635260603e+001 +1.1324e+000 +6.6561e-001 +3.9430e+000
2308 0 +5.411351869e+000 +4.607135187e+001 +4.607135187e+001 +1.1067e+000 +6.6318e-001 +3.9397e+000
2895 0 +4.869841120e+000 +4.552984112e+001 +4.552984112e+001 +1.9982e+000 +1.7770e+000 +3.6161e+000
4169 0 +2.087039768e+000 +4.274703977e+001 +4.274703977e+001 +2.0535e+000 +1.2438e+000 +4.2976e+000
8213 0 +1.862597497e+000 +4.252259750e+001 +4.252259750e+001 +3.0702e+000 +1.2278e+000 +4.3160e+000
9137 0 +1.486301188e+000 +4.214630119e+001 +4.214630119e+001 +3.0326e+000 +1.2258e+000 +4.3006e+000
