% f evaluations | g evaluations | best noise-free fitness - Fopt (-5.235000000000e+001) + sum g_i+ | measured fitness | best measured fitness or single-digit g-values | x1 | x2...
1 0 +1.090684985e+002 +5.671849850e+001 +5.671849850e+001
34 0 +1.077931384e+002 +5.544313845e+001 +5.544313845e+001
100 0 +9.535813409e+001 +4.300813409e+001 +4.300813409e+001
207 0 +9.208460011e+001 +3.973460011e+001 +3.973460011e+001
213 0 +8.808132137e+001 +3.573132137e+001 +3.573132137e+001
220 0 +6.883219236e+001 +1.648219236e+001 +1.648219236e+001
251 0 +6.721791661e+001 +1.486791661e+001 +1.486791661e+001
257 0 +6.168869797e+001 +9.338697970e+000 +9.338697970e+000
258 0 +5.081605703e+001 -1.533942972e+000 -1.533942972e+000
477 0 +4.629189080e+001 -6.058109204e+000 -6.058109204e+000
484 0 +3.585023372e+001 -1.649976628e+001 -1.649976628e+001
599 0 +3.384020525e+001 -1.850979475e+001 -1.850979475e+001
618 0 +3.104136613e+001 -2.130863387e+001 -2.130863387e+001
663 0 +3.067274653e+001 -2.167725347e+001 -2.167725347e+001
748 0 +2.928053949e+001 -2.306946051e+001 -2.306946051e+001
796 0 +2.830893204e+001 -2.404106796e+001 -2.404106796e+001
1014 0 +2.679907706e+001 -2.555092294e+001 -2.555092294e+001
1048 0 +2.438324802e+001 -2.796675198e+001 -2.796675198e+001
1174 0 +2.383534621e+001 -2.851465379e+001 -2.851465379e+001
1248 0 +2.300943776e+001 -2.934056224e+001 -2.934056224e+001
1536 0 +2.194316206e+001 -3.040683794e+001 -3.040683794e+001
1936 0 +2.076991388e+001 -3.158008612e+001 -3.158008612e+001
2477 0 +1.668978836e+001 -3.566021164e+001 -3.566021164e+001
2913 0 +1.644189654e+001 -3.590810346e+001 -3.590810346e+001
2987 0 +1.596842323e+001 -3.638157677e+001 -3.638157677e+001
3376 0 +1.581488440e+001 -3.653511560e+001 -3.653511560e+001
3473 0 +1.529295855e+001 -3.705704145e+001 -3.705704145e+001
4051 0 +1.493894051e+001 -3.741105949e+001 -3.741105949e+001
4108 0 +1.370787874e+001 -3.864212126e+001 -3.864212126e+001
4930 0 +1.314730667e+001 -3.920269333e+001 -3.920269333e+001
5028 0 +1.285874284e+001 -3.949125716e+001 -3.949125716e+001
6067 0 +1.257325518e+001 -3.977674482e+001 -3.977674482e+001
6929 0 +1.229506422e+001 -4.005493578e+001 -4.005493578e+001
7664 0 +1.198748683e+001 -4.036251317e+001 -4.036251317e+001
7828 0 +1.170044413e+001 -4.064955587e+001 -4.064955587e+001
8063 0 +1.128026006e+001 -4.106973994e+001 -4.106973994e+001
8327 0 +1.107132936e+001 -4.127867064e+001 -4.127867064e+001
8467 0 +1.075761728e+001 -4.159238272e+001 -4.159238272e+001
8531 0 +1.063841637e+001 -4.171158363e+001 -4.171158363e+001
9828 0 +1.045449983e+001 -4.189550017e+001 -4.189550017e+001
% f evaluations | g evaluations | best noise-free fitness - Fopt (-1.795400000000e+002) + sum g_i+ | measured fitness | best measured fitness or single-digit g-values | x1 | x2...
1 0 +8.237377687e+001 -9.716622313e+001 -9.716622313e+001
19 0 +7.914687466e+001 -1.003931253e+002 -1.003931253e+002
79 0 +7.226040890e+001 -1.072795911e+002 -1.072795911e+002
209 0 +4.721564606e+001 -1.323243539e+002 -1.323243539e+002
348 0 +4.667334253e+001 -1.328666575e+002 -1.328666575e+002
371 0 +4.354034467e+001 -1.359996553e+002 -1.359996553e+002
514 0 +3.618923593e+001 -1.433507641e+002 -1.433507641e+002
869 0 +3.373128547e+001 -1.458087145e+002 -1.458087145e+002
1073 0 +3.306068112e+001 -1.464793189e+002 -1.464793189e+002
1568 0 +3.223901398e+001 -1.473009860e+002 -1.473009860e+002
1746 0 +3.063997942e+001 -1.489000206e+002 -1.489000206e+002
1872 0 +2.948610120e+001 -1.500538988e+002 -1.500538988e+002
1944 0 +2.835916204e+001 -1.511808380e+002 -1.511808380e+002
2187 0 +2.801929821e+001 -1.515207018e+002 -1.515207018e+002
2668 0 +2.746903056e+001 -1.520709694e+002 -1.520709694e+002
2941 0 +2.669708313e+001 -1.528429169e+002 -1.528429169e+002
3234 0 +2.461844938e+001 -1.549215506e+002 -1.549215506e+002
3341 0 +2.383057828e+001 -1.557094217e+002 -1.557094217e+002
3863 0 +2.290005631e+001 -1.566399437e+002 -1.566399437e+002
4025 0 +2.203900078e+001 -1.575009992e+002 -1.575009992e+002
4298 0 +2.116649867e+001 -1.583735013e+002 -1.583735013e+002
4998 0 +2.088739882e+001 -1.586526012e+002 -1.586526012e+002
5298 0 +2.037733915e+001 -1.591626609e+002 -1.591626609e+002
7334 0 +1.973354061e+001 -1.598064594e+002 -1.598064594e+002
7423 0 +1.938136402e+001 -1.601586360e+002 -1.601586360e+002
7534 0 +1.897802982e+001 -1.605619702e+002 -1.605619702e+002
7766 0 +1.831328175e+001 -1.612267182e+002 -1.612267182e+002
8179 0 +1.817811029e+001 -1.613618897e+002 -1.613618897e+002
8869 0 +1.774765393e+001 -1.617923461e+002 -1.617923461e+002
% f evaluations | g evaluations | best noise-free fitness - Fopt (7.731000000000e+001) + sum g_i+ | measured fitness | best measured fitness or single-digit g-values | x1 | x2...
1 0 +7.372719359e+001 +1.510371936e+002 +1.510371936e+002
215 0 +6.625892725e+001 +1.435689273e+002 +1.435689273e+002
224 0 +5.624596117e+001 +1.335559612e+002 +1.335559612e+002
309 0 +4.390642556e+001 +1.212164256e+002 +1.212164256e+002
432 0 +4.250835551e+001 +1.198183555e+002 +1.198183555e+002
440 0 +3.980918690e+001 +1.171191869e+002 +1.171191869e+002
467 0 +3.042086072e+001 +1.077308607e+002 +1.077308607e+002
510 0 +3.002026542e+001 +1.073302654e+002 +1.073302654e+002
524 0 +2.823925402e+001 +1.055492540e+002 +1.055492540e+002
887 0 +2.670591256e+001 +1.040159126e+002 +1.040159126e+002
908 0 +2.391337091e+001 +1.012233709e+002 +1.012233709e+002
1355 0 +2.161842411e+001 +9.892842411e+001 +9.892842411e+001
1427 0 +2.015300294e+001 +9.746300294e+001 +9.746300294e+001
1830 0 +1.986672272e+001 +9.717672272e+001 +9.717672272e+001
1976 0 +1.919005435e+001 +9.650005435e+001 +9.650005435e+001
2067 0 +1.891972625e+001 +9.622972625e+001 +9.622972625e+001
2346 0 +1.771799159e+001 +9.502799159e+001 +9.502799159e+001
3288 0 +1.709412746e+001 +9.440412746e+001 +9.440412746e+001
3302 0 +1.691314974e+001 +9.422314974e+001 +9.422314974e+001
3398 0 +1.575347296e+001 +9.306347296e+001 +9.306347296e+001
3727 0 +1.538909856e+001 +9.269909856e+001 +9.269909856e+001
4287 0 +1.508597492e+001 +9.239597492e+001 +9.239597492e+001
4745 0 +1.462275537e+001 +9.193275537e+001 +9.193275537e+001
4806 0 +1.436388048e+001 +9.167388048e+001 +9.167388048e+001
4937 0 +1.391375862e+001 +9.122375862e+001 +9.122375862e+001
5513 0 +1.373682586e+001 +9.104682586e+001 +9.104682586e+001
5579 0 +1.348314903e+001 +9.079314903e+001 +9.079314903e+001
5964 0 +1.284217843e+001 +9.015217843e+001 +9.015217843e+001
6146 0 +1.247104576e+001 +8.978104576e+001 +8.978104576e+001
6657 0 +1.220960449e+001 +8.951960449e+001 +8.951960449e+001
6702 0 +1.129184929e+001 +8.860184929e+001 +8.860184929e+001
7046 0 +1.119944549e+001 +8.850944549e+001 +8.850944549e+001
7082 0 +1.094425465e+001 +8.825425465e+001 +8.825425465e+001
8619 0 +1.026498976e+001 +8.757498976e+001 +8.757498976e+001
8846 0 +1.008424821e+001 +8.739424821e+001 +8.739424821e+001
8893 0 +9.992249277e+000 +8.730224928e+001 +8.730224928e+001
8946 0 +9.757410127e+000 +8.706741013e+001 +8.706741013e+001
% f evaluations | g evaluations | best noise-free fitness - Fopt (3.992000000000e+001) + sum g_i+ | measured fitness | best measured fitness or single-digit g-values | x1 | x2...
1 0 +7.675091558e+001 +1.166709156e+002 +1.166709156e+002
221 0 +7.385246647e+001 +1.137724665e+002 +1.137724665e+002
237 0 +7.024598762e+001 +1.101659876e+002 +1.101659876e+002
247 0 +6.340265470e+001 +1.033226547e+002 +1.033226547e+002
267 0 +6.130895423e+001 +1.012289542e+002 +1.012289542e+002
273 0 +5.780576003e+001 +9.772576003e+001 +9.772576003e+001
343 0 +5.422344879e+001 +9.414344879e+001 +9.414344879e+001
418 0 +4.290118561e+001 +8.282118561e+001 +8.282118561e+001
597 0 +3.687483912e+001 +7.679483912e+001 +7.679483912e+001
658 0 +3.323030386e+001 +7.315030386e+001 +7.315030386e+001
704 0 +3.241903463e+001 +7.233903463e+001 +7.233903463e+001
820 0 +2.955894308e+001 +6.947894308e+001 +6.947894308e+001
926 0 +2.916857607e+001 +6.908857607e+001 +6.908857607e+001
1099 0 +2.814369981e+001 +6.806369981e+001 +6.806369981e+001
1281 0 +2.711199520e+001 +6.703199520e+001 +6.703199520e+001
1393 0 +2.599645836e+001 +6.591645836e+001 +6.591645836e+001
1404 0 +2.468619753e+001 +6.460619753e+001 +6.460619753e+001
1662 0 +2.266154406e+001 +6.258154406e+001 +6.258154406e+001
2428 0 +2.219747350e+001 +6.211747350e+001 +6.211747350e+001
2658 0 +2.151262274e+001 +6.143262274e+001 +6.143262274e+001
2693 0 +2.132585022e+001 +6.124585022e+001 +6.124585022e+001
2761 0 +2.076268408e+001 +6.068268408e+001 +6.068268408e+001
2762 0 +2.030314476e+001 +6.022314476e+001 +6.022314476e+001
2894 0 +1.981684335e+001 +5.973684335e+001 +5.973684335e+001
2984 0 +1.895854532e+001 +5.887854532e+001 +5.887854532e+001
3274 0 +1.822103406e+001 +5.814103406e+001 +5.814103406e+001
3474 0 +1.793985814e+001 +5.785985814e+001 +5.785985814e+001
3762 0 +1.767321950e+001 +5.759321950e+001 +5.759321950e+001
3870 0 +1.723653784e+001 +5.715653784e+001 +5.715653784e+001
3881 0 +1.576542766e+001 +5.568542766e+001 +5.568542766e+001
3962 0 +1.545890450e+001 +5.537890450e+001 +5.537890450e+001
4072 0 +1.504355999e+001 +5.496355999e+001 +5.496355999e+001
4174 0 +1.357631116e+001 +5.349631116e+001 +5.349631116e+001
4368 0 +1.341893637e+001 +5.333893637e+001 +5.333893637e+001
4849 0 +1.313692120e+001 +5.305692120e+001 +5.305692120e+001
5070 0 +1.284933662e+001 +5.276933662e+001 +5.276933662e+001
5270 0 +1.242845630e+001 +5.234845630e+001 +5.234845630e+001
5382 0 +1.227631585e+001 +5.219631585e+001 +5.219631585e+001
6035 0 +1.202229073e+001 +5.194229073e+001 +5.194229073e+001
6178 0 +1.021604310e+001 +5.013604310e+001 +5.013604310e+001
6270 0 +9.819895686e+000 +4.973989569e+001 +4.973989569e+001
6678 0 +9.540372772e+000 +4.946037277e+001 +4.946037277e+001
7135 0 +9.143030908e+000 +4.906303091e+001 +4.906303091e+001
7626 0 +9.062516273e+000 +4.898251627e+001 +4.898251627e+001
8919 0 +8.863769203e+000 +4.878376920e+001 +4.878376920e+001
9419 0 +8.643013101e+000 +4.856301310e+001 +4.856301310e+001
9991 0 +8.430361770e+000 +4.835036177e+001 +4.835036177e+001
% f evaluations | g evaluations | best noise-free fitness - Fopt (-5.661000000000e+001) + sum g_i+ | measured fitness | best measured fitness or single-digit g-values | x1 | x2...
1 0 +9.288842014e+001 +3.627842014e+001 +3.627842014e+001
238 0 +8.021790728e+001 +2.360790728e+001 +2.360790728e+001
323 0 +7.843780519e+001 +2.182780519e+001 +2.182780519e+001
374 0 +7.454648495e+001 +1.793648495e+001 +1.793648495e+001
402 0 +6.458517506e+001 +7.975175055e+000 +7.975175055e+000
465 0 +5.511995405e+001 -1.490045952e+000 -1.490045952e+000
684 0 +5.112600562e+001 -5.483994382e+000 -5.483994382e+000
924 0 +4.078728583e+001 -1.582271417e+001 -1.582271417e+001
1252 0 +3.922166572e+001 -1.738833428e+001 -1.738833428e+001
1465 0 +3.663037331e+001 -1.997962669e+001 -1.997962669e+001
1665 0 +3.586567937e+001 -2.074432063e+001 -2.074432063e+001
1961 0 +3.448725142e+001 -2.212274858e+001 -2.212274858e+001
1964 0 +3.324504662e+001 -2.336495338e+001 -2.336495338e+001
2089 0 +3.254692496e+001 -2.406307504e+001 -2.406307504e+001
2161 0 +3.224654598e+001 -2.436345402e+001 -2.436345402e+001
2247 0 +3.133250413e+001 -2.527749587e+001 -2.527749587e+001
2384 0 +3.005852769e+001 -2.655147231e+001 -2.655147231e+001
2447 0 +2.906071145e+001 -2.754928855e+001 -2.754928855e+001
2638 0 +2.881476467e+001 -2.779523533e+001 -2.779523533e+001
2739 0 +2.796354156e+001 -2.864645844e+001 -2.864645844e+001
2925 0 +2.721089762e+001 -2.939910238e+001 -2.939910238e+001
3131 0 +2.683716264e+001 -2.977283736e+001 -2.977283736e+001
3579 0 +2.569159546e+001 -3.091840454e+001 -3.091840454e+001
3761 0 +2.506373456e+001 -3.154626544e+001 -3.154626544e+001
3987 0 +2.384531032e+001 -3.276468968e+001 -3.276468968e+001
4038 0 +2.258156524e+001 -3.402843476e+001 -3.402843476e+001
4049 0 +2.229241051e+001 -3.431758949e+001 -3.431758949e+001
4163 0 +2.166322320e+001 -3.494677680e+001 -3.494677680e+001
4999 0 +2.135226411e+001 -3.525773589e+001 -3.525773589e+001
5982 0 +2.065007509e+001 -3.595992491e+001 -3.595992491e+001
6365 0 +2.038438884e+001 -3.622561116e+001 -3.622561116e+001
6639 0 +1.987590332e+001 -3.673409668e+001 -3.673409668e+001
7005 0 +1.931554772e+001 -3.729445228e+001 -3.729445228e+001
7847 0 +1.904107237e+001 -3.756892763e+001 -3.756892763e+001
8718 0 +1.851154079e+001 -3.809845921e+001 -3.809845921e+001
8897 0 +1.817911524e+001 -3.843088476e+001 -3.843088476e+001
9265 0 +1.752799055e+001 -3.908200945e+001 -3.908200945e+001
9971 0 +1.737521475e+001 -3.923478525e+001 -3.923478525e+001
% f evaluations | g evaluations | best noise-free fitness - Fopt (3.270000000000e+001) + sum g_i+ | measured fitness | best measured fitness or single-digit g-values | x1 | x2...
1 0 +9.737012458e+001 +1.300701246e+002 +1.300701246e+002
319 0 +8.622235466e+001 +1.189223547e+002 +1.189223547e+002
449 0 +7.917976395e+001 +1.118797639e+002 +1.118797639e+002
510 0 +6.579132391e+001 +9.849132391e+001 +9.849132391e+001
902 0 +5.701468858e+001 +8.971468858e+001 +8.971468858e+001
1015 0 +5.017301500e+001 +8.287301500e+001 +8.287301500e+001
1198 0 +4.761246411e+001 +8.031246411e+001 +8.031246411e+001
1210 0 +4.666286106e+001 +7.936286106e+001 +7.936286106e+001
1490 0 +4.355233346e+001 +7.625233346e+001 +7.625233346e+001
1532 0 +3.993298109e+001 +7.263298109e+001 +7.263298109e+001
1823 0 +3.895783129e+001 +7.165783129e+001 +7.165783129e+001
2043 0 +3.703736908e+001 +6.973736908e+001 +6.973736908e+001
2073 0 +3.621452970e+001 +6.891452970e+001 +6.891452970e+001
2108 0 +3.503994646e+001 +6.773994646e+001 +6.773994646e+001
2173 0 +3.194363911e+001 +6.464363911e+001 +6.464363911e+001
2308 0 +3.013473507e+001 +6.283473507e+001 +6.283473507e+001
2389 0 +2.807784479e+001 +6.077784479e+001 +6.077784479e+001
2465 0 +2.734625842e+001 +6.004625842e+001 +6.004625842e+001
2773 0 +2.674582267e+001 +5.944582267e+001 +5.944582267e+001
2945 0 +2.586100689e+001 +5.856100689e+001 +5.856100689e+001
3620 0 +2.550466690e+001 +5.820466690e+001 +5.820466690e+001
3712 0 +2.444303297e+001 +5.714303297e+001 +5.714303297e+001
3873 0 +2.368223776e+001 +5.638223776e+001 +5.638223776e+001
4734 0 +2.262933632e+001 +5.532933632e+001 +5.532933632e+001
5839 0 +2.238105272e+001 +5.508105272e+001 +5.508105272e+001
5995 0 +2.167720281e+001 +5.437720281e+001 +5.437720281e+001
6810 0 +2.106836830e+001 +5.376836830e+001 +5.376836830e+001
6951 0 +2.069285103e+001 +5.339285103e+001 +5.339285103e+001
7323 0 +1.991412065e+001 +5.261412065e+001 +5.261412065e+001
8608 0 +1.938147475e+001 +5.208147475e+001 +5.208147475e+001
9399 0 +1.896348010e+001 +5.166348010e+001 +5.166348010e+001
9830 0 +1.740323141e+001 +5.010323141e+001 +5.010323141e+001
10101 0 +1.717438479e+001 +4.987438479e+001 +4.987438479e+001
% f evaluations | g evaluations | best noise-free fitness - Fopt (-3.943000000000e+001) + sum g_i+ | measured fitness | best measured fitness or single-digit g-values | x1 | x2...
1 0 +1.287623121e+002 +8.933231214e+001 +8.933231214e+001
232 0 +1.123987697e+002 +7.296876968e+001 +7.296876968e+001
379 0 +1.102496269e+002 +7.081962691e+001 +7.081962691e+001
386 0 +1.056848892e+002 +6.625488919e+001 +6.625488919e+001
395 0 +8.781821610e+001 +4.838821610e+001 +4.838821610e+001
695 0 +7.118305480e+001 +3.175305480e+001 +3.175305480e+001
810 0 +6.860601323e+001 +2.917601323e+001 +2.917601323e+001
911 0 +6.075550538e+001 +2.132550538e+001 +2.132550538e+001
1047 0 +5.721048305e+001 +1.778048305e+001 +1.778048305e+001
1085 0 +5.460897100e+001 +1.517897100e+001 +1.517897100e+001
1149 0 +4.661169619e+001 +7.181696188e+000 +7.181696188e+000
1324 0 +4.514451837e+001 +5.714518372e+000 +5.714518372e+000
1456 0 +4.207168735e+001 +2.641687350e+000 +2.641687350e+000
1554 0 +4.150652274e+001 +2.076522738e+000 +2.076522738e+000
1743 0 +3.865124502e+001 -7.787549798e-001 -7.787549798e-001
1924 0 +3.561591571e+001 -3.814084292e+000 -3.814084292e+000
2014 0 +3.266749176e+001 -6.762508241e+000 -6.762508241e+000
2242 0 +3.191395102e+001 -7.516048978e+000 -7.516048978e+000
2876 0 +3.155439998e+001 -7.875600016e+000 -7.875600016e+000
3173 0 +3.086452172e+001 -8.565478280e+000 -8.565478280e+000
3611 0 +2.995099152e+001 -9.479008480e+000 -9.479008480e+000
4282 0 +2.836543820e+001 -1.106456180e+001 -1.106456180e+001
4499 0 +2.791186698e+001 -1.151813302e+001 -1.151813302e+001
5254 0 +2.725208320e+001 -1.217791680e+001 -1.217791680e+001
5370 0 +2.681369167e+001 -1.261630833e+001 -1.261630833e+001
6124 0 +2.620690942e+001 -1.322309058e+001 -1.322309058e+001
6792 0 +2.557737293e+001 -1.385262707e+001 -1.385262707e+001
6956 0 +2.499624670e+001 -1.443375330e+001 -1.443375330e+001
7356 0 +2.449149009e+001 -1.493850991e+001 -1.493850991e+001
7863 0 +2.397552720e+001 -1.545447280e+001 -1.545447280e+001
8385 0 +2.252068019e+001 -1.690931981e+001 -1.690931981e+001
8464 0 +2.234832254e+001 -1.708167746e+001 -1.708167746e+001
8563 0 +2.170117035e+001 -1.772882965e+001 -1.772882965e+001
9188 0 +2.126418659e+001 -1.816581341e+001 -1.816581341e+001
9813 0 +2.065085576e+001 -1.877914424e+001 -1.877914424e+001
% f evaluations | g evaluations | best noise-free fitness - Fopt (4.197200000000e+002) + sum g_i+ | measured fitness | best measured fitness or single-digit g-values | x1 | x2...
1 0 +4.857214664e+001 +4.682921466e+002 +4.682921466e+002
563 0 +4.735048139e+001 +4.670704814e+002 +4.670704814e+002
692 0 +4.300508158e+001 +4.627250816e+002 +4.627250816e+002
758 0 +4.138005347e+001 +4.611000535e+002 +4.611000535e+002
1082 0 +3.853253557e+001 +4.582525356e+002 +4.582525356e+002
1093 0 +3.744494267e+001 +4.571649427e+002 +4.571649427e+002
1114 0 +3.615637177e+001 +4.558763718e+002 +4.558763718e+002
1163 0 +3.540558243e+001 +4.551255824e+002 +4.551255824e+002
1309 0 +3.406559152e+001 +4.537855915e+002 +4.537855915e+002
1314 0 +3.222553254e+001 +4.519455325e+002 +4.519455325e+002
1514 0 +3.118762038e+001 +4.509076204e+002 +4.509076204e+002
1689 0 +3.057945673e+001 +4.502994567e+002 +4.502994567e+002
2585 0 +3.010214969e+001 +4.498221497e+002 +4.498221497e+002
2732 0 +2.918897136e+001 +4.489089714e+002 +4.489089714e+002
3127 0 +2.844034829e+001 +4.481603483e+002 +4.481603483e+002
3998 0 +2.816875768e+001 +4.478887577e+002 +4.478887577e+002
4194 0 +2.753967877e+001 +4.472596788e+002 +4.472596788e+002
4658 0 +2.682290016e+001 +4.465429002e+002 +4.465429002e+002
4738 0 +2.615456906e+001 +4.458745691e+002 +4.458745691e+002
4829 0 +2.542003038e+001 +4.451400304e+002 +4.451400304e+002
4975 0 +2.508287057e+001 +4.448028706e+002 +4.448028706e+002
5059 0 +2.410171177e+001 +4.438217118e+002 +4.438217118e+002
5369 0 +2.383973332e+001 +4.435597333e+002 +4.435597333e+002
5672 0 +2.233702021e+001 +4.420570202e+002 +4.420570202e+002
6225 0 +2.173569754e+001 +4.414556975e+002 +4.414556975e+002
6946 0 +2.127850386e+001 +4.409985039e+002 +4.409985039e+002
7319 0 +2.059637157e+001 +4.403163716e+002 +4.403163716e+002
8369 0 +2.035478012e+001 +4.400747801e+002 +4.400747801e+002
9606 0 +1.956886037e+001 +4.392888604e+002 +4.392888604e+002
9727 0 +1.949659377e+001 +4.392165938e+002 +4.392165938e+002
% f evaluations | g evaluations | best noise-free fitness - Fopt (7.640000000000e+000) + sum g_i+ | measured fitness | best measured fitness or single-digit g-values | x1 | x2...
1 0 +5.693830805e+001 +6.457830805e+001 +6.457830805e+001
365 0 +4.781825899e+001 +5.545825899e+001 +5.545825899e+001
417 0 +3.977734093e+001 +4.741734093e+001 +4.741734093e+001
703 0 +3.868871100e+001 +4.632871100e+001 +4.632871100e+001
1059 0 +3.800665798e+001 +4.564665798e+001 +4.564665798e+001
1110 0 +3.595976379e+001 +4.359976379e+001 +4.359976379e+001
1259 0 +3.475763732e+001 +4.239763732e+001 +4.239763732e+001
1576 0 +3.448354996e+001 +4.212354996e+001 +4.212354996e+001
1834 0 +3.312899279e+001 +4.076899279e+001 +4.076899279e+001
2059 0 +3.297661369e+001 +4.061661369e+001 +4.061661369e+001
2068 0 +3.112984912e+001 +3.876984912e+001 +3.876984912e+001
2126 0 +3.064323676e+001 +3.828323676e+001 +3.828323676e+001
2352 0 +2.887911327e+001 +3.651911327e+001 +3.651911327e+001
2410 0 +2.734667141e+001 +3.498667141e+001 +3.498667141e+001
2658 0 +2.635614713e+001 +3.399614713e+001 +3.399614713e+001
3147 0 +2.622671149e+001 +3.386671149e+001 +3.386671149e+001
3347 0 +2.488393657e+001 +3.252393657e+001 +3.252393657e+001
3660 0 +2.326101683e+001 +3.090101683e+001 +3.090101683e+001
3811 0 +2.214658613e+001 +2.978658613e+001 +2.978658613e+001
4176 0 +2.172054067e+001 +2.936054067e+001 +2.936054067e+001
4533 0 +2.129107688e+001 +2.893107688e+001 +2.893107688e+001
4946 0 +2.079910196e+001 +2.843910196e+001 +2.843910196e+001
5102 0 +2.008745348e+001 +2.772745348e+001 +2.772745348e+001
5241 0 +1.986777171e+001 +2.750777171e+001 +2.750777171e+001
6384 0 +1.883184282e+001 +2.647184282e+001 +2.647184282e+001
6511 0 +1.848957022e+001 +2.612957022e+001 +2.612957022e+001
6976 0 +1.812846692e+001 +2.576846692e+001 +2.576846692e+001
7083 0 +1.743311739e+001 +2.507311739e+001 +2.507311739e+001
7306 0 +1.699005818e+001 +2.463005818e+001 +2.463005818e+001
7541 0 +1.694705418e+001 +2.458705418e+001 +2.458705418e+001
8822 0 +1.652056911e+001 +2.416056911e+001 +2.416056911e+001
8972 0 +1.616493789e+001 +2.380493789e+001 +2.380493789e+001
9263 0 +1.574597859e+001 +2.338597859e+001 +2.338597859e+001
% f evaluations | g evaluations | best noise-free fitness - Fopt (-1.276800000000e+002) + sum g_i+ | measured fitness | best measured fitness or single-digit g-values | x1 | x2...
1 0 +9.711568743e+001 -3.056431257e+001 -3.056431257e+001
25 0 +7.901644257e+001 -4.866355743e+001 -4.866355743e+001
53 0 +7.613217559e+001 -5.154782441e+001 -5.154782441e+001
202 0 +6.002597279e+001 -6.765402721e+001 -6.765402721e+001
266 0 +5.209137990e+001 -7.558862010e+001 -7.558862010e+001
280 0 +4.989854610e+001 -7.778145390e+001 -7.778145390e+001
307 0 +4.829357128e+001 -7.938642872e+001 -7.938642872e+001
321 0 +3.730224863e+001 -9.037775137e+001 -9.037775137e+001
605 0 +3.456463411e+001 -9.311536589e+001 -9.311536589e+001
1022 0 +3.187269402e+001 -9.580730598e+001 -9.580730598e+001
1265 0 +3.118317950e+001 -9.649682050e+001 -9.649682050e+001
1456 0 +3.031240269e+001 -9.736759731e+001 -9.736759731e+001
1490 0 +2.933396145e+001 -9.834603855e+001 -9.834603855e+001
1635 0 +2.730517581e+001 -1.003748242e+002 -1.003748242e+002
1781 0 +2.672863845e+001 -1.009513615e+002 -1.009513615e+002
1792 0 +2.565112280e+001 -1.020288772e+002 -1.020288772e+002
2083 0 +2.470637989e+001 -1.029736201e+002 -1.029736201e+002
2211 0 +2.398806137e+001 -1.036919386e+002 -1.036919386e+002
2258 0 +2.314476589e+001 -1.045352341e+002 -1.045352341e+002
2614 0 +2.243856437e+001 -1.052414356e+002 -1.052414356e+002
2922 0 +2.207261149e+001 -1.056073885e+002 -1.056073885e+002
3222 0 +2.150383605e+001 -1.061761640e+002 -1.061761640e+002
3722 0 +2.099987523e+001 -1.066801248e+002 -1.066801248e+002
3783 0 +2.018771797e+001 -1.074922820e+002 -1.074922820e+002
3814 0 +1.987013147e+001 -1.078098685e+002 -1.078098685e+002
4122 0 +1.921160710e+001 -1.084683929e+002 -1.084683929e+002
4170 0 +1.876549110e+001 -1.089145089e+002 -1.089145089e+002
4414 0 +1.854328658e+001 -1.091367134e+002 -1.091367134e+002
4622 0 +1.802578528e+001 -1.096542147e+002 -1.096542147e+002
5327 0 +1.759082317e+001 -1.100891768e+002 -1.100891768e+002
5442 0 +1.736628130e+001 -1.103137187e+002 -1.103137187e+002
5514 0 +1.689092959e+001 -1.107890704e+002 -1.107890704e+002
6709 0 +1.648636851e+001 -1.111936315e+002 -1.111936315e+002
6967 0 +1.583309606e+001 -1.118469039e+002 -1.118469039e+002
7176 0 +1.538052950e+001 -1.122994705e+002 -1.122994705e+002
7505 0 +1.513118462e+001 -1.125488154e+002 -1.125488154e+002
7693 0 +1.444842792e+001 -1.132315721e+002 -1.132315721e+002
7752 0 +1.373702535e+001 -1.139429747e+002 -1.139429747e+002
7859 0 +1.307378378e+001 -1.146062162e+002 -1.146062162e+002
8152 0 +1.266452696e+001 -1.150154730e+002 -1.150154730e+002
8405 0 +1.257310926e+001 -1.151068907e+002 -1.151068907e+002
8842 0 +1.176158501e+001 -1.159184150e+002 -1.159184150e+002
8959 0 +1.172791461e+001 -1.159520854e+002 -1.159520854e+002
9402 0 +1.144004979e+001 -1.162399502e+002 -1.162399502e+002
9709 0 +1.118236365e+001 -1.164976363e+002 -1.164976363e+002
10005 0 +1.084998600e+001 -1.168300140e+002 -1.168300140e+002
% f evaluations | g evaluations | best noise-free fitness - Fopt (-3.650000000000e+001) + sum g_i+ | measured fitness | best measured fitness or single-digit g-values | x1 | x2...
1 0 +1.093899050e+002 +7.288990503e+001 +7.288990503e+001
83 0 +8.501055847e+001 +4.851055847e+001 +4.851055847e+001
86 0 +8.241878214e+001 +4.591878214e+001 +4.591878214e+001
205 0 +8.115976552e+001 +4.465976552e+001 +4.465976552e+001
245 0 +6.274249391e+001 +2.624249391e+001 +2.624249391e+001
306 0 +5.955486762e+001 +2.305486762e+001 +2.305486762e+001
326 0 +5.850625278e+001 +2.200625278e+001 +2.200625278e+001
338 0 +5.425888240e+001 +1.775888240e+001 +1.775888240e+001
418 0 +5.076388844e+001 +1.426388844e+001 +1.426388844e+001
449 0 +4.749689403e+001 +1.099689403e+001 +1.099689403e+001
526 0 +4.192004394e+001 +5.420043940e+000 +5.420043940e+000
764 0 +4.036944901e+001 +3.869449007e+000 +3.869449007e+000
830 0 +3.749105484e+001 +9.910548431e-001 +9.910548431e-001
1039 0 +3.597414047e+001 -5.258595332e-001 -5.258595332e-001
1123 0 +3.526065746e+001 -1.239342543e+000 -1.239342543e+000
1377 0 +3.308206434e+001 -3.417935655e+000 -3.417935655e+000
1530 0 +2.699831294e+001 -9.501687061e+000 -9.501687061e+000
1854 0 +2.560921389e+001 -1.089078611e+001 -1.089078611e+001
2117 0 +2.390391504e+001 -1.259608496e+001 -1.259608496e+001
2170 0 +2.304988680e+001 -1.345011320e+001 -1.345011320e+001
2223 0 +2.254760390e+001 -1.395239610e+001 -1.395239610e+001
2354 0 +2.229614069e+001 -1.420385931e+001 -1.420385931e+001
2591 0 +2.122757258e+001 -1.527242742e+001 -1.527242742e+001
3047 0 +2.077878041e+001 -1.572121959e+001 -1.572121959e+001
3414 0 +2.026953031e+001 -1.623046969e+001 -1.623046969e+001
3849 0 +1.989271807e+001 -1.660728193e+001 -1.660728193e+001
4075 0 +1.763060492e+001 -1.886939508e+001 -1.886939508e+001
4979 0 +1.708516626e+001 -1.941483374e+001 -1.941483374e+001
5254 0 +1.691754969e+001 -1.958245031e+001 -1.958245031e+001
5896 0 +1.658249069e+001 -1.991750931e+001 -1.991750931e+001
6221 0 +1.611028836e+001 -2.038971164e+001 -2.038971164e+001
6457 0 +1.571423267e+001 -2.078576733e+001 -2.078576733e+001
6521 0 +1.541618122e+001 -2.108381878e+001 -2.108381878e+001
6523 0 +1.505095462e+001 -2.144904538e+001 -2.144904538e+001
6816 0 +1.441301132e+001 -2.208698868e+001 -2.208698868e+001
7575 0 +1.412327981e+001 -2.237672019e+001 -2.237672019e+001
8527 0 +1.375839092e+001 -2.274160908e+001 -2.274160908e+001
9116 0 +1.347115313e+001 -2.302884687e+001 -2.302884687e+001
% f evaluations | g evaluations | best noise-free fitness - Fopt (1.728700000000e+002) + sum g_i+ | measured fitness | best measured fitness or single-digit g-values | x1 | x2...
1 0 +1.502770444e+002 +3.231470444e+002 +3.231470444e+002
46 0 +1.255358562e+002 +2.984058562e+002 +2.984058562e+002
208 0 +1.149066598e+002 +2.877766598e+002 +2.877766598e+002
229 0 +9.501729391e+001 +2.678872939e+002 +2.678872939e+002
317 0 +8.566462975e+001 +2.585346298e+002 +2.585346298e+002
365 0 +8.240745374e+001 +2.552774537e+002 +2.552774537e+002
437 0 +7.501848622e+001 +2.478884862e+002 +2.478884862e+002
484 0 +6.666628477e+001 +2.395362848e+002 +2.395362848e+002
540 0 +6.062477152e+001 +2.334947715e+002 +2.334947715e+002
574 0 +4.294744011e+001 +2.158174401e+002 +2.158174401e+002
720 0 +4.047867343e+001 +2.133486734e+002 +2.133486734e+002
802 0 +3.975823401e+001 +2.126282340e+002 +2.126282340e+002
1109 0 +3.818890006e+001 +2.110589001e+002 +2.110589001e+002
1114 0 +3.485882770e+001 +2.077288277e+002 +2.077288277e+002
1372 0 +3.278980308e+001 +2.056598031e+002 +2.056598031e+002
1418 0 +3.092908015e+001 +2.037990802e+002 +2.037990802e+002
1611 0 +3.085142628e+001 +2.037214263e+002 +2.037214263e+002
2015 0 +2.951082596e+001 +2.023808260e+002 +2.023808260e+002
2146 0 +2.876637011e+001 +2.016363701e+002 +2.016363701e+002
2965 0 +2.817564036e+001 +2.010456404e+002 +2.010456404e+002
3489 0 +2.750434818e+001 +2.003743482e+002 +2.003743482e+002
3851 0 +2.609593582e+001 +1.989659358e+002 +1.989659358e+002
4604 0 +2.522245216e+001 +1.980924522e+002 +1.980924522e+002
5055 0 +2.506574349e+001 +1.979357435e+002 +1.979357435e+002
6094 0 +2.446841837e+001 +1.973384184e+002 +1.973384184e+002
6397 0 +2.372069960e+001 +1.965906996e+002 +1.965906996e+002
6501 0 +2.339353282e+001 +1.962635328e+002 +1.962635328e+002
6718 0 +2.281018393e+001 +1.956801839e+002 +1.956801839e+002
7428 0 +2.214988304e+001 +1.950198830e+002 +1.950198830e+002
8430 0 +2.186703474e+001 +1.947370347e+002 +1.947370347e+002
8656 0 +2.118175651e+001 +1.940517565e+002 +1.940517565e+002
8664 0 +2.074301103e+001 +1.936130110e+002 +1.936130110e+002
8964 0 +2.040152161e+001 +1.932715216e+002 +1.932715216e+002
9042 0 +1.972583813e+001 +1.925958381e+002 +1.925958381e+002
9255 0 +1.914774891e+001 +1.920177489e+002 +1.920177489e+002
9391 0 +1.867943746e+001 +1.915494375e+002 +1.915494375e+002
9938 0 +1.854708914e+001 +1.914170891e+002 +1.914170891e+002
10028 0 +1.815247808e+001 +1.910224781e+002 +1.910224781e+002
% f evaluations | g evaluations | best noise-free fitness - Fopt (1.577200000000e+002) + sum g_i+ | measured fitness | best measured fitness or single-digit g-values | x1 | x2...
1 0 +4.490881561e+001 +2.026288156e+002 +2.026288156e+002
241 0 +4.451886781e+001 +2.022388678e+002 +2.022388678e+002
775 0 +4.271639182e+001 +2.004363918e+002 +2.004363918e+002
1030 0 +4.147699120e+001 +1.991969912e+002 +1.991969912e+002
1579 0 +4.001469900e+001 +1.977346990e+002 +1.977346990e+002
2048 0 +3.957329324e+001 +1.972932932e+002 +1.972932932e+002
2072 0 +3.855136506e+001 +1.962713651e+002 +1.962713651e+002
2268 0 +3.720841100e+001 +1.949284110e+002 +1.949284110e+002
2357 0 +3.631323910e+001 +1.940332391e+002 +1.940332391e+002
2643 0 +3.510179905e+001 +1.928217990e+002 +1.928217990e+002
2807 0 +3.456649484e+001 +1.922864948e+002 +1.922864948e+002
3006 0 +3.377254616e+001 +1.914925462e+002 +1.914925462e+002
3221 0 +3.306353188e+001 +1.907835319e+002 +1.907835319e+002
3630 0 +3.178079775e+001 +1.895007977e+002 +1.895007977e+002
3818 0 +3.157857953e+001 +1.892985795e+002 +1.892985795e+002
3840 0 +3.033189869e+001 +1.880518987e+002 +1.880518987e+002
4040 0 +3.019083399e+001 +1.879108340e+002 +1.879108340e+002
4306 0 +2.893047780e+001 +1.866504778e+002 +1.866504778e+002
4440 0 +2.828658868e+001 +1.860065887e+002 +1.860065887e+002
4648 0 +2.790636673e+001 +1.856263667e+002 +1.856263667e+002
4925 0 +2.752605796e+001 +1.852460580e+002 +1.852460580e+002
5470 0 +2.655478382e+001 +1.842747838e+002 +1.842747838e+002
5573 0 +2.629259139e+001 +1.840125914e+002 +1.840125914e+002
6567 0 +2.556852154e+001 +1.832885215e+002 +1.832885215e+002
6888 0 +2.509773627e+001 +1.828177363e+002 +1.828177363e+002
7140 0 +2.423496219e+001 +1.819549622e+002 +1.819549622e+002
7964 0 +2.398792012e+001 +1.817079201e+002 +1.817079201e+002
8269 0 +2.321003531e+001 +1.809300353e+002 +1.809300353e+002
9185 0 +2.289844135e+001 +1.806184413e+002 +1.806184413e+002
% f evaluations | g evaluations | best noise-free fitness - Fopt (2.819000000000e+001) + sum g_i+ | measured fitness | best measured fitness or single-digit g-values | x1 | x2...
1 0 +1.080322480e+002 +1.362222480e+002 +1.362222480e+002
314 0 +1.005560320e+002 +1.287460320e+002 +1.287460320e+002
343 0 +8.947060000e+001 +1.176606000e+002 +1.176606000e+002
377 0 +7.171652598e+001 +9.990652598e+001 +9.990652598e+001
387 0 +5.173992167e+001 +7.992992167e+001 +7.992992167e+001
582 0 +4.527657433e+001 +7.346657433e+001 +7.346657433e+001
757 0 +4.241546660e+001 +7.060546660e+001 +7.060546660e+001
887 0 +4.138823246e+001 +6.957823246e+001 +6.957823246e+001
1026 0 +3.777778206e+001 +6.596778206e+001 +6.596778206e+001
1207 0 +3.614520744e+001 +6.433520744e+001 +6.433520744e+001
1375 0 +3.269595997e+001 +6.088595997e+001 +6.088595997e+001
1558 0 +3.200292894e+001 +6.019292894e+001 +6.019292894e+001
1701 0 +3.098492013e+001 +5.917492013e+001 +5.917492013e+001
1841 0 +3.085352883e+001 +5.904352883e+001 +5.904352883e+001
1905 0 +2.803705058e+001 +5.622705058e+001 +5.622705058e+001
2320 0 +2.714499970e+001 +5.533499970e+001 +5.533499970e+001
2395 0 +2.577124691e+001 +5.396124691e+001 +5.396124691e+001
2452 0 +2.417310551e+001 +5.236310551e+001 +5.236310551e+001
2544 0 +2.225910967e+001 +5.044910967e+001 +5.044910967e+001
2762 0 +2.141167441e+001 +4.960167441e+001 +4.960167441e+001
2882 0 +2.111785846e+001 +4.930785846e+001 +4.930785846e+001
2975 0 +2.088626561e+001 +4.907626561e+001 +4.907626561e+001
3362 0 +2.008762610e+001 +4.827762610e+001 +4.827762610e+001
3411 0 +1.966056959e+001 +4.785056959e+001 +4.785056959e+001
4230 0 +1.804985330e+001 +4.623985330e+001 +4.623985330e+001
5203 0 +1.761689209e+001 +4.580689209e+001 +4.580689209e+001
5358 0 +1.727941215e+001 +4.546941215e+001 +4.546941215e+001
5908 0 +1.591296891e+001 +4.410296891e+001 +4.410296891e+001
6129 0 +1.548451805e+001 +4.367451805e+001 +4.367451805e+001
6465 0 +1.512219515e+001 +4.331219515e+001 +4.331219515e+001
6911 0 +1.426273728e+001 +4.245273728e+001 +4.245273728e+001
7647 0 +1.397488723e+001 +4.216488723e+001 +4.216488723e+001
8205 0 +1.376614792e+001 +4.195614792e+001 +4.195614792e+001
8342 0 +1.339933130e+001 +4.158933130e+001 +4.158933130e+001
9143 0 +1.317468082e+001 +4.136468082e+001 +4.136468082e+001
% f evaluations | g evaluations | best noise-free fitness - Fopt (-9.925000000000e+001) + sum g_i+ | measured fitness | best measured fitness or single-digit g-values | x1 | x2...
1 0 +6.996233835e+001 -2.928766165e+001 -2.928766165e+001
239 0 +5.961606013e+001 -3.963393987e+001 -3.963393987e+001
440 0 +5.858302055e+001 -4.066697945e+001 -4.066697945e+001
443 0 +5.725637048e+001 -4.199362952e+001 -4.199362952e+001
527 0 +5.548096284e+001 -4.376903716e+001 -4.376903716e+001
528 0 +5.057026386e+001 -4.867973614e+001 -4.867973614e+001
609 0 +4.802835887e+001 -5.122164113e+001 -5.122164113e+001
643 0 +3.261396514e+001 -6.663603486e+001 -6.663603486e+001
862 0 +3.170203817e+001 -6.754796183e+001 -6.754796183e+001
948 0 +3.152391279e+001 -6.772608721e+001 -6.772608721e+001
1121 0 +2.996478730e+001 -6.928521270e+001 -6.928521270e+001
1339 0 +2.923080357e+001 -7.001919643e+001 -7.001919643e+001
1530 0 +2.780811084e+001 -7.144188916e+001 -7.144188916e+001
2173 0 +2.557553547e+001 -7.367446453e+001 -7.367446453e+001
2723 0 +2.443584317e+001 -7.481415683e+001 -7.481415683e+001
2804 0 +2.364699138e+001 -7.560300862e+001 -7.560300862e+001
2847 0 +2.325736752e+001 -7.599263248e+001 -7.599263248e+001
2904 0 +2.231304131e+001 -7.693695869e+001 -7.693695869e+001
3161 0 +2.113074397e+001 -7.811925603e+001 -7.811925603e+001
3504 0 +2.072299754e+001 -7.852700246e+001 -7.852700246e+001
3704 0 +2.034696853e+001 -7.890303147e+001 -7.890303147e+001
3838 0 +1.982895007e+001 -7.942104993e+001 -7.942104993e+001
4105 0 +1.852896659e+001 -8.072103341e+001 -8.072103341e+001
4722 0 +1.761677064e+001 -8.163322936e+001 -8.163322936e+001
5604 0 +1.729823034e+001 -8.195176966e+001 -8.195176966e+001
6157 0 +1.697217669e+001 -8.227782331e+001 -8.227782331e+001
6758 0 +1.651592730e+001 -8.273407270e+001 -8.273407270e+001
7147 0 +1.614505289e+001 -8.310494711e+001 -8.310494711e+001
7236 0 +1.560111073e+001 -8.364888927e+001 -8.364888927e+001
7430 0 +1.524632679e+001 -8.400367321e+001 -8.400367321e+001
7727 0 +1.503909856e+001 -8.421090144e+001 -8.421090144e+001
8149 0 +1.475594720e+001 -8.449405280e+001 -8.449405280e+001
9202 0 +1.439797688e+001 -8.485202312e+001 -8.485202312e+001
