% f evaluations | g evaluations | best noise-free fitness - Fopt (-5.465000000000e+002) + sum g_i+ | measured fitness | best measured fitness or single-digit g-values | x1 | x2...
1 0 +3.449670211e+004 +3.395020211e+004 +3.395020211e+004
451 0 +3.236261514e+004 +3.181611514e+004 +3.181611514e+004
501 0 +2.831248885e+004 +2.776598885e+004 +2.776598885e+004
667 0 +2.168415195e+004 +2.113765195e+004 +2.113765195e+004
720 0 +1.971027406e+004 +1.916377406e+004 +1.916377406e+004
726 0 +1.707179773e+004 +1.652529773e+004 +1.652529773e+004
819 0 +1.497994575e+004 +1.443344575e+004 +1.443344575e+004
913 0 +1.251874568e+004 +1.197224568e+004 +1.197224568e+004
957 0 +6.975740447e+003 +6.429240447e+003 +6.429240447e+003
1073 0 +6.056483136e+003 +5.509983136e+003 +5.509983136e+003
1162 0 +5.406141529e+003 +4.859641529e+003 +4.859641529e+003
1214 0 +4.278423113e+003 +3.731923113e+003 +3.731923113e+003
1229 0 +4.199607728e+003 +3.653107728e+003 +3.653107728e+003
1352 0 +4.159947080e+003 +3.613447080e+003 +3.613447080e+003
1398 0 +2.827623751e+003 +2.281123751e+003 +2.281123751e+003
1411 0 +2.765269835e+003 +2.218769835e+003 +2.218769835e+003
1466 0 +2.301855908e+003 +1.755355908e+003 +1.755355908e+003
1537 0 +1.937826340e+003 +1.391326340e+003 +1.391326340e+003
1583 0 +1.887215093e+003 +1.340715093e+003 +1.340715093e+003
1588 0 +1.803408746e+003 +1.256908746e+003 +1.256908746e+003
1609 0 +1.379089445e+003 +8.325894448e+002 +8.325894448e+002
1620 0 +1.259988948e+003 +7.134889480e+002 +7.134889480e+002
1709 0 +1.184018017e+003 +6.375180170e+002 +6.375180170e+002
1764 0 +1.098093439e+003 +5.515934392e+002 +5.515934392e+002
1806 0 +8.782224156e+002 +3.317224156e+002 +3.317224156e+002
1906 0 +8.364949592e+002 +2.899949592e+002 +2.899949592e+002
1923 0 +7.499891380e+002 +2.034891380e+002 +2.034891380e+002
2026 0 +6.058388457e+002 +5.933884568e+001 +5.933884568e+001
2145 0 +5.596108016e+002 +1.311080163e+001 +1.311080163e+001
2179 0 +5.282696160e+002 -1.823038401e+001 -1.823038401e+001
2207 0 +4.740950454e+002 -7.240495460e+001 -7.240495460e+001
2217 0 +4.652111452e+002 -8.128885482e+001 -8.128885482e+001
2221 0 +4.251406076e+002 -1.213593924e+002 -1.213593924e+002
2290 0 +3.657425387e+002 -1.807574613e+002 -1.807574613e+002
2314 0 +3.131648643e+002 -2.333351357e+002 -2.333351357e+002
2325 0 +2.906709722e+002 -2.558290278e+002 -2.558290278e+002
2338 0 +2.865055908e+002 -2.599944092e+002 -2.599944092e+002
2418 0 +2.310731056e+002 -3.154268944e+002 -3.154268944e+002
2513 0 +1.627867291e+002 -3.837132709e+002 -3.837132709e+002
2545 0 +1.227008734e+002 -4.237991266e+002 -4.237991266e+002
2716 0 +1.160752529e+002 -4.304247471e+002 -4.304247471e+002
2718 0 +1.121851766e+002 -4.343148234e+002 -4.343148234e+002
2831 0 +8.228726916e+001 -4.642127308e+002 -4.642127308e+002
2863 0 +2.895200692e+001 -5.175479931e+002 -5.175479931e+002
2906 0 +1.894539403e+001 -5.275546060e+002 -5.275546060e+002
2913 0 +1.459382702e+001 -5.319061730e+002 -5.319061730e+002
2914 0 +1.356324804e+001 -5.329367520e+002 -5.329367520e+002
2944 0 +7.918061480e+000 -5.385819385e+002 -5.385819385e+002
3037 0 +7.485484987e+000 -5.390145150e+002 -5.390145150e+002
3262 0 +7.351876747e+000 -5.391481233e+002 -5.391481233e+002
3292 0 +6.024220581e+000 -5.404757794e+002 -5.404757794e+002
3391 0 +5.165899993e+000 -5.413341000e+002 -5.413341000e+002
3479 0 +5.123943042e+000 -5.413760570e+002 -5.413760570e+002
3572 0 +4.860718372e+000 -5.416392816e+002 -5.416392816e+002
3627 0 +4.649694030e+000 -5.418503060e+002 -5.418503060e+002
3879 0 +4.439445504e+000 -5.420605545e+002 -5.420605545e+002
4111 0 +4.332933268e+000 -5.421670667e+002 -5.421670667e+002
4676 0 +4.253364412e+000 -5.422466356e+002 -5.422466356e+002
5049 0 +4.143997042e+000 -5.423560030e+002 -5.423560030e+002
5836 0 +4.073626045e+000 -5.424263740e+002 -5.424263740e+002
7259 0 +3.972299415e+000 -5.425277006e+002 -5.425277006e+002
7405 0 +3.888695860e+000 -5.426113041e+002 -5.426113041e+002
7503 0 +3.783020484e+000 -5.427169795e+002 -5.427169795e+002
15951 0 +3.702038136e+000 -5.427979619e+002 -5.427979619e+002
16382 0 +3.628611472e+000 -5.428713885e+002 -5.428713885e+002
16512 0 +3.543458616e+000 -5.429565414e+002 -5.429565414e+002
16655 0 +3.460471719e+000 -5.430395283e+002 -5.430395283e+002
17020 0 +3.385337715e+000 -5.431146623e+002 -5.431146623e+002
% f evaluations | g evaluations | best noise-free fitness - Fopt (1.000000000000e+003) + sum g_i+ | measured fitness | best measured fitness or single-digit g-values | x1 | x2...
1 0 +3.449670211e+004 +3.549670211e+004 +3.549670211e+004
260 0 +2.143171476e+004 +2.243171476e+004 +2.243171476e+004
389 0 +1.192063879e+004 +1.292063879e+004 +1.292063879e+004
507 0 +1.159073610e+004 +1.259073610e+004 +1.259073610e+004
536 0 +9.455745291e+003 +1.045574529e+004 +1.045574529e+004
606 0 +3.817013956e+003 +4.817013956e+003 +4.817013956e+003
723 0 +2.545544140e+003 +3.545544140e+003 +3.545544140e+003
865 0 +2.239285027e+003 +3.239285027e+003 +3.239285027e+003
962 0 +1.293114918e+003 +2.293114918e+003 +2.293114918e+003
981 0 +1.216347178e+003 +2.216347178e+003 +2.216347178e+003
1021 0 +1.012372203e+003 +2.012372203e+003 +2.012372203e+003
1174 0 +9.345888281e+002 +1.934588828e+003 +1.934588828e+003
1283 0 +5.560314258e+002 +1.556031426e+003 +1.556031426e+003
1311 0 +4.520792170e+002 +1.452079217e+003 +1.452079217e+003
1437 0 +1.979667009e+002 +1.197966701e+003 +1.197966701e+003
1534 0 +1.776121763e+002 +1.177612176e+003 +1.177612176e+003
1543 0 +8.093968038e+001 +1.080939680e+003 +1.080939680e+003
1671 0 +6.775214891e+001 +1.067752149e+003 +1.067752149e+003
1686 0 +5.761727248e+001 +1.057617272e+003 +1.057617272e+003
1723 0 +5.728807763e+001 +1.057288078e+003 +1.057288078e+003
1829 0 +3.257633477e+001 +1.032576335e+003 +1.032576335e+003
1886 0 +1.257722762e+001 +1.012577228e+003 +1.012577228e+003
1951 0 +5.474683301e+000 +1.005474683e+003 +1.005474683e+003
2023 0 +4.168411395e+000 +1.004168411e+003 +1.004168411e+003
2223 0 +4.061904275e+000 +1.004061904e+003 +1.004061904e+003
2671 0 +3.959888755e+000 +1.003959889e+003 +1.003959889e+003
3365 0 +3.888495496e+000 +1.003888495e+003 +1.003888495e+003
4487 0 +3.796982473e+000 +1.003796982e+003 +1.003796982e+003
4713 0 +3.697007397e+000 +1.003697007e+003 +1.003697007e+003
5011 0 +3.610845659e+000 +1.003610846e+003 +1.003610846e+003
5204 0 +3.537532343e+000 +1.003537532e+003 +1.003537532e+003
6795 0 +3.466581743e+000 +1.003466582e+003 +1.003466582e+003
% f evaluations | g evaluations | best noise-free fitness - Fopt (2.083800000000e+002) + sum g_i+ | measured fitness | best measured fitness or single-digit g-values | x1 | x2...
1 0 +3.449670211e+004 +3.470508211e+004 +3.470508211e+004
701 0 +2.879435286e+004 +2.900273286e+004 +2.900273286e+004
800 0 +2.694718070e+004 +2.715556070e+004 +2.715556070e+004
823 0 +2.206671280e+004 +2.227509280e+004 +2.227509280e+004
885 0 +1.627293291e+004 +1.648131291e+004 +1.648131291e+004
923 0 +1.373577942e+004 +1.394415942e+004 +1.394415942e+004
984 0 +1.000865969e+004 +1.021703969e+004 +1.021703969e+004
1041 0 +5.276564621e+003 +5.484944621e+003 +5.484944621e+003
1152 0 +4.894365248e+003 +5.102745248e+003 +5.102745248e+003
1160 0 +4.775896339e+003 +4.984276339e+003 +4.984276339e+003
1200 0 +2.487891187e+003 +2.696271187e+003 +2.696271187e+003
1254 0 +1.888328738e+003 +2.096708738e+003 +2.096708738e+003
1320 0 +1.440392093e+003 +1.648772093e+003 +1.648772093e+003
1328 0 +8.779266862e+002 +1.086306686e+003 +1.086306686e+003
1409 0 +5.464104320e+002 +7.547904320e+002 +7.547904320e+002
1462 0 +3.856300625e+002 +5.940100625e+002 +5.940100625e+002
1503 0 +3.702951992e+002 +5.786751992e+002 +5.786751992e+002
1614 0 +2.952693048e+002 +5.036493048e+002 +5.036493048e+002
1718 0 +2.750453441e+002 +4.834253441e+002 +4.834253441e+002
1764 0 +1.936119931e+002 +4.019919931e+002 +4.019919931e+002
1850 0 +1.437850642e+002 +3.521650642e+002 +3.521650642e+002
1913 0 +1.376368136e+002 +3.460168136e+002 +3.460168136e+002
2005 0 +9.652898004e+001 +3.049089800e+002 +3.049089800e+002
2013 0 +9.172450359e+001 +3.001045036e+002 +3.001045036e+002
2068 0 +7.379211413e+001 +2.821721141e+002 +2.821721141e+002
2210 0 +6.443144244e+001 +2.728114424e+002 +2.728114424e+002
2353 0 +5.869280558e+001 +2.670728056e+002 +2.670728056e+002
2406 0 +1.998564275e+001 +2.283656427e+002 +2.283656427e+002
2508 0 +1.971580570e+001 +2.280958057e+002 +2.280958057e+002
2527 0 +7.732024770e+000 +2.161120248e+002 +2.161120248e+002
2620 0 +7.565031404e+000 +2.159450314e+002 +2.159450314e+002
2736 0 +5.915631874e+000 +2.142956319e+002 +2.142956319e+002
2812 0 +5.204649219e+000 +2.135846492e+002 +2.135846492e+002
2813 0 +4.410667410e+000 +2.127906674e+002 +2.127906674e+002
2985 0 +4.217147228e+000 +2.125971472e+002 +2.125971472e+002
3148 0 +4.152096246e+000 +2.125320962e+002 +2.125320962e+002
3211 0 +4.071668110e+000 +2.124516681e+002 +2.124516681e+002
3500 0 +3.978657083e+000 +2.123586571e+002 +2.123586571e+002
3611 0 +3.863528673e+000 +2.122435287e+002 +2.122435287e+002
3805 0 +3.793534298e+000 +2.121735343e+002 +2.121735343e+002
4035 0 +3.630885886e+000 +2.120108859e+002 +2.120108859e+002
4109 0 +3.623450301e+000 +2.120034503e+002 +2.120034503e+002
4306 0 +3.543659872e+000 +2.119236599e+002 +2.119236599e+002
5057 0 +3.467140557e+000 +2.118471406e+002 +2.118471406e+002
6534 0 +3.387159863e+000 +2.117671599e+002 +2.117671599e+002
6917 0 +3.310304857e+000 +2.116903049e+002 +2.116903049e+002
7910 0 +3.233573542e+000 +2.116135735e+002 +2.116135735e+002
% f evaluations | g evaluations | best noise-free fitness - Fopt (-1.449600000000e+002) + sum g_i+ | measured fitness | best measured fitness or single-digit g-values | x1 | x2...
1 0 +3.449670211e+004 +3.435174211e+004 +3.435174211e+004
638 0 +2.696439266e+004 +2.681943266e+004 +2.681943266e+004
703 0 +2.033950623e+004 +2.019454623e+004 +2.019454623e+004
802 0 +1.648672768e+004 +1.634176768e+004 +1.634176768e+004
826 0 +7.634484207e+003 +7.489524207e+003 +7.489524207e+003
905 0 +7.395939137e+003 +7.250979137e+003 +7.250979137e+003
972 0 +5.479385734e+003 +5.334425734e+003 +5.334425734e+003
1043 0 +4.010069660e+003 +3.865109660e+003 +3.865109660e+003
1138 0 +3.132432982e+003 +2.987472982e+003 +2.987472982e+003
1309 0 +2.959012997e+003 +2.814052997e+003 +2.814052997e+003
1312 0 +2.425178236e+003 +2.280218236e+003 +2.280218236e+003
1443 0 +2.371704276e+003 +2.226744276e+003 +2.226744276e+003
1473 0 +2.139089525e+003 +1.994129525e+003 +1.994129525e+003
1482 0 +1.983084424e+003 +1.838124424e+003 +1.838124424e+003
1485 0 +1.295438740e+003 +1.150478740e+003 +1.150478740e+003
1512 0 +1.152873637e+003 +1.007913637e+003 +1.007913637e+003
1543 0 +1.102226695e+003 +9.572666947e+002 +9.572666947e+002
1651 0 +7.518990330e+002 +6.069390330e+002 +6.069390330e+002
1676 0 +7.129620630e+002 +5.680020630e+002 +5.680020630e+002
1725 0 +5.637393087e+002 +4.187793087e+002 +4.187793087e+002
1814 0 +5.618579670e+002 +4.168979670e+002 +4.168979670e+002
1894 0 +5.085986079e+002 +3.636386079e+002 +3.636386079e+002
1968 0 +1.801704512e+002 +3.521045119e+001 +3.521045119e+001
2015 0 +2.823468617e+001 -1.167253138e+002 -1.167253138e+002
2224 0 +2.216052285e+001 -1.227994771e+002 -1.227994771e+002
2231 0 +4.691496655e+000 -1.402685033e+002 -1.402685033e+002
2489 0 +4.540139334e+000 -1.404198607e+002 -1.404198607e+002
2777 0 +4.354772776e+000 -1.406052272e+002 -1.406052272e+002
2984 0 +4.146015995e+000 -1.408139840e+002 -1.408139840e+002
3155 0 +4.072214713e+000 -1.408877853e+002 -1.408877853e+002
3842 0 +3.976922495e+000 -1.409830775e+002 -1.409830775e+002
4434 0 +3.885421734e+000 -1.410745783e+002 -1.410745783e+002
4837 0 +3.780159746e+000 -1.411798403e+002 -1.411798403e+002
5064 0 +3.715048849e+000 -1.412449512e+002 -1.412449512e+002
7842 0 +3.628530599e+000 -1.413314694e+002 -1.413314694e+002
24913 0 +3.539521464e+000 -1.414204785e+002 -1.414204785e+002
25951 0 +3.453282761e+000 -1.415067172e+002 -1.415067172e+002
26422 0 +3.384177225e+000 -1.415758228e+002 -1.415758228e+002
28637 0 +3.310612642e+000 -1.416493874e+002 -1.416493874e+002
30235 0 +3.231536520e+000 -1.417284635e+002 -1.417284635e+002
% f evaluations | g evaluations | best noise-free fitness - Fopt (-6.300000000000e+000) + sum g_i+ | measured fitness | best measured fitness or single-digit g-values | x1 | x2...
1 0 +3.449670211e+004 +3.449040211e+004 +3.449040211e+004
645 0 +2.876633010e+004 +2.876003010e+004 +2.876003010e+004
804 0 +2.537112661e+004 +2.536482661e+004 +2.536482661e+004
815 0 +1.505798374e+004 +1.505168374e+004 +1.505168374e+004
860 0 +1.239105036e+004 +1.238475036e+004 +1.238475036e+004
915 0 +1.114009064e+004 +1.113379064e+004 +1.113379064e+004
983 0 +1.075215024e+004 +1.074585024e+004 +1.074585024e+004
997 0 +9.805180040e+003 +9.798880040e+003 +9.798880040e+003
1053 0 +8.790384333e+003 +8.784084333e+003 +8.784084333e+003
1182 0 +7.994645816e+003 +7.988345816e+003 +7.988345816e+003
1250 0 +7.759770225e+003 +7.753470225e+003 +7.753470225e+003
1257 0 +5.719215302e+003 +5.712915302e+003 +5.712915302e+003
1513 0 +4.653463500e+003 +4.647163500e+003 +4.647163500e+003
1635 0 +3.806966152e+003 +3.800666152e+003 +3.800666152e+003
1684 0 +2.309331027e+003 +2.303031027e+003 +2.303031027e+003
1703 0 +7.505251308e+002 +7.442251308e+002 +7.442251308e+002
1884 0 +6.308123131e+002 +6.245123131e+002 +6.245123131e+002
2226 0 +5.612842458e+002 +5.549842458e+002 +5.549842458e+002
2320 0 +4.641428156e+002 +4.578428156e+002 +4.578428156e+002
2403 0 +4.064576105e+002 +4.001576105e+002 +4.001576105e+002
2430 0 +3.211669317e+002 +3.148669317e+002 +3.148669317e+002
2533 0 +2.946852263e+002 +2.883852263e+002 +2.883852263e+002
2711 0 +2.550624331e+002 +2.487624331e+002 +2.487624331e+002
2792 0 +2.138306153e+002 +2.075306153e+002 +2.075306153e+002
2821 0 +2.021151501e+002 +1.958151501e+002 +1.958151501e+002
2826 0 +1.863829355e+002 +1.800829355e+002 +1.800829355e+002
2892 0 +1.703966509e+002 +1.640966509e+002 +1.640966509e+002
2903 0 +1.461219139e+002 +1.398219139e+002 +1.398219139e+002
2912 0 +6.862647059e+001 +6.232647059e+001 +6.232647059e+001
3003 0 +4.315455103e+001 +3.685455103e+001 +3.685455103e+001
3006 0 +3.074552620e+001 +2.444552620e+001 +2.444552620e+001
3228 0 +2.954547783e+001 +2.324547783e+001 +2.324547783e+001
3301 0 +2.863375265e+001 +2.233375265e+001 +2.233375265e+001
3312 0 +2.487196845e+001 +1.857196845e+001 +1.857196845e+001
3389 0 +2.335356859e+001 +1.705356859e+001 +1.705356859e+001
3392 0 +1.999202441e+001 +1.369202441e+001 +1.369202441e+001
3421 0 +1.660301957e+001 +1.030301957e+001 +1.030301957e+001
3511 0 +1.566615201e+001 +9.366152008e+000 +9.366152008e+000
3564 0 +1.250917056e+001 +6.209170562e+000 +6.209170562e+000
3615 0 +9.884140541e+000 +3.584140541e+000 +3.584140541e+000
3792 0 +9.741309499e+000 +3.441309499e+000 +3.441309499e+000
3801 0 +8.964915408e+000 +2.664915408e+000 +2.664915408e+000
3810 0 +8.684497229e+000 +2.384497229e+000 +2.384497229e+000
3902 0 +8.432417952e+000 +2.132417952e+000 +2.132417952e+000
3905 0 +7.806562739e+000 +1.506562739e+000 +1.506562739e+000
3911 0 +5.624170102e+000 -6.758298977e-001 -6.758298977e-001
4002 0 +4.607297974e+000 -1.692702026e+000 -1.692702026e+000
4101 0 +4.532252235e+000 -1.767747765e+000 -1.767747765e+000
4205 0 +4.354905372e+000 -1.945094628e+000 -1.945094628e+000
4442 0 +4.238626907e+000 -2.061373093e+000 -2.061373093e+000
4948 0 +4.162783112e+000 -2.137216888e+000 -2.137216888e+000
9812 0 +4.073327072e+000 -2.226672928e+000 -2.226672928e+000
27726 0 +3.967177194e+000 -2.332822806e+000 -2.332822806e+000
29409 0 +3.888195110e+000 -2.411804890e+000 -2.411804890e+000
% f evaluations | g evaluations | best noise-free fitness - Fopt (-1.367600000000e+002) + sum g_i+ | measured fitness | best measured fitness or single-digit g-values | x1 | x2...
1 0 +3.449670211e+004 +3.435994211e+004 +3.435994211e+004
331 0 +2.122390799e+004 +2.108714799e+004 +2.108714799e+004
408 0 +2.044936438e+004 +2.031260438e+004 +2.031260438e+004
480 0 +1.682458906e+004 +1.668782906e+004 +1.668782906e+004
617 0 +1.331659777e+004 +1.317983777e+004 +1.317983777e+004
768 0 +7.996705022e+003 +7.859945022e+003 +7.859945022e+003
945 0 +6.719577991e+003 +6.582817991e+003 +6.582817991e+003
1156 0 +6.567060382e+003 +6.430300382e+003 +6.430300382e+003
1181 0 +6.064390716e+003 +5.927630716e+003 +5.927630716e+003
1278 0 +5.383869265e+003 +5.247109265e+003 +5.247109265e+003
1282 0 +5.294454701e+003 +5.157694701e+003 +5.157694701e+003
1383 0 +5.214888503e+003 +5.078128503e+003 +5.078128503e+003
1460 0 +5.051694888e+003 +4.914934888e+003 +4.914934888e+003
1466 0 +5.011707949e+003 +4.874947949e+003 +4.874947949e+003
1496 0 +4.896347841e+003 +4.759587841e+003 +4.759587841e+003
1521 0 +4.624078512e+003 +4.487318512e+003 +4.487318512e+003
1576 0 +4.569886613e+003 +4.433126613e+003 +4.433126613e+003
1611 0 +4.235318413e+003 +4.098558413e+003 +4.098558413e+003
1675 0 +3.692277574e+003 +3.555517574e+003 +3.555517574e+003
1797 0 +3.390295382e+003 +3.253535382e+003 +3.253535382e+003
1847 0 +3.203525799e+003 +3.066765799e+003 +3.066765799e+003
2038 0 +3.146925928e+003 +3.010165928e+003 +3.010165928e+003
2106 0 +2.879467072e+003 +2.742707072e+003 +2.742707072e+003
2178 0 +2.741232845e+003 +2.604472845e+003 +2.604472845e+003
2254 0 +2.577655141e+003 +2.440895141e+003 +2.440895141e+003
2309 0 +2.566769919e+003 +2.430009919e+003 +2.430009919e+003
2343 0 +2.084537354e+003 +1.947777354e+003 +1.947777354e+003
2418 0 +1.951407550e+003 +1.814647550e+003 +1.814647550e+003
2469 0 +1.690662606e+003 +1.553902606e+003 +1.553902606e+003
2502 0 +1.618421546e+003 +1.481661546e+003 +1.481661546e+003
2526 0 +1.544678025e+003 +1.407918025e+003 +1.407918025e+003
2609 0 +1.422202059e+003 +1.285442059e+003 +1.285442059e+003
2671 0 +1.303834561e+003 +1.167074561e+003 +1.167074561e+003
2715 0 +1.284961992e+003 +1.148201992e+003 +1.148201992e+003
2725 0 +1.156664280e+003 +1.019904280e+003 +1.019904280e+003
2728 0 +1.132716076e+003 +9.959560762e+002 +9.959560762e+002
2733 0 +1.031677190e+003 +8.949171896e+002 +8.949171896e+002
2804 0 +8.825176201e+002 +7.457576201e+002 +7.457576201e+002
2818 0 +8.277173907e+002 +6.909573907e+002 +6.909573907e+002
2894 0 +7.958304569e+002 +6.590704569e+002 +6.590704569e+002
2904 0 +7.081261126e+002 +5.713661126e+002 +5.713661126e+002
2906 0 +6.830683450e+002 +5.463083450e+002 +5.463083450e+002
2964 0 +6.017213172e+002 +4.649613172e+002 +4.649613172e+002
2968 0 +5.778358342e+002 +4.410758342e+002 +4.410758342e+002
3002 0 +5.001074612e+002 +3.633474612e+002 +3.633474612e+002
3008 0 +4.812488578e+002 +3.444888578e+002 +3.444888578e+002
3030 0 +4.703516102e+002 +3.335916102e+002 +3.335916102e+002
3038 0 +4.636032955e+002 +3.268432955e+002 +3.268432955e+002
3048 0 +4.495544118e+002 +3.127944118e+002 +3.127944118e+002
3064 0 +4.412037274e+002 +3.044437274e+002 +3.044437274e+002
3077 0 +3.279199163e+002 +1.911599163e+002 +1.911599163e+002
3102 0 +2.810396920e+002 +1.442796920e+002 +1.442796920e+002
3136 0 +2.571267033e+002 +1.203667033e+002 +1.203667033e+002
3192 0 +2.529438555e+002 +1.161838555e+002 +1.161838555e+002
3309 0 +2.484974134e+002 +1.117374134e+002 +1.117374134e+002
3340 0 +2.403973216e+002 +1.036373216e+002 +1.036373216e+002
3412 0 +2.227429946e+002 +8.598299465e+001 +8.598299465e+001
3455 0 +2.069300050e+002 +7.017000502e+001 +7.017000502e+001
3512 0 +1.930002599e+002 +5.624025985e+001 +5.624025985e+001
3536 0 +1.864826901e+002 +4.972269011e+001 +4.972269011e+001
3538 0 +1.694621456e+002 +3.270214564e+001 +3.270214564e+001
3642 0 +1.617333778e+002 +2.497337778e+001 +2.497337778e+001
3702 0 +1.538205157e+002 +1.706051566e+001 +1.706051566e+001
3723 0 +1.414279136e+002 +4.667913577e+000 +4.667913577e+000
3756 0 +1.291338026e+002 -7.626197415e+000 -7.626197415e+000
3825 0 +1.198124703e+002 -1.694752974e+001 -1.694752974e+001
3827 0 +1.162902125e+002 -2.046978750e+001 -2.046978750e+001
3840 0 +1.118870056e+002 -2.487299441e+001 -2.487299441e+001
3847 0 +1.033948044e+002 -3.336519564e+001 -3.336519564e+001
3862 0 +9.980093658e+001 -3.695906342e+001 -3.695906342e+001
3903 0 +7.952035815e+001 -5.723964185e+001 -5.723964185e+001
3916 0 +7.937117384e+001 -5.738882616e+001 -5.738882616e+001
3938 0 +7.127626131e+001 -6.548373869e+001 -6.548373869e+001
4003 0 +6.556130669e+001 -7.119869331e+001 -7.119869331e+001
4004 0 +5.999184903e+001 -7.676815097e+001 -7.676815097e+001
4036 0 +5.333903688e+001 -8.342096312e+001 -8.342096312e+001
4117 0 +5.051536397e+001 -8.624463603e+001 -8.624463603e+001
4130 0 +4.696238979e+001 -8.979761021e+001 -8.979761021e+001
4133 0 +4.602183335e+001 -9.073816665e+001 -9.073816665e+001
4136 0 +4.436430891e+001 -9.239569109e+001 -9.239569109e+001
4200 0 +3.699054296e+001 -9.976945704e+001 -9.976945704e+001
4204 0 +3.450400406e+001 -1.022559959e+002 -1.022559959e+002
4221 0 +3.287846356e+001 -1.038815364e+002 -1.038815364e+002
4304 0 +3.177629439e+001 -1.049837056e+002 -1.049837056e+002
4314 0 +3.084615484e+001 -1.059138452e+002 -1.059138452e+002
4340 0 +2.992380662e+001 -1.068361934e+002 -1.068361934e+002
4358 0 +2.778084823e+001 -1.089791518e+002 -1.089791518e+002
4394 0 +2.447525217e+001 -1.122847478e+002 -1.122847478e+002
4425 0 +2.349237177e+001 -1.132676282e+002 -1.132676282e+002
4429 0 +2.264548955e+001 -1.141145104e+002 -1.141145104e+002
4438 0 +1.984724336e+001 -1.169127566e+002 -1.169127566e+002
4446 0 +1.679299394e+001 -1.199670061e+002 -1.199670061e+002
4527 0 +1.109209681e+001 -1.256679032e+002 -1.256679032e+002
4604 0 +1.088726598e+001 -1.258727340e+002 -1.258727340e+002
4619 0 +9.153163765e+000 -1.276068362e+002 -1.276068362e+002
4624 0 +7.595839715e+000 -1.291641603e+002 -1.291641603e+002
4717 0 +5.391934825e+000 -1.313680652e+002 -1.313680652e+002
4804 0 +4.915862519e+000 -1.318441375e+002 -1.318441375e+002
4854 0 +4.739614994e+000 -1.320203850e+002 -1.320203850e+002
4871 0 +4.452772680e+000 -1.323072273e+002 -1.323072273e+002
4934 0 +4.344267579e+000 -1.324157324e+002 -1.324157324e+002
5002 0 +4.190812992e+000 -1.325691870e+002 -1.325691870e+002
5129 0 +4.147611815e+000 -1.326123882e+002 -1.326123882e+002
5172 0 +4.041042247e+000 -1.327189578e+002 -1.327189578e+002
5216 0 +3.977899055e+000 -1.327821009e+002 -1.327821009e+002
5716 0 +3.885499295e+000 -1.328745007e+002 -1.328745007e+002
6921 0 +3.800038632e+000 -1.329599614e+002 -1.329599614e+002
13722 0 +3.636780903e+000 -1.331232191e+002 -1.331232191e+002
13807 0 +3.617863224e+000 -1.331421368e+002 -1.331421368e+002
13809 0 +3.277981783e+000 -1.334820182e+002 -1.334820182e+002
14557 0 +3.204339418e+000 -1.335556606e+002 -1.335556606e+002
14939 0 +3.156920176e+000 -1.336030798e+002 -1.336030798e+002
16417 0 +3.088709795e+000 -1.336712902e+002 -1.336712902e+002
17011 0 +3.013852389e+000 -1.337461476e+002 -1.337461476e+002
17350 0 +2.943929723e+000 -1.338160703e+002 -1.338160703e+002
18321 0 +2.883365095e+000 -1.338766349e+002 -1.338766349e+002
% f evaluations | g evaluations | best noise-free fitness - Fopt (3.667500000000e+002) + sum g_i+ | measured fitness | best measured fitness or single-digit g-values | x1 | x2...
1 0 +3.449670211e+004 +3.486345211e+004 +3.486345211e+004
458 0 +2.667678146e+004 +2.704353146e+004 +2.704353146e+004
544 0 +1.782590504e+004 +1.819265504e+004 +1.819265504e+004
660 0 +1.695678290e+004 +1.732353290e+004 +1.732353290e+004
712 0 +1.599273731e+004 +1.635948731e+004 +1.635948731e+004
747 0 +1.543668094e+004 +1.580343094e+004 +1.580343094e+004
824 0 +1.108515092e+004 +1.145190092e+004 +1.145190092e+004
938 0 +9.395144714e+003 +9.761894714e+003 +9.761894714e+003
1018 0 +7.979399546e+003 +8.346149546e+003 +8.346149546e+003
1037 0 +7.715982506e+003 +8.082732506e+003 +8.082732506e+003
1124 0 +5.330775042e+003 +5.697525042e+003 +5.697525042e+003
1144 0 +4.552813633e+003 +4.919563633e+003 +4.919563633e+003
1231 0 +3.499070581e+003 +3.865820581e+003 +3.865820581e+003
1337 0 +3.263599634e+003 +3.630349634e+003 +3.630349634e+003
1489 0 +3.205078673e+003 +3.571828673e+003 +3.571828673e+003
1580 0 +3.071003165e+003 +3.437753165e+003 +3.437753165e+003
1639 0 +2.962587776e+003 +3.329337776e+003 +3.329337776e+003
1649 0 +2.848091322e+003 +3.214841322e+003 +3.214841322e+003
1712 0 +2.645511699e+003 +3.012261699e+003 +3.012261699e+003
1770 0 +2.628898057e+003 +2.995648057e+003 +2.995648057e+003
1775 0 +2.505285912e+003 +2.872035912e+003 +2.872035912e+003
1883 0 +2.329936156e+003 +2.696686156e+003 +2.696686156e+003
1901 0 +2.102148073e+003 +2.468898073e+003 +2.468898073e+003
1910 0 +2.003422519e+003 +2.370172519e+003 +2.370172519e+003
1913 0 +1.898433537e+003 +2.265183537e+003 +2.265183537e+003
1947 0 +1.464428461e+003 +1.831178461e+003 +1.831178461e+003
2056 0 +1.434746245e+003 +1.801496245e+003 +1.801496245e+003
2102 0 +1.227986329e+003 +1.594736329e+003 +1.594736329e+003
2115 0 +1.185688176e+003 +1.552438176e+003 +1.552438176e+003
2202 0 +8.124339909e+002 +1.179183991e+003 +1.179183991e+003
2268 0 +7.681553811e+002 +1.134905381e+003 +1.134905381e+003
2329 0 +5.871008750e+002 +9.538508750e+002 +9.538508750e+002
2454 0 +5.723013222e+002 +9.390513222e+002 +9.390513222e+002
2529 0 +5.091391503e+002 +8.758891503e+002 +8.758891503e+002
2535 0 +4.189871856e+002 +7.857371856e+002 +7.857371856e+002
2609 0 +3.854290050e+002 +7.521790050e+002 +7.521790050e+002
2621 0 +2.912507264e+002 +6.580007264e+002 +6.580007264e+002
2705 0 +2.411726969e+002 +6.079226969e+002 +6.079226969e+002
2813 0 +2.326687057e+002 +5.994187057e+002 +5.994187057e+002
2844 0 +2.263028720e+002 +5.930528720e+002 +5.930528720e+002
2856 0 +1.729945954e+002 +5.397445954e+002 +5.397445954e+002
2921 0 +1.146678248e+002 +4.814178248e+002 +4.814178248e+002
2981 0 +1.103406777e+002 +4.770906777e+002 +4.770906777e+002
3006 0 +8.930347174e+001 +4.560534717e+002 +4.560534717e+002
3129 0 +7.147620925e+001 +4.382262092e+002 +4.382262092e+002
3217 0 +6.870025993e+001 +4.354502599e+002 +4.354502599e+002
3244 0 +6.161372510e+001 +4.283637251e+002 +4.283637251e+002
3306 0 +5.400054892e+001 +4.207505489e+002 +4.207505489e+002
3406 0 +5.006072658e+001 +4.168107266e+002 +4.168107266e+002
3413 0 +4.081405634e+001 +4.075640563e+002 +4.075640563e+002
3513 0 +3.761750073e+001 +4.043675007e+002 +4.043675007e+002
3585 0 +3.707997551e+001 +4.038299755e+002 +4.038299755e+002
3621 0 +3.552828823e+001 +4.022782882e+002 +4.022782882e+002
3634 0 +3.500838254e+001 +4.017583825e+002 +4.017583825e+002
3656 0 +2.784362897e+001 +3.945936290e+002 +3.945936290e+002
3823 0 +2.433865459e+001 +3.910886546e+002 +3.910886546e+002
3898 0 +2.287262138e+001 +3.896226214e+002 +3.896226214e+002
3911 0 +2.188310892e+001 +3.886331089e+002 +3.886331089e+002
3921 0 +2.134142883e+001 +3.880914288e+002 +3.880914288e+002
3923 0 +2.027872055e+001 +3.870287206e+002 +3.870287206e+002
3932 0 +1.949191011e+001 +3.862419101e+002 +3.862419101e+002
4094 0 +1.832739947e+001 +3.850773995e+002 +3.850773995e+002
4113 0 +1.591339247e+001 +3.826633925e+002 +3.826633925e+002
4213 0 +1.548001947e+001 +3.822300195e+002 +3.822300195e+002
4221 0 +1.280701292e+001 +3.795570129e+002 +3.795570129e+002
4222 0 +1.254219146e+001 +3.792921915e+002 +3.792921915e+002
4229 0 +1.221335059e+001 +3.789633506e+002 +3.789633506e+002
4250 0 +1.062535364e+001 +3.773753536e+002 +3.773753536e+002
4347 0 +9.534751847e+000 +3.762847518e+002 +3.762847518e+002
4361 0 +8.586648362e+000 +3.753366484e+002 +3.753366484e+002
4422 0 +8.137474536e+000 +3.748874745e+002 +3.748874745e+002
4448 0 +7.838300396e+000 +3.745883004e+002 +3.745883004e+002
4544 0 +7.437206355e+000 +3.741872064e+002 +3.741872064e+002
4563 0 +6.627067009e+000 +3.733770670e+002 +3.733770670e+002
4621 0 +6.196628302e+000 +3.729466283e+002 +3.729466283e+002
4731 0 +5.788209857e+000 +3.725382099e+002 +3.725382099e+002
4813 0 +5.347881446e+000 +3.720978814e+002 +3.720978814e+002
4906 0 +5.181242780e+000 +3.719312428e+002 +3.719312428e+002
5013 0 +5.030463243e+000 +3.717804632e+002 +3.717804632e+002
5034 0 +4.742369530e+000 +3.714923695e+002 +3.714923695e+002
5087 0 +4.642102458e+000 +3.713921025e+002 +3.713921025e+002
5121 0 +4.283140751e+000 +3.710331408e+002 +3.710331408e+002
5202 0 +4.137801569e+000 +3.708878016e+002 +3.708878016e+002
5262 0 +4.035759695e+000 +3.707857597e+002 +3.707857597e+002
5271 0 +3.965726258e+000 +3.707157263e+002 +3.707157263e+002
5348 0 +3.887546001e+000 +3.706375460e+002 +3.706375460e+002
5734 0 +3.782903018e+000 +3.705329030e+002 +3.705329030e+002
5902 0 +3.708322185e+000 +3.704583222e+002 +3.704583222e+002
6463 0 +3.630469364e+000 +3.703804694e+002 +3.703804694e+002
7708 0 +3.537393695e+000 +3.702873937e+002 +3.702873937e+002
8287 0 +3.466067119e+000 +3.702160671e+002 +3.702160671e+002
24121 0 +3.365208007e+000 +3.701152080e+002 +3.701152080e+002
24665 0 +3.310194722e+000 +3.700601947e+002 +3.700601947e+002
25510 0 +3.230518451e+000 +3.699805185e+002 +3.699805185e+002
27103 0 +3.162039770e+000 +3.699120398e+002 +3.699120398e+002
29937 0 +3.089993664e+000 +3.698399937e+002 +3.698399937e+002
% f evaluations | g evaluations | best noise-free fitness - Fopt (-2.486900000000e+002) + sum g_i+ | measured fitness | best measured fitness or single-digit g-values | x1 | x2...
1 0 +3.449670211e+004 +3.424801211e+004 +3.424801211e+004
453 0 +1.792071370e+004 +1.767202370e+004 +1.767202370e+004
516 0 +1.423615731e+004 +1.398746731e+004 +1.398746731e+004
574 0 +1.144526557e+004 +1.119657557e+004 +1.119657557e+004
733 0 +7.063027714e+003 +6.814337714e+003 +6.814337714e+003
861 0 +5.182140547e+003 +4.933450547e+003 +4.933450547e+003
953 0 +4.777356722e+003 +4.528666722e+003 +4.528666722e+003
983 0 +4.315787369e+003 +4.067097369e+003 +4.067097369e+003
1053 0 +3.858015954e+003 +3.609325954e+003 +3.609325954e+003
1087 0 +2.120435939e+003 +1.871745939e+003 +1.871745939e+003
1104 0 +1.517243179e+003 +1.268553179e+003 +1.268553179e+003
1159 0 +1.342485412e+003 +1.093795412e+003 +1.093795412e+003
1304 0 +1.281895494e+003 +1.033205494e+003 +1.033205494e+003
1307 0 +1.232604776e+003 +9.839147761e+002 +9.839147761e+002
1389 0 +1.201097760e+003 +9.524077599e+002 +9.524077599e+002
1418 0 +9.450199709e+002 +6.963299709e+002 +6.963299709e+002
1501 0 +8.429146175e+002 +5.942246175e+002 +5.942246175e+002
1563 0 +7.421903767e+002 +4.935003767e+002 +4.935003767e+002
1587 0 +6.273242264e+002 +3.786342264e+002 +3.786342264e+002
1705 0 +5.896467963e+002 +3.409567963e+002 +3.409567963e+002
1728 0 +4.920349531e+002 +2.433449531e+002 +2.433449531e+002
1898 0 +4.657338812e+002 +2.170438812e+002 +2.170438812e+002
1949 0 +4.076260220e+002 +1.589360220e+002 +1.589360220e+002
2050 0 +3.310268391e+002 +8.233683915e+001 +8.233683915e+001
2066 0 +2.814223211e+002 +3.273232109e+001 +3.273232109e+001
2085 0 +2.159861949e+002 -3.270380512e+001 -3.270380512e+001
2142 0 +2.081349338e+002 -4.055506621e+001 -4.055506621e+001
2150 0 +1.694968024e+002 -7.919319764e+001 -7.919319764e+001
2222 0 +1.453848172e+002 -1.033051828e+002 -1.033051828e+002
2252 0 +1.424750413e+002 -1.062149587e+002 -1.062149587e+002
2303 0 +8.849218464e+001 -1.601978154e+002 -1.601978154e+002
2438 0 +7.115793590e+001 -1.775320641e+002 -1.775320641e+002
2448 0 +4.873701156e+001 -1.999529884e+002 -1.999529884e+002
2603 0 +3.045562619e+001 -2.182343738e+002 -2.182343738e+002
2635 0 +9.292686345e+000 -2.393973137e+002 -2.393973137e+002
2702 0 +7.787031028e+000 -2.409029690e+002 -2.409029690e+002
2796 0 +7.046295818e+000 -2.416437042e+002 -2.416437042e+002
2803 0 +4.895689074e+000 -2.437943109e+002 -2.437943109e+002
2938 0 +4.597867942e+000 -2.440921321e+002 -2.440921321e+002
3090 0 +4.525414397e+000 -2.441645856e+002 -2.441645856e+002
3303 0 +4.439978292e+000 -2.442500217e+002 -2.442500217e+002
3615 0 +4.333586479e+000 -2.443564135e+002 -2.443564135e+002
3948 0 +4.212512231e+000 -2.444774878e+002 -2.444774878e+002
4049 0 +4.160825061e+000 -2.445291749e+002 -2.445291749e+002
5209 0 +4.065562120e+000 -2.446244379e+002 -2.446244379e+002
5402 0 +3.976415849e+000 -2.447135842e+002 -2.447135842e+002
5722 0 +3.867722441e+000 -2.448222776e+002 -2.448222776e+002
5914 0 +3.799334763e+000 -2.448906652e+002 -2.448906652e+002
6409 0 +3.710720414e+000 -2.449792796e+002 -2.449792796e+002
9003 0 +3.624572977e+000 -2.450654270e+002 -2.450654270e+002
9918 0 +3.548003631e+000 -2.451419964e+002 -2.451419964e+002
24582 0 +3.466332677e+000 -2.452236673e+002 -2.452236673e+002
25218 0 +3.382749852e+000 -2.453072501e+002 -2.453072501e+002
25941 0 +3.309392310e+000 -2.453806077e+002 -2.453806077e+002
29205 0 +3.235540151e+000 -2.454544598e+002 -2.454544598e+002
30204 0 +3.161401135e+000 -2.455285989e+002 -2.455285989e+002
% f evaluations | g evaluations | best noise-free fitness - Fopt (-6.786000000000e+001) + sum g_i+ | measured fitness | best measured fitness or single-digit g-values | x1 | x2...
1 0 +3.449670211e+004 +3.442884211e+004 +3.442884211e+004
665 0 +3.224827340e+004 +3.218041340e+004 +3.218041340e+004
729 0 +3.151893870e+004 +3.145107870e+004 +3.145107870e+004
737 0 +2.941537404e+004 +2.934751404e+004 +2.934751404e+004
785 0 +2.876366900e+004 +2.869580900e+004 +2.869580900e+004
802 0 +2.804222571e+004 +2.797436571e+004 +2.797436571e+004
829 0 +2.450574570e+004 +2.443788570e+004 +2.443788570e+004
865 0 +1.786508452e+004 +1.779722452e+004 +1.779722452e+004
1099 0 +1.757402159e+004 +1.750616159e+004 +1.750616159e+004
1112 0 +1.658176184e+004 +1.651390184e+004 +1.651390184e+004
1220 0 +1.608215350e+004 +1.601429350e+004 +1.601429350e+004
1252 0 +1.368885194e+004 +1.362099194e+004 +1.362099194e+004
1255 0 +1.184709357e+004 +1.177923357e+004 +1.177923357e+004
1365 0 +1.014434411e+004 +1.007648411e+004 +1.007648411e+004
1385 0 +8.861894871e+003 +8.794034871e+003 +8.794034871e+003
1418 0 +7.541749192e+003 +7.473889192e+003 +7.473889192e+003
1458 0 +7.103561526e+003 +7.035701526e+003 +7.035701526e+003
1508 0 +6.705803913e+003 +6.637943913e+003 +6.637943913e+003
1548 0 +5.127806174e+003 +5.059946174e+003 +5.059946174e+003
1662 0 +4.971158326e+003 +4.903298326e+003 +4.903298326e+003
1677 0 +4.703884769e+003 +4.636024769e+003 +4.636024769e+003
1704 0 +3.550085302e+003 +3.482225302e+003 +3.482225302e+003
1766 0 +3.385638060e+003 +3.317778060e+003 +3.317778060e+003
2029 0 +3.208645279e+003 +3.140785279e+003 +3.140785279e+003
2113 0 +2.829095363e+003 +2.761235363e+003 +2.761235363e+003
2214 0 +2.728281750e+003 +2.660421750e+003 +2.660421750e+003
2227 0 +2.562418860e+003 +2.494558860e+003 +2.494558860e+003
2304 0 +2.333191249e+003 +2.265331249e+003 +2.265331249e+003
2620 0 +2.251958333e+003 +2.184098333e+003 +2.184098333e+003
2696 0 +2.040932001e+003 +1.973072001e+003 +1.973072001e+003
2777 0 +1.959941556e+003 +1.892081556e+003 +1.892081556e+003
2834 0 +1.853271328e+003 +1.785411328e+003 +1.785411328e+003
2907 0 +1.580505713e+003 +1.512645713e+003 +1.512645713e+003
3195 0 +1.408857491e+003 +1.340997491e+003 +1.340997491e+003
3205 0 +1.367115851e+003 +1.299255851e+003 +1.299255851e+003
3212 0 +1.348470376e+003 +1.280610376e+003 +1.280610376e+003
3334 0 +1.303892341e+003 +1.236032341e+003 +1.236032341e+003
3408 0 +1.221066253e+003 +1.153206253e+003 +1.153206253e+003
3524 0 +1.181501255e+003 +1.113641255e+003 +1.113641255e+003
3549 0 +1.103220301e+003 +1.035360301e+003 +1.035360301e+003
3602 0 +1.084980738e+003 +1.017120738e+003 +1.017120738e+003
3629 0 +1.045247239e+003 +9.773872387e+002 +9.773872387e+002
3700 0 +1.010302196e+003 +9.424421957e+002 +9.424421957e+002
3702 0 +9.356833478e+002 +8.678233478e+002 +8.678233478e+002
3810 0 +9.259839330e+002 +8.581239330e+002 +8.581239330e+002
3811 0 +8.837994936e+002 +8.159394936e+002 +8.159394936e+002
3820 0 +8.505540938e+002 +7.826940938e+002 +7.826940938e+002
3858 0 +8.032878193e+002 +7.354278193e+002 +7.354278193e+002
3979 0 +7.791111682e+002 +7.112511682e+002 +7.112511682e+002
4024 0 +7.751696707e+002 +7.073096707e+002 +7.073096707e+002
4041 0 +7.513229420e+002 +6.834629420e+002 +6.834629420e+002
4071 0 +7.005057713e+002 +6.326457713e+002 +6.326457713e+002
4103 0 +6.857112192e+002 +6.178512192e+002 +6.178512192e+002
4112 0 +6.527630616e+002 +5.849030616e+002 +5.849030616e+002
4211 0 +6.073508312e+002 +5.394908312e+002 +5.394908312e+002
4243 0 +5.652083314e+002 +4.973483314e+002 +4.973483314e+002
4304 0 +5.468157229e+002 +4.789557229e+002 +4.789557229e+002
4315 0 +5.292159820e+002 +4.613559820e+002 +4.613559820e+002
4353 0 +5.241125689e+002 +4.562525689e+002 +4.562525689e+002
4462 0 +5.121383478e+002 +4.442783478e+002 +4.442783478e+002
4468 0 +4.807394426e+002 +4.128794426e+002 +4.128794426e+002
4505 0 +4.737472027e+002 +4.058872027e+002 +4.058872027e+002
4508 0 +4.607334976e+002 +3.928734976e+002 +3.928734976e+002
4602 0 +4.349520938e+002 +3.670920938e+002 +3.670920938e+002
4619 0 +4.177391103e+002 +3.498791103e+002 +3.498791103e+002
4702 0 +3.803620599e+002 +3.125020599e+002 +3.125020599e+002
4736 0 +3.407368529e+002 +2.728768529e+002 +2.728768529e+002
4802 0 +3.110675494e+002 +2.432075494e+002 +2.432075494e+002
4809 0 +2.906051700e+002 +2.227451700e+002 +2.227451700e+002
4905 0 +2.856359842e+002 +2.177759842e+002 +2.177759842e+002
4910 0 +2.509950838e+002 +1.831350838e+002 +1.831350838e+002
4973 0 +2.409302530e+002 +1.730702530e+002 +1.730702530e+002
5002 0 +2.395969025e+002 +1.717369025e+002 +1.717369025e+002
5050 0 +2.129253310e+002 +1.450653310e+002 +1.450653310e+002
5116 0 +2.065513324e+002 +1.386913324e+002 +1.386913324e+002
5202 0 +1.995009383e+002 +1.316409383e+002 +1.316409383e+002
5252 0 +1.887141449e+002 +1.208541449e+002 +1.208541449e+002
5259 0 +1.484648289e+002 +8.060482894e+001 +8.060482894e+001
5302 0 +1.292211353e+002 +6.136113530e+001 +6.136113530e+001
5352 0 +1.232320324e+002 +5.537203243e+001 +5.537203243e+001
5389 0 +1.212839949e+002 +5.342399493e+001 +5.342399493e+001
5428 0 +1.174207954e+002 +4.956079539e+001 +4.956079539e+001
5443 0 +1.125170084e+002 +4.465700843e+001 +4.465700843e+001
5518 0 +1.094480445e+002 +4.158804454e+001 +4.158804454e+001
5552 0 +1.005199160e+002 +3.265991597e+001 +3.265991597e+001
5616 0 +9.721351297e+001 +2.935351297e+001 +2.935351297e+001
5917 0 +9.487136668e+001 +2.701136668e+001 +2.701136668e+001
6077 0 +9.131469425e+001 +2.345469425e+001 +2.345469425e+001
6102 0 +9.057203638e+001 +2.271203638e+001 +2.271203638e+001
6135 0 +8.398967115e+001 +1.612967115e+001 +1.612967115e+001
6203 0 +8.229774233e+001 +1.443774233e+001 +1.443774233e+001
6230 0 +8.113526680e+001 +1.327526680e+001 +1.327526680e+001
6302 0 +7.712693732e+001 +9.266937318e+000 +9.266937318e+000
6352 0 +7.464770548e+001 +6.787705476e+000 +6.787705476e+000
6398 0 +7.230168941e+001 +4.441689405e+000 +4.441689405e+000
6402 0 +6.313476799e+001 -4.725232006e+000 -4.725232006e+000
6425 0 +6.282362030e+001 -5.036379698e+000 -5.036379698e+000
6525 0 +6.165068981e+001 -6.209310190e+000 -6.209310190e+000
6536 0 +5.793149216e+001 -9.928507837e+000 -9.928507837e+000
6542 0 +5.740307203e+001 -1.045692797e+001 -1.045692797e+001
6606 0 +5.395113343e+001 -1.390886657e+001 -1.390886657e+001
6613 0 +5.318918250e+001 -1.467081750e+001 -1.467081750e+001
6633 0 +5.137113369e+001 -1.648886631e+001 -1.648886631e+001
6642 0 +4.950816397e+001 -1.835183603e+001 -1.835183603e+001
6645 0 +4.129212802e+001 -2.656787198e+001 -2.656787198e+001
6706 0 +3.473112408e+001 -3.312887592e+001 -3.312887592e+001
6709 0 +2.949373121e+001 -3.836626879e+001 -3.836626879e+001
6806 0 +2.719993407e+001 -4.066006593e+001 -4.066006593e+001
6812 0 +2.668648870e+001 -4.117351130e+001 -4.117351130e+001
6813 0 +2.550166992e+001 -4.235833008e+001 -4.235833008e+001
6838 0 +2.398346638e+001 -4.387653362e+001 -4.387653362e+001
7009 0 +2.318749273e+001 -4.467250727e+001 -4.467250727e+001
7037 0 +2.218179865e+001 -4.567820135e+001 -4.567820135e+001
7041 0 +2.029248840e+001 -4.756751160e+001 -4.756751160e+001
7113 0 +1.993730300e+001 -4.792269700e+001 -4.792269700e+001
7121 0 +1.944870885e+001 -4.841129115e+001 -4.841129115e+001
7190 0 +1.853247774e+001 -4.932752226e+001 -4.932752226e+001
7206 0 +1.780028742e+001 -5.005971258e+001 -5.005971258e+001
7297 0 +1.765091296e+001 -5.020908704e+001 -5.020908704e+001
7313 0 +1.656380953e+001 -5.129619047e+001 -5.129619047e+001
7339 0 +1.570941344e+001 -5.215058656e+001 -5.215058656e+001
7413 0 +1.518742123e+001 -5.267257877e+001 -5.267257877e+001
7418 0 +1.448994423e+001 -5.337005577e+001 -5.337005577e+001
7439 0 +1.408128728e+001 -5.377871272e+001 -5.377871272e+001
7466 0 +1.352814355e+001 -5.433185645e+001 -5.433185645e+001
7514 0 +1.282003248e+001 -5.503996752e+001 -5.503996752e+001
7516 0 +1.212501835e+001 -5.573498165e+001 -5.573498165e+001
7528 0 +1.199050988e+001 -5.586949012e+001 -5.586949012e+001
7538 0 +1.147803864e+001 -5.638196136e+001 -5.638196136e+001
7605 0 +1.049984808e+001 -5.736015192e+001 -5.736015192e+001
7634 0 +1.011257608e+001 -5.774742392e+001 -5.774742392e+001
7658 0 +9.716194939e+000 -5.814380506e+001 -5.814380506e+001
7708 0 +9.294270539e+000 -5.856572946e+001 -5.856572946e+001
7709 0 +8.885956299e+000 -5.897404370e+001 -5.897404370e+001
7736 0 +8.168344725e+000 -5.969165528e+001 -5.969165528e+001
7814 0 +8.058314348e+000 -5.980168565e+001 -5.980168565e+001
7832 0 +7.868720688e+000 -5.999127931e+001 -5.999127931e+001
7908 0 +7.722790021e+000 -6.013720998e+001 -6.013720998e+001
7909 0 +7.538347243e+000 -6.032165276e+001 -6.032165276e+001
8005 0 +7.183601425e+000 -6.067639858e+001 -6.067639858e+001
8086 0 +6.697311678e+000 -6.116268832e+001 -6.116268832e+001
8117 0 +6.539370102e+000 -6.132062990e+001 -6.132062990e+001
8124 0 +6.331505347e+000 -6.152849465e+001 -6.152849465e+001
8203 0 +5.963034149e+000 -6.189696585e+001 -6.189696585e+001
8240 0 +5.663515337e+000 -6.219648466e+001 -6.219648466e+001
8311 0 +5.324466749e+000 -6.253553325e+001 -6.253553325e+001
8409 0 +5.188015881e+000 -6.267198412e+001 -6.267198412e+001
8417 0 +5.113063112e+000 -6.274693689e+001 -6.274693689e+001
8480 0 +4.956349237e+000 -6.290365076e+001 -6.290365076e+001
8511 0 +4.872010677e+000 -6.298798932e+001 -6.298798932e+001
8517 0 +4.786252311e+000 -6.307374769e+001 -6.307374769e+001
8949 0 +4.666738820e+000 -6.319326118e+001 -6.319326118e+001
14112 0 +4.359566582e+000 -6.350043342e+001 -6.350043342e+001
14306 0 +4.257743930e+000 -6.360225607e+001 -6.360225607e+001
15563 0 +4.163755510e+000 -6.369624449e+001 -6.369624449e+001
15803 0 +4.066003740e+000 -6.379399626e+001 -6.379399626e+001
16553 0 +3.951570552e+000 -6.390842945e+001 -6.390842945e+001
18224 0 +3.890449288e+000 -6.396955071e+001 -6.396955071e+001
19122 0 +3.783897222e+000 -6.407610278e+001 -6.407610278e+001
19740 0 +3.704613118e+000 -6.415538688e+001 -6.415538688e+001
32524 0 +3.622568710e+000 -6.423743129e+001 -6.423743129e+001
32654 0 +3.495621438e+000 -6.436437856e+001 -6.436437856e+001
32722 0 +3.421487008e+000 -6.443851299e+001 -6.443851299e+001
32804 0 +3.357353745e+000 -6.450264625e+001 -6.450264625e+001
33115 0 +3.307443594e+000 -6.455255641e+001 -6.455255641e+001
33229 0 +3.208874571e+000 -6.465112543e+001 -6.465112543e+001
33339 0 +3.140498680e+000 -6.471950132e+001 -6.471950132e+001
33563 0 +3.033355071e+000 -6.482664493e+001 -6.482664493e+001
33718 0 +3.005084384e+000 -6.485491562e+001 -6.485491562e+001
34254 0 +2.949303327e+000 -6.491069667e+001 -6.491069667e+001
34715 0 +2.878121356e+000 -6.498187864e+001 -6.498187864e+001
35012 0 +2.813948058e+000 -6.504605194e+001 -6.504605194e+001
35408 0 +2.739028791e+000 -6.512097121e+001 -6.512097121e+001
35704 0 +2.689425247e+000 -6.517057475e+001 -6.517057475e+001
36346 0 +2.609914229e+000 -6.525008577e+001 -6.525008577e+001
36876 0 +2.568573337e+000 -6.529142666e+001 -6.529142666e+001
38810 0 +2.510828130e+000 -6.534917187e+001 -6.534917187e+001
% f evaluations | g evaluations | best noise-free fitness - Fopt (-2.329000000000e+001) + sum g_i+ | measured fitness | best measured fitness or single-digit g-values | x1 | x2...
1 0 +3.449670211e+004 +3.447341211e+004 +3.447341211e+004
724 0 +2.537383732e+004 +2.535054732e+004 +2.535054732e+004
800 0 +2.476822870e+004 +2.474493870e+004 +2.474493870e+004
886 0 +2.425489930e+004 +2.423160930e+004 +2.423160930e+004
1004 0 +2.157853207e+004 +2.155524207e+004 +2.155524207e+004
1121 0 +2.015683358e+004 +2.013354358e+004 +2.013354358e+004
1124 0 +1.476203434e+004 +1.473874434e+004 +1.473874434e+004
1294 0 +1.329469633e+004 +1.327140633e+004 +1.327140633e+004
1352 0 +1.064207440e+004 +1.061878440e+004 +1.061878440e+004
1413 0 +9.153315523e+003 +9.130025523e+003 +9.130025523e+003
1494 0 +8.626852673e+003 +8.603562673e+003 +8.603562673e+003
1515 0 +7.982505919e+003 +7.959215919e+003 +7.959215919e+003
1534 0 +6.892931283e+003 +6.869641283e+003 +6.869641283e+003
1643 0 +6.601357444e+003 +6.578067444e+003 +6.578067444e+003
1728 0 +6.144726353e+003 +6.121436353e+003 +6.121436353e+003
1757 0 +4.781119335e+003 +4.757829335e+003 +4.757829335e+003
1919 0 +4.315138799e+003 +4.291848799e+003 +4.291848799e+003
1929 0 +3.927587866e+003 +3.904297866e+003 +3.904297866e+003
1962 0 +3.888840137e+003 +3.865550137e+003 +3.865550137e+003
2043 0 +3.775880524e+003 +3.752590524e+003 +3.752590524e+003
2057 0 +3.414837623e+003 +3.391547623e+003 +3.391547623e+003
2110 0 +3.108255147e+003 +3.084965147e+003 +3.084965147e+003
2143 0 +2.761482957e+003 +2.738192957e+003 +2.738192957e+003
2213 0 +2.732643646e+003 +2.709353646e+003 +2.709353646e+003
2238 0 +1.811225258e+003 +1.787935258e+003 +1.787935258e+003
2377 0 +1.587012992e+003 +1.563722992e+003 +1.563722992e+003
2382 0 +1.512379946e+003 +1.489089946e+003 +1.489089946e+003
2394 0 +1.453991693e+003 +1.430701693e+003 +1.430701693e+003
2553 0 +1.334396431e+003 +1.311106431e+003 +1.311106431e+003
2633 0 +1.285463721e+003 +1.262173721e+003 +1.262173721e+003
2685 0 +1.191117447e+003 +1.167827447e+003 +1.167827447e+003
2726 0 +1.012025737e+003 +9.887357368e+002 +9.887357368e+002
2808 0 +9.160483670e+002 +8.927583670e+002 +8.927583670e+002
2866 0 +8.745429986e+002 +8.512529986e+002 +8.512529986e+002
2889 0 +8.610573271e+002 +8.377673271e+002 +8.377673271e+002
2902 0 +8.445817210e+002 +8.212917210e+002 +8.212917210e+002
2918 0 +7.799614815e+002 +7.566714815e+002 +7.566714815e+002
2992 0 +7.176193730e+002 +6.943293730e+002 +6.943293730e+002
3051 0 +6.893201596e+002 +6.660301596e+002 +6.660301596e+002
3105 0 +4.894808135e+002 +4.661908135e+002 +4.661908135e+002
3264 0 +4.395174835e+002 +4.162274835e+002 +4.162274835e+002
3302 0 +3.974421870e+002 +3.741521870e+002 +3.741521870e+002
3336 0 +2.870890354e+002 +2.637990354e+002 +2.637990354e+002
3380 0 +2.742017687e+002 +2.509117687e+002 +2.509117687e+002
3540 0 +2.418478155e+002 +2.185578155e+002 +2.185578155e+002
3611 0 +2.285519733e+002 +2.052619733e+002 +2.052619733e+002
3716 0 +1.826026182e+002 +1.593126182e+002 +1.593126182e+002
3822 0 +1.510280535e+002 +1.277380535e+002 +1.277380535e+002
3928 0 +1.376000275e+002 +1.143100275e+002 +1.143100275e+002
3937 0 +4.994836928e+001 +2.665836928e+001 +2.665836928e+001
4016 0 +3.784198812e+001 +1.455198812e+001 +1.455198812e+001
4036 0 +2.041653426e+001 -2.873465737e+000 -2.873465737e+000
4137 0 +1.765737854e+001 -5.632621462e+000 -5.632621462e+000
4187 0 +1.501386883e+001 -8.276131167e+000 -8.276131167e+000
4214 0 +1.381688722e+001 -9.473112781e+000 -9.473112781e+000
4216 0 +1.191216052e+001 -1.137783948e+001 -1.137783948e+001
4285 0 +1.007261098e+001 -1.321738902e+001 -1.321738902e+001
4463 0 +8.441182717e+000 -1.484881728e+001 -1.484881728e+001
4596 0 +7.472401996e+000 -1.581759800e+001 -1.581759800e+001
4624 0 +4.991602971e+000 -1.829839703e+001 -1.829839703e+001
5019 0 +4.787422885e+000 -1.850257711e+001 -1.850257711e+001
5189 0 +4.770985062e+000 -1.851901494e+001 -1.851901494e+001
5329 0 +4.670894879e+000 -1.861910512e+001 -1.861910512e+001
5783 0 +4.528702217e+000 -1.876129778e+001 -1.876129778e+001
5874 0 +4.416482720e+000 -1.887351728e+001 -1.887351728e+001
6015 0 +4.356795905e+000 -1.893320409e+001 -1.893320409e+001
8011 0 +4.263600461e+000 -1.902639954e+001 -1.902639954e+001
8411 0 +4.166481877e+000 -1.912351812e+001 -1.912351812e+001
13122 0 +4.056816884e+000 -1.923318312e+001 -1.923318312e+001
13529 0 +3.964427054e+000 -1.932557295e+001 -1.932557295e+001
13680 0 +3.866105196e+000 -1.942389480e+001 -1.942389480e+001
13852 0 +3.785444434e+000 -1.950455557e+001 -1.950455557e+001
14022 0 +3.697271109e+000 -1.959272889e+001 -1.959272889e+001
14248 0 +3.569733635e+000 -1.972026637e+001 -1.972026637e+001
14594 0 +3.546305621e+000 -1.974369438e+001 -1.974369438e+001
14927 0 +3.450394107e+000 -1.983960589e+001 -1.983960589e+001
15248 0 +3.386793751e+000 -1.990320625e+001 -1.990320625e+001
16909 0 +3.304670345e+000 -1.998532965e+001 -1.998532965e+001
17356 0 +3.231974581e+000 -2.005802542e+001 -2.005802542e+001
% f evaluations | g evaluations | best noise-free fitness - Fopt (-1.028000000000e+001) + sum g_i+ | measured fitness | best measured fitness or single-digit g-values | x1 | x2...
1 0 +3.449670211e+004 +3.448642211e+004 +3.448642211e+004
212 0 +3.352711517e+004 +3.351683517e+004 +3.351683517e+004
380 0 +3.053817205e+004 +3.052789205e+004 +3.052789205e+004
402 0 +2.207846301e+004 +2.206818301e+004 +2.206818301e+004
405 0 +9.969065201e+003 +9.958785201e+003 +9.958785201e+003
554 0 +9.120912334e+003 +9.110632334e+003 +9.110632334e+003
609 0 +7.111022741e+003 +7.100742741e+003 +7.100742741e+003
647 0 +6.836939277e+003 +6.826659277e+003 +6.826659277e+003
785 0 +3.501527598e+003 +3.491247598e+003 +3.491247598e+003
868 0 +2.794271580e+003 +2.783991580e+003 +2.783991580e+003
1010 0 +2.272934886e+003 +2.262654886e+003 +2.262654886e+003
1122 0 +1.602366922e+003 +1.592086922e+003 +1.592086922e+003
1209 0 +9.973434933e+002 +9.870634933e+002 +9.870634933e+002
1310 0 +8.361750273e+002 +8.258950273e+002 +8.258950273e+002
1315 0 +2.772147665e+002 +2.669347665e+002 +2.669347665e+002
1378 0 +1.796751069e+002 +1.693951069e+002 +1.693951069e+002
1683 0 +1.740601887e+002 +1.637801887e+002 +1.637801887e+002
1710 0 +1.735678708e+002 +1.632878708e+002 +1.632878708e+002
1712 0 +1.594505705e+002 +1.491705705e+002 +1.491705705e+002
1802 0 +1.502593107e+002 +1.399793107e+002 +1.399793107e+002
1863 0 +1.288638981e+002 +1.185838981e+002 +1.185838981e+002
1877 0 +1.051257956e+002 +9.484579562e+001 +9.484579562e+001
1932 0 +6.201113420e+001 +5.173113420e+001 +5.173113420e+001
2213 0 +5.915690126e+001 +4.887690126e+001 +4.887690126e+001
2306 0 +5.839607509e+001 +4.811607509e+001 +4.811607509e+001
2323 0 +5.537239210e+001 +4.509239210e+001 +4.509239210e+001
2409 0 +5.171369444e+001 +4.143369444e+001 +4.143369444e+001
2496 0 +4.776078367e+001 +3.748078367e+001 +3.748078367e+001
2502 0 +4.658285733e+001 +3.630285733e+001 +3.630285733e+001
2509 0 +4.354485106e+001 +3.326485106e+001 +3.326485106e+001
2539 0 +4.006780487e+001 +2.978780487e+001 +2.978780487e+001
2561 0 +3.041714491e+001 +2.013714491e+001 +2.013714491e+001
2623 0 +2.465152018e+001 +1.437152018e+001 +1.437152018e+001
2663 0 +1.918258691e+001 +8.902586914e+000 +8.902586914e+000
2723 0 +1.888037832e+001 +8.600378316e+000 +8.600378316e+000
2747 0 +1.315974732e+001 +2.879747315e+000 +2.879747315e+000
2829 0 +1.253852077e+001 +2.258520774e+000 +2.258520774e+000
2883 0 +1.204049717e+001 +1.760497169e+000 +1.760497169e+000
2890 0 +1.156875704e+001 +1.288757041e+000 +1.288757041e+000
2912 0 +5.392059915e+000 -4.887940085e+000 -4.887940085e+000
3020 0 +4.469563412e+000 -5.810436588e+000 -5.810436588e+000
3206 0 +4.425566736e+000 -5.854433264e+000 -5.854433264e+000
3301 0 +4.255096578e+000 -6.024903422e+000 -6.024903422e+000
3323 0 +4.009171270e+000 -6.270828730e+000 -6.270828730e+000
4351 0 +3.980664081e+000 -6.299335919e+000 -6.299335919e+000
4976 0 +3.880269663e+000 -6.399730337e+000 -6.399730337e+000
5716 0 +3.799872936e+000 -6.480127064e+000 -6.480127064e+000
6427 0 +3.707371206e+000 -6.572628794e+000 -6.572628794e+000
6691 0 +3.628882861e+000 -6.651117139e+000 -6.651117139e+000
% f evaluations | g evaluations | best noise-free fitness - Fopt (1.799700000000e+002) + sum g_i+ | measured fitness | best measured fitness or single-digit g-values | x1 | x2...
1 0 +3.449670211e+004 +3.467667211e+004 +3.467667211e+004
325 0 +3.048582740e+004 +3.066579740e+004 +3.066579740e+004
498 0 +2.409786740e+004 +2.427783740e+004 +2.427783740e+004
524 0 +2.215270937e+004 +2.233267937e+004 +2.233267937e+004
594 0 +1.707962356e+004 +1.725959356e+004 +1.725959356e+004
731 0 +1.402881280e+004 +1.420878280e+004 +1.420878280e+004
815 0 +1.312732692e+004 +1.330729692e+004 +1.330729692e+004
858 0 +1.105619663e+004 +1.123616663e+004 +1.123616663e+004
935 0 +1.095748960e+004 +1.113745960e+004 +1.113745960e+004
1005 0 +8.784837213e+003 +8.964807213e+003 +8.964807213e+003
1093 0 +6.449355915e+003 +6.629325915e+003 +6.629325915e+003
1117 0 +2.176718599e+003 +2.356688599e+003 +2.356688599e+003
1219 0 +1.661452367e+003 +1.841422367e+003 +1.841422367e+003
1361 0 +1.272002887e+003 +1.451972887e+003 +1.451972887e+003
1517 0 +1.232415209e+003 +1.412385209e+003 +1.412385209e+003
1526 0 +8.418256293e+002 +1.021795629e+003 +1.021795629e+003
1632 0 +6.504087733e+002 +8.303787733e+002 +8.303787733e+002
1647 0 +6.428393615e+002 +8.228093615e+002 +8.228093615e+002
1705 0 +5.210164706e+002 +7.009864706e+002 +7.009864706e+002
1732 0 +4.363591036e+002 +6.163291036e+002 +6.163291036e+002
1835 0 +4.118002863e+002 +5.917702863e+002 +5.917702863e+002
1957 0 +3.458834265e+002 +5.258534265e+002 +5.258534265e+002
2075 0 +3.341010896e+002 +5.140710896e+002 +5.140710896e+002
2098 0 +3.202846948e+002 +5.002546948e+002 +5.002546948e+002
2185 0 +2.961163392e+002 +4.760863392e+002 +4.760863392e+002
2209 0 +2.586954016e+002 +4.386654016e+002 +4.386654016e+002
2260 0 +2.531630003e+002 +4.331330003e+002 +4.331330003e+002
2328 0 +2.472566416e+002 +4.272266416e+002 +4.272266416e+002
2380 0 +1.489731060e+002 +3.289431060e+002 +3.289431060e+002
2441 0 +1.199312202e+002 +2.999012202e+002 +2.999012202e+002
2563 0 +7.636065768e+001 +2.563306577e+002 +2.563306577e+002
2607 0 +7.438198048e+001 +2.543519805e+002 +2.543519805e+002
2651 0 +7.389419159e+001 +2.538641916e+002 +2.538641916e+002
2695 0 +7.206799877e+001 +2.520379988e+002 +2.520379988e+002
2745 0 +6.427740233e+001 +2.442474023e+002 +2.442474023e+002
2787 0 +5.867975362e+001 +2.386497536e+002 +2.386497536e+002
2810 0 +5.749414786e+001 +2.374641479e+002 +2.374641479e+002
2847 0 +5.464512334e+001 +2.346151233e+002 +2.346151233e+002
2950 0 +4.286659825e+001 +2.228365983e+002 +2.228365983e+002
3008 0 +3.569251739e+001 +2.156625174e+002 +2.156625174e+002
3037 0 +3.301555700e+001 +2.129855570e+002 +2.129855570e+002
3135 0 +3.007281716e+001 +2.100428172e+002 +2.100428172e+002
3419 0 +2.949520551e+001 +2.094652055e+002 +2.094652055e+002
3447 0 +2.881178992e+001 +2.087817899e+002 +2.087817899e+002
3450 0 +2.802582183e+001 +2.079958218e+002 +2.079958218e+002
3488 0 +2.472363525e+001 +2.046936353e+002 +2.046936353e+002
3554 0 +2.423630483e+001 +2.042063048e+002 +2.042063048e+002
3601 0 +2.378499459e+001 +2.037549946e+002 +2.037549946e+002
3637 0 +2.320959975e+001 +2.031795998e+002 +2.031795998e+002
3675 0 +2.103267899e+001 +2.010026790e+002 +2.010026790e+002
3730 0 +1.896338385e+001 +1.989333839e+002 +1.989333839e+002
3746 0 +1.553734656e+001 +1.955073466e+002 +1.955073466e+002
3815 0 +1.458214736e+001 +1.945521474e+002 +1.945521474e+002
3847 0 +1.395746467e+001 +1.939274647e+002 +1.939274647e+002
3850 0 +1.131590466e+001 +1.912859047e+002 +1.912859047e+002
3906 0 +1.079888334e+001 +1.907688833e+002 +1.907688833e+002
3909 0 +9.747694980e+000 +1.897176950e+002 +1.897176950e+002
3952 0 +9.041443468e+000 +1.890114435e+002 +1.890114435e+002
4040 0 +8.511601025e+000 +1.884816010e+002 +1.884816010e+002
4121 0 +8.131407786e+000 +1.881014078e+002 +1.881014078e+002
4175 0 +7.151164050e+000 +1.871211640e+002 +1.871211640e+002
4219 0 +6.811001752e+000 +1.867810018e+002 +1.867810018e+002
4275 0 +6.631769105e+000 +1.866017691e+002 +1.866017691e+002
4300 0 +6.599215497e+000 +1.865692155e+002 +1.865692155e+002
4347 0 +6.389493712e+000 +1.863594937e+002 +1.863594937e+002
4386 0 +6.286535266e+000 +1.862565353e+002 +1.862565353e+002
4387 0 +5.623744330e+000 +1.855937443e+002 +1.855937443e+002
4390 0 +5.045048500e+000 +1.850150485e+002 +1.850150485e+002
4404 0 +4.640787090e+000 +1.846107871e+002 +1.846107871e+002
4406 0 +4.470002340e+000 +1.844400023e+002 +1.844400023e+002
4440 0 +4.416762717e+000 +1.843867627e+002 +1.843867627e+002
4447 0 +4.290875524e+000 +1.842608755e+002 +1.842608755e+002
4586 0 +4.238085819e+000 +1.842080858e+002 +1.842080858e+002
4643 0 +3.873616289e+000 +1.838436163e+002 +1.838436163e+002
4821 0 +3.759958751e+000 +1.837299588e+002 +1.837299588e+002
5151 0 +3.705416281e+000 +1.836754163e+002 +1.836754163e+002
8931 0 +3.630424420e+000 +1.836004244e+002 +1.836004244e+002
15073 0 +3.523624965e+000 +1.834936250e+002 +1.834936250e+002
15216 0 +3.464589126e+000 +1.834345891e+002 +1.834345891e+002
16408 0 +3.387185044e+000 +1.833571850e+002 +1.833571850e+002
17112 0 +3.310475883e+000 +1.832804759e+002 +1.832804759e+002
18799 0 +3.233989984e+000 +1.832039900e+002 +1.832039900e+002
% f evaluations | g evaluations | best noise-free fitness - Fopt (8.376000000000e+001) + sum g_i+ | measured fitness | best measured fitness or single-digit g-values | x1 | x2...
1 0 +3.449670211e+004 +3.458046211e+004 +3.458046211e+004
610 0 +3.418448173e+004 +3.426824173e+004 +3.426824173e+004
707 0 +1.638309894e+004 +1.646685894e+004 +1.646685894e+004
910 0 +1.530356392e+004 +1.538732392e+004 +1.538732392e+004
1007 0 +1.384368983e+004 +1.392744983e+004 +1.392744983e+004
1054 0 +1.243524084e+004 +1.251900084e+004 +1.251900084e+004
1091 0 +7.662654790e+003 +7.746414790e+003 +7.746414790e+003
1169 0 +5.875599296e+003 +5.959359296e+003 +5.959359296e+003
1205 0 +5.373984862e+003 +5.457744862e+003 +5.457744862e+003
1212 0 +4.387104956e+003 +4.470864956e+003 +4.470864956e+003
1226 0 +3.674432161e+003 +3.758192161e+003 +3.758192161e+003
1310 0 +3.397907553e+003 +3.481667553e+003 +3.481667553e+003
1442 0 +3.375388868e+003 +3.459148868e+003 +3.459148868e+003
1503 0 +3.070154125e+003 +3.153914125e+003 +3.153914125e+003
1631 0 +2.734236976e+003 +2.817996976e+003 +2.817996976e+003
1672 0 +2.677440515e+003 +2.761200515e+003 +2.761200515e+003
1681 0 +2.208590934e+003 +2.292350934e+003 +2.292350934e+003
1710 0 +1.776371538e+003 +1.860131538e+003 +1.860131538e+003
1779 0 +1.724814542e+003 +1.808574542e+003 +1.808574542e+003
1810 0 +1.208382086e+003 +1.292142086e+003 +1.292142086e+003
1891 0 +1.046557400e+003 +1.130317400e+003 +1.130317400e+003
1903 0 +9.204731796e+002 +1.004233180e+003 +1.004233180e+003
1910 0 +7.656340366e+002 +8.493940366e+002 +8.493940366e+002
1919 0 +4.193828577e+002 +5.031428577e+002 +5.031428577e+002
2050 0 +4.123411159e+002 +4.961011159e+002 +4.961011159e+002
2057 0 +3.347858499e+002 +4.185458499e+002 +4.185458499e+002
2182 0 +2.786698428e+002 +3.624298428e+002 +3.624298428e+002
2216 0 +2.052896450e+002 +2.890496450e+002 +2.890496450e+002
2340 0 +1.853095795e+002 +2.690695795e+002 +2.690695795e+002
2483 0 +1.082313544e+002 +1.919913544e+002 +1.919913544e+002
2510 0 +1.053426895e+002 +1.891026895e+002 +1.891026895e+002
2596 0 +9.530017508e+001 +1.790601751e+002 +1.790601751e+002
2633 0 +8.727737622e+001 +1.710373762e+002 +1.710373762e+002
2695 0 +7.761635249e+001 +1.613763525e+002 +1.613763525e+002
2752 0 +7.448752402e+001 +1.582475240e+002 +1.582475240e+002
2822 0 +4.341786871e+001 +1.271778687e+002 +1.271778687e+002
2903 0 +3.560487953e+001 +1.193648795e+002 +1.193648795e+002
3003 0 +1.970437700e+001 +1.034643770e+002 +1.034643770e+002
3081 0 +1.244966787e+001 +9.620966787e+001 +9.620966787e+001
3120 0 +1.049974976e+001 +9.425974976e+001 +9.425974976e+001
3123 0 +7.749850165e+000 +9.150985017e+001 +9.150985017e+001
3220 0 +6.423191907e+000 +9.018319191e+001 +9.018319191e+001
3285 0 +6.236753957e+000 +8.999675396e+001 +8.999675396e+001
3296 0 +5.354130765e+000 +8.911413076e+001 +8.911413076e+001
3315 0 +4.646024007e+000 +8.840602401e+001 +8.840602401e+001
3320 0 +4.434545770e+000 +8.819454577e+001 +8.819454577e+001
3425 0 +4.336540936e+000 +8.809654094e+001 +8.809654094e+001
3604 0 +4.218059439e+000 +8.797805944e+001 +8.797805944e+001
3690 0 +4.036878042e+000 +8.779687804e+001 +8.779687804e+001
4052 0 +3.821990799e+000 +8.758199080e+001 +8.758199080e+001
4122 0 +3.801482860e+000 +8.756148286e+001 +8.756148286e+001
4740 0 +3.715202958e+000 +8.747520296e+001 +8.747520296e+001
5102 0 +3.623841166e+000 +8.738384117e+001 +8.738384117e+001
5890 0 +3.537817824e+000 +8.729781782e+001 +8.729781782e+001
6338 0 +3.463272219e+000 +8.722327222e+001 +8.722327222e+001
% f evaluations | g evaluations | best noise-free fitness - Fopt (-3.890100000000e+002) + sum g_i+ | measured fitness | best measured fitness or single-digit g-values | x1 | x2...
1 0 +3.449670211e+004 +3.410769211e+004 +3.410769211e+004
567 0 +3.132874983e+004 +3.093973983e+004 +3.093973983e+004
612 0 +2.981929402e+004 +2.943028402e+004 +2.943028402e+004
647 0 +1.977595120e+004 +1.938694120e+004 +1.938694120e+004
767 0 +1.689855457e+004 +1.650954457e+004 +1.650954457e+004
848 0 +1.595960353e+004 +1.557059353e+004 +1.557059353e+004
871 0 +1.566980748e+004 +1.528079748e+004 +1.528079748e+004
873 0 +1.526727288e+004 +1.487826288e+004 +1.487826288e+004
924 0 +1.492406004e+004 +1.453505004e+004 +1.453505004e+004
964 0 +1.437401613e+004 +1.398500613e+004 +1.398500613e+004
995 0 +1.255799069e+004 +1.216898069e+004 +1.216898069e+004
1037 0 +1.068617354e+004 +1.029716354e+004 +1.029716354e+004
1154 0 +1.032849090e+004 +9.939480901e+003 +9.939480901e+003
1159 0 +8.268242014e+003 +7.879232014e+003 +7.879232014e+003
1336 0 +8.063447209e+003 +7.674437209e+003 +7.674437209e+003
1337 0 +7.621685311e+003 +7.232675311e+003 +7.232675311e+003
1404 0 +6.625866365e+003 +6.236856365e+003 +6.236856365e+003
1454 0 +6.352154551e+003 +5.963144551e+003 +5.963144551e+003
1513 0 +5.989759002e+003 +5.600749002e+003 +5.600749002e+003
1540 0 +5.643591195e+003 +5.254581195e+003 +5.254581195e+003
1585 0 +4.807214124e+003 +4.418204124e+003 +4.418204124e+003
1619 0 +4.391096174e+003 +4.002086174e+003 +4.002086174e+003
1672 0 +3.484416655e+003 +3.095406655e+003 +3.095406655e+003
1702 0 +2.285218389e+003 +1.896208389e+003 +1.896208389e+003
1841 0 +1.592404142e+003 +1.203394142e+003 +1.203394142e+003
1930 0 +1.156200065e+003 +7.671900650e+002 +7.671900650e+002
2054 0 +1.106894882e+003 +7.178848822e+002 +7.178848822e+002
2102 0 +1.036943423e+003 +6.479334231e+002 +6.479334231e+002
2224 0 +9.677822520e+002 +5.787722520e+002 +5.787722520e+002
2311 0 +9.369172180e+002 +5.479072180e+002 +5.479072180e+002
2322 0 +9.264773444e+002 +5.374673444e+002 +5.374673444e+002
2351 0 +8.768371469e+002 +4.878271469e+002 +4.878271469e+002
2451 0 +8.426420515e+002 +4.536320515e+002 +4.536320515e+002
2502 0 +7.359531013e+002 +3.469431013e+002 +3.469431013e+002
2504 0 +6.540644286e+002 +2.650544286e+002 +2.650544286e+002
2554 0 +6.069623841e+002 +2.179523841e+002 +2.179523841e+002
2622 0 +5.258499115e+002 +1.368399115e+002 +1.368399115e+002
2704 0 +5.243617684e+002 +1.353517684e+002 +1.353517684e+002
2722 0 +5.071582910e+002 +1.181482910e+002 +1.181482910e+002
2730 0 +4.698590557e+002 +8.084905572e+001 +8.084905572e+001
2747 0 +4.287532491e+002 +3.974324913e+001 +3.974324913e+001
2833 0 +3.567054042e+002 -3.230459582e+001 -3.230459582e+001
2907 0 +3.384760419e+002 -5.053395813e+001 -5.053395813e+001
2959 0 +3.112321097e+002 -7.777789033e+001 -7.777789033e+001
2963 0 +3.066999430e+002 -8.231005704e+001 -8.231005704e+001
2972 0 +2.972433903e+002 -9.176660968e+001 -9.176660968e+001
2977 0 +2.856769977e+002 -1.033330023e+002 -1.033330023e+002
2986 0 +2.636093221e+002 -1.254006779e+002 -1.254006779e+002
3034 0 +2.528810150e+002 -1.361289850e+002 -1.361289850e+002
3092 0 +1.848618371e+002 -2.041481629e+002 -2.041481629e+002
3134 0 +1.585835301e+002 -2.304264699e+002 -2.304264699e+002
3218 0 +1.499481944e+002 -2.390618056e+002 -2.390618056e+002
3250 0 +1.432529992e+002 -2.457570008e+002 -2.457570008e+002
3335 0 +1.409077839e+002 -2.481022161e+002 -2.481022161e+002
3461 0 +1.342776830e+002 -2.547323170e+002 -2.547323170e+002
3529 0 +1.270583183e+002 -2.619516817e+002 -2.619516817e+002
3658 0 +1.089060268e+002 -2.801039732e+002 -2.801039732e+002
3741 0 +1.030155928e+002 -2.859944072e+002 -2.859944072e+002
3743 0 +9.806795271e+001 -2.909420473e+002 -2.909420473e+002
3750 0 +9.066627815e+001 -2.983437219e+002 -2.983437219e+002
3835 0 +8.879386531e+001 -3.002161347e+002 -3.002161347e+002
3847 0 +8.610714217e+001 -3.029028578e+002 -3.029028578e+002
3962 0 +8.478469010e+001 -3.042253099e+002 -3.042253099e+002
3977 0 +8.156625415e+001 -3.074437459e+002 -3.074437459e+002
4043 0 +7.939643938e+001 -3.096135606e+002 -3.096135606e+002
4118 0 +7.744774146e+001 -3.115622585e+002 -3.115622585e+002
4149 0 +7.507584722e+001 -3.139341528e+002 -3.139341528e+002
4196 0 +7.119536593e+001 -3.178146341e+002 -3.178146341e+002
4213 0 +6.977997052e+001 -3.192300295e+002 -3.192300295e+002
4216 0 +6.742191295e+001 -3.215880870e+002 -3.215880870e+002
4234 0 +6.415608241e+001 -3.248539176e+002 -3.248539176e+002
4307 0 +6.128018337e+001 -3.277298166e+002 -3.277298166e+002
4382 0 +5.675534703e+001 -3.322546530e+002 -3.322546530e+002
4440 0 +5.136012561e+001 -3.376498744e+002 -3.376498744e+002
4505 0 +5.082950493e+001 -3.381804951e+002 -3.381804951e+002
4518 0 +4.602031416e+001 -3.429896858e+002 -3.429896858e+002
4607 0 +4.555179075e+001 -3.434582093e+002 -3.434582093e+002
4613 0 +4.346374332e+001 -3.455462567e+002 -3.455462567e+002
4723 0 +4.257183015e+001 -3.464381698e+002 -3.464381698e+002
4740 0 +4.156431469e+001 -3.474456853e+002 -3.474456853e+002
4784 0 +3.483770236e+001 -3.541722976e+002 -3.541722976e+002
4807 0 +3.423670153e+001 -3.547732985e+002 -3.547732985e+002
4824 0 +3.335215060e+001 -3.556578494e+002 -3.556578494e+002
4857 0 +3.265287446e+001 -3.563571255e+002 -3.563571255e+002
4873 0 +3.157393254e+001 -3.574360675e+002 -3.574360675e+002
4916 0 +2.812402142e+001 -3.608859786e+002 -3.608859786e+002
5023 0 +2.660394698e+001 -3.624060530e+002 -3.624060530e+002
5048 0 +2.505881927e+001 -3.639511807e+002 -3.639511807e+002
5105 0 +2.298536908e+001 -3.660246309e+002 -3.660246309e+002
5112 0 +2.233838936e+001 -3.666716106e+002 -3.666716106e+002
5137 0 +2.169500560e+001 -3.673149944e+002 -3.673149944e+002
5148 0 +1.669777969e+001 -3.723122203e+002 -3.723122203e+002
5203 0 +1.597855861e+001 -3.730314414e+002 -3.730314414e+002
5285 0 +1.567542974e+001 -3.733345703e+002 -3.733345703e+002
5338 0 +1.544505322e+001 -3.735649468e+002 -3.735649468e+002
5387 0 +1.448988260e+001 -3.745201174e+002 -3.745201174e+002
5460 0 +1.382938019e+001 -3.751806198e+002 -3.751806198e+002
5494 0 +1.212074311e+001 -3.768892569e+002 -3.768892569e+002
5505 0 +1.014599312e+001 -3.788640069e+002 -3.788640069e+002
5605 0 +9.778805670e+000 -3.792311943e+002 -3.792311943e+002
5612 0 +9.724538770e+000 -3.792854612e+002 -3.792854612e+002
5622 0 +9.489245180e+000 -3.795207548e+002 -3.795207548e+002
5659 0 +8.463970776e+000 -3.805460292e+002 -3.805460292e+002
5705 0 +8.078834704e+000 -3.809311653e+002 -3.809311653e+002
5751 0 +7.881171958e+000 -3.811288280e+002 -3.811288280e+002
5790 0 +7.569835866e+000 -3.814401641e+002 -3.814401641e+002
5830 0 +7.333188859e+000 -3.816768111e+002 -3.816768111e+002
5847 0 +7.091212253e+000 -3.819187877e+002 -3.819187877e+002
5905 0 +6.879738299e+000 -3.821302617e+002 -3.821302617e+002
5924 0 +6.738127453e+000 -3.822718725e+002 -3.822718725e+002
6006 0 +6.400072694e+000 -3.826099273e+002 -3.826099273e+002
6049 0 +6.221436837e+000 -3.827885632e+002 -3.827885632e+002
6050 0 +5.971443221e+000 -3.830385568e+002 -3.830385568e+002
6133 0 +5.867127969e+000 -3.831428720e+002 -3.831428720e+002
6142 0 +5.618434323e+000 -3.833915657e+002 -3.833915657e+002
6308 0 +5.411661548e+000 -3.835983385e+002 -3.835983385e+002
6438 0 +5.364481338e+000 -3.836455187e+002 -3.836455187e+002
6496 0 +5.223469436e+000 -3.837865306e+002 -3.837865306e+002
6506 0 +5.091174856e+000 -3.839188251e+002 -3.839188251e+002
6514 0 +4.824505385e+000 -3.841854946e+002 -3.841854946e+002
6557 0 +4.749270999e+000 -3.842607290e+002 -3.842607290e+002
6607 0 +4.627424242e+000 -3.843825758e+002 -3.843825758e+002
6624 0 +4.553464611e+000 -3.844565354e+002 -3.844565354e+002
6654 0 +4.429187536e+000 -3.845808125e+002 -3.845808125e+002
7982 0 +4.364374280e+000 -3.846456257e+002 -3.846456257e+002
8814 0 +4.262946214e+000 -3.847470538e+002 -3.847470538e+002
9102 0 +4.151358254e+000 -3.848586417e+002 -3.848586417e+002
9744 0 +4.073636743e+000 -3.849363633e+002 -3.849363633e+002
36135 0 +3.932846534e+000 -3.850771535e+002 -3.850771535e+002
36180 0 +3.873525000e+000 -3.851364750e+002 -3.851364750e+002
36952 0 +3.800302235e+000 -3.852096978e+002 -3.852096978e+002
37931 0 +3.708896536e+000 -3.853011035e+002 -3.853011035e+002
38118 0 +3.625160881e+000 -3.853848391e+002 -3.853848391e+002
38204 0 +3.536235486e+000 -3.854737645e+002 -3.854737645e+002
38413 0 +3.450072236e+000 -3.855599278e+002 -3.855599278e+002
38947 0 +3.384006027e+000 -3.856259940e+002 -3.856259940e+002
39352 0 +3.308876418e+000 -3.857011236e+002 -3.857011236e+002
40248 0 +3.213878485e+000 -3.857961215e+002 -3.857961215e+002
% f evaluations | g evaluations | best noise-free fitness - Fopt (-1.455800000000e+002) + sum g_i+ | measured fitness | best measured fitness or single-digit g-values | x1 | x2...
1 0 +3.449670211e+004 +3.435112211e+004 +3.435112211e+004
420 0 +1.238596998e+004 +1.224038998e+004 +1.224038998e+004
717 0 +1.145758558e+004 +1.131200558e+004 +1.131200558e+004
805 0 +9.937593741e+003 +9.792013741e+003 +9.792013741e+003
1002 0 +9.676603562e+003 +9.531023562e+003 +9.531023562e+003
1030 0 +9.055051158e+003 +8.909471158e+003 +8.909471158e+003
1049 0 +8.276881809e+003 +8.131301809e+003 +8.131301809e+003
1115 0 +7.993299056e+003 +7.847719056e+003 +7.847719056e+003
1135 0 +6.406696133e+003 +6.261116133e+003 +6.261116133e+003
1193 0 +6.010319916e+003 +5.864739916e+003 +5.864739916e+003
1203 0 +5.070763804e+003 +4.925183804e+003 +4.925183804e+003
1311 0 +3.638206912e+003 +3.492626912e+003 +3.492626912e+003
1422 0 +2.751208976e+003 +2.605628976e+003 +2.605628976e+003
1495 0 +2.282066162e+003 +2.136486162e+003 +2.136486162e+003
1546 0 +1.857368043e+003 +1.711788043e+003 +1.711788043e+003
1547 0 +1.394579528e+003 +1.248999528e+003 +1.248999528e+003
1711 0 +1.271827568e+003 +1.126247568e+003 +1.126247568e+003
1722 0 +1.178721921e+003 +1.033141921e+003 +1.033141921e+003
1752 0 +1.072442482e+003 +9.268624816e+002 +9.268624816e+002
1772 0 +9.630270916e+002 +8.174470916e+002 +8.174470916e+002
1894 0 +7.186287124e+002 +5.730487124e+002 +5.730487124e+002
1964 0 +6.882216400e+002 +5.426416400e+002 +5.426416400e+002
2005 0 +5.909482975e+002 +4.453682975e+002 +4.453682975e+002
2172 0 +4.948718979e+002 +3.492918979e+002 +3.492918979e+002
2252 0 +4.588221353e+002 +3.132421353e+002 +3.132421353e+002
2304 0 +2.000032751e+002 +5.442327514e+001 +5.442327514e+001
2461 0 +1.211760227e+002 -2.440397735e+001 -2.440397735e+001
2514 0 +1.073864413e+002 -3.819355874e+001 -3.819355874e+001
2520 0 +9.823725841e+001 -4.734274159e+001 -4.734274159e+001
2659 0 +8.906326216e+001 -5.651673784e+001 -5.651673784e+001
2682 0 +7.958869581e+001 -6.599130419e+001 -6.599130419e+001
2733 0 +4.396030254e+001 -1.016196975e+002 -1.016196975e+002
2813 0 +3.204617439e+001 -1.135338256e+002 -1.135338256e+002
2814 0 +2.978898404e+001 -1.157910160e+002 -1.157910160e+002
2859 0 +2.885212713e+001 -1.167278729e+002 -1.167278729e+002
2904 0 +2.403601622e+001 -1.215439838e+002 -1.215439838e+002
2914 0 +2.234491712e+001 -1.232350829e+002 -1.232350829e+002
2949 0 +1.078955358e+001 -1.347904464e+002 -1.347904464e+002
3004 0 +7.170423059e+000 -1.384095769e+002 -1.384095769e+002
3075 0 +4.917061735e+000 -1.406629383e+002 -1.406629383e+002
3103 0 +4.364564765e+000 -1.412154352e+002 -1.412154352e+002
3247 0 +4.123354104e+000 -1.414566459e+002 -1.414566459e+002
3325 0 +3.993581707e+000 -1.415864183e+002 -1.415864183e+002
3556 0 +3.957750698e+000 -1.416222493e+002 -1.416222493e+002
3850 0 +3.886138316e+000 -1.416938617e+002 -1.416938617e+002
4221 0 +3.796635041e+000 -1.417833650e+002 -1.417833650e+002
4502 0 +3.694165635e+000 -1.418858344e+002 -1.418858344e+002
4714 0 +3.619328562e+000 -1.419606714e+002 -1.419606714e+002
5504 0 +3.530573708e+000 -1.420494263e+002 -1.420494263e+002
5776 0 +3.465634683e+000 -1.421143653e+002 -1.421143653e+002
6309 0 +3.386371435e+000 -1.421936286e+002 -1.421936286e+002
8939 0 +3.311125025e+000 -1.422688750e+002 -1.422688750e+002
