% f evaluations | g evaluations | best noise-free fitness - Fopt (-5.235000000000e+001) + sum g_i+ | measured fitness | best measured fitness or single-digit g-values | x1 | x2...
1 0 +1.090684985e+002 +5.671849850e+001 +5.671849850e+001
211 0 +7.905544362e+001 +2.670544362e+001 +2.670544362e+001
268 0 +7.313357396e+001 +2.078357396e+001 +2.078357396e+001
275 0 +6.622065342e+001 +1.387065342e+001 +1.387065342e+001
344 0 +5.528137911e+001 +2.931379105e+000 +2.931379105e+000
452 0 +5.071750808e+001 -1.632491919e+000 -1.632491919e+000
459 0 +4.974310944e+001 -2.606890559e+000 -2.606890559e+000
508 0 +4.143709870e+001 -1.091290130e+001 -1.091290130e+001
632 0 +4.040655006e+001 -1.194344994e+001 -1.194344994e+001
750 0 +3.979484955e+001 -1.255515045e+001 -1.255515045e+001
805 0 +3.748243597e+001 -1.486756403e+001 -1.486756403e+001
933 0 +3.648816074e+001 -1.586183926e+001 -1.586183926e+001
948 0 +3.376974222e+001 -1.858025778e+001 -1.858025778e+001
1295 0 +3.223799439e+001 -2.011200561e+001 -2.011200561e+001
1337 0 +3.079276400e+001 -2.155723600e+001 -2.155723600e+001
1508 0 +2.947041815e+001 -2.287958185e+001 -2.287958185e+001
1623 0 +2.832972406e+001 -2.402027594e+001 -2.402027594e+001
1719 0 +2.811451354e+001 -2.423548646e+001 -2.423548646e+001
1730 0 +2.722566520e+001 -2.512433480e+001 -2.512433480e+001
1829 0 +2.676782721e+001 -2.558217279e+001 -2.558217279e+001
1831 0 +2.617763197e+001 -2.617236803e+001 -2.617236803e+001
1937 0 +2.534218016e+001 -2.700781984e+001 -2.700781984e+001
2005 0 +2.490446943e+001 -2.744553057e+001 -2.744553057e+001
2017 0 +2.393389751e+001 -2.841610249e+001 -2.841610249e+001
2133 0 +2.342698374e+001 -2.892301626e+001 -2.892301626e+001
2168 0 +2.191337964e+001 -3.043662036e+001 -3.043662036e+001
2209 0 +2.139925191e+001 -3.095074809e+001 -3.095074809e+001
2305 0 +2.117200788e+001 -3.117799212e+001 -3.117799212e+001
2534 0 +2.073246473e+001 -3.161753527e+001 -3.161753527e+001
2705 0 +2.035857261e+001 -3.199142739e+001 -3.199142739e+001
2908 0 +1.976946839e+001 -3.258053161e+001 -3.258053161e+001
3008 0 +1.945534258e+001 -3.289465742e+001 -3.289465742e+001
3114 0 +1.881712097e+001 -3.353287903e+001 -3.353287903e+001
3244 0 +1.851055818e+001 -3.383944182e+001 -3.383944182e+001
3514 0 +1.817903263e+001 -3.417096737e+001 -3.417096737e+001
3890 0 +1.754003771e+001 -3.480996229e+001 -3.480996229e+001
3951 0 +1.724527782e+001 -3.510472218e+001 -3.510472218e+001
4168 0 +1.681902432e+001 -3.553097568e+001 -3.553097568e+001
4218 0 +1.626585244e+001 -3.608414756e+001 -3.608414756e+001
4305 0 +1.615121061e+001 -3.619878939e+001 -3.619878939e+001
4590 0 +1.581690335e+001 -3.653309665e+001 -3.653309665e+001
5222 0 +1.548252216e+001 -3.686747784e+001 -3.686747784e+001
5424 0 +1.499102172e+001 -3.735897828e+001 -3.735897828e+001
5609 0 +1.477560434e+001 -3.757439566e+001 -3.757439566e+001
6886 0 +1.445339935e+001 -3.789660065e+001 -3.789660065e+001
15719 0 +1.409077620e+001 -3.825922380e+001 -3.825922380e+001
17551 0 +1.380246703e+001 -3.854753297e+001 -3.854753297e+001
22501 0 +1.328488470e+001 -3.906511530e+001 -3.906511530e+001
22539 0 +1.302372319e+001 -3.932627681e+001 -3.932627681e+001
22657 0 +1.275076458e+001 -3.959923542e+001 -3.959923542e+001
22721 0 +1.256803320e+001 -3.978196680e+001 -3.978196680e+001
22804 0 +1.220299710e+001 -4.014700290e+001 -4.014700290e+001
23011 0 +1.186772302e+001 -4.048227698e+001 -4.048227698e+001
23127 0 +1.166919423e+001 -4.068080577e+001 -4.068080577e+001
23409 0 +1.147239691e+001 -4.087760309e+001 -4.087760309e+001
23610 0 +1.120765208e+001 -4.114234792e+001 -4.114234792e+001
23731 0 +1.078078027e+001 -4.156921973e+001 -4.156921973e+001
23807 0 +1.067447487e+001 -4.167552513e+001 -4.167552513e+001
23932 0 +1.044159833e+001 -4.190840167e+001 -4.190840167e+001
24007 0 +1.015275336e+001 -4.219724664e+001 -4.219724664e+001
24142 0 +9.950660361e+000 -4.239933964e+001 -4.239933964e+001
24512 0 +9.730887803e+000 -4.261911220e+001 -4.261911220e+001
24903 0 +9.498957891e+000 -4.285104211e+001 -4.285104211e+001
25309 0 +9.331280352e+000 -4.301871965e+001 -4.301871965e+001
25542 0 +9.118159343e+000 -4.323184066e+001 -4.323184066e+001
25791 0 +8.911080055e+000 -4.343891994e+001 -4.343891994e+001
26308 0 +8.695338286e+000 -4.365466171e+001 -4.365466171e+001
28203 0 +8.504317354e+000 -4.384568265e+001 -4.384568265e+001
% f evaluations | g evaluations | best noise-free fitness - Fopt (-1.795400000000e+002) + sum g_i+ | measured fitness | best measured fitness or single-digit g-values | x1 | x2...
1 0 +8.237377687e+001 -9.716622313e+001 -9.716622313e+001
33 0 +7.331065171e+001 -1.062293483e+002 -1.062293483e+002
210 0 +7.196274980e+001 -1.075772502e+002 -1.075772502e+002
246 0 +6.594921204e+001 -1.135907880e+002 -1.135907880e+002
325 0 +6.015720267e+001 -1.193827973e+002 -1.193827973e+002
365 0 +4.788137339e+001 -1.316586266e+002 -1.316586266e+002
418 0 +4.417322179e+001 -1.353667782e+002 -1.353667782e+002
441 0 +4.247887546e+001 -1.370611245e+002 -1.370611245e+002
496 0 +3.895842106e+001 -1.405815789e+002 -1.405815789e+002
641 0 +3.616733958e+001 -1.433726604e+002 -1.433726604e+002
767 0 +3.425764601e+001 -1.452823540e+002 -1.452823540e+002
831 0 +3.273918181e+001 -1.468008182e+002 -1.468008182e+002
1018 0 +3.085915894e+001 -1.486808411e+002 -1.486808411e+002
1113 0 +2.886641008e+001 -1.506735899e+002 -1.506735899e+002
1192 0 +2.867124998e+001 -1.508687500e+002 -1.508687500e+002
1213 0 +2.742970098e+001 -1.521102990e+002 -1.521102990e+002
1223 0 +2.568613979e+001 -1.538538602e+002 -1.538538602e+002
1313 0 +2.382072734e+001 -1.557192727e+002 -1.557192727e+002
1413 0 +2.306499265e+001 -1.564750074e+002 -1.564750074e+002
1615 0 +2.262857189e+001 -1.569114281e+002 -1.569114281e+002
1769 0 +2.222584240e+001 -1.573141576e+002 -1.573141576e+002
1858 0 +2.187445356e+001 -1.576655464e+002 -1.576655464e+002
1862 0 +2.084609837e+001 -1.586939016e+002 -1.586939016e+002
1903 0 +2.012107409e+001 -1.594189259e+002 -1.594189259e+002
2017 0 +1.932099068e+001 -1.602190093e+002 -1.602190093e+002
2117 0 +1.834831738e+001 -1.611916826e+002 -1.611916826e+002
2134 0 +1.778986942e+001 -1.617501306e+002 -1.617501306e+002
2214 0 +1.743459439e+001 -1.621054056e+002 -1.621054056e+002
2227 0 +1.698832426e+001 -1.625516757e+002 -1.625516757e+002
2332 0 +1.682064104e+001 -1.627193590e+002 -1.627193590e+002
2438 0 +1.652967211e+001 -1.630103279e+002 -1.630103279e+002
2488 0 +1.599115140e+001 -1.635488486e+002 -1.635488486e+002
2529 0 +1.545235417e+001 -1.640876458e+002 -1.640876458e+002
2602 0 +1.512139873e+001 -1.644186013e+002 -1.644186013e+002
2637 0 +1.474421421e+001 -1.647957858e+002 -1.647957858e+002
2648 0 +1.441881598e+001 -1.651211840e+002 -1.651211840e+002
2859 0 +1.401775949e+001 -1.655222405e+002 -1.655222405e+002
2964 0 +1.374628537e+001 -1.657937146e+002 -1.657937146e+002
3319 0 +1.346248892e+001 -1.660775111e+002 -1.660775111e+002
3706 0 +1.316172251e+001 -1.663782775e+002 -1.663782775e+002
4057 0 +1.287270245e+001 -1.666672976e+002 -1.666672976e+002
4656 0 +1.258056980e+001 -1.669594302e+002 -1.669594302e+002
4912 0 +1.230256648e+001 -1.672374335e+002 -1.672374335e+002
5352 0 +1.186386454e+001 -1.676761355e+002 -1.676761355e+002
5460 0 +1.174232779e+001 -1.677976722e+002 -1.677976722e+002
6630 0 +1.143448509e+001 -1.681055149e+002 -1.681055149e+002
6909 0 +1.121729044e+001 -1.683227096e+002 -1.683227096e+002
7702 0 +1.095491853e+001 -1.685850815e+002 -1.685850815e+002
8123 0 +1.070428553e+001 -1.688357145e+002 -1.688357145e+002
8613 0 +1.046694573e+001 -1.690730543e+002 -1.690730543e+002
18220 0 +1.022851210e+001 -1.693114879e+002 -1.693114879e+002
% f evaluations | g evaluations | best noise-free fitness - Fopt (7.731000000000e+001) + sum g_i+ | measured fitness | best measured fitness or single-digit g-values | x1 | x2...
1 0 +7.372719359e+001 +1.510371936e+002 +1.510371936e+002
275 0 +7.335014313e+001 +1.506601431e+002 +1.506601431e+002
277 0 +5.277212744e+001 +1.300821274e+002 +1.300821274e+002
328 0 +5.062962605e+001 +1.279396261e+002 +1.279396261e+002
415 0 +4.368586878e+001 +1.209958688e+002 +1.209958688e+002
508 0 +4.303630831e+001 +1.203463083e+002 +1.203463083e+002
530 0 +3.974039779e+001 +1.170503978e+002 +1.170503978e+002
670 0 +3.868266588e+001 +1.159926659e+002 +1.159926659e+002
731 0 +3.313855913e+001 +1.104485591e+002 +1.104485591e+002
805 0 +3.275518082e+001 +1.100651808e+002 +1.100651808e+002
872 0 +3.167085526e+001 +1.089808553e+002 +1.089808553e+002
877 0 +3.120454382e+001 +1.085145438e+002 +1.085145438e+002
911 0 +3.021643978e+001 +1.075264398e+002 +1.075264398e+002
929 0 +2.577688541e+001 +1.030868854e+002 +1.030868854e+002
1123 0 +2.468531688e+001 +1.019953169e+002 +1.019953169e+002
1138 0 +2.209562719e+001 +9.940562719e+001 +9.940562719e+001
1214 0 +2.143748899e+001 +9.874748899e+001 +9.874748899e+001
1310 0 +2.107405445e+001 +9.838405445e+001 +9.838405445e+001
1393 0 +2.057842592e+001 +9.788842592e+001 +9.788842592e+001
1415 0 +2.041339749e+001 +9.772339749e+001 +9.772339749e+001
1541 0 +1.979561939e+001 +9.710561939e+001 +9.710561939e+001
1605 0 +1.945831227e+001 +9.676831227e+001 +9.676831227e+001
1664 0 +1.902905906e+001 +9.633905906e+001 +9.633905906e+001
1808 0 +1.851525987e+001 +9.582525987e+001 +9.582525987e+001
1867 0 +1.796717804e+001 +9.527717804e+001 +9.527717804e+001
1906 0 +1.745818672e+001 +9.476818672e+001 +9.476818672e+001
2003 0 +1.730338858e+001 +9.461338858e+001 +9.461338858e+001
2104 0 +1.664713839e+001 +9.395713839e+001 +9.395713839e+001
2204 0 +1.645654896e+001 +9.376654896e+001 +9.376654896e+001
2368 0 +1.609678146e+001 +9.340678146e+001 +9.340678146e+001
2502 0 +1.584095150e+001 +9.315095150e+001 +9.315095150e+001
2807 0 +1.536185543e+001 +9.267185543e+001 +9.267185543e+001
3073 0 +1.510446145e+001 +9.241446145e+001 +9.241446145e+001
3406 0 +1.478932213e+001 +9.209932213e+001 +9.209932213e+001
3522 0 +1.438339566e+001 +9.169339566e+001 +9.169339566e+001
3682 0 +1.398480892e+001 +9.129480892e+001 +9.129480892e+001
3858 0 +1.378250899e+001 +9.109250899e+001 +9.109250899e+001
4057 0 +1.347007662e+001 +9.078007662e+001 +9.078007662e+001
4441 0 +1.314020259e+001 +9.045020259e+001 +9.045020259e+001
5290 0 +1.284392133e+001 +9.015392133e+001 +9.015392133e+001
5604 0 +1.256777659e+001 +8.987777659e+001 +8.987777659e+001
5981 0 +1.229662022e+001 +8.960662022e+001 +8.960662022e+001
6721 0 +1.200909652e+001 +8.931909652e+001 +8.931909652e+001
9519 0 +1.174743659e+001 +8.905743659e+001 +8.905743659e+001
34822 0 +1.144735108e+001 +8.875735108e+001 +8.875735108e+001
35099 0 +1.121210279e+001 +8.852210279e+001 +8.852210279e+001
35128 0 +1.092047984e+001 +8.823047984e+001 +8.823047984e+001
35436 0 +1.070318291e+001 +8.801318291e+001 +8.801318291e+001
35654 0 +1.047080567e+001 +8.778080567e+001 +8.778080567e+001
35907 0 +1.023130432e+001 +8.754130432e+001 +8.754130432e+001
39225 0 +9.996397902e+000 +8.730639790e+001 +8.730639790e+001
% f evaluations | g evaluations | best noise-free fitness - Fopt (3.992000000000e+001) + sum g_i+ | measured fitness | best measured fitness or single-digit g-values | x1 | x2...
1 0 +7.675091558e+001 +1.166709156e+002 +1.166709156e+002
299 0 +7.447286420e+001 +1.143928642e+002 +1.143928642e+002
317 0 +6.899979041e+001 +1.089197904e+002 +1.089197904e+002
394 0 +6.673182215e+001 +1.066518222e+002 +1.066518222e+002
405 0 +6.488886495e+001 +1.048088650e+002 +1.048088650e+002
410 0 +5.980313096e+001 +9.972313096e+001 +9.972313096e+001
437 0 +5.094325983e+001 +9.086325983e+001 +9.086325983e+001
514 0 +3.821637824e+001 +7.813637824e+001 +7.813637824e+001
630 0 +3.033510804e+001 +7.025510804e+001 +7.025510804e+001
705 0 +2.870405781e+001 +6.862405781e+001 +6.862405781e+001
761 0 +2.532996257e+001 +6.524996257e+001 +6.524996257e+001
812 0 +2.342579904e+001 +6.334579904e+001 +6.334579904e+001
964 0 +2.286984522e+001 +6.278984522e+001 +6.278984522e+001
1048 0 +2.215734519e+001 +6.207734519e+001 +6.207734519e+001
1268 0 +2.181141638e+001 +6.173141638e+001 +6.173141638e+001
1345 0 +2.136863484e+001 +6.128863484e+001 +6.128863484e+001
1354 0 +2.026956571e+001 +6.018956571e+001 +6.018956571e+001
1418 0 +1.964398802e+001 +5.956398802e+001 +5.956398802e+001
1480 0 +1.901712460e+001 +5.893712460e+001 +5.893712460e+001
1513 0 +1.857223201e+001 +5.849223201e+001 +5.849223201e+001
1714 0 +1.811434408e+001 +5.803434408e+001 +5.803434408e+001
1725 0 +1.765942942e+001 +5.757942942e+001 +5.757942942e+001
2106 0 +1.681505675e+001 +5.673505675e+001 +5.673505675e+001
2382 0 +1.659094966e+001 +5.651094966e+001 +5.651094966e+001
2712 0 +1.620427193e+001 +5.612427193e+001 +5.612427193e+001
2913 0 +1.581202006e+001 +5.573202006e+001 +5.573202006e+001
3071 0 +1.542548390e+001 +5.534548390e+001 +5.534548390e+001
3404 0 +1.512559014e+001 +5.504559014e+001 +5.504559014e+001
3689 0 +1.473729071e+001 +5.465729071e+001 +5.465729071e+001
4006 0 +1.443121806e+001 +5.435121806e+001 +5.435121806e+001
4120 0 +1.411641440e+001 +5.403641440e+001 +5.403641440e+001
4418 0 +1.377224824e+001 +5.369224824e+001 +5.369224824e+001
4613 0 +1.342621659e+001 +5.334621659e+001 +5.334621659e+001
4713 0 +1.317321502e+001 +5.309321502e+001 +5.309321502e+001
5005 0 +1.287475439e+001 +5.279475439e+001 +5.279475439e+001
5275 0 +1.234354145e+001 +5.226354145e+001 +5.226354145e+001
5318 0 +1.226423693e+001 +5.218423693e+001 +5.218423693e+001
5921 0 +1.202105249e+001 +5.194105249e+001 +5.194105249e+001
7880 0 +1.169234077e+001 +5.161234077e+001 +5.161234077e+001
8440 0 +1.148079532e+001 +5.140079532e+001 +5.140079532e+001
9310 0 +1.121710531e+001 +5.113710531e+001 +5.113710531e+001
28813 0 +1.096462588e+001 +5.088462588e+001 +5.088462588e+001
32615 0 +1.047679435e+001 +5.039679435e+001 +5.039679435e+001
32618 0 +1.046695800e+001 +5.038695800e+001 +5.038695800e+001
32622 0 +1.020289678e+001 +5.012289678e+001 +5.012289678e+001
32722 0 +9.875399423e+000 +4.979539942e+001 +4.979539942e+001
32798 0 +9.766254081e+000 +4.968625408e+001 +4.968625408e+001
32810 0 +9.425894851e+000 +4.934589485e+001 +4.934589485e+001
32871 0 +9.290683211e+000 +4.921068321e+001 +4.921068321e+001
32902 0 +8.620055834e+000 +4.854005583e+001 +4.854005583e+001
33165 0 +8.487328819e+000 +4.840732882e+001 +4.840732882e+001
33309 0 +8.312100387e+000 +4.823210039e+001 +4.823210039e+001
33678 0 +8.023292892e+000 +4.794329289e+001 +4.794329289e+001
34026 0 +7.884553927e+000 +4.780455393e+001 +4.780455393e+001
34405 0 +7.747010493e+000 +4.766701049e+001 +4.766701049e+001
34806 0 +7.551123473e+000 +4.747112347e+001 +4.747112347e+001
35027 0 +7.411457550e+000 +4.733145755e+001 +4.733145755e+001
35990 0 +7.241414678e+000 +4.716141468e+001 +4.716141468e+001
36361 0 +7.072976222e+000 +4.699297622e+001 +4.699297622e+001
37405 0 +6.917228166e+000 +4.683722817e+001 +4.683722817e+001
39259 0 +6.755504329e+000 +4.667550433e+001 +4.667550433e+001
% f evaluations | g evaluations | best noise-free fitness - Fopt (-5.661000000000e+001) + sum g_i+ | measured fitness | best measured fitness or single-digit g-values | x1 | x2...
1 0 +9.288842014e+001 +3.627842014e+001 +3.627842014e+001
72 0 +8.624851765e+001 +2.963851765e+001 +2.963851765e+001
241 0 +7.287861223e+001 +1.626861223e+001 +1.626861223e+001
316 0 +7.032340033e+001 +1.371340033e+001 +1.371340033e+001
329 0 +4.094480724e+001 -1.566519276e+001 -1.566519276e+001
531 0 +3.825851788e+001 -1.835148212e+001 -1.835148212e+001
605 0 +3.587728421e+001 -2.073271579e+001 -2.073271579e+001
621 0 +3.319878567e+001 -2.341121433e+001 -2.341121433e+001
720 0 +3.199457622e+001 -2.461542378e+001 -2.461542378e+001
903 0 +3.135269208e+001 -2.525730792e+001 -2.525730792e+001
918 0 +2.883786066e+001 -2.777213934e+001 -2.777213934e+001
1102 0 +2.719924185e+001 -2.941075815e+001 -2.941075815e+001
1231 0 +2.678304767e+001 -2.982695233e+001 -2.982695233e+001
1287 0 +2.602955960e+001 -3.058044040e+001 -3.058044040e+001
1308 0 +2.514464351e+001 -3.146535649e+001 -3.146535649e+001
1331 0 +2.482167085e+001 -3.178832915e+001 -3.178832915e+001
1363 0 +2.416861312e+001 -3.244138688e+001 -3.244138688e+001
1472 0 +2.374462271e+001 -3.286537729e+001 -3.286537729e+001
1625 0 +2.318418764e+001 -3.342581236e+001 -3.342581236e+001
1631 0 +2.245749570e+001 -3.415250430e+001 -3.415250430e+001
1667 0 +2.203955828e+001 -3.457044172e+001 -3.457044172e+001
1717 0 +2.161707998e+001 -3.499292002e+001 -3.499292002e+001
1753 0 +2.006055096e+001 -3.654944904e+001 -3.654944904e+001
1841 0 +1.904129868e+001 -3.756870132e+001 -3.756870132e+001
1913 0 +1.861733207e+001 -3.799266793e+001 -3.799266793e+001
1946 0 +1.796457922e+001 -3.864542078e+001 -3.864542078e+001
2104 0 +1.774041863e+001 -3.886958137e+001 -3.886958137e+001
2307 0 +1.730362518e+001 -3.930637482e+001 -3.930637482e+001
2406 0 +1.655187918e+001 -4.005812082e+001 -4.005812082e+001
2503 0 +1.575187881e+001 -4.085812119e+001 -4.085812119e+001
2672 0 +1.511317258e+001 -4.149682742e+001 -4.149682742e+001
2889 0 +1.474214738e+001 -4.186785262e+001 -4.186785262e+001
2942 0 +1.418913509e+001 -4.242086491e+001 -4.242086491e+001
3002 0 +1.398442552e+001 -4.262557448e+001 -4.262557448e+001
3217 0 +1.377549061e+001 -4.283450939e+001 -4.283450939e+001
3447 0 +1.323667616e+001 -4.337332384e+001 -4.337332384e+001
3524 0 +1.314642030e+001 -4.346357970e+001 -4.346357970e+001
4111 0 +1.285170024e+001 -4.375829976e+001 -4.375829976e+001
5028 0 +1.248257358e+001 -4.412742642e+001 -4.412742642e+001
5102 0 +1.228961259e+001 -4.432038741e+001 -4.432038741e+001
5709 0 +1.200211561e+001 -4.460788439e+001 -4.460788439e+001
6553 0 +1.173584086e+001 -4.487415914e+001 -4.487415914e+001
6874 0 +1.146965323e+001 -4.514034677e+001 -4.514034677e+001
7109 0 +1.120903106e+001 -4.540096894e+001 -4.540096894e+001
% f evaluations | g evaluations | best noise-free fitness - Fopt (3.270000000000e+001) + sum g_i+ | measured fitness | best measured fitness or single-digit g-values | x1 | x2...
1 0 +9.737012458e+001 +1.300701246e+002 +1.300701246e+002
202 0 +8.699273719e+001 +1.196927372e+002 +1.196927372e+002
207 0 +7.745788625e+001 +1.101578862e+002 +1.101578862e+002
292 0 +7.469352209e+001 +1.073935221e+002 +1.073935221e+002
309 0 +7.187213135e+001 +1.045721313e+002 +1.045721313e+002
313 0 +6.018614432e+001 +9.288614432e+001 +9.288614432e+001
322 0 +5.833193480e+001 +9.103193480e+001 +9.103193480e+001
437 0 +5.445576519e+001 +8.715576519e+001 +8.715576519e+001
513 0 +5.113303533e+001 +8.383303533e+001 +8.383303533e+001
683 0 +4.992918682e+001 +8.262918682e+001 +8.262918682e+001
817 0 +4.890667790e+001 +8.160667790e+001 +8.160667790e+001
841 0 +4.448946215e+001 +7.718946215e+001 +7.718946215e+001
983 0 +4.168710848e+001 +7.438710848e+001 +7.438710848e+001
1007 0 +4.127510005e+001 +7.397510005e+001 +7.397510005e+001
1033 0 +4.035193754e+001 +7.305193754e+001 +7.305193754e+001
1083 0 +3.969671413e+001 +7.239671413e+001 +7.239671413e+001
1172 0 +3.747849370e+001 +7.017849370e+001 +7.017849370e+001
1228 0 +3.668571012e+001 +6.938571012e+001 +6.938571012e+001
1281 0 +3.609818354e+001 +6.879818354e+001 +6.879818354e+001
1296 0 +3.344232239e+001 +6.614232239e+001 +6.614232239e+001
1331 0 +3.201204403e+001 +6.471204403e+001 +6.471204403e+001
1406 0 +3.158823944e+001 +6.428823944e+001 +6.428823944e+001
1502 0 +3.010250304e+001 +6.280250304e+001 +6.280250304e+001
1937 0 +2.933520131e+001 +6.203520131e+001 +6.203520131e+001
2126 0 +2.880588912e+001 +6.150588912e+001 +6.150588912e+001
2261 0 +2.805838688e+001 +6.075838688e+001 +6.075838688e+001
2320 0 +2.748479182e+001 +6.018479182e+001 +6.018479182e+001
2523 0 +2.685029061e+001 +5.955029061e+001 +5.955029061e+001
2693 0 +2.629115110e+001 +5.899115110e+001 +5.899115110e+001
2824 0 +2.567850563e+001 +5.837850563e+001 +5.837850563e+001
3032 0 +2.510644595e+001 +5.780644595e+001 +5.780644595e+001
3202 0 +2.452027869e+001 +5.722027869e+001 +5.722027869e+001
3503 0 +2.389423163e+001 +5.659423163e+001 +5.659423163e+001
3704 0 +2.342994721e+001 +5.612994721e+001 +5.612994721e+001
4111 0 +2.285852869e+001 +5.555852869e+001 +5.555852869e+001
4312 0 +2.217709155e+001 +5.487709155e+001 +5.487709155e+001
4603 0 +2.172576706e+001 +5.442576706e+001 +5.442576706e+001
4810 0 +2.134206856e+001 +5.404206856e+001 +5.404206856e+001
5404 0 +2.088227787e+001 +5.358227787e+001 +5.358227787e+001
7270 0 +2.041428745e+001 +5.311428745e+001 +5.311428745e+001
13613 0 +1.992139069e+001 +5.262139069e+001 +5.262139069e+001
13908 0 +1.948227221e+001 +5.218227221e+001 +5.218227221e+001
14318 0 +1.879427737e+001 +5.149427737e+001 +5.149427737e+001
14520 0 +1.851647561e+001 +5.121647561e+001 +5.121647561e+001
14634 0 +1.804543485e+001 +5.074543485e+001 +5.074543485e+001
14777 0 +1.765499498e+001 +5.035499498e+001 +5.035499498e+001
14961 0 +1.720962238e+001 +4.990962238e+001 +4.990962238e+001
15086 0 +1.697559581e+001 +4.967559581e+001 +4.967559581e+001
15216 0 +1.650076473e+001 +4.920076473e+001 +4.920076473e+001
15336 0 +1.616307026e+001 +4.886307026e+001 +4.886307026e+001
15444 0 +1.581825785e+001 +4.851825785e+001 +4.851825785e+001
16230 0 +1.542947451e+001 +4.812947451e+001 +4.812947451e+001
17404 0 +1.513385879e+001 +4.783385879e+001 +4.783385879e+001
18823 0 +1.478409696e+001 +4.748409696e+001 +4.748409696e+001
19710 0 +1.443168223e+001 +4.713168223e+001 +4.713168223e+001
33208 0 +1.403602238e+001 +4.673602238e+001 +4.673602238e+001
33299 0 +1.379678922e+001 +4.649678922e+001 +4.649678922e+001
33309 0 +1.261895910e+001 +4.531895910e+001 +4.531895910e+001
33387 0 +1.206178115e+001 +4.476178115e+001 +4.476178115e+001
33406 0 +1.181321519e+001 +4.451321519e+001 +4.451321519e+001
33423 0 +1.174431017e+001 +4.444431017e+001 +4.444431017e+001
33430 0 +1.142969119e+001 +4.412969119e+001 +4.412969119e+001
33503 0 +1.111054840e+001 +4.381054840e+001 +4.381054840e+001
33638 0 +1.064168683e+001 +4.334168683e+001 +4.334168683e+001
33777 0 +1.043798142e+001 +4.313798142e+001 +4.313798142e+001
34105 0 +1.022931909e+001 +4.292931909e+001 +4.292931909e+001
34454 0 +9.998423131e+000 +4.269842313e+001 +4.269842313e+001
35241 0 +9.754798720e+000 +4.245479872e+001 +4.245479872e+001
35500 0 +9.532549945e+000 +4.223254995e+001 +4.223254995e+001
35608 0 +9.312921109e+000 +4.201292111e+001 +4.201292111e+001
36397 0 +9.117610304e+000 +4.181761030e+001 +4.181761030e+001
38602 0 +8.911197916e+000 +4.161119792e+001 +4.161119792e+001
% f evaluations | g evaluations | best noise-free fitness - Fopt (-3.943000000000e+001) + sum g_i+ | measured fitness | best measured fitness or single-digit g-values | x1 | x2...
1 0 +1.287623121e+002 +8.933231214e+001 +8.933231214e+001
240 0 +9.585168591e+001 +5.642168591e+001 +5.642168591e+001
313 0 +6.493309164e+001 +2.550309164e+001 +2.550309164e+001
475 0 +6.185369165e+001 +2.242369165e+001 +2.242369165e+001
585 0 +6.090299168e+001 +2.147299168e+001 +2.147299168e+001
604 0 +5.520404150e+001 +1.577404150e+001 +1.577404150e+001
706 0 +5.075753240e+001 +1.132753240e+001 +1.132753240e+001
824 0 +4.817112041e+001 +8.741120412e+000 +8.741120412e+000
842 0 +4.355656263e+001 +4.126562629e+000 +4.126562629e+000
958 0 +4.238802443e+001 +2.958024430e+000 +2.958024430e+000
969 0 +4.162294378e+001 +2.192943783e+000 +2.192943783e+000
1018 0 +3.895627829e+001 -4.737217111e-001 -4.737217111e-001
1119 0 +3.307154018e+001 -6.358459825e+000 -6.358459825e+000
1206 0 +3.140038333e+001 -8.029616670e+000 -8.029616670e+000
1358 0 +2.663963554e+001 -1.279036446e+001 -1.279036446e+001
1404 0 +2.616585419e+001 -1.326414581e+001 -1.326414581e+001
1434 0 +2.436287463e+001 -1.506712537e+001 -1.506712537e+001
1720 0 +2.354252956e+001 -1.588747044e+001 -1.588747044e+001
1787 0 +2.331999355e+001 -1.611000645e+001 -1.611000645e+001
1997 0 +2.276432816e+001 -1.666567184e+001 -1.666567184e+001
2144 0 +2.212622760e+001 -1.730377240e+001 -1.730377240e+001
2425 0 +2.187536717e+001 -1.755463283e+001 -1.755463283e+001
2605 0 +2.131147224e+001 -1.811852776e+001 -1.811852776e+001
2722 0 +2.085320347e+001 -1.857679653e+001 -1.857679653e+001
2930 0 +1.997376103e+001 -1.945623897e+001 -1.945623897e+001
3004 0 +1.989906420e+001 -1.953093580e+001 -1.953093580e+001
3188 0 +1.917481486e+001 -2.025518514e+001 -2.025518514e+001
3224 0 +1.897412927e+001 -2.045587073e+001 -2.045587073e+001
3519 0 +1.860637287e+001 -2.082362713e+001 -2.082362713e+001
3664 0 +1.793238798e+001 -2.149761202e+001 -2.149761202e+001
3754 0 +1.772986243e+001 -2.170013757e+001 -2.170013757e+001
4405 0 +1.734196221e+001 -2.208803779e+001 -2.208803779e+001
4805 0 +1.697190943e+001 -2.245809057e+001 -2.245809057e+001
5234 0 +1.656691519e+001 -2.286308481e+001 -2.286308481e+001
5988 0 +1.620865553e+001 -2.322134447e+001 -2.322134447e+001
7726 0 +1.584857154e+001 -2.358142846e+001 -2.358142846e+001
28406 0 +1.548268354e+001 -2.394731646e+001 -2.394731646e+001
% f evaluations | g evaluations | best noise-free fitness - Fopt (4.197200000000e+002) + sum g_i+ | measured fitness | best measured fitness or single-digit g-values | x1 | x2...
1 0 +4.857214664e+001 +4.682921466e+002 +4.682921466e+002
302 0 +4.671126594e+001 +4.664312659e+002 +4.664312659e+002
451 0 +4.272777848e+001 +4.624477785e+002 +4.624477785e+002
658 0 +4.123224158e+001 +4.609522416e+002 +4.609522416e+002
727 0 +4.056037520e+001 +4.602803752e+002 +4.602803752e+002
837 0 +3.906504719e+001 +4.587850472e+002 +4.587850472e+002
917 0 +3.858200300e+001 +4.583020030e+002 +4.583020030e+002
931 0 +3.723866771e+001 +4.569586677e+002 +4.569586677e+002
1085 0 +3.483637172e+001 +4.545563717e+002 +4.545563717e+002
1119 0 +3.401963872e+001 +4.537396387e+002 +4.537396387e+002
1185 0 +3.266901611e+001 +4.523890161e+002 +4.523890161e+002
1202 0 +3.184971442e+001 +4.515697144e+002 +4.515697144e+002
1285 0 +2.923552822e+001 +4.489555282e+002 +4.489555282e+002
1313 0 +2.815345598e+001 +4.478734560e+002 +4.478734560e+002
1403 0 +2.692836967e+001 +4.466483697e+002 +4.466483697e+002
1427 0 +2.612517031e+001 +4.458451703e+002 +4.458451703e+002
1480 0 +2.534953762e+001 +4.450695376e+002 +4.450695376e+002
1510 0 +2.493351870e+001 +4.446535187e+002 +4.446535187e+002
1519 0 +2.438970673e+001 +4.441097067e+002 +4.441097067e+002
1523 0 +2.340518665e+001 +4.431251866e+002 +4.431251866e+002
1827 0 +2.288258201e+001 +4.426025820e+002 +4.426025820e+002
1908 0 +2.217092420e+001 +4.418909242e+002 +4.418909242e+002
1967 0 +2.174085866e+001 +4.414608587e+002 +4.414608587e+002
2136 0 +2.129275568e+001 +4.410127557e+002 +4.410127557e+002
2264 0 +2.055246305e+001 +4.402724630e+002 +4.402724630e+002
2326 0 +2.038317789e+001 +4.401031779e+002 +4.401031779e+002
2431 0 +1.984248559e+001 +4.395624856e+002 +4.395624856e+002
2610 0 +1.947016008e+001 +4.391901601e+002 +4.391901601e+002
2765 0 +1.902057299e+001 +4.387405730e+002 +4.387405730e+002
3006 0 +1.859587560e+001 +4.383158756e+002 +4.383158756e+002
3139 0 +1.806953414e+001 +4.377895341e+002 +4.377895341e+002
3273 0 +1.684610409e+001 +4.365661041e+002 +4.365661041e+002
3502 0 +1.657347489e+001 +4.362934749e+002 +4.362934749e+002
3644 0 +1.617669155e+001 +4.358966916e+002 +4.358966916e+002
4031 0 +1.583756678e+001 +4.355575668e+002 +4.355575668e+002
4318 0 +1.546121687e+001 +4.351812169e+002 +4.351812169e+002
4706 0 +1.511123600e+001 +4.348312360e+002 +4.348312360e+002
4852 0 +1.455364691e+001 +4.342736469e+002 +4.342736469e+002
4921 0 +1.441655756e+001 +4.341365576e+002 +4.341365576e+002
5904 0 +1.408448440e+001 +4.338044844e+002 +4.338044844e+002
6507 0 +1.380131074e+001 +4.335213107e+002 +4.335213107e+002
6909 0 +1.348913065e+001 +4.332091306e+002 +4.332091306e+002
15328 0 +1.316523491e+001 +4.328852349e+002 +4.328852349e+002
16306 0 +1.287969520e+001 +4.325996952e+002 +4.325996952e+002
18530 0 +1.258690872e+001 +4.323069087e+002 +4.323069087e+002
22758 0 +1.222583299e+001 +4.319458330e+002 +4.319458330e+002
22845 0 +1.153508262e+001 +4.312550826e+002 +4.312550826e+002
22914 0 +1.145652275e+001 +4.311765228e+002 +4.311765228e+002
22916 0 +1.121730956e+001 +4.309373096e+002 +4.309373096e+002
22954 0 +1.096259686e+001 +4.306825969e+002 +4.306825969e+002
23354 0 +1.071089731e+001 +4.304308973e+002 +4.304308973e+002
23423 0 +1.045185279e+001 +4.301718528e+002 +4.301718528e+002
23884 0 +1.020983405e+001 +4.299298340e+002 +4.299298340e+002
24445 0 +9.986723538e+000 +4.297067235e+002 +4.297067235e+002
24907 0 +9.770909347e+000 +4.294909093e+002 +4.294909093e+002
25105 0 +9.531420823e+000 +4.292514208e+002 +4.292514208e+002
26206 0 +9.328382802e+000 +4.290483828e+002 +4.290483828e+002
28122 0 +9.119362939e+000 +4.288393629e+002 +4.288393629e+002
28921 0 +8.906963641e+000 +4.286269636e+002 +4.286269636e+002
29704 0 +8.694852757e+000 +4.284148528e+002 +4.284148528e+002
% f evaluations | g evaluations | best noise-free fitness - Fopt (7.640000000000e+000) + sum g_i+ | measured fitness | best measured fitness or single-digit g-values | x1 | x2...
1 0 +5.693830805e+001 +6.457830805e+001 +6.457830805e+001
413 0 +5.658772356e+001 +6.422772356e+001 +6.422772356e+001
483 0 +5.453844957e+001 +6.217844957e+001 +6.217844957e+001
538 0 +4.714393357e+001 +5.478393357e+001 +5.478393357e+001
611 0 +4.175255110e+001 +4.939255110e+001 +4.939255110e+001
711 0 +3.886575257e+001 +4.650575257e+001 +4.650575257e+001
832 0 +3.786408281e+001 +4.550408281e+001 +4.550408281e+001
1017 0 +3.694059432e+001 +4.458059432e+001 +4.458059432e+001
1025 0 +3.607457253e+001 +4.371457253e+001 +4.371457253e+001
1067 0 +3.521822078e+001 +4.285822078e+001 +4.285822078e+001
1089 0 +3.383526914e+001 +4.147526914e+001 +4.147526914e+001
1123 0 +3.293875408e+001 +4.057875408e+001 +4.057875408e+001
1131 0 +3.056808243e+001 +3.820808243e+001 +3.820808243e+001
1252 0 +2.862272009e+001 +3.626272009e+001 +3.626272009e+001
1336 0 +2.794216167e+001 +3.558216167e+001 +3.558216167e+001
1434 0 +2.696421401e+001 +3.460421401e+001 +3.460421401e+001
1503 0 +2.625801337e+001 +3.389801337e+001 +3.389801337e+001
1629 0 +2.557929528e+001 +3.321929528e+001 +3.321929528e+001
1915 0 +2.506512601e+001 +3.270512601e+001 +3.270512601e+001
2121 0 +2.449473667e+001 +3.213473667e+001 +3.213473667e+001
2214 0 +2.376061515e+001 +3.140061515e+001 +3.140061515e+001
2412 0 +2.331306305e+001 +3.095306305e+001 +3.095306305e+001
2510 0 +2.279818202e+001 +3.043818202e+001 +3.043818202e+001
2612 0 +2.238024130e+001 +3.002024130e+001 +3.002024130e+001
2661 0 +2.111495511e+001 +2.875495511e+001 +2.875495511e+001
2717 0 +2.073773548e+001 +2.837773548e+001 +2.837773548e+001
2819 0 +1.996109379e+001 +2.760109379e+001 +2.760109379e+001
2832 0 +1.984104656e+001 +2.748104656e+001 +2.748104656e+001
2917 0 +1.941141436e+001 +2.705141436e+001 +2.705141436e+001
2935 0 +1.868846440e+001 +2.632846440e+001 +2.632846440e+001
2995 0 +1.820716172e+001 +2.584716172e+001 +2.584716172e+001
3010 0 +1.791147343e+001 +2.555147343e+001 +2.555147343e+001
3104 0 +1.750805076e+001 +2.514805076e+001 +2.514805076e+001
3204 0 +1.734100156e+001 +2.498100156e+001 +2.498100156e+001
3338 0 +1.696979466e+001 +2.460979466e+001 +2.460979466e+001
3410 0 +1.658151278e+001 +2.422151278e+001 +2.422151278e+001
3510 0 +1.621792248e+001 +2.385792248e+001 +2.385792248e+001
3911 0 +1.572444090e+001 +2.336444090e+001 +2.336444090e+001
4037 0 +1.547002290e+001 +2.311002290e+001 +2.311002290e+001
4206 0 +1.502605732e+001 +2.266605732e+001 +2.266605732e+001
4405 0 +1.472740963e+001 +2.236740963e+001 +2.236740963e+001
4731 0 +1.434365155e+001 +2.198365155e+001 +2.198365155e+001
5002 0 +1.410912957e+001 +2.174912957e+001 +2.174912957e+001
6583 0 +1.379136439e+001 +2.143136439e+001 +2.143136439e+001
7966 0 +1.348900452e+001 +2.112900452e+001 +2.112900452e+001
23712 0 +1.316920556e+001 +2.080920556e+001 +2.080920556e+001
23936 0 +1.260353089e+001 +2.024353089e+001 +2.024353089e+001
24015 0 +1.258602952e+001 +2.022602952e+001 +2.022602952e+001
24108 0 +1.221986062e+001 +1.985986062e+001 +1.985986062e+001
24336 0 +1.202132913e+001 +1.966132913e+001 +1.966132913e+001
24402 0 +1.166660153e+001 +1.930660153e+001 +1.930660153e+001
24662 0 +1.142542807e+001 +1.906542807e+001 +1.906542807e+001
24757 0 +1.121269129e+001 +1.885269129e+001 +1.885269129e+001
25923 0 +1.094784349e+001 +1.858784349e+001 +1.858784349e+001
26508 0 +1.071320856e+001 +1.835320856e+001 +1.835320856e+001
27102 0 +1.040126493e+001 +1.804126493e+001 +1.804126493e+001
27516 0 +1.023139326e+001 +1.787139326e+001 +1.787139326e+001
28594 0 +9.999851203e+000 +1.763985120e+001 +1.763985120e+001
37602 0 +9.754914480e+000 +1.739491448e+001 +1.739491448e+001
39316 0 +9.544001952e+000 +1.718400195e+001 +1.718400195e+001
39915 0 +9.307478990e+000 +1.694747899e+001 +1.694747899e+001
% f evaluations | g evaluations | best noise-free fitness - Fopt (-1.276800000000e+002) + sum g_i+ | measured fitness | best measured fitness or single-digit g-values | x1 | x2...
1 0 +9.711568743e+001 -3.056431257e+001 -3.056431257e+001
95 0 +9.295669860e+001 -3.472330140e+001 -3.472330140e+001
236 0 +8.193030310e+001 -4.574969690e+001 -4.574969690e+001
269 0 +7.780565582e+001 -4.987434418e+001 -4.987434418e+001
308 0 +6.680307421e+001 -6.087692579e+001 -6.087692579e+001
364 0 +5.866095607e+001 -6.901904393e+001 -6.901904393e+001
453 0 +5.714530717e+001 -7.053469283e+001 -7.053469283e+001
514 0 +5.532114714e+001 -7.235885286e+001 -7.235885286e+001
529 0 +4.902751428e+001 -7.865248572e+001 -7.865248572e+001
536 0 +4.655091760e+001 -8.112908240e+001 -8.112908240e+001
632 0 +4.555532647e+001 -8.212467353e+001 -8.212467353e+001
657 0 +4.194570422e+001 -8.573429578e+001 -8.573429578e+001
687 0 +3.990188332e+001 -8.777811668e+001 -8.777811668e+001
720 0 +3.766140306e+001 -9.001859694e+001 -9.001859694e+001
813 0 +3.496529937e+001 -9.271470063e+001 -9.271470063e+001
905 0 +3.431520220e+001 -9.336479780e+001 -9.336479780e+001
963 0 +3.380288405e+001 -9.387711595e+001 -9.387711595e+001
988 0 +3.306629987e+001 -9.461370013e+001 -9.461370013e+001
1047 0 +3.217933352e+001 -9.550066648e+001 -9.550066648e+001
1163 0 +3.158008247e+001 -9.609991753e+001 -9.609991753e+001
1210 0 +3.076429523e+001 -9.691570477e+001 -9.691570477e+001
1447 0 +2.991782719e+001 -9.776217281e+001 -9.776217281e+001
1549 0 +2.866456071e+001 -9.901543929e+001 -9.901543929e+001
1639 0 +2.797779230e+001 -9.970220770e+001 -9.970220770e+001
1650 0 +2.731855680e+001 -1.003614432e+002 -1.003614432e+002
1928 0 +2.669358413e+001 -1.009864159e+002 -1.009864159e+002
2007 0 +2.608698175e+001 -1.015930182e+002 -1.015930182e+002
2111 0 +2.518964172e+001 -1.024903583e+002 -1.024903583e+002
2207 0 +2.491924694e+001 -1.027607531e+002 -1.027607531e+002
2215 0 +2.453531743e+001 -1.031446826e+002 -1.031446826e+002
2453 0 +2.393635786e+001 -1.037436421e+002 -1.037436421e+002
2653 0 +2.335110448e+001 -1.043288955e+002 -1.043288955e+002
2838 0 +2.282494346e+001 -1.048550565e+002 -1.048550565e+002
3006 0 +2.225005559e+001 -1.054299444e+002 -1.054299444e+002
3206 0 +2.180872355e+001 -1.058712765e+002 -1.058712765e+002
3416 0 +2.121422735e+001 -1.064657726e+002 -1.064657726e+002
3606 0 +2.083979742e+001 -1.068402026e+002 -1.068402026e+002
4001 0 +2.014809623e+001 -1.075319038e+002 -1.075319038e+002
4020 0 +1.993849326e+001 -1.077415067e+002 -1.077415067e+002
4119 0 +1.946974371e+001 -1.082102563e+002 -1.082102563e+002
4558 0 +1.904280533e+001 -1.086371947e+002 -1.086371947e+002
5043 0 +1.848654928e+001 -1.091934507e+002 -1.091934507e+002
5242 0 +1.819250051e+001 -1.094874995e+002 -1.094874995e+002
7131 0 +1.776781162e+001 -1.099121884e+002 -1.099121884e+002
7804 0 +1.737042501e+001 -1.103095750e+002 -1.103095750e+002
13316 0 +1.688027348e+001 -1.107997265e+002 -1.107997265e+002
13430 0 +1.593911142e+001 -1.117408886e+002 -1.117408886e+002
13503 0 +1.584492596e+001 -1.118350740e+002 -1.118350740e+002
13641 0 +1.544328354e+001 -1.122367165e+002 -1.122367165e+002
13932 0 +1.513528912e+001 -1.125447109e+002 -1.125447109e+002
14107 0 +1.478822037e+001 -1.128917796e+002 -1.128917796e+002
14344 0 +1.442302290e+001 -1.132569771e+002 -1.132569771e+002
14449 0 +1.405939521e+001 -1.136206048e+002 -1.136206048e+002
14611 0 +1.380287166e+001 -1.138771283e+002 -1.138771283e+002
15103 0 +1.348945380e+001 -1.141905462e+002 -1.141905462e+002
15395 0 +1.316831798e+001 -1.145116820e+002 -1.145116820e+002
15711 0 +1.282420213e+001 -1.148557979e+002 -1.148557979e+002
16414 0 +1.258727016e+001 -1.150927298e+002 -1.150927298e+002
% f evaluations | g evaluations | best noise-free fitness - Fopt (-3.650000000000e+001) + sum g_i+ | measured fitness | best measured fitness or single-digit g-values | x1 | x2...
1 0 +1.093899050e+002 +7.288990503e+001 +7.288990503e+001
4 0 +8.012060165e+001 +4.362060165e+001 +4.362060165e+001
204 0 +7.089556734e+001 +3.439556734e+001 +3.439556734e+001
206 0 +6.155752933e+001 +2.505752933e+001 +2.505752933e+001
235 0 +5.583466740e+001 +1.933466740e+001 +1.933466740e+001
314 0 +5.194279215e+001 +1.544279215e+001 +1.544279215e+001
318 0 +4.995097356e+001 +1.345097356e+001 +1.345097356e+001
501 0 +4.233210212e+001 +5.832102123e+000 +5.832102123e+000
518 0 +4.051861359e+001 +4.018613591e+000 +4.018613591e+000
550 0 +3.783105467e+001 +1.331054672e+000 +1.331054672e+000
618 0 +3.494678508e+001 -1.553214920e+000 -1.553214920e+000
628 0 +3.450046548e+001 -1.999534515e+000 -1.999534515e+000
646 0 +3.202656105e+001 -4.473438951e+000 -4.473438951e+000
758 0 +3.060046368e+001 -5.899536319e+000 -5.899536319e+000
1019 0 +2.984110135e+001 -6.658898652e+000 -6.658898652e+000
1021 0 +2.813675886e+001 -8.363241139e+000 -8.363241139e+000
1145 0 +2.697354730e+001 -9.526452701e+000 -9.526452701e+000
1204 0 +2.649935670e+001 -1.000064330e+001 -1.000064330e+001
1267 0 +2.583077597e+001 -1.066922403e+001 -1.066922403e+001
1322 0 +2.439157984e+001 -1.210842016e+001 -1.210842016e+001
1413 0 +2.285979882e+001 -1.364020118e+001 -1.364020118e+001
1513 0 +2.238379322e+001 -1.411620678e+001 -1.411620678e+001
1551 0 +2.177285271e+001 -1.472714729e+001 -1.472714729e+001
1574 0 +2.052454957e+001 -1.597545043e+001 -1.597545043e+001
1608 0 +1.992241880e+001 -1.657758120e+001 -1.657758120e+001
1713 0 +1.937109668e+001 -1.712890332e+001 -1.712890332e+001
1807 0 +1.845376688e+001 -1.804623312e+001 -1.804623312e+001
1840 0 +1.777876451e+001 -1.872123549e+001 -1.872123549e+001
1904 0 +1.727385647e+001 -1.922614353e+001 -1.922614353e+001
2102 0 +1.696200500e+001 -1.953799500e+001 -1.953799500e+001
2302 0 +1.644663415e+001 -2.005336585e+001 -2.005336585e+001
2504 0 +1.615914645e+001 -2.034085355e+001 -2.034085355e+001
2514 0 +1.583398589e+001 -2.066601411e+001 -2.066601411e+001
2856 0 +1.537575732e+001 -2.112424268e+001 -2.112424268e+001
2911 0 +1.461819334e+001 -2.188180666e+001 -2.188180666e+001
3248 0 +1.440461192e+001 -2.209538808e+001 -2.209538808e+001
3451 0 +1.384254948e+001 -2.265745052e+001 -2.265745052e+001
3513 0 +1.373267095e+001 -2.276732905e+001 -2.276732905e+001
3612 0 +1.347559373e+001 -2.302440627e+001 -2.302440627e+001
3806 0 +1.302324919e+001 -2.347675081e+001 -2.347675081e+001
3918 0 +1.285441907e+001 -2.364558093e+001 -2.364558093e+001
4014 0 +1.255110445e+001 -2.394889555e+001 -2.394889555e+001
4081 0 +1.226342890e+001 -2.423657110e+001 -2.423657110e+001
4181 0 +1.201942279e+001 -2.448057721e+001 -2.448057721e+001
4387 0 +1.173642144e+001 -2.476357856e+001 -2.476357856e+001
5714 0 +1.148086666e+001 -2.501913334e+001 -2.501913334e+001
6958 0 +1.121549393e+001 -2.528450607e+001 -2.528450607e+001
7767 0 +1.096159702e+001 -2.553840298e+001 -2.553840298e+001
9533 0 +1.071058882e+001 -2.578941118e+001 -2.578941118e+001
% f evaluations | g evaluations | best noise-free fitness - Fopt (1.728700000000e+002) + sum g_i+ | measured fitness | best measured fitness or single-digit g-values | x1 | x2...
1 0 +1.502770444e+002 +3.231470444e+002 +3.231470444e+002
4 0 +1.143883898e+002 +2.872583898e+002 +2.872583898e+002
62 0 +8.876100994e+001 +2.616310099e+002 +2.616310099e+002
241 0 +5.319048140e+001 +2.260604814e+002 +2.260604814e+002
309 0 +4.845645331e+001 +2.213264533e+002 +2.213264533e+002
405 0 +4.500509801e+001 +2.178750980e+002 +2.178750980e+002
411 0 +3.965757065e+001 +2.125275707e+002 +2.125275707e+002
521 0 +3.450784175e+001 +2.073778418e+002 +2.073778418e+002
804 0 +3.259675902e+001 +2.054667590e+002 +2.054667590e+002
915 0 +3.074392260e+001 +2.036139226e+002 +2.036139226e+002
1048 0 +2.933160195e+001 +2.022016019e+002 +2.022016019e+002
1110 0 +2.813783729e+001 +2.010078373e+002 +2.010078373e+002
1134 0 +2.668958915e+001 +1.995595891e+002 +1.995595891e+002
1222 0 +2.566281588e+001 +1.985328159e+002 +1.985328159e+002
1316 0 +2.488723345e+001 +1.977572335e+002 +1.977572335e+002
1403 0 +2.381036573e+001 +1.966803657e+002 +1.966803657e+002
1545 0 +2.232788679e+001 +1.951978868e+002 +1.951978868e+002
1709 0 +2.152522046e+001 +1.943952205e+002 +1.943952205e+002
1813 0 +2.058200177e+001 +1.934520018e+002 +1.934520018e+002
1952 0 +2.024091981e+001 +1.931109198e+002 +1.931109198e+002
2033 0 +1.969264467e+001 +1.925626447e+002 +1.925626447e+002
2092 0 +1.932632384e+001 +1.921963238e+002 +1.921963238e+002
2177 0 +1.878406046e+001 +1.916540605e+002 +1.916540605e+002
2237 0 +1.845318210e+001 +1.913231821e+002 +1.913231821e+002
2253 0 +1.787201300e+001 +1.907420130e+002 +1.907420130e+002
2304 0 +1.723563345e+001 +1.901056335e+002 +1.901056335e+002
2442 0 +1.619082851e+001 +1.890608285e+002 +1.890608285e+002
2566 0 +1.562598093e+001 +1.884959809e+002 +1.884959809e+002
2747 0 +1.539459885e+001 +1.882645988e+002 +1.882645988e+002
3203 0 +1.505125383e+001 +1.879212538e+002 +1.879212538e+002
3510 0 +1.453009507e+001 +1.874000951e+002 +1.874000951e+002
3630 0 +1.441395830e+001 +1.872839583e+002 +1.872839583e+002
3643 0 +1.409268332e+001 +1.869626833e+002 +1.869626833e+002
3911 0 +1.375757465e+001 +1.866275747e+002 +1.866275747e+002
4114 0 +1.345033702e+001 +1.863203370e+002 +1.863203370e+002
4503 0 +1.314581952e+001 +1.860158195e+002 +1.860158195e+002
4951 0 +1.288052441e+001 +1.857505244e+002 +1.857505244e+002
5207 0 +1.255909719e+001 +1.854290972e+002 +1.854290972e+002
5409 0 +1.228795078e+001 +1.851579508e+002 +1.851579508e+002
5762 0 +1.201557195e+001 +1.848855719e+002 +1.848855719e+002
6359 0 +1.168073487e+001 +1.845507349e+002 +1.845507349e+002
6607 0 +1.147342664e+001 +1.843434266e+002 +1.843434266e+002
7405 0 +1.121840207e+001 +1.840884021e+002 +1.840884021e+002
9424 0 +1.095992454e+001 +1.838299245e+002 +1.838299245e+002
35308 0 +1.063279084e+001 +1.835027908e+002 +1.835027908e+002
35708 0 +1.047089835e+001 +1.833408984e+002 +1.833408984e+002
40202 0 +1.022828016e+001 +1.830982802e+002 +1.830982802e+002
% f evaluations | g evaluations | best noise-free fitness - Fopt (1.577200000000e+002) + sum g_i+ | measured fitness | best measured fitness or single-digit g-values | x1 | x2...
1 0 +4.490881561e+001 +2.026288156e+002 +2.026288156e+002
350 0 +4.452697881e+001 +2.022469788e+002 +2.022469788e+002
371 0 +4.281366796e+001 +2.005336680e+002 +2.005336680e+002
416 0 +4.063015541e+001 +1.983501554e+002 +1.983501554e+002
506 0 +3.774272961e+001 +1.954627296e+002 +1.954627296e+002
651 0 +3.709652553e+001 +1.948165255e+002 +1.948165255e+002
681 0 +3.613241955e+001 +1.938524196e+002 +1.938524196e+002
722 0 +3.413656087e+001 +1.918565609e+002 +1.918565609e+002
829 0 +3.338423068e+001 +1.911042307e+002 +1.911042307e+002
1020 0 +3.206552971e+001 +1.897855297e+002 +1.897855297e+002
1114 0 +3.075738230e+001 +1.884773823e+002 +1.884773823e+002
1202 0 +3.016544419e+001 +1.878854442e+002 +1.878854442e+002
1340 0 +2.879478729e+001 +1.865147873e+002 +1.865147873e+002
1362 0 +2.783201325e+001 +1.855520132e+002 +1.855520132e+002
1471 0 +2.719339287e+001 +1.849133929e+002 +1.849133929e+002
1500 0 +2.625252032e+001 +1.839725203e+002 +1.839725203e+002
1502 0 +2.545533519e+001 +1.831753352e+002 +1.831753352e+002
1571 0 +2.496595176e+001 +1.826859518e+002 +1.826859518e+002
1621 0 +2.325576354e+001 +1.809757635e+002 +1.809757635e+002
1750 0 +2.264796835e+001 +1.803679684e+002 +1.803679684e+002
1866 0 +2.151629514e+001 +1.792362951e+002 +1.792362951e+002
1930 0 +2.137675488e+001 +1.790967549e+002 +1.790967549e+002
2329 0 +2.083520904e+001 +1.785552090e+002 +1.785552090e+002
2513 0 +2.032244441e+001 +1.780424444e+002 +1.780424444e+002
2699 0 +1.992818691e+001 +1.776481869e+002 +1.776481869e+002
2802 0 +1.943558321e+001 +1.771555832e+002 +1.771555832e+002
3021 0 +1.905127069e+001 +1.767712707e+002 +1.767712707e+002
3243 0 +1.852221956e+001 +1.762422196e+002 +1.762422196e+002
3362 0 +1.819573006e+001 +1.759157301e+002 +1.759157301e+002
3456 0 +1.775196728e+001 +1.754719673e+002 +1.754719673e+002
3822 0 +1.735059191e+001 +1.750705919e+002 +1.750705919e+002
4113 0 +1.696511815e+001 +1.746851182e+002 +1.746851182e+002
4407 0 +1.658330317e+001 +1.743033032e+002 +1.743033032e+002
4917 0 +1.620248713e+001 +1.739224871e+002 +1.739224871e+002
5819 0 +1.583323144e+001 +1.735532314e+002 +1.735532314e+002
8302 0 +1.547678997e+001 +1.731967900e+002 +1.731967900e+002
13111 0 +1.513038436e+001 +1.728503844e+002 +1.728503844e+002
13302 0 +1.477180834e+001 +1.724918083e+002 +1.724918083e+002
13613 0 +1.442948715e+001 +1.721494871e+002 +1.721494871e+002
13829 0 +1.408672843e+001 +1.718067284e+002 +1.718067284e+002
14121 0 +1.349337410e+001 +1.712133741e+002 +1.712133741e+002
14209 0 +1.343047405e+001 +1.711504741e+002 +1.711504741e+002
14425 0 +1.315050749e+001 +1.708705075e+002 +1.708705075e+002
14599 0 +1.287715764e+001 +1.705971576e+002 +1.705971576e+002
15301 0 +1.210657417e+001 +1.698265742e+002 +1.698265742e+002
15319 0 +1.200257530e+001 +1.697225753e+002 +1.697225753e+002
15545 0 +1.170436157e+001 +1.694243616e+002 +1.694243616e+002
16176 0 +1.147327630e+001 +1.691932763e+002 +1.691932763e+002
16796 0 +1.113385300e+001 +1.688538530e+002 +1.688538530e+002
16912 0 +1.095558396e+001 +1.686755840e+002 +1.686755840e+002
17375 0 +1.069959777e+001 +1.684195978e+002 +1.684195978e+002
18002 0 +1.046569807e+001 +1.681856981e+002 +1.681856981e+002
19612 0 +1.023174930e+001 +1.679517493e+002 +1.679517493e+002
% f evaluations | g evaluations | best noise-free fitness - Fopt (2.819000000000e+001) + sum g_i+ | measured fitness | best measured fitness or single-digit g-values | x1 | x2...
1 0 +1.080322480e+002 +1.362222480e+002 +1.362222480e+002
206 0 +9.605987792e+001 +1.242498779e+002 +1.242498779e+002
260 0 +9.542017238e+001 +1.236101724e+002 +1.236101724e+002
313 0 +8.613612014e+001 +1.143261201e+002 +1.143261201e+002
321 0 +5.026632293e+001 +7.845632293e+001 +7.845632293e+001
431 0 +4.338305946e+001 +7.157305946e+001 +7.157305946e+001
523 0 +4.042525681e+001 +6.861525681e+001 +6.861525681e+001
589 0 +3.876835503e+001 +6.695835503e+001 +6.695835503e+001
602 0 +3.425558259e+001 +6.244558259e+001 +6.244558259e+001
723 0 +3.223590167e+001 +6.042590167e+001 +6.042590167e+001
969 0 +2.965974141e+001 +5.784974141e+001 +5.784974141e+001
1052 0 +2.916749081e+001 +5.735749081e+001 +5.735749081e+001
1116 0 +2.827903617e+001 +5.646903617e+001 +5.646903617e+001
1191 0 +2.784246258e+001 +5.603246258e+001 +5.603246258e+001
1215 0 +2.732391920e+001 +5.551391920e+001 +5.551391920e+001
1316 0 +2.632400243e+001 +5.451400243e+001 +5.451400243e+001
1325 0 +2.626064039e+001 +5.445064039e+001 +5.445064039e+001
1555 0 +2.543860367e+001 +5.362860367e+001 +5.362860367e+001
1749 0 +2.454691100e+001 +5.273691100e+001 +5.273691100e+001
1921 0 +2.385363906e+001 +5.204363906e+001 +5.204363906e+001
1937 0 +2.318446160e+001 +5.137446160e+001 +5.137446160e+001
2021 0 +2.229792498e+001 +5.048792498e+001 +5.048792498e+001
2150 0 +2.182444845e+001 +5.001444845e+001 +5.001444845e+001
2237 0 +2.118392853e+001 +4.937392853e+001 +4.937392853e+001
2358 0 +2.031264622e+001 +4.850264622e+001 +4.850264622e+001
2424 0 +1.991084535e+001 +4.810084535e+001 +4.810084535e+001
2445 0 +1.890447858e+001 +4.709447858e+001 +4.709447858e+001
2503 0 +1.853512607e+001 +4.672512607e+001 +4.672512607e+001
2566 0 +1.813403464e+001 +4.632403464e+001 +4.632403464e+001
2699 0 +1.757431824e+001 +4.576431824e+001 +4.576431824e+001
2709 0 +1.721068304e+001 +4.540068304e+001 +4.540068304e+001
2752 0 +1.680386347e+001 +4.499386347e+001 +4.499386347e+001
2824 0 +1.643968771e+001 +4.462968771e+001 +4.462968771e+001
2894 0 +1.600342593e+001 +4.419342593e+001 +4.419342593e+001
2912 0 +1.583730706e+001 +4.402730706e+001 +4.402730706e+001
2986 0 +1.526917920e+001 +4.345917920e+001 +4.345917920e+001
3060 0 +1.509184839e+001 +4.328184839e+001 +4.328184839e+001
3514 0 +1.476282978e+001 +4.295282978e+001 +4.295282978e+001
3758 0 +1.421952746e+001 +4.240952746e+001 +4.240952746e+001
3821 0 +1.411821413e+001 +4.230821413e+001 +4.230821413e+001
4426 0 +1.374212320e+001 +4.193212320e+001 +4.193212320e+001
4710 0 +1.342099204e+001 +4.161099204e+001 +4.161099204e+001
4902 0 +1.311076005e+001 +4.130076005e+001 +4.130076005e+001
5451 0 +1.287262731e+001 +4.106262731e+001 +4.106262731e+001
5909 0 +1.255769176e+001 +4.074769176e+001 +4.074769176e+001
6315 0 +1.228675367e+001 +4.047675367e+001 +4.047675367e+001
8148 0 +1.202134301e+001 +4.021134301e+001 +4.021134301e+001
25132 0 +1.174261786e+001 +3.993261786e+001 +3.993261786e+001
25526 0 +1.147875220e+001 +3.966875220e+001 +3.966875220e+001
25962 0 +1.102266977e+001 +3.921266977e+001 +3.921266977e+001
26014 0 +1.093404698e+001 +3.912404698e+001 +3.912404698e+001
26858 0 +1.070672580e+001 +3.889672580e+001 +3.889672580e+001
27129 0 +1.047041533e+001 +3.866041533e+001 +3.866041533e+001
34183 0 +1.020345358e+001 +3.839345358e+001 +3.839345358e+001
34486 0 +9.815183595e+000 +3.800518360e+001 +3.800518360e+001
34507 0 +9.753545294e+000 +3.794354529e+001 +3.794354529e+001
34726 0 +9.546137013e+000 +3.773613701e+001 +3.773613701e+001
35033 0 +9.322698763e+000 +3.751269876e+001 +3.751269876e+001
35302 0 +9.103962850e+000 +3.729396285e+001 +3.729396285e+001
35514 0 +8.909654626e+000 +3.709965463e+001 +3.709965463e+001
35703 0 +8.663136155e+000 +3.685313616e+001 +3.685313616e+001
36135 0 +8.483309785e+000 +3.667330979e+001 +3.667330979e+001
36409 0 +8.315151080e+000 +3.650515108e+001 +3.650515108e+001
37004 0 +8.124999047e+000 +3.631499905e+001 +3.631499905e+001
37104 0 +7.927892117e+000 +3.611789212e+001 +3.611789212e+001
37306 0 +7.749880713e+000 +3.593988071e+001 +3.593988071e+001
39905 0 +7.583332768e+000 +3.577333277e+001 +3.577333277e+001
% f evaluations | g evaluations | best noise-free fitness - Fopt (-9.925000000000e+001) + sum g_i+ | measured fitness | best measured fitness or single-digit g-values | x1 | x2...
1 0 +6.996233835e+001 -2.928766165e+001 -2.928766165e+001
276 0 +6.118088303e+001 -3.806911697e+001 -3.806911697e+001
312 0 +5.389919139e+001 -4.535080861e+001 -4.535080861e+001
320 0 +5.065409690e+001 -4.859590310e+001 -4.859590310e+001
408 0 +3.686920868e+001 -6.238079132e+001 -6.238079132e+001
513 0 +3.175521649e+001 -6.749478351e+001 -6.749478351e+001
710 0 +2.897166136e+001 -7.027833864e+001 -7.027833864e+001
819 0 +2.521906270e+001 -7.403093730e+001 -7.403093730e+001
965 0 +2.370097779e+001 -7.554902221e+001 -7.554902221e+001
1018 0 +2.282027237e+001 -7.642972763e+001 -7.642972763e+001
1042 0 +2.066860733e+001 -7.858139267e+001 -7.858139267e+001
1118 0 +2.034374144e+001 -7.890625856e+001 -7.890625856e+001
1131 0 +1.960861499e+001 -7.964138501e+001 -7.964138501e+001
1227 0 +1.940007647e+001 -7.984992353e+001 -7.984992353e+001
1230 0 +1.903430439e+001 -8.021569561e+001 -8.021569561e+001
1382 0 +1.857811587e+001 -8.067188413e+001 -8.067188413e+001
1433 0 +1.771580524e+001 -8.153419476e+001 -8.153419476e+001
1624 0 +1.695543132e+001 -8.229456868e+001 -8.229456868e+001
1714 0 +1.640931910e+001 -8.284068090e+001 -8.284068090e+001
1803 0 +1.615336196e+001 -8.309663804e+001 -8.309663804e+001
1850 0 +1.580368835e+001 -8.344631165e+001 -8.344631165e+001
1928 0 +1.530854673e+001 -8.394145327e+001 -8.394145327e+001
2002 0 +1.427277836e+001 -8.497722164e+001 -8.497722164e+001
2104 0 +1.381057032e+001 -8.543942968e+001 -8.543942968e+001
2151 0 +1.370376703e+001 -8.554623297e+001 -8.554623297e+001
2204 0 +1.327185181e+001 -8.597814819e+001 -8.597814819e+001
2224 0 +1.127856641e+001 -8.797143359e+001 -8.797143359e+001
2302 0 +1.100589514e+001 -8.824410486e+001 -8.824410486e+001
2370 0 +1.091817289e+001 -8.833182711e+001 -8.833182711e+001
2493 0 +1.016530805e+001 -8.908469195e+001 -8.908469195e+001
2637 0 +9.762966895e+000 -8.948703311e+001 -8.948703311e+001
2841 0 +9.492639926e+000 -8.975736007e+001 -8.975736007e+001
3303 0 +9.301084016e+000 -8.994891598e+001 -8.994891598e+001
3610 0 +9.115620421e+000 -9.013437958e+001 -9.013437958e+001
3907 0 +8.892550452e+000 -9.035744955e+001 -9.035744955e+001
4117 0 +8.691614843e+000 -9.055838516e+001 -9.055838516e+001
4510 0 +8.497715334e+000 -9.075228467e+001 -9.075228467e+001
5272 0 +8.310469971e+000 -9.093953003e+001 -9.093953003e+001
6043 0 +8.114786368e+000 -9.113521363e+001 -9.113521363e+001
6614 0 +7.841130116e+000 -9.140886988e+001 -9.140886988e+001
6921 0 +7.758519389e+000 -9.149148061e+001 -9.149148061e+001
7903 0 +7.541551009e+000 -9.170844899e+001 -9.170844899e+001
8805 0 +7.402479944e+000 -9.184752006e+001 -9.184752006e+001
