% f evaluations | g evaluations | best noise-free fitness - Fopt (-4.620900000000e+002) + sum g_i+ | measured fitness | best measured fitness or single-digit g-values | x1 | x2...
1 0 +8.291370946e+001 -3.791762905e+002 -3.791762905e+002 +0.0000e+000 +0.0000e+000 +0.0000e+000
25 0 +2.769141940e+001 -4.343985806e+002 -4.343985806e+002 +3.1729e-001 +2.0671e+000 +2.2388e+000
140 0 +1.676887799e+001 -4.453211220e+002 -4.453211220e+002 +2.3222e+000 +1.5711e+000 +1.2452e+000
421 0 +9.180464110e+000 -4.529095359e+002 -4.529095359e+002 +1.3472e+000 +1.8211e+000 +1.9359e+000
609 0 +6.527284428e+000 -4.555627156e+002 -4.555627156e+002 +2.1927e+000 +2.3061e+000 +2.1826e+000
909 0 +6.404244496e+000 -4.556857555e+002 -4.556857555e+002 +2.2226e+000 +2.2640e+000 +2.2173e+000
944 0 +4.903906929e+000 -4.571860931e+002 -4.571860931e+002 +2.2997e+000 +2.2695e+000 +1.9388e+000
1282 0 +4.815269602e+000 -4.572747304e+002 -4.572747304e+002 +2.2219e+000 +2.3030e+000 +1.8839e+000
1285 0 +4.151480965e+000 -4.579385190e+002 -4.579385190e+002 +2.2614e+000 +2.2683e+000 +1.9281e+000
1323 0 +2.096387740e+000 -4.599936123e+002 -4.599936123e+002 +2.2818e+000 +2.2812e+000 +1.9134e+000
1461 0 +1.919044379e+000 -4.601709556e+002 -4.601709556e+002 +2.2699e+000 +2.2892e+000 +1.9075e+000
1544 0 +1.381438922e+000 -4.607085611e+002 -4.607085611e+002 +2.3360e+000 +2.2752e+000 +1.9027e+000
1657 0 +1.050085533e+000 -4.610399145e+002 -4.610399145e+002 +2.3397e+000 +2.2983e+000 +1.8992e+000
1723 0 +6.767075224e-001 -4.614132925e+002 -4.614132925e+002 +2.3157e+000 +2.3052e+000 +2.1974e+000
1999 0 +2.630303926e-001 -4.618269696e+002 -4.618269696e+002 +2.3107e+000 +2.2945e+000 +2.2141e+000
2199 0 +2.180245086e-001 -4.618719755e+002 -4.618719755e+002 +2.3105e+000 +2.2947e+000 +2.2118e+000
2436 0 +1.876314433e-001 -4.619023686e+002 -4.619023686e+002 +2.3147e+000 +2.3029e+000 +2.2141e+000
2779 0 +1.365682903e-001 -4.619534317e+002 -4.619534317e+002 +2.3160e+000 +2.2995e+000 +2.2108e+000
2817 0 +1.255968266e-001 -4.619644032e+002 -4.619644032e+002 +2.3167e+000 +2.3028e+000 +2.2115e+000
2849 0 +1.133117983e-001 -4.619766882e+002 -4.619766882e+002 +2.3207e+000 +2.3032e+000 +2.2101e+000
2891 0 +1.033206864e-001 -4.619866793e+002 -4.619866793e+002 +2.3179e+000 +2.2991e+000 +2.2137e+000
2989 0 +9.070135044e-002 -4.619992986e+002 -4.619992986e+002 +2.3206e+000 +2.2968e+000 +2.2123e+000
2991 0 +5.931006057e-002 -4.620306899e+002 -4.620306899e+002 +2.3353e+000 +2.2998e+000 +2.2088e+000
3079 0 +1.930517916e-002 -4.620706948e+002 -4.620706948e+002 +2.3316e+000 +2.3029e+000 +2.2131e+000
3089 0 +1.902412706e-002 -4.620709759e+002 -4.620709759e+002 +2.3345e+000 +2.3007e+000 +2.2111e+000
3179 0 +1.266080454e-002 -4.620773392e+002 -4.620773392e+002 +2.3409e+000 +2.3035e+000 +2.2120e+000
3190 0 +8.606134147e-003 -4.620813939e+002 -4.620813939e+002 +2.3345e+000 +2.3006e+000 +2.2130e+000
3244 0 +8.005277618e-003 -4.620819947e+002 -4.620819947e+002 +2.3382e+000 +2.3010e+000 +2.2118e+000
3289 0 +6.391268131e-003 -4.620836087e+002 -4.620836087e+002 +2.3365e+000 +2.3012e+000 +2.2128e+000
3325 0 +1.567877854e-003 -4.620884321e+002 -4.620884321e+002 +2.3399e+000 +2.3010e+000 +2.2130e+000
3409 0 +1.162913712e-003 -4.620888371e+002 -4.620888371e+002 +2.3397e+000 +2.3008e+000 +2.2131e+000
3579 0 +9.407960254e-004 -4.620890592e+002 -4.620890592e+002 +2.3396e+000 +2.3006e+000 +2.2132e+000
3679 0 +7.960373340e-004 -4.620892040e+002 -4.620892040e+002 +2.3390e+000 +2.3006e+000 +2.2135e+000
3789 0 +5.507955485e-004 -4.620894492e+002 -4.620894492e+002 +2.3398e+000 +2.3006e+000 +2.2133e+000
3844 0 +4.855289926e-004 -4.620895145e+002 -4.620895145e+002 +2.3397e+000 +2.3006e+000 +2.2135e+000
3889 0 +1.965711883e-004 -4.620898034e+002 -4.620898034e+002 +2.3403e+000 +2.3004e+000 +2.2135e+000
3909 0 +9.889727244e-005 -4.620899011e+002 -4.620899011e+002 +2.3406e+000 +2.3004e+000 +2.2136e+000
4209 0 +6.482839535e-005 -4.620899352e+002 -4.620899352e+002 +2.3407e+000 +2.3003e+000 +2.2136e+000
4487 0 +4.377611225e-005 -4.620899562e+002 -4.620899562e+002 +2.3404e+000 +2.3001e+000 +2.2136e+000
4644 0 +3.844160489e-005 -4.620899616e+002 -4.620899616e+002 +2.3404e+000 +2.3001e+000 +2.2136e+000
4708 0 +2.252816034e-005 -4.620899775e+002 -4.620899775e+002 +2.3405e+000 +2.3001e+000 +2.2136e+000
4763 0 +5.428498412e-006 -4.620899946e+002 -4.620899946e+002 +2.3408e+000 +2.3001e+000 +2.2136e+000
4909 0 +3.037195597e-006 -4.620899970e+002 -4.620899970e+002 +2.3408e+000 +2.3001e+000 +2.2136e+000
5011 0 +2.840125944e-006 -4.620899972e+002 -4.620899972e+002 +2.3407e+000 +2.3000e+000 +2.2136e+000
5049 0 +1.820942998e-006 -4.620899982e+002 -4.620899982e+002 +2.3408e+000 +2.3000e+000 +2.2136e+000
5079 0 +1.501419376e-006 -4.620899985e+002 -4.620899985e+002 +2.3407e+000 +2.3000e+000 +2.2136e+000
5108 0 +4.482109830e-007 -4.620899996e+002 -4.620899996e+002 +2.3408e+000 +2.3000e+000 +2.2136e+000
5308 0 +2.211887704e-007 -4.620899998e+002 -4.620899998e+002 +2.3408e+000 +2.3000e+000 +2.2136e+000
5571 0 +2.064828095e-007 -4.620899998e+002 -4.620899998e+002 +2.3408e+000 +2.3000e+000 +2.2136e+000
5613 0 +1.229117856e-007 -4.620899999e+002 -4.620899999e+002 +2.3408e+000 +2.3000e+000 +2.2136e+000
5749 0 +9.337935580e-008 -4.620899999e+002 -4.620899999e+002 +2.3408e+000 +2.3000e+000 +2.2136e+000
5830 0 +7.240998912e-008 -4.620899999e+002 -4.620899999e+002 +2.3408e+000 +2.3000e+000 +2.2136e+000
5843 0 +3.125700232e-008 -4.620900000e+002 -4.620900000e+002 +2.3408e+000 +2.3000e+000 +2.2136e+000
5900 0 +2.366709850e-008 -4.620900000e+002 -4.620900000e+002 +2.3408e+000 +2.3000e+000 +2.2136e+000
5908 0 +1.539433470e-008 -4.620900000e+002 -4.620900000e+002 +2.3408e+000 +2.3000e+000 +2.2136e+000
5949 0 +1.160384500e-008 -4.620900000e+002 -4.620900000e+002 +2.3408e+000 +2.3000e+000 +2.2136e+000
6149 0 +1.005054173e-008 -4.620900000e+002 -4.620900000e+002 +2.3408e+000 +2.3000e+000 +2.2136e+000
6262 0 +8.917027117e-009 -4.620900000e+002 -4.620900000e+002 +2.3408e+000 +2.3000e+000 +2.2136e+000
9110 0 +0.000000000e+000 -4.620900000e+002 -4.620900000e+002 +2.3408e+000 +2.3000e+000 +2.2136e+000
% f evaluations | g evaluations | best noise-free fitness - Fopt (7.766000000000e+001) + sum g_i+ | measured fitness | best measured fitness or single-digit g-values | x1 | x2...
1 0 +7.513059916e+001 +1.527905992e+002 +1.527905992e+002 +0.0000e+000 +0.0000e+000 +0.0000e+000
14 0 +6.091350722e+001 +1.385735072e+002 +1.385735072e+002 -2.9330e+000 +2.2053e-001 +1.3855e+000
38 0 +5.315725478e+001 +1.308172548e+002 +1.308172548e+002 +1.6577e+000 -1.7217e+000 +1.0727e+000
148 0 +4.323579631e+001 +1.208957963e+002 +1.208957963e+002 +3.5443e-002 -1.6792e+000 +9.1429e-001
264 0 +2.791724891e+001 +1.055772489e+002 +1.055772489e+002 +1.2581e-001 -1.4173e+000 +2.7858e-001
344 0 +2.053388528e+001 +9.819388528e+001 +9.819388528e+001 +4.8608e-001 -1.2202e+000 +9.5802e-001
449 0 +1.897817141e+001 +9.663817141e+001 +9.663817141e+001 +5.1506e-001 -1.2451e+000 +9.4445e-001
546 0 +1.598119530e+001 +9.364119530e+001 +9.364119530e+001 +1.3953e+000 -2.4809e+000 +1.2326e+000
555 0 +9.527668350e+000 +8.718766835e+001 +8.718766835e+001 +4.0203e-001 -8.7058e-001 +1.2180e+000
744 0 +6.417061082e+000 +8.407706108e+001 +8.407706108e+001 +4.6957e-001 -7.9376e-001 +1.2627e+000
760 0 +6.231011458e+000 +8.389101146e+001 +8.389101146e+001 +4.3672e-001 -8.7417e-001 +9.8249e-001
1153 0 +4.126552475e+000 +8.178655248e+001 +8.178655248e+001 +1.3847e+000 -1.4979e+000 +9.7357e-001
1510 0 +3.990820298e+000 +8.165082030e+001 +8.165082030e+001 +1.3813e+000 -1.4911e+000 +9.7365e-001
1648 0 +3.660963281e+000 +8.132096328e+001 +8.132096328e+001 +1.3911e+000 -1.4959e+000 +9.6326e-001
1666 0 +3.226280269e+000 +8.088628027e+001 +8.088628027e+001 +1.3796e+000 -1.4548e+000 +9.5829e-001
1801 0 +3.061601826e+000 +8.072160183e+001 +8.072160183e+001 +1.3897e+000 -1.4560e+000 +9.6422e-001
1833 0 +3.006915223e+000 +8.066691522e+001 +8.066691522e+001 +1.4045e+000 -1.4590e+000 +9.6080e-001
1870 0 +2.365116888e+000 +8.002511689e+001 +8.002511689e+001 +1.4422e+000 -8.8834e-001 +1.2681e+000
2370 0 +2.333591887e+000 +7.999359189e+001 +7.999359189e+001 +1.4422e+000 -8.8779e-001 +1.2682e+000
2532 0 +1.294234818e+000 +7.895423482e+001 +7.895423482e+001 +1.4269e+000 -8.6458e-001 +1.2723e+000
2812 0 +1.141447297e+000 +7.880144730e+001 +7.880144730e+001 +1.3964e+000 -8.4828e-001 +1.2645e+000
2919 0 +1.090161099e+000 +7.875016110e+001 +7.875016110e+001 +1.4133e+000 -8.4879e-001 +1.2694e+000
3035 0 +1.063906112e+000 +7.872390611e+001 +7.872390611e+001 +1.4121e+000 -8.6040e-001 +1.2693e+000
3118 0 +1.044287895e+000 +7.870428790e+001 +7.870428790e+001 +1.3991e+000 -8.5643e-001 +1.2676e+000
3303 0 +1.018986964e+000 +7.867898696e+001 +7.867898696e+001 +1.4077e+000 -8.5246e-001 +1.2707e+000
3919 0 +9.963672149e-001 +7.865636721e+001 +7.865636721e+001 +1.4030e+000 -8.5514e-001 +1.2715e+000
% f evaluations | g evaluations | best noise-free fitness - Fopt (1.156800000000e+002) + sum g_i+ | measured fitness | best measured fitness or single-digit g-values | x1 | x2...
1 0 +3.277339865e+001 +1.484533986e+002 +1.484533986e+002 +0.0000e+000 +0.0000e+000 +0.0000e+000
214 0 +2.701363691e+001 +1.426936369e+002 +1.426936369e+002 +1.9925e+000 -4.5482e-001 -2.8592e-001
348 0 +2.432269750e+001 +1.400026975e+002 +1.400026975e+002 +1.1530e+000 -2.3878e+000 -4.5841e-001
351 0 +1.847250923e+001 +1.341525092e+002 +1.341525092e+002 +1.4013e+000 -1.5257e+000 -4.3792e-001
499 0 +1.523371741e+001 +1.309137174e+002 +1.309137174e+002 +1.0274e+000 -1.5373e+000 -2.6897e-002
559 0 +1.125521952e+001 +1.269352195e+002 +1.269352195e+002 +1.1498e+000 -1.6366e+000 -4.9153e-001
809 0 +1.032626849e+001 +1.260062685e+002 +1.260062685e+002 +1.1671e+000 -1.6639e+000 -4.7624e-001
868 0 +9.560373151e+000 +1.252403732e+002 +1.252403732e+002 +1.1934e+000 -1.5436e+000 -3.9045e-001
902 0 +5.938645896e+000 +1.216186459e+002 +1.216186459e+002 +1.8723e-001 -9.3408e-001 +2.3959e-001
1153 0 +4.657681771e+000 +1.203376818e+002 +1.203376818e+002 +2.0969e-001 -9.7855e-001 +2.2686e-001
1653 0 +4.356317690e+000 +1.200363177e+002 +1.200363177e+002 +2.0259e-001 -9.8820e-001 +2.3213e-001
1766 0 +3.672381583e+000 +1.193523816e+002 +1.193523816e+002 +1.1967e+000 -1.6156e+000 +2.2010e-001
2166 0 +3.312883925e+000 +1.189928839e+002 +1.189928839e+002 +1.1733e+000 -1.6009e+000 +2.2037e-001
2212 0 +2.999147998e+000 +1.186791480e+002 +1.186791480e+002 +1.1423e+000 -1.5964e+000 +2.3265e-001
2391 0 +2.925602051e+000 +1.186056021e+002 +1.186056021e+002 +1.1468e+000 -1.5995e+000 +2.3227e-001
2424 0 +2.804166836e+000 +1.184841668e+002 +1.184841668e+002 +1.1594e+000 -1.5493e+000 +2.3158e-001
2492 0 +2.273277959e+000 +1.179532780e+002 +1.179532780e+002 +1.1870e+000 -1.6075e+000 +2.4160e-001
2606 0 +2.186351325e+000 +1.178663513e+002 +1.178663513e+002 +1.1950e+000 -1.5668e+000 +2.4545e-001
2783 0 +2.090702590e+000 +1.177707026e+002 +1.177707026e+002 +1.1810e+000 -1.5952e+000 +2.4161e-001
2798 0 +2.076903088e+000 +1.177569031e+002 +1.177569031e+002 +1.1846e+000 -1.5947e+000 +2.4239e-001
2806 0 +2.005689474e+000 +1.176856895e+002 +1.176856895e+002 +1.1855e+000 -1.5844e+000 +2.4363e-001
2961 0 +1.989952530e+000 +1.176699525e+002 +1.176699525e+002 +1.1821e+000 -1.5790e+000 +2.4479e-001
% f evaluations | g evaluations | best noise-free fitness - Fopt (-3.710000000000e+000) + sum g_i+ | measured fitness | best measured fitness or single-digit g-values | x1 | x2...
1 0 +7.982158397e+001 +7.611158397e+001 +7.611158397e+001 +0.0000e+000 +0.0000e+000 +0.0000e+000
3 0 +4.778854476e+001 +4.407854476e+001 +4.407854476e+001 +2.2027e+000 +3.5288e-001 +1.9169e+000
33 0 +2.541044539e+001 +2.170044539e+001 +2.170044539e+001 +2.2996e+000 -2.6992e+000 +1.0761e+000
275 0 +1.995780128e+001 +1.624780128e+001 +1.624780128e+001 +8.2281e-001 -2.9001e+000 +1.1059e+000
333 0 +7.085854798e+000 +3.375854798e+000 +3.375854798e+000 +2.1136e+000 -2.8238e+000 +1.5077e+000
635 0 +6.026389622e+000 +2.316389622e+000 +2.316389622e+000 +2.0920e+000 -2.8051e+000 +1.4579e+000
835 0 +5.369696179e+000 +1.659696179e+000 +1.659696179e+000 +2.0937e+000 -2.8105e+000 +1.4636e+000
970 0 +4.748574599e+000 +1.038574599e+000 +1.038574599e+000 +2.1086e+000 -2.8215e+000 +1.4848e+000
1031 0 +4.643267661e+000 +9.332676606e-001 +9.332676606e-001 +2.1682e+000 -2.8825e+000 +1.4550e+000
1111 0 +3.881090092e+000 +1.710900919e-001 +1.710900919e-001 +2.1185e+000 -2.8576e+000 +1.4882e+000
1167 0 +3.567821828e+000 -1.421781723e-001 -1.421781723e-001 +2.1585e+000 -2.9011e+000 +1.4678e+000
1231 0 +3.160507678e+000 -5.494923223e-001 -5.494923223e-001 +2.1392e+000 -2.8804e+000 +1.4692e+000
1669 0 +3.046030870e+000 -6.639691300e-001 -6.639691300e-001 +2.1318e+000 -2.8824e+000 +1.4753e+000
1733 0 +3.007848264e+000 -7.021517362e-001 -7.021517362e-001 +2.1179e+000 -2.8872e+000 +1.4719e+000
8460 0 +2.692694419e+000 -1.017305581e+000 -1.017305581e+000 +2.1557e+000 -2.9219e+000 +1.7824e+000
9889 0 +2.675351779e+000 -1.034648221e+000 -1.034648221e+000 +2.1547e+000 -2.9213e+000 +1.7800e+000
% f evaluations | g evaluations | best noise-free fitness - Fopt (1.321800000000e+002) + sum g_i+ | measured fitness | best measured fitness or single-digit g-values | x1 | x2...
1 0 +1.554324192e+002 +2.876124192e+002 +2.876124192e+002 +0.0000e+000 +0.0000e+000 +0.0000e+000
4 0 +4.189594680e+001 +1.740759468e+002 +1.740759468e+002 -1.1502e+000 +1.9683e+000 +3.0927e+000
29 0 +3.292400748e+001 +1.651040075e+002 +1.651040075e+002 +5.6121e-001 +1.0802e+000 +3.0982e+000
80 0 +2.951683171e+001 +1.616968317e+002 +1.616968317e+002 +1.6077e+000 -8.7096e-002 +3.2341e+000
146 0 +1.151443371e+001 +1.436944337e+002 +1.436944337e+002 +3.6950e+000 +9.2123e-001 +2.8456e+000
432 0 +7.337213097e+000 +1.395172131e+002 +1.395172131e+002 +3.7002e+000 +8.4349e-001 +2.8029e+000
811 0 +6.965816320e+000 +1.391458163e+002 +1.391458163e+002 +3.7003e+000 +8.9391e-001 +2.8058e+000
865 0 +5.813984765e+000 +1.379939848e+002 +1.379939848e+002 +3.7277e+000 +9.0930e-001 +2.7912e+000
1054 0 +3.767446356e+000 +1.359474464e+002 +1.359474464e+002 +3.6668e+000 +1.4771e+000 +3.4298e+000
1116 0 +2.837807603e+000 +1.350178076e+002 +1.350178076e+002 +3.6861e+000 +1.5195e+000 +3.4372e+000
1593 0 +2.755588297e+000 +1.349355883e+002 +1.349355883e+002 +3.6874e+000 +1.5235e+000 +3.4409e+000
1623 0 +5.606212066e-001 +1.327406212e+002 +1.327406212e+002 +3.7362e+000 +1.4776e+000 +3.4478e+000
1723 0 +5.976069477e-002 +1.322397607e+002 +1.322397607e+002 +3.7548e+000 +1.4747e+000 +3.4589e+000
2120 0 +4.743935407e-002 +1.322274394e+002 +1.322274394e+002 +3.7536e+000 +1.4774e+000 +3.4593e+000
2223 0 +4.043156566e-002 +1.322204316e+002 +1.322204316e+002 +3.7562e+000 +1.4756e+000 +3.4603e+000
2397 0 +3.318838054e-002 +1.322131884e+002 +1.322131884e+002 +3.7524e+000 +1.4794e+000 +3.4608e+000
2443 0 +2.603700009e-002 +1.322060370e+002 +1.322060370e+002 +3.7526e+000 +1.4809e+000 +3.4614e+000
2453 0 +2.521593480e-002 +1.322052159e+002 +1.322052159e+002 +3.7536e+000 +1.4855e+000 +3.4610e+000
2623 0 +2.484146831e-002 +1.322048415e+002 +1.322048415e+002 +3.7529e+000 +1.4816e+000 +3.4607e+000
2653 0 +2.442158222e-002 +1.322044216e+002 +1.322044216e+002 +3.7538e+000 +1.4850e+000 +3.4606e+000
2659 0 +1.832166374e-002 +1.321983217e+002 +1.321983217e+002 +3.7548e+000 +1.4800e+000 +3.4610e+000
2723 0 +1.178494202e-002 +1.321917849e+002 +1.321917849e+002 +3.7559e+000 +1.4813e+000 +3.4616e+000
2998 0 +1.033952175e-002 +1.321903395e+002 +1.321903395e+002 +3.7565e+000 +1.4830e+000 +3.4616e+000
3043 0 +8.792096222e-003 +1.321887921e+002 +1.321887921e+002 +3.7572e+000 +1.4823e+000 +3.4612e+000
3088 0 +8.409825096e-003 +1.321884098e+002 +1.321884098e+002 +3.7587e+000 +1.4835e+000 +3.4607e+000
3162 0 +3.972169696e-003 +1.321839722e+002 +1.321839722e+002 +3.7606e+000 +1.4837e+000 +3.4612e+000
3223 0 +2.865905765e-003 +1.321828659e+002 +1.321828659e+002 +3.7611e+000 +1.4837e+000 +3.4613e+000
3262 0 +2.513445561e-003 +1.321825134e+002 +1.321825134e+002 +3.7627e+000 +1.4837e+000 +3.4608e+000
3395 0 +1.319474342e-003 +1.321813195e+002 +1.321813195e+002 +3.7625e+000 +1.4835e+000 +3.4614e+000
3496 0 +1.204542488e-003 +1.321812045e+002 +1.321812045e+002 +3.7632e+000 +1.4838e+000 +3.4615e+000
3501 0 +1.053701211e-003 +1.321810537e+002 +1.321810537e+002 +3.7634e+000 +1.4832e+000 +3.4611e+000
3516 0 +8.979494648e-004 +1.321808979e+002 +1.321808979e+002 +3.7636e+000 +1.4820e+000 +3.4610e+000
3528 0 +6.830975944e-004 +1.321806831e+002 +1.321806831e+002 +3.7627e+000 +1.4830e+000 +3.4613e+000
3616 0 +3.319829724e-004 +1.321803320e+002 +1.321803320e+002 +3.7638e+000 +1.4830e+000 +3.4614e+000
3649 0 +2.968012478e-004 +1.321802968e+002 +1.321802968e+002 +3.7638e+000 +1.4831e+000 +3.4615e+000
3723 0 +2.347615650e-004 +1.321802348e+002 +1.321802348e+002 +3.7631e+000 +1.4827e+000 +3.4615e+000
3743 0 +1.532727825e-004 +1.321801533e+002 +1.321801533e+002 +3.7635e+000 +1.4827e+000 +3.4614e+000
3773 0 +1.375755399e-004 +1.321801376e+002 +1.321801376e+002 +3.7638e+000 +1.4828e+000 +3.4615e+000
3798 0 +1.310125591e-004 +1.321801310e+002 +1.321801310e+002 +3.7636e+000 +1.4828e+000 +3.4615e+000
3823 0 +9.102130687e-005 +1.321800910e+002 +1.321800910e+002 +3.7639e+000 +1.4828e+000 +3.4616e+000
3833 0 +4.715774324e-005 +1.321800472e+002 +1.321800472e+002 +3.7637e+000 +1.4823e+000 +3.4616e+000
3998 0 +8.414128558e-006 +1.321800084e+002 +1.321800084e+002 +3.7638e+000 +1.4823e+000 +3.4616e+000
4323 0 +7.619064917e-006 +1.321800076e+002 +1.321800076e+002 +3.7638e+000 +1.4825e+000 +3.4616e+000
4349 0 +3.897155210e-006 +1.321800039e+002 +1.321800039e+002 +3.7640e+000 +1.4825e+000 +3.4616e+000
4443 0 +1.880407098e-006 +1.321800019e+002 +1.321800019e+002 +3.7640e+000 +1.4824e+000 +3.4616e+000
4573 0 +5.344233216e-007 +1.321800005e+002 +1.321800005e+002 +3.7640e+000 +1.4824e+000 +3.4616e+000
4662 0 +1.638759670e-007 +1.321800002e+002 +1.321800002e+002 +3.7640e+000 +1.4824e+000 +3.4616e+000
5028 0 +1.580264950e-007 +1.321800002e+002 +1.321800002e+002 +3.7640e+000 +1.4824e+000 +3.4616e+000
5073 0 +6.835034583e-008 +1.321800001e+002 +1.321800001e+002 +3.7640e+000 +1.4824e+000 +3.4616e+000
5153 0 +2.828920742e-008 +1.321800000e+002 +1.321800000e+002 +3.7640e+000 +1.4824e+000 +3.4616e+000
5228 0 +9.983438076e-009 +1.321800000e+002 +1.321800000e+002 +3.7640e+000 +1.4824e+000 +3.4616e+000
8738 0 +0.000000000e+000 +1.321800000e+002 +1.321800000e+002 +3.7640e+000 +1.4824e+000 +3.4616e+000
% f evaluations | g evaluations | best noise-free fitness - Fopt (-3.930000000000e+001) + sum g_i+ | measured fitness | best measured fitness or single-digit g-values | x1 | x2...
1 0 +1.073363865e+002 +6.803638651e+001 +6.803638651e+001 +0.0000e+000 +0.0000e+000 +0.0000e+000
9 0 +8.097000578e+001 +4.167000578e+001 +4.167000578e+001 -3.7000e+000 -2.3688e+000 +9.7493e-001
17 0 +5.744251357e+001 +1.814251357e+001 +1.814251357e+001 +5.9171e-002 -1.4373e+000 +1.1367e+000
23 0 +5.500983653e+001 +1.570983653e+001 +1.570983653e+001 -5.4134e-001 +7.9792e-001 +1.7621e+000
55 0 +4.922914220e+001 +9.929142197e+000 +9.929142197e+000 +4.3189e-001 -1.0091e+000 +8.7955e-001
59 0 +3.984572085e+001 +5.457208514e-001 +5.457208514e-001 -1.3333e+000 -1.7842e+000 +1.4374e+000
110 0 +3.349521762e+001 -5.804782384e+000 -5.804782384e+000 +2.0607e+000 +5.8785e-001 +2.3993e+000
408 0 +3.120336097e+001 -8.096639027e+000 -8.096639027e+000 +2.5831e-001 +9.3472e-001 +2.3599e+000
465 0 +2.926342296e+001 -1.003657704e+001 -1.003657704e+001 +1.2820e+000 -6.5904e-001 +2.0815e+000
502 0 +2.541856701e+001 -1.388143299e+001 -1.388143299e+001 +1.5307e+000 -1.8474e-001 +2.1638e+000
509 0 +2.209900527e+001 -1.720099473e+001 -1.720099473e+001 -3.6668e-001 -1.1788e+000 +1.6029e+000
558 0 +1.960386244e+001 -1.969613756e+001 -1.969613756e+001 +1.6936e+000 -7.4865e-001 +1.9751e+000
562 0 +1.737538190e+001 -2.192461810e+001 -2.192461810e+001 +5.5445e-001 -5.9853e-001 +2.0601e+000
567 0 +1.639314799e+001 -2.290685201e+001 -2.290685201e+001 +1.5316e+000 -4.5568e-001 +2.0036e+000
569 0 +8.544057525e+000 -3.075594247e+001 -3.075594247e+001 +2.4872e+000 -1.4612e-001 +1.9905e+000
574 0 +8.190082545e+000 -3.110991746e+001 -3.110991746e+001 +1.4865e+000 -7.0821e-001 +1.9804e+000
965 0 +6.563147952e+000 -3.273685205e+001 -3.273685205e+001 +1.4749e+000 -6.5898e-001 +2.0167e+000
1095 0 +5.422600557e+000 -3.387739944e+001 -3.387739944e+001 +2.5139e+000 -1.8946e+000 +2.0471e+000
1163 0 +3.198859764e+000 -3.610114024e+001 -3.610114024e+001 +2.4771e+000 -1.8614e+000 +2.0119e+000
1240 0 +2.993334389e+000 -3.630666561e+001 -3.630666561e+001 +2.4880e+000 -1.8665e+000 +2.0188e+000
1888 0 +2.193969566e+000 -3.710603043e+001 -3.710603043e+001 +2.5077e+000 -1.8408e+000 +2.0208e+000
2019 0 +2.032778989e+000 -3.726722101e+001 -3.726722101e+001 +2.5268e+000 -1.8271e+000 +2.0169e+000
2778 0 +1.852000032e+000 -3.744799997e+001 -3.744799997e+001 +2.5306e+000 -1.2511e+000 +2.0058e+000
2940 0 +1.699420018e+000 -3.760057998e+001 -3.760057998e+001 +2.5324e+000 -1.2483e+000 +2.0069e+000
3078 0 +1.569321552e+000 -3.773067845e+001 -3.773067845e+001 +2.5297e+000 -1.2394e+000 +2.0065e+000
3501 0 +1.544763519e+000 -3.775523648e+001 -3.775523648e+001 +2.5261e+000 -1.2325e+000 +2.0062e+000
3832 0 +1.490430935e+000 -3.780956906e+001 -3.780956906e+001 +2.5262e+000 -1.2326e+000 +2.0070e+000
3939 0 +1.476662657e+000 -3.782333734e+001 -3.782333734e+001 +2.5315e+000 -1.2276e+000 +2.0070e+000
4016 0 +1.408104141e+000 -3.789189586e+001 -3.789189586e+001 +2.5262e+000 -1.2320e+000 +2.0082e+000
4073 0 +1.356338004e+000 -3.794366200e+001 -3.794366200e+001 +2.5291e+000 -1.2427e+000 +2.0108e+000
4116 0 +1.306040028e+000 -3.799395997e+001 -3.799395997e+001 +2.5280e+000 -1.2371e+000 +2.0103e+000
4122 0 +1.281271697e+000 -3.801872830e+001 -3.801872830e+001 +2.5269e+000 -1.2361e+000 +2.0107e+000
4216 0 +1.246661690e+000 -3.805333831e+001 -3.805333831e+001 +2.5278e+000 -1.2386e+000 +2.0118e+000
4248 0 +1.216278393e+000 -3.808372161e+001 -3.808372161e+001 +2.5276e+000 -1.2318e+000 +2.0115e+000
4318 0 +1.193642293e+000 -3.810635771e+001 -3.810635771e+001 +2.5265e+000 -1.2302e+000 +2.0120e+000
4348 0 +1.158884464e+000 -3.814111554e+001 -3.814111554e+001 +2.5275e+000 -1.2298e+000 +2.0128e+000
4427 0 +1.146644963e+000 -3.815335504e+001 -3.815335504e+001 +2.5302e+000 -1.2298e+000 +2.0130e+000
4527 0 +1.120953798e+000 -3.817904620e+001 -3.817904620e+001 +2.5289e+000 -1.2313e+000 +2.0138e+000
4632 0 +1.090883636e+000 -3.820911636e+001 -3.820911636e+001 +2.5275e+000 -1.2280e+000 +2.0148e+000
4722 0 +1.036116017e+000 -3.826388398e+001 -3.826388398e+001 +2.5285e+000 -1.2305e+000 +2.0169e+000
4822 0 +1.014291514e+000 -3.828570849e+001 -3.828570849e+001 +2.5290e+000 -1.2298e+000 +2.0182e+000
5016 0 +9.993937035e-001 -3.830060630e+001 -3.830060630e+001 +2.5298e+000 -1.2302e+000 +2.0200e+000
% f evaluations | g evaluations | best noise-free fitness - Fopt (4.296000000000e+001) + sum g_i+ | measured fitness | best measured fitness or single-digit g-values | x1 | x2...
1 0 +1.319913973e+002 +1.749513973e+002 +1.749513973e+002 +0.0000e+000 +0.0000e+000 +0.0000e+000
6 0 +9.178627221e+001 +1.347462722e+002 +1.347462722e+002 +1.2425e+000 +2.9752e+000 +6.2118e-001
12 0 +5.292664225e+001 +9.588664225e+001 +9.588664225e+001 -4.7714e+000 +1.0446e-001 +2.0618e+000
80 0 +4.602591723e+001 +8.898591723e+001 +8.898591723e+001 -2.4417e+000 +4.4109e+000 +2.4965e+000
127 0 +4.479436887e+001 +8.775436887e+001 +8.775436887e+001 -1.3115e+000 +3.4917e+000 +1.5923e+000
136 0 +4.446900792e+001 +8.742900792e+001 +8.742900792e+001 -1.2874e+000 +3.9266e-002 +2.1372e+000
142 0 +3.944548907e+001 +8.240548907e+001 +8.240548907e+001 -4.4394e-001 +3.1884e+000 +2.1536e+000
219 0 +3.272999535e+001 +7.568999535e+001 +7.568999535e+001 -8.7043e-001 +2.8729e+000 +2.7475e+000
239 0 +3.228941493e+001 +7.524941493e+001 +7.524941493e+001 -1.4436e+000 +1.9277e+000 +2.1191e+000
316 0 +2.341415956e+001 +6.637415956e+001 +6.637415956e+001 -1.3473e+000 +1.0643e+000 +2.4989e+000
576 0 +2.117094604e+001 +6.413094604e+001 +6.413094604e+001 -7.4079e-002 +1.0384e+000 +2.8026e+000
641 0 +2.034755175e+001 +6.330755175e+001 +6.330755175e+001 +4.9717e-001 +2.7118e+000 +2.4324e+000
692 0 +1.676826120e+001 +5.972826120e+001 +5.972826120e+001 -5.6153e-001 +2.4890e-001 +2.7544e+000
698 0 +9.134916880e+000 +5.209491688e+001 +5.209491688e+001 -4.0039e-001 +1.1402e+000 +2.8387e+000
923 0 +7.392090100e+000 +5.035209010e+001 +5.035209010e+001 -3.5981e-001 +1.1004e+000 +2.7453e+000
1054 0 +7.052336319e+000 +5.001233632e+001 +5.001233632e+001 -4.0836e-001 +1.1984e+000 +2.8053e+000
1125 0 +6.716386604e+000 +4.967638660e+001 +4.967638660e+001 -3.8542e-001 +1.1774e+000 +2.8038e+000
1224 0 +5.646298060e+000 +4.860629806e+001 +4.860629806e+001 -4.1624e-001 +1.1754e+000 +2.7587e+000
1417 0 +5.339953397e+000 +4.829995340e+001 +4.829995340e+001 -4.3646e-001 +1.1318e+000 +2.7574e+000
1549 0 +5.081558585e+000 +4.804155859e+001 +4.804155859e+001 -4.4384e-001 +1.1553e+000 +2.7661e+000
1662 0 +4.998185652e+000 +4.795818565e+001 +4.795818565e+001 -4.3595e-001 +1.1341e+000 +2.7688e+000
% f evaluations | g evaluations | best noise-free fitness - Fopt (2.842200000000e+002) + sum g_i+ | measured fitness | best measured fitness or single-digit g-values | x1 | x2...
1 0 +5.344902637e+001 +3.376690264e+002 +3.376690264e+002 +0.0000e+000 +0.0000e+000 +0.0000e+000
42 0 +5.013172513e+001 +3.343517251e+002 +3.343517251e+002 +9.5261e-001 -4.1119e-001 -3.9435e-001
81 0 +4.834145976e+001 +3.325614598e+002 +3.325614598e+002 +7.5208e-004 -8.9401e-001 -7.0017e-001
100 0 +4.709579857e+001 +3.313157986e+002 +3.313157986e+002 -7.8064e-001 +2.4009e+000 +3.5699e-001
184 0 +3.459750302e+001 +3.188175030e+002 +3.188175030e+002 +1.0542e+000 +1.7252e+000 +3.4948e-001
334 0 +2.497948374e+001 +3.091994837e+002 +3.091994837e+002 +2.4488e-001 +3.0676e-001 +5.1515e-001
498 0 +2.355123555e+001 +3.077712356e+002 +3.077712356e+002 +1.1874e+000 -2.7880e-001 +5.0638e-001
542 0 +1.756825121e+001 +3.017882512e+002 +3.017882512e+002 +3.3875e-001 +2.6714e-001 +9.9717e-001
628 0 +1.106452916e+001 +2.952845292e+002 +2.952845292e+002 +1.9309e+000 +8.5108e-001 +1.0257e+000
648 0 +1.085236631e+001 +2.950723663e+002 +2.950723663e+002 +9.7289e-001 -2.4227e-001 +7.7257e-001
734 0 +8.688296332e+000 +2.929082963e+002 +2.929082963e+002 +1.0247e+000 -1.2677e-001 +1.0495e+000
762 0 +3.932348796e+000 +2.881523488e+002 +2.881523488e+002 +1.0378e+000 -2.0419e-001 +7.3612e-001
962 0 +3.501805446e+000 +2.877218054e+002 +2.877218054e+002 +1.1622e+000 -2.2216e-001 +7.5117e-001
1162 0 +2.321844868e+000 +2.865418449e+002 +2.865418449e+002 +1.1295e+000 -2.1744e-001 +7.4722e-001
1562 0 +2.231926060e+000 +2.864519261e+002 +2.864519261e+002 +1.0813e+000 -2.1047e-001 +7.4138e-001
1637 0 +2.075182618e+000 +2.862951826e+002 +2.862951826e+002 +1.0983e+000 -2.0958e-001 +7.4510e-001
2026 0 +2.011049306e+000 +2.862310493e+002 +2.862310493e+002 +1.1064e+000 -2.1292e-001 +7.4178e-001
2449 0 +1.991913228e+000 +2.862119132e+002 +2.862119132e+002 +1.1024e+000 -2.1711e-001 +7.4254e-001
% f evaluations | g evaluations | best noise-free fitness - Fopt (-3.217000000000e+001) + sum g_i+ | measured fitness | best measured fitness or single-digit g-values | x1 | x2...
1 0 +7.339161758e+001 +4.122161758e+001 +4.122161758e+001 +0.0000e+000 +0.0000e+000 +0.0000e+000
15 0 +2.647114312e+001 -5.698856882e+000 -5.698856882e+000 +1.4312e+000 +4.5828e+000 +1.6440e-001
89 0 +1.970733420e+001 -1.246266580e+001 -1.246266580e+001 +3.7999e-001 +3.6860e+000 +1.0249e-001
270 0 +1.713212160e+001 -1.503787840e+001 -1.503787840e+001 -3.9255e-001 +2.9358e+000 -1.7412e-001
439 0 +1.388700642e+001 -1.828299358e+001 -1.828299358e+001 +1.2603e+000 +2.4243e+000 -2.0769e-001
441 0 +1.212586609e+001 -2.004413391e+001 -2.004413391e+001 -3.8647e-001 +2.9473e+000 +1.5315e-001
700 0 +9.967547496e+000 -2.220245250e+001 -2.220245250e+001 -6.6560e-001 +1.2000e+000 +1.3835e-001
754 0 +7.768105421e+000 -2.440189458e+001 -2.440189458e+001 -5.5077e-001 +2.3729e+000 +1.2910e-001
926 0 +7.060629247e+000 -2.510937075e+001 -2.510937075e+001 -4.7620e-001 +2.3648e+000 +1.5512e-001
1030 0 +6.205317580e+000 -2.596468242e+001 -2.596468242e+001 -5.2539e-001 +2.3777e+000 +1.5416e-001
1442 0 +6.054394043e+000 -2.611560596e+001 -2.611560596e+001 -4.4465e-001 +1.8615e+000 +1.3528e-001
1542 0 +5.481489089e+000 -2.668851091e+001 -2.668851091e+001 -4.4298e-001 +1.8543e+000 +1.4557e-001
1804 0 +5.354721135e+000 -2.681527887e+001 -2.681527887e+001 -5.0649e-001 +1.8764e+000 +1.4600e-001
1924 0 +5.101140497e+000 -2.706885950e+001 -2.706885950e+001 -5.0468e-001 +1.8618e+000 +1.4510e-001
2240 0 +4.992025251e+000 -2.717797475e+001 -2.717797475e+001 -5.0804e-001 +1.8593e+000 +1.5031e-001
% f evaluations | g evaluations | best noise-free fitness - Fopt (-5.858000000000e+001) + sum g_i+ | measured fitness | best measured fitness or single-digit g-values | x1 | x2...
1 0 +7.121136986e+001 +1.263136986e+001 +1.263136986e+001 +0.0000e+000 +0.0000e+000 +0.0000e+000
8 0 +2.770805226e+001 -3.087194774e+001 -3.087194774e+001 +4.2800e-001 -2.3352e+000 +6.1712e-001
208 0 +2.026678574e+001 -3.831321426e+001 -3.831321426e+001 +5.9516e-001 -2.4893e+000 +5.6845e-001
229 0 +1.576967183e+001 -4.281032817e+001 -4.281032817e+001 +6.4184e-001 -2.5146e+000 +2.1458e-001
261 0 +1.176772292e+001 -4.681227708e+001 -4.681227708e+001 +2.4880e+000 -1.4486e+000 +9.1297e-001
661 0 +1.090629992e+001 -4.767370008e+001 -4.767370008e+001 +2.5051e+000 -1.4424e+000 +9.1410e-001
716 0 +8.833798089e+000 -4.974620191e+001 -4.974620191e+001 +2.4505e+000 -1.4385e+000 +9.5339e-001
824 0 +6.151942038e+000 -5.242805796e+001 -5.242805796e+001 +2.5371e+000 -1.4210e+000 +9.5628e-001
1073 0 +5.037768249e+000 -5.354223175e+001 -5.354223175e+001 +2.5277e+000 -1.4548e+000 +9.7360e-001
1212 0 +4.780620781e+000 -5.379937922e+001 -5.379937922e+001 +2.5836e+000 -1.4602e+000 +9.6174e-001
1653 0 +4.086467461e+000 -5.449353254e+001 -5.449353254e+001 +2.5885e+000 -1.4370e+000 +9.7097e-001
1977 0 +4.053815597e+000 -5.452618440e+001 -5.452618440e+001 +2.5903e+000 -1.4381e+000 +9.7132e-001
2018 0 +2.110031258e+000 -5.646996874e+001 -5.646996874e+001 +1.5974e+000 -3.1027e+000 +9.6451e-001
2534 0 +2.037337754e+000 -5.654266225e+001 -5.654266225e+001 +1.5897e+000 -3.0916e+000 +9.7275e-001
4300 0 +1.994356683e+000 -5.658564332e+001 -5.658564332e+001 +1.5907e+000 -3.1022e+000 +9.7278e-001
% f evaluations | g evaluations | best noise-free fitness - Fopt (-6.049200000000e+002) + sum g_i+ | measured fitness | best measured fitness or single-digit g-values | x1 | x2...
1 0 +7.190000143e+001 -5.330199986e+002 -5.330199986e+002 +0.0000e+000 +0.0000e+000 +0.0000e+000
9 0 +5.488330098e+001 -5.500366990e+002 -5.500366990e+002 +9.0555e-001 -2.4831e+000 +1.8740e-001
23 0 +1.289176398e+001 -5.920282360e+002 -5.920282360e+002 +9.0560e-001 -1.7323e+000 +1.3593e+000
297 0 +9.925657645e+000 -5.949943424e+002 -5.949943424e+002 +9.9280e-001 -1.7243e+000 +1.3716e+000
521 0 +2.298007165e+000 -6.026219928e+002 -6.026219928e+002 +9.7233e-001 -1.0589e+000 +2.0528e+000
828 0 +7.042430321e-001 -6.042157570e+002 -6.042157570e+002 +9.6052e-001 -1.0366e+000 +2.0661e+000
1517 0 +6.763137471e-001 -6.042436863e+002 -6.042436863e+002 +9.6170e-001 -1.0384e+000 +2.0694e+000
1619 0 +5.882619963e-001 -6.043317380e+002 -6.043317380e+002 +9.9039e-001 -1.0016e+000 +2.0587e+000
1642 0 +2.400500415e-001 -6.046799500e+002 -6.046799500e+002 +9.6707e-001 -1.0083e+000 +2.0737e+000
1908 0 +2.166541306e-001 -6.047033459e+002 -6.047033459e+002 +9.6960e-001 -1.0227e+000 +2.0708e+000
2036 0 +1.945727307e-001 -6.047254273e+002 -6.047254273e+002 +9.6811e-001 -1.0164e+000 +2.0729e+000
2045 0 +1.048215085e-001 -6.048151785e+002 -6.048151785e+002 +9.7673e-001 -1.0126e+000 +2.0714e+000
2154 0 +8.133619663e-002 -6.048386638e+002 -6.048386638e+002 +9.7857e-001 -1.0177e+000 +2.0736e+000
2183 0 +7.814882565e-002 -6.048418512e+002 -6.048418512e+002 +9.8281e-001 -1.0191e+000 +2.0707e+000
2239 0 +7.028107375e-002 -6.048497189e+002 -6.048497189e+002 +9.8327e-001 -1.0196e+000 +2.0715e+000
2254 0 +6.676269113e-002 -6.048532373e+002 -6.048532373e+002 +9.9124e-001 -1.0094e+000 +2.0696e+000
2283 0 +5.156842329e-002 -6.048684316e+002 -6.048684316e+002 +9.8392e-001 -1.0167e+000 +2.0717e+000
2327 0 +2.706129981e-002 -6.048929387e+002 -6.048929387e+002 +9.9149e-001 -1.0095e+000 +2.0736e+000
2442 0 +1.197578333e-002 -6.049080242e+002 -6.049080242e+002 +9.9286e-001 -1.0137e+000 +2.0721e+000
2527 0 +3.272974248e-003 -6.049167270e+002 -6.049167270e+002 +9.9539e-001 -1.0136e+000 +2.0736e+000
2627 0 +2.399671882e-003 -6.049176003e+002 -6.049176003e+002 +9.9555e-001 -1.0146e+000 +2.0731e+000
2783 0 +1.227424641e-003 -6.049187726e+002 -6.049187726e+002 +9.9756e-001 -1.0138e+000 +2.0735e+000
2899 0 +8.447498348e-004 -6.049191553e+002 -6.049191553e+002 +9.9810e-001 -1.0141e+000 +2.0736e+000
2930 0 +7.035914319e-004 -6.049192964e+002 -6.049192964e+002 +9.9751e-001 -1.0144e+000 +2.0733e+000
3142 0 +5.659673919e-004 -6.049194340e+002 -6.049194340e+002 +9.9707e-001 -1.0151e+000 +2.0733e+000
3183 0 +5.088354200e-004 -6.049194912e+002 -6.049194912e+002 +9.9800e-001 -1.0144e+000 +2.0734e+000
3283 0 +3.370419880e-004 -6.049196630e+002 -6.049196630e+002 +9.9832e-001 -1.0146e+000 +2.0733e+000
3339 0 +3.230443854e-004 -6.049196770e+002 -6.049196770e+002 +9.9802e-001 -1.0157e+000 +2.0734e+000
3343 0 +2.572886299e-004 -6.049197427e+002 -6.049197427e+002 +9.9825e-001 -1.0151e+000 +2.0733e+000
3345 0 +7.404348014e-005 -6.049199260e+002 -6.049199260e+002 +9.9795e-001 -1.0151e+000 +2.0735e+000
3427 0 +7.215663209e-005 -6.049199278e+002 -6.049199278e+002 +9.9844e-001 -1.0150e+000 +2.0736e+000
3443 0 +3.675259507e-005 -6.049199632e+002 -6.049199632e+002 +9.9844e-001 -1.0151e+000 +2.0735e+000
3643 0 +2.724676381e-005 -6.049199728e+002 -6.049199728e+002 +9.9842e-001 -1.0151e+000 +2.0735e+000
3699 0 +2.193351668e-005 -6.049199781e+002 -6.049199781e+002 +9.9834e-001 -1.0154e+000 +2.0736e+000
3842 0 +1.602109637e-005 -6.049199840e+002 -6.049199840e+002 +9.9830e-001 -1.0151e+000 +2.0735e+000
3867 0 +8.729302522e-006 -6.049199913e+002 -6.049199913e+002 +9.9839e-001 -1.0153e+000 +2.0736e+000
3884 0 +5.068053952e-006 -6.049199949e+002 -6.049199949e+002 +9.9837e-001 -1.0152e+000 +2.0736e+000
4036 0 +3.621252517e-006 -6.049199964e+002 -6.049199964e+002 +9.9838e-001 -1.0152e+000 +2.0736e+000
4183 0 +1.202255589e-006 -6.049199988e+002 -6.049199988e+002 +9.9839e-001 -1.0152e+000 +2.0736e+000
4384 0 +5.160106866e-007 -6.049199995e+002 -6.049199995e+002 +9.9839e-001 -1.0152e+000 +2.0736e+000
4417 0 +3.659951062e-007 -6.049199996e+002 -6.049199996e+002 +9.9839e-001 -1.0152e+000 +2.0736e+000
4643 0 +3.231591563e-007 -6.049199997e+002 -6.049199997e+002 +9.9840e-001 -1.0152e+000 +2.0736e+000
4727 0 +1.581436209e-007 -6.049199998e+002 -6.049199998e+002 +9.9840e-001 -1.0152e+000 +2.0736e+000
4827 0 +1.447657496e-007 -6.049199999e+002 -6.049199999e+002 +9.9840e-001 -1.0152e+000 +2.0736e+000
4843 0 +4.175103641e-008 -6.049200000e+002 -6.049200000e+002 +9.9840e-001 -1.0152e+000 +2.0736e+000
4943 0 +3.527907211e-008 -6.049200000e+002 -6.049200000e+002 +9.9839e-001 -1.0152e+000 +2.0736e+000
5027 0 +1.244586656e-008 -6.049200000e+002 -6.049200000e+002 +9.9840e-001 -1.0152e+000 +2.0736e+000
5130 0 +8.102347238e-009 -6.049200000e+002 -6.049200000e+002 +9.9840e-001 -1.0152e+000 +2.0736e+000
8822 0 +0.000000000e+000 -6.049200000e+002 -6.049200000e+002 +9.9840e-001 -1.0152e+000 +2.0736e+000
% f evaluations | g evaluations | best noise-free fitness - Fopt (1.337000000000e+002) + sum g_i+ | measured fitness | best measured fitness or single-digit g-values | x1 | x2...
1 0 +5.242128301e+001 +1.861212830e+002 +1.861212830e+002 +0.0000e+000 +0.0000e+000 +0.0000e+000
8 0 +4.806008109e+001 +1.817600811e+002 +1.817600811e+002 +1.3548e+000 +1.6031e+000 -1.0012e+000
151 0 +4.638368536e+001 +1.800836854e+002 +1.800836854e+002 +2.8918e+000 +2.5595e+000 +4.3335e-001
191 0 +3.071371532e+001 +1.644137153e+002 +1.644137153e+002 +1.4046e+000 -1.4826e+000 +3.4348e-001
288 0 +2.422098372e+001 +1.579209837e+002 +1.579209837e+002 +2.6227e+000 +2.9730e-001 +5.6777e-002
402 0 +1.445084853e+001 +1.481508485e+002 +1.481508485e+002 +5.3953e-001 +8.2640e-001 +7.6545e-002
796 0 +1.058510658e+001 +1.442851066e+002 +1.442851066e+002 +5.9161e-001 +1.4648e+000 -3.1988e-001
841 0 +3.624799685e+000 +1.373247997e+002 +1.373247997e+002 +2.4018e+000 +9.0074e-001 +6.7416e-002
1116 0 +3.132252335e+000 +1.368322523e+002 +1.368322523e+002 +2.3770e+000 +9.5152e-001 +8.1657e-002
1324 0 +1.996029276e+000 +1.356960293e+002 +1.356960293e+002 +2.3966e+000 +9.5112e-001 +6.7501e-002
1402 0 +1.295912204e+000 +1.349959122e+002 +1.349959122e+002 +2.4594e+000 +9.6114e-001 +7.7805e-002
1565 0 +1.216007268e+000 +1.349160073e+002 +1.349160073e+002 +2.4578e+000 +9.6309e-001 +7.5007e-002
1780 0 +1.033775027e+000 +1.347337750e+002 +1.347337750e+002 +2.4664e+000 +9.5113e-001 +7.1180e-002
2073 0 +1.009079785e+000 +1.347090798e+002 +1.347090798e+002 +2.4717e+000 +9.5574e-001 +7.0506e-002
2305 0 +5.329689098e-001 +1.342329689e+002 +1.342329689e+002 +2.4479e+000 +9.2964e-001 +3.7687e-001
2705 0 +3.826068625e-001 +1.340826069e+002 +1.340826069e+002 +2.4634e+000 +9.3449e-001 +3.7036e-001
2894 0 +3.377383955e-001 +1.340377384e+002 +1.340377384e+002 +2.4656e+000 +9.3194e-001 +3.7582e-001
3074 0 +1.661518420e-001 +1.338661518e+002 +1.338661518e+002 +2.4704e+000 +9.4185e-001 +3.7308e-001
3158 0 +1.607859167e-001 +1.338607859e+002 +1.338607859e+002 +2.4660e+000 +9.3976e-001 +3.7661e-001
3231 0 +1.171393450e-001 +1.338171393e+002 +1.338171393e+002 +2.4709e+000 +9.4402e-001 +3.7372e-001
3262 0 +2.598109531e-002 +1.337259811e+002 +1.337259811e+002 +2.4734e+000 +9.4899e-001 +3.7673e-001
3405 0 +1.154537015e-002 +1.337115454e+002 +1.337115454e+002 +2.4754e+000 +9.5194e-001 +3.7645e-001
3431 0 +9.609721343e-003 +1.337096097e+002 +1.337096097e+002 +2.4735e+000 +9.5099e-001 +3.7773e-001
3462 0 +3.634834634e-003 +1.337036348e+002 +1.337036348e+002 +2.4744e+000 +9.5204e-001 +3.7802e-001
3662 0 +2.359741261e-003 +1.337023597e+002 +1.337023597e+002 +2.4745e+000 +9.5246e-001 +3.7820e-001
3862 0 +1.409073470e-003 +1.337014091e+002 +1.337014091e+002 +2.4747e+000 +9.5294e-001 +3.7840e-001
4158 0 +9.334900749e-004 +1.337009335e+002 +1.337009335e+002 +2.4748e+000 +9.5319e-001 +3.7834e-001
4194 0 +6.594224456e-004 +1.337006594e+002 +1.337006594e+002 +2.4754e+000 +9.5410e-001 +3.7821e-001
4231 0 +4.117628595e-004 +1.337004118e+002 +1.337004118e+002 +2.4751e+000 +9.5369e-001 +3.7815e-001
4262 0 +2.575037160e-004 +1.337002575e+002 +1.337002575e+002 +2.4752e+000 +9.5388e-001 +3.7825e-001
4605 0 +1.579700856e-004 +1.337001580e+002 +1.337001580e+002 +2.4752e+000 +9.5400e-001 +3.7834e-001
4889 0 +8.977751497e-005 +1.337000898e+002 +1.337000898e+002 +2.4753e+000 +9.5420e-001 +3.7835e-001
5075 0 +6.316525906e-005 +1.337000632e+002 +1.337000632e+002 +2.4752e+000 +9.5419e-001 +3.7834e-001
5105 0 +6.001320185e-005 +1.337000600e+002 +1.337000600e+002 +2.4752e+000 +9.5422e-001 +3.7835e-001
5175 0 +4.882026852e-005 +1.337000488e+002 +1.337000488e+002 +2.4752e+000 +9.5422e-001 +3.7833e-001
5231 0 +4.769423501e-005 +1.337000477e+002 +1.337000477e+002 +2.4752e+000 +9.5421e-001 +3.7834e-001
5258 0 +3.675166928e-005 +1.337000368e+002 +1.337000368e+002 +2.4752e+000 +9.5425e-001 +3.7834e-001
5358 0 +2.875385954e-005 +1.337000288e+002 +1.337000288e+002 +2.4752e+000 +9.5431e-001 +3.7835e-001
5450 0 +1.219756521e-005 +1.337000122e+002 +1.337000122e+002 +2.4752e+000 +9.5437e-001 +3.7832e-001
5505 0 +1.150080033e-005 +1.337000115e+002 +1.337000115e+002 +2.4752e+000 +9.5438e-001 +3.7833e-001
5516 0 +7.917496447e-006 +1.337000079e+002 +1.337000079e+002 +2.4752e+000 +9.5443e-001 +3.7835e-001
5719 0 +6.535204221e-006 +1.337000065e+002 +1.337000065e+002 +2.4752e+000 +9.5441e-001 +3.7835e-001
5816 0 +5.720075535e-006 +1.337000057e+002 +1.337000057e+002 +2.4752e+000 +9.5441e-001 +3.7835e-001
5867 0 +4.130093089e-006 +1.337000041e+002 +1.337000041e+002 +2.4752e+000 +9.5443e-001 +3.7836e-001
5916 0 +1.861088407e-006 +1.337000019e+002 +1.337000019e+002 +2.4752e+000 +9.5439e-001 +3.7837e-001
5963 0 +9.880999698e-007 +1.337000010e+002 +1.337000010e+002 +2.4752e+000 +9.5442e-001 +3.7839e-001
6000 0 +8.497686679e-007 +1.337000008e+002 +1.337000008e+002 +2.4752e+000 +9.5442e-001 +3.7838e-001
6016 0 +3.998167983e-007 +1.337000004e+002 +1.337000004e+002 +2.4752e+000 +9.5440e-001 +3.7839e-001
6116 0 +3.911173962e-008 +1.337000000e+002 +1.337000000e+002 +2.4752e+000 +9.5440e-001 +3.7840e-001
6216 0 +2.210643402e-008 +1.337000000e+002 +1.337000000e+002 +2.4752e+000 +9.5440e-001 +3.7840e-001
6394 0 +4.285624300e-009 +1.337000000e+002 +1.337000000e+002 +2.4752e+000 +9.5440e-001 +3.7840e-001
9763 0 +0.000000000e+000 +1.337000000e+002 +1.337000000e+002 +2.4752e+000 +9.5440e-001 +3.7840e-001
% f evaluations | g evaluations | best noise-free fitness - Fopt (-2.098000000000e+001) + sum g_i+ | measured fitness | best measured fitness or single-digit g-values | x1 | x2...
1 0 +4.293454209e+001 +2.195454209e+001 +2.195454209e+001 +0.0000e+000 +0.0000e+000 +0.0000e+000
120 0 +2.603507963e+001 +5.055079627e+000 +5.055079627e+000 -1.9721e+000 +2.0255e+000 +2.3119e-001
418 0 +1.083702822e+001 -1.014297178e+001 -1.014297178e+001 +2.6242e-002 +1.4424e+000 +2.9437e-001
813 0 +1.046271354e+001 -1.051728646e+001 -1.051728646e+001 +1.8247e-001 +1.8649e+000 -4.3246e-001
1144 0 +9.649007562e+000 -1.133099244e+001 -1.133099244e+001 +2.1175e-001 +2.4073e+000 +2.5402e-001
1155 0 +9.493852432e+000 -1.148614757e+001 -1.148614757e+001 +1.3973e-001 +1.3162e+000 -4.3955e-001
1373 0 +7.620640908e+000 -1.335935909e+001 -1.335935909e+001 +3.8104e-002 +1.9162e+000 -7.5373e-002
1422 0 +5.903772569e+000 -1.507622743e+001 -1.507622743e+001 +6.5177e-002 +1.8902e+000 -5.5249e-002
1603 0 +5.262174358e+000 -1.571782564e+001 -1.571782564e+001 +5.3944e-002 +1.9200e+000 -4.9505e-002
2126 0 +5.245419935e+000 -1.573458006e+001 -1.573458006e+001 +1.5459e-001 +1.9243e+000 -4.4563e-002
2203 0 +5.061079132e+000 -1.591892087e+001 -1.591892087e+001 +8.2712e-002 +1.9270e+000 -4.6472e-002
2463 0 +4.997117803e+000 -1.598288220e+001 -1.598288220e+001 +9.0514e-002 +1.9202e+000 -4.4796e-002
% f evaluations | g evaluations | best noise-free fitness - Fopt (1.353300000000e+002) + sum g_i+ | measured fitness | best measured fitness or single-digit g-values | x1 | x2...
1 0 +3.053061949e+001 +1.658606195e+002 +1.658606195e+002 +0.0000e+000 +0.0000e+000 +0.0000e+000
211 0 +1.570008180e+001 +1.510300818e+002 +1.510300818e+002 -4.6564e-001 +6.1416e-001 +9.8441e-001
431 0 +8.036368563e+000 +1.433663686e+002 +1.433663686e+002 -5.4254e-001 +9.7893e-002 +6.7273e-001
773 0 +7.269018130e+000 +1.425990181e+002 +1.425990181e+002 -5.1329e-001 +4.7966e-002 +6.3005e-001
886 0 +6.244498751e+000 +1.415744988e+002 +1.415744988e+002 +6.4112e-001 -6.7781e-001 +9.7365e-001
939 0 +2.248778015e+000 +1.375787780e+002 +1.375787780e+002 +5.1700e-001 +5.0589e-002 +6.8219e-001
1123 0 +1.753937476e+000 +1.370839375e+002 +1.370839375e+002 +4.8727e-001 +3.6749e-002 +6.7076e-001
1409 0 +1.472020068e+000 +1.368020201e+002 +1.368020201e+002 +5.1775e-001 +3.8041e-002 +6.7581e-001
1709 0 +1.341513434e+000 +1.366715134e+002 +1.366715134e+002 +5.1477e-001 +3.5632e-002 +6.7221e-001
1884 0 +1.238730961e+000 +1.365687310e+002 +1.365687310e+002 +5.4726e-001 +3.4608e-002 +6.6279e-001
1909 0 +1.097246542e+000 +1.364272465e+002 +1.364272465e+002 +5.3815e-001 +3.5058e-002 +6.6433e-001
2067 0 +1.096080749e+000 +1.364260807e+002 +1.364260807e+002 +5.4370e-001 +3.2578e-002 +6.6247e-001
2106 0 +1.035680177e+000 +1.363656802e+002 +1.363656802e+002 +5.3975e-001 +3.0730e-002 +6.6513e-001
2340 0 +1.015592123e+000 +1.363455921e+002 +1.363455921e+002 +5.4026e-001 +2.8756e-002 +6.6691e-001
2506 0 +9.983203566e-001 +1.363283204e+002 +1.363283204e+002 +5.4138e-001 +2.3400e-002 +6.6737e-001
% f evaluations | g evaluations | best noise-free fitness - Fopt (4.066000000000e+001) + sum g_i+ | measured fitness | best measured fitness or single-digit g-values | x1 | x2...
1 0 +2.067564417e+002 +2.474164417e+002 +2.474164417e+002 +0.0000e+000 +0.0000e+000 +0.0000e+000
5 0 +1.094061558e+002 +1.500661558e+002 +1.500661558e+002 +2.9464e+000 -2.3283e+000 +1.9706e+000
9 0 +1.050825890e+002 +1.457425890e+002 +1.457425890e+002 +5.9625e-001 -4.8516e-001 +4.1315e+000
37 0 +1.021965429e+002 +1.428565429e+002 +1.428565429e+002 +2.3069e+000 +4.5144e+000 +2.5940e+000
39 0 +6.587149949e+001 +1.065314995e+002 +1.065314995e+002 +5.6080e-001 +6.2170e-001 +2.6039e+000
40 0 +6.155565863e+001 +1.022156586e+002 +1.022156586e+002 -3.4616e+000 -1.1260e+000 +3.6292e+000
47 0 +3.385437360e+001 +7.451437360e+001 +7.451437360e+001 +2.0330e+000 -8.2336e-001 +3.6566e+000
74 0 +2.797650437e+001 +6.863650437e+001 +6.863650437e+001 +1.0988e+000 +7.8742e-001 +3.9721e+000
208 0 +1.456181513e+001 +5.522181513e+001 +5.522181513e+001 +1.1511e+000 -2.8963e-001 +3.9555e+000
581 0 +1.262967332e+001 +5.328967332e+001 +5.328967332e+001 +2.0678e+000 +1.3877e+000 +3.5925e+000
686 0 +7.742862888e+000 +4.840286289e+001 +4.840286289e+001 +2.1417e+000 +1.1681e+000 +3.6105e+000
705 0 +4.733933521e+000 +4.539393352e+001 +4.539393352e+001 +2.0482e+000 +1.2578e+000 +3.5816e+000
779 0 +2.871449084e+000 +4.353144908e+001 +4.353144908e+001 +2.0192e+000 +1.2548e+000 +3.6251e+000
1005 0 +2.399030590e+000 +4.305903059e+001 +4.305903059e+001 +2.0297e+000 +1.2605e+000 +3.6110e+000
1205 0 +2.388474589e+000 +4.304847459e+001 +4.304847459e+001 +2.0254e+000 +1.2431e+000 +3.6114e+000
1379 0 +2.183340650e+000 +4.284334065e+001 +4.284334065e+001 +2.0445e+000 +1.2568e+000 +3.6084e+000
1779 0 +2.120866791e+000 +4.278086679e+001 +4.278086679e+001 +2.0378e+000 +1.2499e+000 +3.6136e+000
1840 0 +2.076456067e+000 +4.273645607e+001 +4.273645607e+001 +2.0542e+000 +1.2469e+000 +3.6199e+000
2039 0 +2.033065412e+000 +4.269306541e+001 +4.269306541e+001 +2.0508e+000 +1.2539e+000 +3.6124e+000
2421 0 +1.991931113e+000 +4.265193111e+001 +4.265193111e+001 +2.0573e+000 +1.2481e+000 +3.6138e+000
