% f evaluations | g evaluations | best noise-free fitness - Fopt (-6.211100000000e+002) + sum g_i+ | measured fitness | best measured fitness or single-digit g-values | x1 | x2...
1 0 +2.918812790e+008 +2.918806579e+008 +2.918806579e+008
284 0 +2.510164232e+008 +2.510158021e+008 +2.510158021e+008
388 0 +2.203120575e+008 +2.203114364e+008 +2.203114364e+008
408 0 +2.111343258e+008 +2.111337047e+008 +2.111337047e+008
494 0 +1.982464688e+008 +1.982458477e+008 +1.982458477e+008
516 0 +1.813376493e+008 +1.813370282e+008 +1.813370282e+008
682 0 +1.586604834e+008 +1.586598623e+008 +1.586598623e+008
708 0 +1.477948218e+008 +1.477942007e+008 +1.477942007e+008
808 0 +1.431093143e+008 +1.431086932e+008 +1.431086932e+008
812 0 +1.280410328e+008 +1.280404117e+008 +1.280404117e+008
837 0 +1.220519733e+008 +1.220513522e+008 +1.220513522e+008
913 0 +1.169120587e+008 +1.169114376e+008 +1.169114376e+008
1018 0 +1.124575711e+008 +1.124569500e+008 +1.124569500e+008
1103 0 +1.116767835e+008 +1.116761624e+008 +1.116761624e+008
1113 0 +1.092900113e+008 +1.092893902e+008 +1.092893902e+008
1119 0 +1.064301367e+008 +1.064295156e+008 +1.064295156e+008
1209 0 +1.029120834e+008 +1.029114622e+008 +1.029114622e+008
1227 0 +1.022711042e+008 +1.022704831e+008 +1.022704831e+008
1318 0 +9.499736445e+007 +9.499674334e+007 +9.499674334e+007
1402 0 +9.273200471e+007 +9.273138360e+007 +9.273138360e+007
1504 0 +8.974629988e+007 +8.974567877e+007 +8.974567877e+007
1506 0 +8.885905269e+007 +8.885843158e+007 +8.885843158e+007
1514 0 +8.513572914e+007 +8.513510803e+007 +8.513510803e+007
1591 0 +7.927353044e+007 +7.927290933e+007 +7.927290933e+007
1614 0 +7.624048800e+007 +7.623986689e+007 +7.623986689e+007
1702 0 +7.467025320e+007 +7.466963209e+007 +7.466963209e+007
1705 0 +7.204762224e+007 +7.204700113e+007 +7.204700113e+007
1802 0 +6.818024383e+007 +6.817962272e+007 +6.817962272e+007
1903 0 +6.732058345e+007 +6.731996234e+007 +6.731996234e+007
1980 0 +6.598596796e+007 +6.598534685e+007 +6.598534685e+007
2007 0 +6.436198849e+007 +6.436136738e+007 +6.436136738e+007
2106 0 +6.273772292e+007 +6.273710181e+007 +6.273710181e+007
2207 0 +6.151465705e+007 +6.151403594e+007 +6.151403594e+007
2304 0 +5.953140891e+007 +5.953078780e+007 +5.953078780e+007
2404 0 +5.863404866e+007 +5.863342755e+007 +5.863342755e+007
2502 0 +5.725046996e+007 +5.724984885e+007 +5.724984885e+007
2605 0 +5.621971758e+007 +5.621909647e+007 +5.621909647e+007
2808 0 +5.492417633e+007 +5.492355522e+007 +5.492355522e+007
3018 0 +5.360600464e+007 +5.360538353e+007 +5.360538353e+007
3302 0 +5.247275914e+007 +5.247213803e+007 +5.247213803e+007
3811 0 +5.126439621e+007 +5.126377510e+007 +5.126377510e+007
4809 0 +5.011813733e+007 +5.011751622e+007 +5.011751622e+007
21508 0 +4.662321758e+007 +4.662259647e+007 +4.662259647e+007
21608 0 +4.379633311e+007 +4.379571200e+007 +4.379571200e+007
21706 0 +4.196870051e+007 +4.196807940e+007 +4.196807940e+007
21751 0 +4.125652423e+007 +4.125590312e+007 +4.125590312e+007
21806 0 +4.067892524e+007 +4.067830413e+007 +4.067830413e+007
21914 0 +3.972051646e+007 +3.971989535e+007 +3.971989535e+007
22003 0 +3.888373610e+007 +3.888311499e+007 +3.888311499e+007
22011 0 +3.797810822e+007 +3.797748711e+007 +3.797748711e+007
22209 0 +3.712758076e+007 +3.712695965e+007 +3.712695965e+007
22371 0 +3.616740824e+007 +3.616678713e+007 +3.616678713e+007
22406 0 +3.545457670e+007 +3.545395559e+007 +3.545395559e+007
22602 0 +3.459933191e+007 +3.459871080e+007 +3.459871080e+007
23044 0 +3.388113974e+007 +3.388051863e+007 +3.388051863e+007
23448 0 +3.298719297e+007 +3.298657186e+007 +3.298657186e+007
23805 0 +3.234798977e+007 +3.234736866e+007 +3.234736866e+007
26501 0 +3.161929310e+007 +3.161867199e+007 +3.161867199e+007
% f evaluations | g evaluations | best noise-free fitness - Fopt (-2.548200000000e+002) + sum g_i+ | measured fitness | best measured fitness or single-digit g-values | x1 | x2...
1 0 +4.780123172e+008 +4.780120624e+008 +4.780120624e+008
99 0 +4.209117407e+008 +4.209114859e+008 +4.209114859e+008
226 0 +4.038627201e+008 +4.038624653e+008 +4.038624653e+008
239 0 +3.931418365e+008 +3.931415817e+008 +3.931415817e+008
241 0 +3.582937974e+008 +3.582935426e+008 +3.582935426e+008
252 0 +3.068048451e+008 +3.068045903e+008 +3.068045903e+008
275 0 +2.933036545e+008 +2.933033997e+008 +2.933033997e+008
425 0 +2.825984975e+008 +2.825982427e+008 +2.825982427e+008
439 0 +2.609651651e+008 +2.609649103e+008 +2.609649103e+008
523 0 +2.397321635e+008 +2.397319087e+008 +2.397319087e+008
630 0 +2.176692472e+008 +2.176689924e+008 +2.176689924e+008
643 0 +1.925941936e+008 +1.925939388e+008 +1.925939388e+008
743 0 +1.866476397e+008 +1.866473849e+008 +1.866473849e+008
764 0 +1.844865937e+008 +1.844863389e+008 +1.844863389e+008
828 0 +1.799419202e+008 +1.799416654e+008 +1.799416654e+008
840 0 +1.750680857e+008 +1.750678309e+008 +1.750678309e+008
864 0 +1.484734110e+008 +1.484731562e+008 +1.484731562e+008
904 0 +1.420701148e+008 +1.420698599e+008 +1.420698599e+008
911 0 +1.401949267e+008 +1.401946719e+008 +1.401946719e+008
977 0 +1.329768601e+008 +1.329766052e+008 +1.329766052e+008
1002 0 +1.301177857e+008 +1.301175309e+008 +1.301175309e+008
1029 0 +1.230330445e+008 +1.230327897e+008 +1.230327897e+008
1104 0 +1.190835168e+008 +1.190832620e+008 +1.190832620e+008
1110 0 +1.145218528e+008 +1.145215980e+008 +1.145215980e+008
1215 0 +1.115614687e+008 +1.115612139e+008 +1.115612139e+008
1248 0 +1.094700764e+008 +1.094698216e+008 +1.094698216e+008
1403 0 +1.070227221e+008 +1.070224672e+008 +1.070224672e+008
1502 0 +1.022572201e+008 +1.022569653e+008 +1.022569653e+008
1602 0 +9.865949520e+007 +9.865924038e+007 +9.865924038e+007
1625 0 +9.705167660e+007 +9.705142178e+007 +9.705142178e+007
1867 0 +9.538331640e+007 +9.538306158e+007 +9.538306158e+007
1903 0 +9.330967627e+007 +9.330942145e+007 +9.330942145e+007
2003 0 +9.078848949e+007 +9.078823467e+007 +9.078823467e+007
2104 0 +8.902765980e+007 +8.902740498e+007 +8.902740498e+007
2207 0 +8.700382182e+007 +8.700356700e+007 +8.700356700e+007
2406 0 +8.502902618e+007 +8.502877136e+007 +8.502877136e+007
2602 0 +8.281962339e+007 +8.281936857e+007 +8.281936857e+007
3204 0 +8.127558021e+007 +8.127532539e+007 +8.127532539e+007
11807 0 +7.920467714e+007 +7.920442232e+007 +7.920442232e+007
11893 0 +7.521675245e+007 +7.521649763e+007 +7.521649763e+007
11905 0 +7.403257167e+007 +7.403231685e+007 +7.403231685e+007
12002 0 +7.205784715e+007 +7.205759233e+007 +7.205759233e+007
12029 0 +7.069101639e+007 +7.069076157e+007 +7.069076157e+007
12108 0 +6.903359222e+007 +6.903333740e+007 +6.903333740e+007
12209 0 +6.733969330e+007 +6.733943848e+007 +6.733943848e+007
12303 0 +6.570180538e+007 +6.570155056e+007 +6.570155056e+007
12532 0 +6.392624576e+007 +6.392599094e+007 +6.392599094e+007
12704 0 +6.308984476e+007 +6.308958994e+007 +6.308958994e+007
12924 0 +6.158626802e+007 +6.158601320e+007 +6.158601320e+007
13387 0 +6.024230222e+007 +6.024204740e+007 +6.024204740e+007
14104 0 +5.881160747e+007 +5.881135265e+007 +5.881135265e+007
15037 0 +5.753674055e+007 +5.753648573e+007 +5.753648573e+007
33024 0 +5.618953131e+007 +5.618927649e+007 +5.618927649e+007
33387 0 +5.484981081e+007 +5.484955599e+007 +5.484955599e+007
34074 0 +5.368442236e+007 +5.368416754e+007 +5.368416754e+007
38328 0 +5.247200075e+007 +5.247174593e+007 +5.247174593e+007
% f evaluations | g evaluations | best noise-free fitness - Fopt (5.661000000000e+001) + sum g_i+ | measured fitness | best measured fitness or single-digit g-values | x1 | x2...
1 0 +3.234975236e+008 +3.234975803e+008 +3.234975803e+008
232 0 +1.997999455e+008 +1.998000021e+008 +1.998000021e+008
351 0 +1.909248316e+008 +1.909248882e+008 +1.909248882e+008
396 0 +1.631676953e+008 +1.631677519e+008 +1.631677519e+008
409 0 +1.401624425e+008 +1.401624991e+008 +1.401624991e+008
534 0 +1.286974050e+008 +1.286974616e+008 +1.286974616e+008
564 0 +1.244998074e+008 +1.244998640e+008 +1.244998640e+008
611 0 +1.131851487e+008 +1.131852053e+008 +1.131852053e+008
758 0 +1.111662877e+008 +1.111663443e+008 +1.111663443e+008
779 0 +1.061928588e+008 +1.061929154e+008 +1.061929154e+008
819 0 +1.045671464e+008 +1.045672030e+008 +1.045672030e+008
905 0 +1.006719121e+008 +1.006719687e+008 +1.006719687e+008
907 0 +9.498939012e+007 +9.498944673e+007 +9.498944673e+007
1097 0 +8.801168813e+007 +8.801174474e+007 +8.801174474e+007
1114 0 +8.691014227e+007 +8.691019888e+007 +8.691019888e+007
1134 0 +7.934683513e+007 +7.934689174e+007 +7.934689174e+007
1310 0 +7.728315995e+007 +7.728321656e+007 +7.728321656e+007
1318 0 +7.429565416e+007 +7.429571077e+007 +7.429571077e+007
1356 0 +7.386375696e+007 +7.386381357e+007 +7.386381357e+007
1403 0 +7.136982982e+007 +7.136988643e+007 +7.136988643e+007
1509 0 +6.865121462e+007 +6.865127123e+007 +6.865127123e+007
1705 0 +6.745307545e+007 +6.745313206e+007 +6.745313206e+007
1866 0 +6.600062882e+007 +6.600068543e+007 +6.600068543e+007
1986 0 +6.269230079e+007 +6.269235740e+007 +6.269235740e+007
2112 0 +6.120810892e+007 +6.120816553e+007 +6.120816553e+007
2308 0 +6.021596843e+007 +6.021602504e+007 +6.021602504e+007
2581 0 +5.885402767e+007 +5.885408428e+007 +5.885408428e+007
2902 0 +5.742661848e+007 +5.742667509e+007 +5.742667509e+007
3636 0 +5.618888555e+007 +5.618894216e+007 +5.618894216e+007
4902 0 +5.493995094e+007 +5.494000755e+007 +5.494000755e+007
32502 0 +5.368194071e+007 +5.368199732e+007 +5.368199732e+007
32568 0 +5.228508899e+007 +5.228514560e+007 +5.228514560e+007
32702 0 +5.079919031e+007 +5.079924692e+007 +5.079924692e+007
32803 0 +5.002833681e+007 +5.002839342e+007 +5.002839342e+007
32915 0 +4.892980503e+007 +4.892986164e+007 +4.892986164e+007
33103 0 +4.770448724e+007 +4.770454385e+007 +4.770454385e+007
33242 0 +4.661551972e+007 +4.661557633e+007 +4.661557633e+007
33417 0 +4.545038761e+007 +4.545044422e+007 +4.545044422e+007
33626 0 +4.457302823e+007 +4.457308484e+007 +4.457308484e+007
33904 0 +4.361940085e+007 +4.361945746e+007 +4.361945746e+007
34303 0 +4.263587577e+007 +4.263593238e+007 +4.263593238e+007
% f evaluations | g evaluations | best noise-free fitness - Fopt (-1.810000000000e+001) + sum g_i+ | measured fitness | best measured fitness or single-digit g-values | x1 | x2...
1 0 +2.845524290e+008 +2.845524109e+008 +2.845524109e+008
323 0 +2.417959782e+008 +2.417959601e+008 +2.417959601e+008
496 0 +2.052657560e+008 +2.052657379e+008 +2.052657379e+008
504 0 +1.989976079e+008 +1.989975898e+008 +1.989975898e+008
539 0 +1.947870666e+008 +1.947870485e+008 +1.947870485e+008
602 0 +1.856234000e+008 +1.856233819e+008 +1.856233819e+008
642 0 +1.769784285e+008 +1.769784104e+008 +1.769784104e+008
668 0 +1.627148599e+008 +1.627148418e+008 +1.627148418e+008
686 0 +1.532671258e+008 +1.532671077e+008 +1.532671077e+008
741 0 +1.501010876e+008 +1.501010695e+008 +1.501010695e+008
768 0 +1.405759081e+008 +1.405758900e+008 +1.405758900e+008
786 0 +1.283168159e+008 +1.283167978e+008 +1.283167978e+008
822 0 +1.223085402e+008 +1.223085221e+008 +1.223085221e+008
847 0 +1.158502200e+008 +1.158502019e+008 +1.158502019e+008
944 0 +1.144483304e+008 +1.144483123e+008 +1.144483123e+008
947 0 +1.115669314e+008 +1.115669133e+008 +1.115669133e+008
1023 0 +1.094722475e+008 +1.094722294e+008 +1.094722294e+008
1112 0 +1.041401167e+008 +1.041400986e+008 +1.041400986e+008
1132 0 +9.650901830e+007 +9.650900020e+007 +9.650900020e+007
1202 0 +9.431697709e+007 +9.431695899e+007 +9.431695899e+007
1232 0 +9.206422835e+007 +9.206421025e+007 +9.206421025e+007
1303 0 +9.026702524e+007 +9.026700714e+007 +9.026700714e+007
1403 0 +8.811975370e+007 +8.811973560e+007 +8.811973560e+007
1422 0 +8.623822858e+007 +8.623821048e+007 +8.623821048e+007
1507 0 +8.482129667e+007 +8.482127857e+007 +8.482127857e+007
1509 0 +8.285888610e+007 +8.285886800e+007 +8.285886800e+007
1554 0 +8.036837571e+007 +8.036835761e+007 +8.036835761e+007
1571 0 +7.888083235e+007 +7.888081425e+007 +7.888081425e+007
1602 0 +7.752601227e+007 +7.752599417e+007 +7.752599417e+007
1606 0 +7.517409827e+007 +7.517408017e+007 +7.517408017e+007
1702 0 +7.407497802e+007 +7.407495992e+007 +7.407495992e+007
1707 0 +7.185960048e+007 +7.185958238e+007 +7.185958238e+007
1804 0 +6.980685614e+007 +6.980683804e+007 +6.980683804e+007
1828 0 +6.888123720e+007 +6.888121910e+007 +6.888121910e+007
1911 0 +6.755253890e+007 +6.755252080e+007 +6.755252080e+007
2008 0 +6.601408896e+007 +6.601407086e+007 +6.601407086e+007
2102 0 +6.406890091e+007 +6.406888281e+007 +6.406888281e+007
2187 0 +6.306233575e+007 +6.306231765e+007 +6.306231765e+007
2202 0 +6.129484955e+007 +6.129483145e+007 +6.129483145e+007
2323 0 +6.006148870e+007 +6.006147060e+007 +6.006147060e+007
2452 0 +5.851202472e+007 +5.851200662e+007 +5.851200662e+007
2591 0 +5.735219637e+007 +5.735217827e+007 +5.735217827e+007
2802 0 +5.527125817e+007 +5.527124007e+007 +5.527124007e+007
2902 0 +5.483449668e+007 +5.483447858e+007 +5.483447858e+007
3122 0 +5.366643859e+007 +5.366642049e+007 +5.366642049e+007
3380 0 +5.243976014e+007 +5.243974204e+007 +5.243974204e+007
5233 0 +5.127933152e+007 +5.127931342e+007 +5.127931342e+007
22002 0 +4.983290459e+007 +4.983288649e+007 +4.983288649e+007
22103 0 +4.881870006e+007 +4.881868196e+007 +4.881868196e+007
22306 0 +4.756320692e+007 +4.756318882e+007 +4.756318882e+007
22405 0 +4.643626279e+007 +4.643624469e+007 +4.643624469e+007
22609 0 +4.548876727e+007 +4.548874917e+007 +4.548874917e+007
22707 0 +4.427606345e+007 +4.427604535e+007 +4.427604535e+007
22807 0 +4.312615534e+007 +4.312613724e+007 +4.312613724e+007
22935 0 +4.256966811e+007 +4.256965001e+007 +4.256965001e+007
23122 0 +4.167629718e+007 +4.167627908e+007 +4.167627908e+007
23302 0 +4.048058744e+007 +4.048056934e+007 +4.048056934e+007
23721 0 +3.974620658e+007 +3.974618848e+007 +3.974618848e+007
24202 0 +3.884352670e+007 +3.884350860e+007 +3.884350860e+007
25914 0 +3.801392739e+007 +3.801390929e+007 +3.801390929e+007
% f evaluations | g evaluations | best noise-free fitness - Fopt (3.777000000000e+001) + sum g_i+ | measured fitness | best measured fitness or single-digit g-values | x1 | x2...
1 0 +2.003609534e+008 +2.003609912e+008 +2.003609912e+008
411 0 +1.533806302e+008 +1.533806680e+008 +1.533806680e+008
522 0 +1.476317642e+008 +1.476318019e+008 +1.476318019e+008
550 0 +1.366231467e+008 +1.366231844e+008 +1.366231844e+008
611 0 +1.293705776e+008 +1.293706153e+008 +1.293706153e+008
622 0 +1.279067301e+008 +1.279067679e+008 +1.279067679e+008
637 0 +1.225650955e+008 +1.225651333e+008 +1.225651333e+008
730 0 +1.194165919e+008 +1.194166297e+008 +1.194166297e+008
752 0 +1.070418594e+008 +1.070418971e+008 +1.070418971e+008
803 0 +1.027259968e+008 +1.027260346e+008 +1.027260346e+008
826 0 +9.821416408e+007 +9.821420185e+007 +9.821420185e+007
895 0 +9.769833681e+007 +9.769837458e+007 +9.769837458e+007
920 0 +9.409167892e+007 +9.409171669e+007 +9.409171669e+007
1018 0 +9.198472768e+007 +9.198476545e+007 +9.198476545e+007
1126 0 +8.468977022e+007 +8.468980799e+007 +8.468980799e+007
1272 0 +8.291978385e+007 +8.291982162e+007 +8.291982162e+007
1315 0 +8.050193540e+007 +8.050197317e+007 +8.050197317e+007
1333 0 +7.903656013e+007 +7.903659790e+007 +7.903659790e+007
1410 0 +7.687454137e+007 +7.687457914e+007 +7.687457914e+007
1433 0 +7.532486095e+007 +7.532489872e+007 +7.532489872e+007
1507 0 +7.390129088e+007 +7.390132865e+007 +7.390132865e+007
1508 0 +7.242354148e+007 +7.242357925e+007 +7.242357925e+007
1605 0 +7.061257822e+007 +7.061261599e+007 +7.061261599e+007
1708 0 +6.911832531e+007 +6.911836308e+007 +6.911836308e+007
1809 0 +6.757492985e+007 +6.757496762e+007 +6.757496762e+007
1869 0 +6.559485421e+007 +6.559489198e+007 +6.559489198e+007
1960 0 +6.421291397e+007 +6.421295174e+007 +6.421295174e+007
2014 0 +6.296961879e+007 +6.296965656e+007 +6.296965656e+007
2113 0 +6.155761145e+007 +6.155764922e+007 +6.155764922e+007
2288 0 +5.935118765e+007 +5.935122542e+007 +5.935122542e+007
2328 0 +5.873767618e+007 +5.873771395e+007 +5.873771395e+007
2509 0 +5.721298150e+007 +5.721301927e+007 +5.721301927e+007
2806 0 +5.610751644e+007 +5.610755421e+007 +5.610755421e+007
3100 0 +5.444670229e+007 +5.444674006e+007 +5.444674006e+007
3334 0 +5.368887190e+007 +5.368890967e+007 +5.368890967e+007
4210 0 +5.248019618e+007 +5.248023395e+007 +5.248023395e+007
11904 0 +5.045987557e+007 +5.045991334e+007 +5.045991334e+007
11992 0 +4.965209706e+007 +4.965213483e+007 +4.965213483e+007
12022 0 +4.878091493e+007 +4.878095270e+007 +4.878095270e+007
12122 0 +4.779444222e+007 +4.779447999e+007 +4.779447999e+007
12215 0 +4.638196514e+007 +4.638200291e+007 +4.638200291e+007
12309 0 +4.523732863e+007 +4.523736640e+007 +4.523736640e+007
12405 0 +4.460207830e+007 +4.460211607e+007 +4.460211607e+007
12453 0 +4.332866054e+007 +4.332869831e+007 +4.332869831e+007
12553 0 +4.240891748e+007 +4.240895525e+007 +4.240895525e+007
12702 0 +4.154210001e+007 +4.154213778e+007 +4.154213778e+007
12802 0 +4.072345268e+007 +4.072349045e+007 +4.072349045e+007
13116 0 +3.978717645e+007 +3.978721422e+007 +3.978721422e+007
15204 0 +3.890346884e+007 +3.890350661e+007 +3.890350661e+007
22816 0 +3.790917193e+007 +3.790920970e+007 +3.790920970e+007
22916 0 +3.707843593e+007 +3.707847370e+007 +3.707847370e+007
23104 0 +3.625676388e+007 +3.625680165e+007 +3.625680165e+007
23403 0 +3.546741672e+007 +3.546745449e+007 +3.546745449e+007
23712 0 +3.466434318e+007 +3.466438095e+007 +3.466438095e+007
24219 0 +3.379944626e+007 +3.379948403e+007 +3.379948403e+007
25002 0 +3.311087185e+007 +3.311090962e+007 +3.311090962e+007
% f evaluations | g evaluations | best noise-free fitness - Fopt (-6.325500000000e+002) + sum g_i+ | measured fitness | best measured fitness or single-digit g-values | x1 | x2...
1 0 +3.900911686e+008 +3.900905360e+008 +3.900905360e+008
263 0 +2.363080211e+008 +2.363073885e+008 +2.363073885e+008
302 0 +2.248129634e+008 +2.248123308e+008 +2.248123308e+008
383 0 +2.195441536e+008 +2.195435210e+008 +2.195435210e+008
443 0 +2.162804379e+008 +2.162798054e+008 +2.162798054e+008
451 0 +2.091655469e+008 +2.091649144e+008 +2.091649144e+008
483 0 +1.949816743e+008 +1.949810417e+008 +1.949810417e+008
533 0 +1.904089142e+008 +1.904082816e+008 +1.904082816e+008
574 0 +1.788499216e+008 +1.788492890e+008 +1.788492890e+008
602 0 +1.760401622e+008 +1.760395297e+008 +1.760395297e+008
616 0 +1.652983288e+008 +1.652976962e+008 +1.652976962e+008
705 0 +1.595136246e+008 +1.595129921e+008 +1.595129921e+008
706 0 +1.461722632e+008 +1.461716307e+008 +1.461716307e+008
753 0 +1.358866794e+008 +1.358860468e+008 +1.358860468e+008
831 0 +1.338678376e+008 +1.338672050e+008 +1.338672050e+008
875 0 +1.265086589e+008 +1.265080263e+008 +1.265080263e+008
968 0 +1.170492498e+008 +1.170486172e+008 +1.170486172e+008
1018 0 +1.131805064e+008 +1.131798739e+008 +1.131798739e+008
1120 0 +1.116439051e+008 +1.116432726e+008 +1.116432726e+008
1143 0 +1.086705010e+008 +1.086698685e+008 +1.086698685e+008
1205 0 +1.066505439e+008 +1.066499114e+008 +1.066499114e+008
1220 0 +9.182224806e+007 +9.182161551e+007 +9.182161551e+007
1306 0 +9.099368589e+007 +9.099305334e+007 +9.099305334e+007
1434 0 +8.637483657e+007 +8.637420402e+007 +8.637420402e+007
1578 0 +8.330316417e+007 +8.330253162e+007 +8.330253162e+007
1609 0 +8.246795807e+007 +8.246732552e+007 +8.246732552e+007
1666 0 +8.061291357e+007 +8.061228102e+007 +8.061228102e+007
1761 0 +7.913136549e+007 +7.913073294e+007 +7.913073294e+007
1813 0 +7.739320692e+007 +7.739257437e+007 +7.739257437e+007
1845 0 +7.425302012e+007 +7.425238757e+007 +7.425238757e+007
1907 0 +7.356821514e+007 +7.356758259e+007 +7.356758259e+007
2007 0 +7.087017257e+007 +7.086954002e+007 +7.086954002e+007
2024 0 +7.049925435e+007 +7.049862180e+007 +7.049862180e+007
2106 0 +6.915448807e+007 +6.915385552e+007 +6.915385552e+007
2202 0 +6.668843982e+007 +6.668780727e+007 +6.668780727e+007
2229 0 +6.586396712e+007 +6.586333457e+007 +6.586333457e+007
2331 0 +6.434352321e+007 +6.434289066e+007 +6.434289066e+007
2454 0 +6.295326991e+007 +6.295263736e+007 +6.295263736e+007
2606 0 +6.132741029e+007 +6.132677774e+007 +6.132677774e+007
2904 0 +6.024286357e+007 +6.024223102e+007 +6.024223102e+007
3141 0 +5.887394691e+007 +5.887331436e+007 +5.887331436e+007
3535 0 +5.754283864e+007 +5.754220609e+007 +5.754220609e+007
4393 0 +5.621278627e+007 +5.621215372e+007 +5.621215372e+007
7582 0 +5.494497021e+007 +5.494433766e+007 +5.494433766e+007
33595 0 +5.362025853e+007 +5.361962598e+007 +5.361962598e+007
33830 0 +5.247370808e+007 +5.247307553e+007 +5.247307553e+007
34208 0 +5.126851217e+007 +5.126787962e+007 +5.126787962e+007
% f evaluations | g evaluations | best noise-free fitness - Fopt (-8.530000000000e+001) + sum g_i+ | measured fitness | best measured fitness or single-digit g-values | x1 | x2...
1 0 +9.293108617e+008 +9.293107764e+008 +9.293107764e+008
30 0 +4.801518535e+008 +4.801517682e+008 +4.801517682e+008
217 0 +4.507186009e+008 +4.507185156e+008 +4.507185156e+008
230 0 +4.459742433e+008 +4.459741580e+008 +4.459741580e+008
270 0 +3.407552688e+008 +3.407551835e+008 +3.407551835e+008
285 0 +3.320637892e+008 +3.320637039e+008 +3.320637039e+008
304 0 +3.071749840e+008 +3.071748987e+008 +3.071748987e+008
310 0 +2.581672749e+008 +2.581671896e+008 +2.581671896e+008
407 0 +2.477591379e+008 +2.477590526e+008 +2.477590526e+008
433 0 +2.181904109e+008 +2.181903256e+008 +2.181903256e+008
436 0 +2.125673780e+008 +2.125672927e+008 +2.125672927e+008
440 0 +1.777780051e+008 +1.777779198e+008 +1.777779198e+008
503 0 +1.628522697e+008 +1.628521844e+008 +1.628521844e+008
534 0 +1.515030714e+008 +1.515029861e+008 +1.515029861e+008
541 0 +1.494163475e+008 +1.494162622e+008 +1.494162622e+008
588 0 +1.288050453e+008 +1.288049600e+008 +1.288049600e+008
626 0 +1.236412226e+008 +1.236411373e+008 +1.236411373e+008
677 0 +1.224511152e+008 +1.224510299e+008 +1.224510299e+008
709 0 +1.172039932e+008 +1.172039079e+008 +1.172039079e+008
748 0 +1.108990618e+008 +1.108989765e+008 +1.108989765e+008
813 0 +1.079062828e+008 +1.079061975e+008 +1.079061975e+008
814 0 +1.038850596e+008 +1.038849743e+008 +1.038849743e+008
836 0 +9.930524109e+007 +9.930515579e+007 +9.930515579e+007
909 0 +9.138343937e+007 +9.138335407e+007 +9.138335407e+007
975 0 +8.364636634e+007 +8.364628104e+007 +8.364628104e+007
1050 0 +8.302829827e+007 +8.302821297e+007 +8.302821297e+007
1088 0 +8.103658145e+007 +8.103649615e+007 +8.103649615e+007
1108 0 +7.708281796e+007 +7.708273266e+007 +7.708273266e+007
1132 0 +7.552814287e+007 +7.552805757e+007 +7.552805757e+007
1151 0 +7.392659778e+007 +7.392651248e+007 +7.392651248e+007
1206 0 +7.032396871e+007 +7.032388341e+007 +7.032388341e+007
1288 0 +6.885736386e+007 +6.885727856e+007 +6.885727856e+007
1309 0 +6.664885022e+007 +6.664876492e+007 +6.664876492e+007
1403 0 +6.552880900e+007 +6.552872370e+007 +6.552872370e+007
1409 0 +6.127203041e+007 +6.127194511e+007 +6.127194511e+007
1509 0 +6.005697149e+007 +6.005688619e+007 +6.005688619e+007
1535 0 +5.860582532e+007 +5.860574002e+007 +5.860574002e+007
1621 0 +5.707727288e+007 +5.707718758e+007 +5.707718758e+007
1706 0 +5.572614688e+007 +5.572606158e+007 +5.572606158e+007
1721 0 +5.477984919e+007 +5.477976389e+007 +5.477976389e+007
1806 0 +5.341130268e+007 +5.341121738e+007 +5.341121738e+007
1868 0 +5.220823196e+007 +5.220814666e+007 +5.220814666e+007
1918 0 +5.113149506e+007 +5.113140976e+007 +5.113140976e+007
2003 0 +5.005276876e+007 +5.005268346e+007 +5.005268346e+007
2119 0 +4.885737661e+007 +4.885729131e+007 +4.885729131e+007
2220 0 +4.766844589e+007 +4.766836059e+007 +4.766836059e+007
2404 0 +4.671745066e+007 +4.671736536e+007 +4.671736536e+007
2441 0 +4.435347573e+007 +4.435339043e+007 +4.435339043e+007
2602 0 +4.354423518e+007 +4.354414988e+007 +4.354414988e+007
3234 0 +4.264675311e+007 +4.264666781e+007 +4.264666781e+007
4002 0 +4.167872158e+007 +4.167863628e+007 +4.167863628e+007
% f evaluations | g evaluations | best noise-free fitness - Fopt (1.719500000000e+002) + sum g_i+ | measured fitness | best measured fitness or single-digit g-values | x1 | x2...
1 0 +5.354822174e+008 +5.354823893e+008 +5.354823893e+008
227 0 +3.746585478e+008 +3.746587197e+008 +3.746587197e+008
318 0 +2.597155233e+008 +2.597156953e+008 +2.597156953e+008
404 0 +2.331604654e+008 +2.331606374e+008 +2.331606374e+008
531 0 +2.273824462e+008 +2.273826182e+008 +2.273826182e+008
541 0 +2.182196174e+008 +2.182197893e+008 +2.182197893e+008
602 0 +2.003826963e+008 +2.003828683e+008 +2.003828683e+008
630 0 +1.943441777e+008 +1.943443497e+008 +1.943443497e+008
713 0 +1.713933287e+008 +1.713935006e+008 +1.713935006e+008
744 0 +1.691664493e+008 +1.691666212e+008 +1.691666212e+008
808 0 +1.563461666e+008 +1.563463386e+008 +1.563463386e+008
903 0 +1.520053547e+008 +1.520055267e+008 +1.520055267e+008
913 0 +1.511032009e+008 +1.511033729e+008 +1.511033729e+008
923 0 +1.433577411e+008 +1.433579131e+008 +1.433579131e+008
1033 0 +1.407115150e+008 +1.407116870e+008 +1.407116870e+008
1132 0 +1.328616000e+008 +1.328617720e+008 +1.328617720e+008
1203 0 +1.294719866e+008 +1.294721586e+008 +1.294721586e+008
1334 0 +1.283165112e+008 +1.283166831e+008 +1.283166831e+008
1345 0 +1.256588142e+008 +1.256589862e+008 +1.256589862e+008
1429 0 +1.217257541e+008 +1.217259260e+008 +1.217259260e+008
1513 0 +1.197045956e+008 +1.197047675e+008 +1.197047675e+008
1532 0 +1.153322699e+008 +1.153324418e+008 +1.153324418e+008
1610 0 +1.110002701e+008 +1.110004421e+008 +1.110004421e+008
1704 0 +1.070488959e+008 +1.070490678e+008 +1.070490678e+008
1725 0 +1.039525030e+008 +1.039526749e+008 +1.039526749e+008
1815 0 +1.018243784e+008 +1.018245503e+008 +1.018245503e+008
1880 0 +9.816855564e+007 +9.816872759e+007 +9.816872759e+007
1904 0 +9.711873167e+007 +9.711890362e+007 +9.711890362e+007
1931 0 +9.444789077e+007 +9.444806272e+007 +9.444806272e+007
2005 0 +9.288064761e+007 +9.288081956e+007 +9.288081956e+007
2009 0 +9.034637971e+007 +9.034655166e+007 +9.034655166e+007
2031 0 +8.908255259e+007 +8.908272454e+007 +8.908272454e+007
2111 0 +8.627781377e+007 +8.627798572e+007 +8.627798572e+007
2205 0 +8.470286216e+007 +8.470303411e+007 +8.470303411e+007
2302 0 +8.181444964e+007 +8.181462159e+007 +8.181462159e+007
2364 0 +8.102629324e+007 +8.102646519e+007 +8.102646519e+007
2502 0 +7.937986374e+007 +7.938003569e+007 +7.938003569e+007
2802 0 +7.747894174e+007 +7.747911369e+007 +7.747911369e+007
3206 0 +7.582876370e+007 +7.582893565e+007 +7.582893565e+007
3702 0 +7.410501618e+007 +7.410518813e+007 +7.410518813e+007
% f evaluations | g evaluations | best noise-free fitness - Fopt (6.816000000000e+001) + sum g_i+ | measured fitness | best measured fitness or single-digit g-values | x1 | x2...
1 0 +1.179020488e+009 +1.179020556e+009 +1.179020556e+009
51 0 +7.653082040e+008 +7.653082722e+008 +7.653082722e+008
59 0 +7.135428379e+008 +7.135429060e+008 +7.135429060e+008
178 0 +6.237413324e+008 +6.237414006e+008 +6.237414006e+008
205 0 +5.982209216e+008 +5.982209897e+008 +5.982209897e+008
218 0 +5.400728215e+008 +5.400728897e+008 +5.400728897e+008
247 0 +5.265706794e+008 +5.265707475e+008 +5.265707475e+008
254 0 +4.580813080e+008 +4.580813762e+008 +4.580813762e+008
259 0 +3.794766503e+008 +3.794767184e+008 +3.794767184e+008
310 0 +3.592685021e+008 +3.592685703e+008 +3.592685703e+008
347 0 +3.236224314e+008 +3.236224996e+008 +3.236224996e+008
453 0 +3.112428914e+008 +3.112429596e+008 +3.112429596e+008
456 0 +2.959477738e+008 +2.959478420e+008 +2.959478420e+008
478 0 +2.708847454e+008 +2.708848136e+008 +2.708848136e+008
516 0 +2.667947979e+008 +2.667948661e+008 +2.667948661e+008
520 0 +2.487499875e+008 +2.487500556e+008 +2.487500556e+008
532 0 +2.313951868e+008 +2.313952550e+008 +2.313952550e+008
709 0 +2.268410197e+008 +2.268410879e+008 +2.268410879e+008
755 0 +2.183974247e+008 +2.183974929e+008 +2.183974929e+008
756 0 +2.118314725e+008 +2.118315407e+008 +2.118315407e+008
767 0 +2.043469350e+008 +2.043470031e+008 +2.043470031e+008
830 0 +1.959949831e+008 +1.959950513e+008 +1.959950513e+008
918 0 +1.947990718e+008 +1.947991400e+008 +1.947991400e+008
920 0 +1.901236005e+008 +1.901236687e+008 +1.901236687e+008
1000 0 +1.807373101e+008 +1.807373783e+008 +1.807373783e+008
1008 0 +1.732477602e+008 +1.732478283e+008 +1.732478283e+008
1102 0 +1.680173265e+008 +1.680173947e+008 +1.680173947e+008
1138 0 +1.584519156e+008 +1.584519838e+008 +1.584519838e+008
1211 0 +1.547748811e+008 +1.547749492e+008 +1.547749492e+008
1292 0 +1.510318500e+008 +1.510319181e+008 +1.510319181e+008
1309 0 +1.425100586e+008 +1.425101267e+008 +1.425101267e+008
1311 0 +1.364514139e+008 +1.364514821e+008 +1.364514821e+008
1409 0 +1.321723522e+008 +1.321724204e+008 +1.321724204e+008
1501 0 +1.246710194e+008 +1.246710876e+008 +1.246710876e+008
1508 0 +1.224124973e+008 +1.224125655e+008 +1.224125655e+008
1509 0 +1.191386838e+008 +1.191387519e+008 +1.191387519e+008
1546 0 +1.143261696e+008 +1.143262377e+008 +1.143262377e+008
1646 0 +1.088206055e+008 +1.088206737e+008 +1.088206737e+008
1736 0 +1.064122297e+008 +1.064122978e+008 +1.064122978e+008
1807 0 +1.018455912e+008 +1.018456594e+008 +1.018456594e+008
1903 0 +9.918124459e+007 +9.918131275e+007 +9.918131275e+007
1904 0 +9.712721821e+007 +9.712728637e+007 +9.712728637e+007
1911 0 +9.522675839e+007 +9.522682655e+007 +9.522682655e+007
2034 0 +9.223291942e+007 +9.223298758e+007 +9.223298758e+007
2117 0 +9.114849342e+007 +9.114856158e+007 +9.114856158e+007
2306 0 +8.907066238e+007 +8.907073054e+007 +8.907073054e+007
2507 0 +8.653515008e+007 +8.653521824e+007 +8.653521824e+007
2708 0 +8.488500050e+007 +8.488506866e+007 +8.488506866e+007
3007 0 +8.297264543e+007 +8.297271359e+007 +8.297271359e+007
3406 0 +8.119549802e+007 +8.119556618e+007 +8.119556618e+007
4803 0 +7.943228572e+007 +7.943235388e+007 +7.943235388e+007
22032 0 +7.623569185e+007 +7.623576001e+007 +7.623576001e+007
22117 0 +7.580161428e+007 +7.580168244e+007 +7.580168244e+007
22231 0 +7.401545973e+007 +7.401552789e+007 +7.401552789e+007
22302 0 +7.211035849e+007 +7.211042665e+007 +7.211042665e+007
22402 0 +7.042673115e+007 +7.042679931e+007 +7.042679931e+007
22524 0 +6.907433607e+007 +6.907440423e+007 +6.907440423e+007
22740 0 +6.709673571e+007 +6.709680387e+007 +6.709680387e+007
22914 0 +6.578634655e+007 +6.578641471e+007 +6.578641471e+007
23267 0 +6.455481389e+007 +6.455488205e+007 +6.455488205e+007
24302 0 +6.308903434e+007 +6.308910250e+007 +6.308910250e+007
32408 0 +6.136596717e+007 +6.136603533e+007 +6.136603533e+007
32503 0 +5.987982501e+007 +5.987989317e+007 +5.987989317e+007
32604 0 +5.874663421e+007 +5.874670237e+007 +5.874670237e+007
32709 0 +5.704076040e+007 +5.704082856e+007 +5.704082856e+007
32902 0 +5.574343767e+007 +5.574350583e+007 +5.574350583e+007
33271 0 +5.493532378e+007 +5.493539194e+007 +5.493539194e+007
33515 0 +5.131244641e+007 +5.131251457e+007 +5.131251457e+007
33608 0 +5.119195597e+007 +5.119202413e+007 +5.119202413e+007
34302 0 +5.004579449e+007 +5.004586265e+007 +5.004586265e+007
34847 0 +4.889800044e+007 +4.889806860e+007 +4.889806860e+007
% f evaluations | g evaluations | best noise-free fitness - Fopt (1.000000000000e+003) + sum g_i+ | measured fitness | best measured fitness or single-digit g-values | x1 | x2...
1 0 +8.524611580e+008 +8.524621580e+008 +8.524621580e+008
18 0 +8.435995406e+008 +8.436005406e+008 +8.436005406e+008
53 0 +7.070974929e+008 +7.070984929e+008 +7.070984929e+008
95 0 +6.824958526e+008 +6.824968526e+008 +6.824968526e+008
113 0 +3.851703330e+008 +3.851713330e+008 +3.851713330e+008
220 0 +2.927844151e+008 +2.927854151e+008 +2.927854151e+008
289 0 +2.044916503e+008 +2.044926503e+008 +2.044926503e+008
322 0 +2.009345252e+008 +2.009355252e+008 +2.009355252e+008
443 0 +1.805538898e+008 +1.805548898e+008 +1.805548898e+008
512 0 +1.771158772e+008 +1.771168772e+008 +1.771168772e+008
523 0 +1.717567563e+008 +1.717577563e+008 +1.717577563e+008
608 0 +1.692719499e+008 +1.692729499e+008 +1.692729499e+008
618 0 +1.655376363e+008 +1.655386363e+008 +1.655386363e+008
710 0 +1.614970226e+008 +1.614980226e+008 +1.614980226e+008
742 0 +1.463894345e+008 +1.463904345e+008 +1.463904345e+008
807 0 +1.361815954e+008 +1.361825954e+008 +1.361825954e+008
871 0 +1.278599614e+008 +1.278609614e+008 +1.278609614e+008
921 0 +1.252897754e+008 +1.252907754e+008 +1.252907754e+008
1050 0 +1.219130314e+008 +1.219140314e+008 +1.219140314e+008
1078 0 +1.189576381e+008 +1.189586381e+008 +1.189586381e+008
1103 0 +1.140608977e+008 +1.140618977e+008 +1.140618977e+008
1111 0 +1.113550969e+008 +1.113560969e+008 +1.113560969e+008
1133 0 +1.066834932e+008 +1.066844932e+008 +1.066844932e+008
1196 0 +1.037563281e+008 +1.037573281e+008 +1.037573281e+008
1257 0 +1.016170599e+008 +1.016180599e+008 +1.016180599e+008
1273 0 +9.902245949e+007 +9.902345949e+007 +9.902345949e+007
1303 0 +9.692261438e+007 +9.692361438e+007 +9.692361438e+007
1330 0 +9.336333853e+007 +9.336433853e+007 +9.336433853e+007
1407 0 +9.148939578e+007 +9.149039578e+007 +9.149039578e+007
1456 0 +9.023551471e+007 +9.023651471e+007 +9.023651471e+007
1516 0 +8.749007161e+007 +8.749107161e+007 +8.749107161e+007
1604 0 +8.676963903e+007 +8.677063903e+007 +8.677063903e+007
1640 0 +8.470360225e+007 +8.470460225e+007 +8.470460225e+007
1797 0 +8.301298845e+007 +8.301398845e+007 +8.301398845e+007
1831 0 +8.085880473e+007 +8.085980473e+007 +8.085980473e+007
2003 0 +7.930822793e+007 +7.930922793e+007 +7.930922793e+007
2107 0 +7.743836951e+007 +7.743936951e+007 +7.743936951e+007
2306 0 +7.578752409e+007 +7.578852409e+007 +7.578852409e+007
2775 0 +7.411920143e+007 +7.412020143e+007 +7.412020143e+007
3279 0 +7.229745184e+007 +7.229845184e+007 +7.229845184e+007
3809 0 +7.076724937e+007 +7.076824937e+007 +7.076824937e+007
4902 0 +6.917847490e+007 +6.917947490e+007 +6.917947490e+007
% f evaluations | g evaluations | best noise-free fitness - Fopt (-6.837000000000e+001) + sum g_i+ | measured fitness | best measured fitness or single-digit g-values | x1 | x2...
1 0 +1.518343387e+009 +1.518343319e+009 +1.518343319e+009
3 0 +1.405234440e+009 +1.405234371e+009 +1.405234371e+009
11 0 +3.989699666e+008 +3.989698982e+008 +3.989698982e+008
206 0 +3.733988871e+008 +3.733988187e+008 +3.733988187e+008
226 0 +3.208869801e+008 +3.208869117e+008 +3.208869117e+008
306 0 +2.801812643e+008 +2.801811959e+008 +2.801811959e+008
407 0 +2.442893519e+008 +2.442892836e+008 +2.442892836e+008
417 0 +2.121254523e+008 +2.121253839e+008 +2.121253839e+008
513 0 +1.993885220e+008 +1.993884536e+008 +1.993884536e+008
625 0 +1.897318864e+008 +1.897318181e+008 +1.897318181e+008
648 0 +1.774999612e+008 +1.774998928e+008 +1.774998928e+008
701 0 +1.502535382e+008 +1.502534698e+008 +1.502534698e+008
804 0 +1.249497220e+008 +1.249496536e+008 +1.249496536e+008
903 0 +1.227426498e+008 +1.227425814e+008 +1.227425814e+008
935 0 +1.178669677e+008 +1.178668993e+008 +1.178668993e+008
989 0 +1.125655692e+008 +1.125655008e+008 +1.125655008e+008
1039 0 +1.092876814e+008 +1.092876130e+008 +1.092876130e+008
1105 0 +1.062544433e+008 +1.062543749e+008 +1.062543749e+008
1110 0 +1.037720976e+008 +1.037720292e+008 +1.037720292e+008
1150 0 +1.007513338e+008 +1.007512654e+008 +1.007512654e+008
1171 0 +9.869923340e+007 +9.869916503e+007 +9.869916503e+007
1211 0 +9.559240332e+007 +9.559233495e+007 +9.559233495e+007
1250 0 +9.375386383e+007 +9.375379546e+007 +9.375379546e+007
1314 0 +9.237432331e+007 +9.237425494e+007 +9.237425494e+007
1325 0 +8.978222185e+007 +8.978215348e+007 +8.978215348e+007
1353 0 +8.768804415e+007 +8.768797578e+007 +8.768797578e+007
1374 0 +8.697752108e+007 +8.697745271e+007 +8.697745271e+007
1402 0 +8.258796373e+007 +8.258789536e+007 +8.258789536e+007
1533 0 +8.110789242e+007 +8.110782405e+007 +8.110782405e+007
1615 0 +7.856485990e+007 +7.856479153e+007 +7.856479153e+007
1688 0 +7.648754973e+007 +7.648748136e+007 +7.648748136e+007
1713 0 +7.518242584e+007 +7.518235747e+007 +7.518235747e+007
1816 0 +7.399213352e+007 +7.399206515e+007 +7.399206515e+007
1932 0 +7.166837828e+007 +7.166830991e+007 +7.166830991e+007
2023 0 +7.051637002e+007 +7.051630165e+007 +7.051630165e+007
2211 0 +6.838177941e+007 +6.838171104e+007 +6.838171104e+007
2387 0 +6.720445875e+007 +6.720439038e+007 +6.720439038e+007
2504 0 +6.542551056e+007 +6.542544219e+007 +6.542544219e+007
2702 0 +6.442031870e+007 +6.442025033e+007 +6.442025033e+007
3104 0 +6.304051268e+007 +6.304044431e+007 +6.304044431e+007
3615 0 +6.159631104e+007 +6.159624267e+007 +6.159624267e+007
4204 0 +6.022404917e+007 +6.022398080e+007 +6.022398080e+007
% f evaluations | g evaluations | best noise-free fitness - Fopt (-5.548000000000e+001) + sum g_i+ | measured fitness | best measured fitness or single-digit g-values | x1 | x2...
1 0 +3.590253220e+009 +3.590253165e+009 +3.590253165e+009
2 0 +1.753375687e+009 +1.753375632e+009 +1.753375632e+009
10 0 +1.592852789e+009 +1.592852733e+009 +1.592852733e+009
17 0 +8.745497032e+008 +8.745496477e+008 +8.745496477e+008
127 0 +8.524987391e+008 +8.524986836e+008 +8.524986836e+008
204 0 +7.054780363e+008 +7.054779808e+008 +7.054779808e+008
205 0 +6.000923898e+008 +6.000923343e+008 +6.000923343e+008
220 0 +5.865982397e+008 +5.865981843e+008 +5.865981843e+008
234 0 +5.414557051e+008 +5.414556497e+008 +5.414556497e+008
246 0 +4.330663307e+008 +4.330662752e+008 +4.330662752e+008
327 0 +3.382532239e+008 +3.382531684e+008 +3.382531684e+008
420 0 +3.308072018e+008 +3.308071463e+008 +3.308071463e+008
435 0 +3.087982581e+008 +3.087982026e+008 +3.087982026e+008
520 0 +2.732924481e+008 +2.732923926e+008 +2.732923926e+008
549 0 +2.605678243e+008 +2.605677689e+008 +2.605677689e+008
596 0 +2.505157417e+008 +2.505156862e+008 +2.505156862e+008
605 0 +2.436427976e+008 +2.436427421e+008 +2.436427421e+008
621 0 +2.391382876e+008 +2.391382322e+008 +2.391382322e+008
692 0 +2.300668664e+008 +2.300668109e+008 +2.300668109e+008
711 0 +2.274790192e+008 +2.274789637e+008 +2.274789637e+008
729 0 +2.204355700e+008 +2.204355146e+008 +2.204355146e+008
821 0 +2.184619458e+008 +2.184618903e+008 +2.184618903e+008
829 0 +2.090499574e+008 +2.090499019e+008 +2.090499019e+008
831 0 +2.087883785e+008 +2.087883230e+008 +2.087883230e+008
880 0 +2.013601127e+008 +2.013600572e+008 +2.013600572e+008
887 0 +1.890032928e+008 +1.890032373e+008 +1.890032373e+008
921 0 +1.840337638e+008 +1.840337083e+008 +1.840337083e+008
938 0 +1.780841542e+008 +1.780840987e+008 +1.780840987e+008
980 0 +1.750621246e+008 +1.750620691e+008 +1.750620691e+008
1021 0 +1.691325380e+008 +1.691324825e+008 +1.691324825e+008
1121 0 +1.630364670e+008 +1.630364116e+008 +1.630364116e+008
1215 0 +1.598862071e+008 +1.598861516e+008 +1.598861516e+008
1242 0 +1.582854132e+008 +1.582853577e+008 +1.582853577e+008
1252 0 +1.537883550e+008 +1.537882995e+008 +1.537882995e+008
1306 0 +1.506484404e+008 +1.506483849e+008 +1.506483849e+008
1334 0 +1.394895506e+008 +1.394894951e+008 +1.394894951e+008
1403 0 +1.307614284e+008 +1.307613729e+008 +1.307613729e+008
1506 0 +1.251618748e+008 +1.251618193e+008 +1.251618193e+008
1606 0 +1.226636484e+008 +1.226635929e+008 +1.226635929e+008
1626 0 +1.184719078e+008 +1.184718523e+008 +1.184718523e+008
1712 0 +1.149762296e+008 +1.149761741e+008 +1.149761741e+008
1726 0 +1.142066594e+008 +1.142066040e+008 +1.142066040e+008
1812 0 +1.105353633e+008 +1.105353078e+008 +1.105353078e+008
1830 0 +1.081922863e+008 +1.081922308e+008 +1.081922308e+008
1915 0 +1.070416629e+008 +1.070416074e+008 +1.070416074e+008
2002 0 +1.036813409e+008 +1.036812854e+008 +1.036812854e+008
2202 0 +1.022463186e+008 +1.022462631e+008 +1.022462631e+008
2413 0 +9.985634033e+007 +9.985628485e+007 +9.985628485e+007
2745 0 +9.756287839e+007 +9.756282291e+007 +9.756282291e+007
3007 0 +9.542806884e+007 +9.542801336e+007 +9.542801336e+007
3507 0 +9.325503132e+007 +9.325497584e+007 +9.325497584e+007
4102 0 +9.112052333e+007 +9.112046785e+007 +9.112046785e+007
4904 0 +8.908196722e+007 +8.908191174e+007 +8.908191174e+007
22303 0 +8.580066990e+007 +8.580061442e+007 +8.580061442e+007
22305 0 +8.491247544e+007 +8.491241996e+007 +8.491241996e+007
22510 0 +8.176206938e+007 +8.176201390e+007 +8.176201390e+007
22607 0 +8.051268361e+007 +8.051262813e+007 +8.051262813e+007
22710 0 +7.940607875e+007 +7.940602327e+007 +7.940602327e+007
22903 0 +7.749417202e+007 +7.749411654e+007 +7.749411654e+007
23104 0 +7.580776805e+007 +7.580771257e+007 +7.580771257e+007
23560 0 +7.407500469e+007 +7.407494921e+007 +7.407494921e+007
24305 0 +7.239888992e+007 +7.239883444e+007 +7.239883444e+007
% f evaluations | g evaluations | best noise-free fitness - Fopt (-5.349000000000e+001) + sum g_i+ | measured fitness | best measured fitness or single-digit g-values | x1 | x2...
1 0 +2.289126133e+009 +2.289126079e+009 +2.289126079e+009
14 0 +1.970084915e+009 +1.970084862e+009 +1.970084862e+009
15 0 +1.688844150e+009 +1.688844097e+009 +1.688844097e+009
32 0 +1.593798190e+009 +1.593798136e+009 +1.593798136e+009
60 0 +7.503522043e+008 +7.503521508e+008 +7.503521508e+008
113 0 +6.321283717e+008 +6.321283182e+008 +6.321283182e+008
216 0 +5.069837163e+008 +5.069836628e+008 +5.069836628e+008
324 0 +4.467453070e+008 +4.467452535e+008 +4.467452535e+008
373 0 +4.445224694e+008 +4.445224159e+008 +4.445224159e+008
379 0 +3.960345611e+008 +3.960345077e+008 +3.960345077e+008
406 0 +3.669674494e+008 +3.669673959e+008 +3.669673959e+008
498 0 +3.446930853e+008 +3.446930319e+008 +3.446930319e+008
539 0 +3.294189838e+008 +3.294189303e+008 +3.294189303e+008
606 0 +3.214891972e+008 +3.214891437e+008 +3.214891437e+008
608 0 +3.100264711e+008 +3.100264176e+008 +3.100264176e+008
640 0 +2.951902525e+008 +2.951901990e+008 +2.951901990e+008
708 0 +2.844717016e+008 +2.844716481e+008 +2.844716481e+008
793 0 +2.780649164e+008 +2.780648629e+008 +2.780648629e+008
802 0 +2.575841844e+008 +2.575841309e+008 +2.575841309e+008
909 0 +2.502996904e+008 +2.502996369e+008 +2.502996369e+008
917 0 +2.395402176e+008 +2.395401642e+008 +2.395401642e+008
1026 0 +2.283328642e+008 +2.283328107e+008 +2.283328107e+008
1105 0 +2.204156262e+008 +2.204155727e+008 +2.204155727e+008
1107 0 +2.145690422e+008 +2.145689887e+008 +2.145689887e+008
1188 0 +1.960893945e+008 +1.960893410e+008 +1.960893410e+008
1211 0 +1.939293218e+008 +1.939292683e+008 +1.939292683e+008
1221 0 +1.904397485e+008 +1.904396950e+008 +1.904396950e+008
1253 0 +1.808471316e+008 +1.808470781e+008 +1.808470781e+008
1303 0 +1.770759545e+008 +1.770759010e+008 +1.770759010e+008
1402 0 +1.734616781e+008 +1.734616246e+008 +1.734616246e+008
1403 0 +1.694099134e+008 +1.694098599e+008 +1.694098599e+008
1531 0 +1.653759073e+008 +1.653758538e+008 +1.653758538e+008
1568 0 +1.601214417e+008 +1.601213882e+008 +1.601213882e+008
1610 0 +1.580426544e+008 +1.580426009e+008 +1.580426009e+008
1686 0 +1.543816637e+008 +1.543816102e+008 +1.543816102e+008
1696 0 +1.460870474e+008 +1.460869939e+008 +1.460869939e+008
1744 0 +1.406737762e+008 +1.406737227e+008 +1.406737227e+008
1802 0 +1.323989645e+008 +1.323989110e+008 +1.323989110e+008
1808 0 +1.303830840e+008 +1.303830306e+008 +1.303830306e+008
1809 0 +1.283687414e+008 +1.283686880e+008 +1.283686880e+008
2014 0 +1.241673740e+008 +1.241673205e+008 +1.241673205e+008
2053 0 +1.220123667e+008 +1.220123132e+008 +1.220123132e+008
2126 0 +1.193952533e+008 +1.193951998e+008 +1.193951998e+008
2210 0 +1.167970045e+008 +1.167969510e+008 +1.167969510e+008
2331 0 +1.147917336e+008 +1.147916801e+008 +1.147916801e+008
2503 0 +1.114002640e+008 +1.114002105e+008 +1.114002105e+008
2825 0 +1.095955829e+008 +1.095955294e+008 +1.095955294e+008
3825 0 +1.071234953e+008 +1.071234418e+008 +1.071234418e+008
11058 0 +1.035994599e+008 +1.035994064e+008 +1.035994064e+008
11152 0 +1.002144820e+008 +1.002144285e+008 +1.002144285e+008
11229 0 +9.824402369e+007 +9.824397020e+007 +9.824397020e+007
11232 0 +9.462044553e+007 +9.462039204e+007 +9.462039204e+007
11310 0 +9.140960049e+007 +9.140954700e+007 +9.140954700e+007
11332 0 +8.786787361e+007 +8.786782012e+007 +8.786782012e+007
11407 0 +8.596354989e+007 +8.596349640e+007 +8.596349640e+007
11472 0 +8.427436520e+007 +8.427431171e+007 +8.427431171e+007
11521 0 +8.248707220e+007 +8.248701871e+007 +8.248701871e+007
11574 0 +8.060052655e+007 +8.060047306e+007 +8.060047306e+007
11628 0 +7.939343425e+007 +7.939338076e+007 +7.939338076e+007
11709 0 +7.701432763e+007 +7.701427414e+007 +7.701427414e+007
11748 0 +7.488198394e+007 +7.488193045e+007 +7.488193045e+007
11803 0 +7.331428018e+007 +7.331422669e+007 +7.331422669e+007
11903 0 +7.151687429e+007 +7.151682080e+007 +7.151682080e+007
11923 0 +7.054053691e+007 +7.054048342e+007 +7.054048342e+007
12033 0 +6.447794826e+007 +6.447789477e+007 +6.447789477e+007
12102 0 +6.259015736e+007 +6.259010387e+007 +6.259010387e+007
12206 0 +6.162944956e+007 +6.162939607e+007 +6.162939607e+007
12311 0 +6.024631865e+007 +6.024626516e+007 +6.024626516e+007
12509 0 +5.882932123e+007 +5.882926774e+007 +5.882926774e+007
12600 0 +5.618968526e+007 +5.618963177e+007 +5.618963177e+007
12716 0 +5.478398166e+007 +5.478392817e+007 +5.478392817e+007
12878 0 +5.354519556e+007 +5.354514207e+007 +5.354514207e+007
13102 0 +5.238914894e+007 +5.238909545e+007 +5.238909545e+007
13459 0 +5.127820578e+007 +5.127815229e+007 +5.127815229e+007
14783 0 +5.011546826e+007 +5.011541477e+007 +5.011541477e+007
22134 0 +4.819668465e+007 +4.819663116e+007 +4.819663116e+007
22205 0 +4.762300769e+007 +4.762295420e+007 +4.762295420e+007
22303 0 +4.597682935e+007 +4.597677586e+007 +4.597677586e+007
22375 0 +4.563576627e+007 +4.563571278e+007 +4.563571278e+007
22506 0 +4.443476709e+007 +4.443471360e+007 +4.443471360e+007
22659 0 +4.334283991e+007 +4.334278642e+007 +4.334278642e+007
22804 0 +4.232672560e+007 +4.232667211e+007 +4.232667211e+007
23002 0 +4.165147283e+007 +4.165141934e+007 +4.165141934e+007
23412 0 +4.069020654e+007 +4.069015305e+007 +4.069015305e+007
24322 0 +3.981067420e+007 +3.981062071e+007 +3.981062071e+007
% f evaluations | g evaluations | best noise-free fitness - Fopt (1.172700000000e+002) + sum g_i+ | measured fitness | best measured fitness or single-digit g-values | x1 | x2...
1 0 +5.154203397e+009 +5.154203514e+009 +5.154203514e+009
6 0 +1.007728842e+009 +1.007728960e+009 +1.007728960e+009
41 0 +7.752142629e+008 +7.752143802e+008 +7.752143802e+008
46 0 +7.454359495e+008 +7.454360667e+008 +7.454360667e+008
75 0 +6.800278739e+008 +6.800279911e+008 +6.800279911e+008
145 0 +5.458762348e+008 +5.458763521e+008 +5.458763521e+008
242 0 +3.736220307e+008 +3.736221480e+008 +3.736221480e+008
333 0 +3.352925692e+008 +3.352926865e+008 +3.352926865e+008
345 0 +3.192242426e+008 +3.192243598e+008 +3.192243598e+008
418 0 +3.084027316e+008 +3.084028489e+008 +3.084028489e+008
480 0 +2.871577870e+008 +2.871579042e+008 +2.871579042e+008
548 0 +2.590228248e+008 +2.590229421e+008 +2.590229421e+008
567 0 +2.329154151e+008 +2.329155323e+008 +2.329155323e+008
704 0 +2.236407192e+008 +2.236408365e+008 +2.236408365e+008
758 0 +2.112329120e+008 +2.112330293e+008 +2.112330293e+008
823 0 +2.061251623e+008 +2.061252796e+008 +2.061252796e+008
891 0 +2.040003662e+008 +2.040004834e+008 +2.040004834e+008
905 0 +1.968987878e+008 +1.968989051e+008 +1.968989051e+008
923 0 +1.942555218e+008 +1.942556390e+008 +1.942556390e+008
939 0 +1.746802197e+008 +1.746803370e+008 +1.746803370e+008
1039 0 +1.693543851e+008 +1.693545024e+008 +1.693545024e+008
1056 0 +1.642600704e+008 +1.642601877e+008 +1.642601877e+008
1118 0 +1.620855263e+008 +1.620856436e+008 +1.620856436e+008
1141 0 +1.483988009e+008 +1.483989182e+008 +1.483989182e+008
1204 0 +1.451562346e+008 +1.451563519e+008 +1.451563519e+008
1205 0 +1.425524015e+008 +1.425525188e+008 +1.425525188e+008
1211 0 +1.381080842e+008 +1.381082015e+008 +1.381082015e+008
1272 0 +1.373442408e+008 +1.373443581e+008 +1.373443581e+008
1308 0 +1.338723602e+008 +1.338724775e+008 +1.338724775e+008
1356 0 +1.291248707e+008 +1.291249879e+008 +1.291249879e+008
1408 0 +1.224972170e+008 +1.224973343e+008 +1.224973343e+008
1506 0 +1.199793619e+008 +1.199794791e+008 +1.199794791e+008
1604 0 +1.169241302e+008 +1.169242475e+008 +1.169242475e+008
1612 0 +1.148134823e+008 +1.148135995e+008 +1.148135995e+008
1819 0 +1.121127350e+008 +1.121128523e+008 +1.121128523e+008
2014 0 +1.092698436e+008 +1.092699608e+008 +1.092699608e+008
2203 0 +1.062747665e+008 +1.062748837e+008 +1.062748837e+008
2315 0 +1.046299385e+008 +1.046300558e+008 +1.046300558e+008
2602 0 +1.023231994e+008 +1.023233167e+008 +1.023233167e+008
2903 0 +9.991882390e+007 +9.991894117e+007 +9.991894117e+007
3606 0 +9.769362053e+007 +9.769373780e+007 +9.769373780e+007
21258 0 +9.446263552e+007 +9.446275279e+007 +9.446275279e+007
21310 0 +8.843157189e+007 +8.843168916e+007 +8.843168916e+007
21375 0 +8.271061361e+007 +8.271073088e+007 +8.271073088e+007
21417 0 +8.086884061e+007 +8.086895788e+007 +8.086895788e+007
21421 0 +7.890856441e+007 +7.890868168e+007 +7.890868168e+007
21509 0 +7.750683019e+007 +7.750694746e+007 +7.750694746e+007
21514 0 +7.498828829e+007 +7.498840556e+007 +7.498840556e+007
21521 0 +7.315921254e+007 +7.315932981e+007 +7.315932981e+007
21535 0 +7.200827949e+007 +7.200839676e+007 +7.200839676e+007
21561 0 +6.908502672e+007 +6.908514399e+007 +6.908514399e+007
21607 0 +6.759307159e+007 +6.759318886e+007 +6.759318886e+007
21669 0 +6.385545516e+007 +6.385557243e+007 +6.385557243e+007
21706 0 +6.136243825e+007 +6.136255552e+007 +6.136255552e+007
21741 0 +5.822458810e+007 +5.822470537e+007 +5.822470537e+007
21925 0 +5.719090577e+007 +5.719102304e+007 +5.719102304e+007
22003 0 +5.495914672e+007 +5.495926399e+007 +5.495926399e+007
22103 0 +5.478132853e+007 +5.478144580e+007 +5.478144580e+007
22116 0 +5.360564604e+007 +5.360576331e+007 +5.360576331e+007
22134 0 +5.197628722e+007 +5.197640449e+007 +5.197640449e+007
22220 0 +4.883087825e+007 +4.883099552e+007 +4.883099552e+007
22312 0 +4.758174260e+007 +4.758185987e+007 +4.758185987e+007
22317 0 +4.606383086e+007 +4.606394813e+007 +4.606394813e+007
22408 0 +4.569350585e+007 +4.569362312e+007 +4.569362312e+007
22511 0 +4.459489237e+007 +4.459500964e+007 +4.459500964e+007
22703 0 +4.362471369e+007 +4.362483096e+007 +4.362483096e+007
22845 0 +4.238972452e+007 +4.238984179e+007 +4.238984179e+007
23004 0 +4.129988358e+007 +4.130000085e+007 +4.130000085e+007
23104 0 +4.043426236e+007 +4.043437963e+007 +4.043437963e+007
23306 0 +3.975266631e+007 +3.975278358e+007 +3.975278358e+007
23604 0 +3.890109496e+007 +3.890121223e+007 +3.890121223e+007
23971 0 +3.800663114e+007 +3.800674841e+007 +3.800674841e+007
24488 0 +3.713953112e+007 +3.713964839e+007 +3.713964839e+007
25604 0 +3.630356816e+007 +3.630368543e+007 +3.630368543e+007
% f evaluations | g evaluations | best noise-free fitness - Fopt (7.789000000000e+001) + sum g_i+ | measured fitness | best measured fitness or single-digit g-values | x1 | x2...
1 0 +4.769614332e+008 +4.769615111e+008 +4.769615111e+008
306 0 +4.322611480e+008 +4.322612259e+008 +4.322612259e+008
316 0 +3.722331955e+008 +3.722332734e+008 +3.722332734e+008
333 0 +2.490213576e+008 +2.490214355e+008 +2.490214355e+008
475 0 +2.253698678e+008 +2.253699457e+008 +2.253699457e+008
510 0 +2.122783111e+008 +2.122783890e+008 +2.122783890e+008
607 0 +1.956765306e+008 +1.956766085e+008 +1.956766085e+008
618 0 +1.940743159e+008 +1.940743938e+008 +1.940743938e+008
652 0 +1.880466901e+008 +1.880467680e+008 +1.880467680e+008
744 0 +1.810694817e+008 +1.810695596e+008 +1.810695596e+008
769 0 +1.724218851e+008 +1.724219630e+008 +1.724219630e+008
807 0 +1.666944404e+008 +1.666945183e+008 +1.666945183e+008
846 0 +1.604093251e+008 +1.604094030e+008 +1.604094030e+008
902 0 +1.449033766e+008 +1.449034545e+008 +1.449034545e+008
946 0 +1.377930619e+008 +1.377931398e+008 +1.377931398e+008
1025 0 +1.307014898e+008 +1.307015677e+008 +1.307015677e+008
1047 0 +1.272403338e+008 +1.272404117e+008 +1.272404117e+008
1109 0 +1.258636507e+008 +1.258637286e+008 +1.258637286e+008
1221 0 +1.228485368e+008 +1.228486147e+008 +1.228486147e+008
1257 0 +1.189875184e+008 +1.189875963e+008 +1.189875963e+008
1273 0 +1.161391302e+008 +1.161392080e+008 +1.161392080e+008
1329 0 +1.144465947e+008 +1.144466726e+008 +1.144466726e+008
1391 0 +1.121989627e+008 +1.121990406e+008 +1.121990406e+008
1405 0 +1.094128579e+008 +1.094129358e+008 +1.094129358e+008
1505 0 +1.053194377e+008 +1.053195156e+008 +1.053195156e+008
1537 0 +1.031898168e+008 +1.031898947e+008 +1.031898947e+008
1551 0 +9.237158218e+007 +9.237166007e+007 +9.237166007e+007
1602 0 +9.078756698e+007 +9.078764487e+007 +9.078764487e+007
1711 0 +8.710331319e+007 +8.710339108e+007 +8.710339108e+007
1725 0 +8.543946765e+007 +8.543954554e+007 +8.543954554e+007
1908 0 +8.511359244e+007 +8.511367033e+007 +8.511367033e+007
1928 0 +8.285955392e+007 +8.285963181e+007 +8.285963181e+007
2102 0 +8.095954093e+007 +8.095961882e+007 +8.095961882e+007
2377 0 +7.922942792e+007 +7.922950581e+007 +7.922950581e+007
2603 0 +7.696525613e+007 +7.696533402e+007 +7.696533402e+007
2804 0 +7.536406598e+007 +7.536414387e+007 +7.536414387e+007
3006 0 +7.392160419e+007 +7.392168208e+007 +7.392168208e+007
3232 0 +7.242786845e+007 +7.242794634e+007 +7.242794634e+007
3734 0 +7.077353657e+007 +7.077361446e+007 +7.077361446e+007
34203 0 +6.916895165e+007 +6.916902954e+007 +6.916902954e+007
35546 0 +6.759867032e+007 +6.759874821e+007 +6.759874821e+007
