% f evaluations | g evaluations | best noise-free fitness - Fopt (-5.494000000000e+001) + sum g_i+ | measured fitness | best measured fitness or single-digit g-values | x1 | x2...
1 0 +2.769510028e+007 +2.769504534e+007 +2.769504534e+007
12 0 +2.264232846e+007 +2.264227352e+007 +2.264227352e+007
27 0 +1.782324209e+007 +1.782318715e+007 +1.782318715e+007
46 0 +1.676525099e+007 +1.676519605e+007 +1.676519605e+007
72 0 +1.377445800e+007 +1.377440306e+007 +1.377440306e+007
122 0 +1.164697136e+007 +1.164691642e+007 +1.164691642e+007
236 0 +1.074365760e+007 +1.074360266e+007 +1.074360266e+007
278 0 +1.006487396e+007 +1.006481902e+007 +1.006481902e+007
305 0 +6.605150648e+006 +6.605095708e+006 +6.605095708e+006
347 0 +5.670954592e+006 +5.670899652e+006 +5.670899652e+006
420 0 +4.928883961e+006 +4.928829021e+006 +4.928829021e+006
525 0 +4.536455753e+006 +4.536400813e+006 +4.536400813e+006
547 0 +4.274271113e+006 +4.274216173e+006 +4.274216173e+006
717 0 +3.755104332e+006 +3.755049392e+006 +3.755049392e+006
744 0 +3.491832433e+006 +3.491777493e+006 +3.491777493e+006
759 0 +3.379084650e+006 +3.379029710e+006 +3.379029710e+006
935 0 +3.219276543e+006 +3.219221603e+006 +3.219221603e+006
1024 0 +3.029657697e+006 +3.029602757e+006 +3.029602757e+006
1212 0 +2.573019407e+006 +2.572964467e+006 +2.572964467e+006
1329 0 +2.565376852e+006 +2.565321912e+006 +2.565321912e+006
1338 0 +2.485049906e+006 +2.484994966e+006 +2.484994966e+006
1356 0 +2.413785341e+006 +2.413730401e+006 +2.413730401e+006
1426 0 +2.290225893e+006 +2.290170953e+006 +2.290170953e+006
1429 0 +2.180120711e+006 +2.180065771e+006 +2.180065771e+006
1482 0 +2.123907246e+006 +2.123852306e+006 +2.123852306e+006
1526 0 +2.085600000e+006 +2.085545060e+006 +2.085545060e+006
1665 0 +1.997492839e+006 +1.997437899e+006 +1.997437899e+006
1672 0 +1.959444121e+006 +1.959389181e+006 +1.959389181e+006
1675 0 +1.680719205e+006 +1.680664265e+006 +1.680664265e+006
1727 0 +1.633570038e+006 +1.633515098e+006 +1.633515098e+006
1815 0 +1.584103512e+006 +1.584048572e+006 +1.584048572e+006
1833 0 +1.528493364e+006 +1.528438424e+006 +1.528438424e+006
2007 0 +1.497785720e+006 +1.497730780e+006 +1.497730780e+006
2119 0 +1.446630009e+006 +1.446575069e+006 +1.446575069e+006
2211 0 +1.432220278e+006 +1.432165338e+006 +1.432165338e+006
2289 0 +1.292817138e+006 +1.292762198e+006 +1.292762198e+006
2340 0 +1.219462019e+006 +1.219407079e+006 +1.219407079e+006
2429 0 +1.202120348e+006 +1.202065408e+006 +1.202065408e+006
2435 0 +1.157666675e+006 +1.157611735e+006 +1.157611735e+006
2539 0 +1.118961488e+006 +1.118906548e+006 +1.118906548e+006
2546 0 +1.090875697e+006 +1.090820757e+006 +1.090820757e+006
2605 0 +1.010541299e+006 +1.010486359e+006 +1.010486359e+006
2738 0 +9.892162424e+005 +9.891613024e+005 +9.891613024e+005
2758 0 +9.753227832e+005 +9.752678432e+005 +9.752678432e+005
2984 0 +9.536807763e+005 +9.536258363e+005 +9.536258363e+005
3114 0 +9.161362618e+005 +9.160813218e+005 +9.160813218e+005
3209 0 +9.109091432e+005 +9.108542032e+005 +9.108542032e+005
3314 0 +8.797713722e+005 +8.797164322e+005 +8.797164322e+005
3323 0 +8.402362531e+005 +8.401813131e+005 +8.401813131e+005
3403 0 +8.175561383e+005 +8.175011983e+005 +8.175011983e+005
3427 0 +7.977374152e+005 +7.976824752e+005 +7.976824752e+005
3507 0 +7.840986640e+005 +7.840437240e+005 +7.840437240e+005
3514 0 +7.706678489e+005 +7.706129089e+005 +7.706129089e+005
3582 0 +7.524654764e+005 +7.524105364e+005 +7.524105364e+005
3604 0 +7.392323516e+005 +7.391774116e+005 +7.391774116e+005
3862 0 +7.238072806e+005 +7.237523406e+005 +7.237523406e+005
4139 0 +7.070458001e+005 +7.069908601e+005 +7.069908601e+005
4381 0 +6.837281284e+005 +6.836731884e+005 +6.836731884e+005
4405 0 +6.729809160e+005 +6.729259760e+005 +6.729259760e+005
4537 0 +6.525591433e+005 +6.525042033e+005 +6.525042033e+005
4718 0 +6.397835390e+005 +6.397285990e+005 +6.397285990e+005
4832 0 +6.263686888e+005 +6.263137488e+005 +6.263137488e+005
5620 0 +6.075835469e+005 +6.075286069e+005 +6.075286069e+005
5783 0 +6.010423832e+005 +6.009874432e+005 +6.009874432e+005
5830 0 +5.877708973e+005 +5.877159573e+005 +5.877159573e+005
5907 0 +5.671807574e+005 +5.671258174e+005 +5.671258174e+005
5941 0 +5.612416961e+005 +5.611867561e+005 +5.611867561e+005
6114 0 +5.471463012e+005 +5.470913612e+005 +5.470913612e+005
6287 0 +5.363712899e+005 +5.363163499e+005 +5.363163499e+005
6332 0 +5.063458350e+005 +5.062908950e+005 +5.062908950e+005
6363 0 +4.996978260e+005 +4.996428860e+005 +4.996428860e+005
6419 0 +4.890270369e+005 +4.889720969e+005 +4.889720969e+005
6526 0 +4.765715984e+005 +4.765166584e+005 +4.765166584e+005
6628 0 +4.647677878e+005 +4.647128478e+005 +4.647128478e+005
6763 0 +4.559151427e+005 +4.558602027e+005 +4.558602027e+005
6836 0 +4.436388242e+005 +4.435838842e+005 +4.435838842e+005
7043 0 +4.363732090e+005 +4.363182690e+005 +4.363182690e+005
8210 0 +4.264843232e+005 +4.264293832e+005 +4.264293832e+005
9520 0 +4.165466231e+005 +4.164916831e+005 +4.164916831e+005
% f evaluations | g evaluations | best noise-free fitness - Fopt (5.913000000000e+001) + sum g_i+ | measured fitness | best measured fitness or single-digit g-values | x1 | x2...
1 0 +4.211731163e+007 +4.211737076e+007 +4.211737076e+007
2 0 +2.449593486e+007 +2.449599399e+007 +2.449599399e+007
32 0 +2.049630455e+007 +2.049636368e+007 +2.049636368e+007
73 0 +1.437946325e+007 +1.437952238e+007 +1.437952238e+007
84 0 +9.300730497e+006 +9.300789627e+006 +9.300789627e+006
280 0 +8.938109771e+006 +8.938168901e+006 +8.938168901e+006
284 0 +8.685933635e+006 +8.685992765e+006 +8.685992765e+006
313 0 +7.156681203e+006 +7.156740333e+006 +7.156740333e+006
314 0 +6.850699213e+006 +6.850758343e+006 +6.850758343e+006
438 0 +6.727669094e+006 +6.727728224e+006 +6.727728224e+006
457 0 +5.521756020e+006 +5.521815150e+006 +5.521815150e+006
509 0 +5.413758189e+006 +5.413817319e+006 +5.413817319e+006
526 0 +5.366010361e+006 +5.366069491e+006 +5.366069491e+006
722 0 +4.724290275e+006 +4.724349405e+006 +4.724349405e+006
829 0 +4.154975627e+006 +4.155034757e+006 +4.155034757e+006
918 0 +4.045249478e+006 +4.045308608e+006 +4.045308608e+006
1003 0 +3.869213483e+006 +3.869272613e+006 +3.869272613e+006
1014 0 +3.198990759e+006 +3.199049889e+006 +3.199049889e+006
1142 0 +3.131320228e+006 +3.131379358e+006 +3.131379358e+006
1218 0 +3.059290997e+006 +3.059350127e+006 +3.059350127e+006
1242 0 +2.963339005e+006 +2.963398135e+006 +2.963398135e+006
1251 0 +2.673650745e+006 +2.673709875e+006 +2.673709875e+006
1306 0 +2.379711276e+006 +2.379770406e+006 +2.379770406e+006
1403 0 +2.189067239e+006 +2.189126369e+006 +2.189126369e+006
1465 0 +2.091369456e+006 +2.091428586e+006 +2.091428586e+006
1506 0 +2.052248312e+006 +2.052307442e+006 +2.052307442e+006
1527 0 +1.931267208e+006 +1.931326338e+006 +1.931326338e+006
1628 0 +1.894929609e+006 +1.894988739e+006 +1.894988739e+006
1632 0 +1.847019560e+006 +1.847078690e+006 +1.847078690e+006
1640 0 +1.803897456e+006 +1.803956586e+006 +1.803956586e+006
1655 0 +1.572002016e+006 +1.572061146e+006 +1.572061146e+006
1707 0 +1.446043023e+006 +1.446102153e+006 +1.446102153e+006
1806 0 +1.419629466e+006 +1.419688596e+006 +1.419688596e+006
1807 0 +1.409532822e+006 +1.409591952e+006 +1.409591952e+006
1830 0 +1.267209003e+006 +1.267268133e+006 +1.267268133e+006
1907 0 +1.235608487e+006 +1.235667617e+006 +1.235667617e+006
1931 0 +1.221278965e+006 +1.221338095e+006 +1.221338095e+006
2119 0 +1.179670162e+006 +1.179729292e+006 +1.179729292e+006
2130 0 +1.159411121e+006 +1.159470251e+006 +1.159470251e+006
2218 0 +1.136713331e+006 +1.136772461e+006 +1.136772461e+006
2222 0 +1.089710246e+006 +1.089769376e+006 +1.089769376e+006
2314 0 +1.046848952e+006 +1.046908082e+006 +1.046908082e+006
2333 0 +1.002574777e+006 +1.002633907e+006 +1.002633907e+006
2418 0 +9.525673408e+005 +9.526264708e+005 +9.526264708e+005
2431 0 +9.005345106e+005 +9.005936406e+005 +9.005936406e+005
2531 0 +8.570789955e+005 +8.571381255e+005 +8.571381255e+005
2647 0 +7.827466594e+005 +7.828057894e+005 +7.828057894e+005
2714 0 +7.615774552e+005 +7.616365852e+005 +7.616365852e+005
2780 0 +7.241277275e+005 +7.241868575e+005 +7.241868575e+005
2814 0 +7.049320921e+005 +7.049912221e+005 +7.049912221e+005
2904 0 +6.178682559e+005 +6.179273859e+005 +6.179273859e+005
3014 0 +6.082781410e+005 +6.083372710e+005 +6.083372710e+005
3178 0 +5.964131491e+005 +5.964722791e+005 +5.964722791e+005
3248 0 +5.884149471e+005 +5.884740771e+005 +5.884740771e+005
3533 0 +5.713855502e+005 +5.714446802e+005 +5.714446802e+005
3576 0 +5.491088157e+005 +5.491679457e+005 +5.491679457e+005
3808 0 +5.315548791e+005 +5.316140091e+005 +5.316140091e+005
4108 0 +5.221907388e+005 +5.222498688e+005 +5.222498688e+005
4304 0 +5.098199157e+005 +5.098790457e+005 +5.098790457e+005
4417 0 +4.978175156e+005 +4.978766456e+005 +4.978766456e+005
4508 0 +4.881335636e+005 +4.881926936e+005 +4.881926936e+005
4746 0 +4.764051380e+005 +4.764642680e+005 +4.764642680e+005
5561 0 +4.656802967e+005 +4.657394267e+005 +4.657394267e+005
5718 0 +4.564278266e+005 +4.564869566e+005 +4.564869566e+005
5925 0 +4.430594472e+005 +4.431185772e+005 +4.431185772e+005
6324 0 +4.359762619e+005 +4.360353919e+005 +4.360353919e+005
6704 0 +4.260389360e+005 +4.260980660e+005 +4.260980660e+005
7112 0 +4.151278023e+005 +4.151869323e+005 +4.151869323e+005
8125 0 +4.067615313e+005 +4.068206613e+005 +4.068206613e+005
% f evaluations | g evaluations | best noise-free fitness - Fopt (-4.915300000000e+002) + sum g_i+ | measured fitness | best measured fitness or single-digit g-values | x1 | x2...
1 0 +1.893357181e+007 +1.893308028e+007 +1.893308028e+007
2 0 +1.153949759e+007 +1.153900606e+007 +1.153900606e+007
198 0 +1.015043311e+007 +1.014994158e+007 +1.014994158e+007
304 0 +9.223164391e+006 +9.222672861e+006 +9.222672861e+006
403 0 +9.000765669e+006 +9.000274139e+006 +9.000274139e+006
414 0 +8.806019344e+006 +8.805527814e+006 +8.805527814e+006
431 0 +8.433463162e+006 +8.432971632e+006 +8.432971632e+006
461 0 +6.949761631e+006 +6.949270101e+006 +6.949270101e+006
512 0 +6.100029336e+006 +6.099537806e+006 +6.099537806e+006
621 0 +5.356723765e+006 +5.356232235e+006 +5.356232235e+006
711 0 +4.735069381e+006 +4.734577851e+006 +4.734577851e+006
813 0 +4.164551203e+006 +4.164059673e+006 +4.164059673e+006
830 0 +3.990163711e+006 +3.989672181e+006 +3.989672181e+006
964 0 +3.969422797e+006 +3.968931267e+006 +3.968931267e+006
992 0 +3.730213443e+006 +3.729721913e+006 +3.729721913e+006
1013 0 +3.077340845e+006 +3.076849315e+006 +3.076849315e+006
1192 0 +3.005468055e+006 +3.004976525e+006 +3.004976525e+006
1201 0 +2.942290134e+006 +2.941798604e+006 +2.941798604e+006
1216 0 +2.849450573e+006 +2.848959043e+006 +2.848959043e+006
1315 0 +2.806913147e+006 +2.806421617e+006 +2.806421617e+006
1356 0 +2.653832004e+006 +2.653340474e+006 +2.653340474e+006
1445 0 +2.620425315e+006 +2.619933785e+006 +2.619933785e+006
1489 0 +2.486861918e+006 +2.486370388e+006 +2.486370388e+006
1533 0 +2.436461292e+006 +2.435969762e+006 +2.435969762e+006
1613 0 +2.062410932e+006 +2.061919402e+006 +2.061919402e+006
1651 0 +2.034033249e+006 +2.033541719e+006 +2.033541719e+006
1713 0 +1.887798411e+006 +1.887306881e+006 +1.887306881e+006
1715 0 +1.759055812e+006 +1.758564282e+006 +1.758564282e+006
1813 0 +1.651028465e+006 +1.650536935e+006 +1.650536935e+006
1816 0 +1.411835413e+006 +1.411343883e+006 +1.411343883e+006
1913 0 +1.364871616e+006 +1.364380086e+006 +1.364380086e+006
1916 0 +1.292192289e+006 +1.291700759e+006 +1.291700759e+006
1923 0 +1.203842667e+006 +1.203351137e+006 +1.203351137e+006
2013 0 +1.176729417e+006 +1.176237887e+006 +1.176237887e+006
2027 0 +1.139172961e+006 +1.138681431e+006 +1.138681431e+006
2066 0 +1.095127189e+006 +1.094635659e+006 +1.094635659e+006
2115 0 +1.043743366e+006 +1.043251836e+006 +1.043251836e+006
2283 0 +9.870632262e+005 +9.865716962e+005 +9.865716962e+005
2315 0 +9.580711401e+005 +9.575796101e+005 +9.575796101e+005
2453 0 +8.912481071e+005 +8.907565771e+005 +8.907565771e+005
2560 0 +8.636824457e+005 +8.631909157e+005 +8.631909157e+005
2734 0 +8.384216534e+005 +8.379301234e+005 +8.379301234e+005
2985 0 +8.299486612e+005 +8.294571312e+005 +8.294571312e+005
3114 0 +8.107248805e+005 +8.102333505e+005 +8.102333505e+005
3243 0 +7.847436192e+005 +7.842520892e+005 +7.842520892e+005
3534 0 +7.743676382e+005 +7.738761082e+005 +7.738761082e+005
3603 0 +7.582613079e+005 +7.577697779e+005 +7.577697779e+005
3928 0 +7.393000172e+005 +7.388084872e+005 +7.388084872e+005
4484 0 +7.235789685e+005 +7.230874385e+005 +7.230874385e+005
4823 0 +7.072485968e+005 +7.067570668e+005 +7.067570668e+005
5308 0 +6.898196227e+005 +6.893280927e+005 +6.893280927e+005
5602 0 +6.754032905e+005 +6.749117605e+005 +6.749117605e+005
7605 0 +6.606118165e+005 +6.601202865e+005 +6.601202865e+005
8415 0 +6.453992614e+005 +6.449077314e+005 +6.449077314e+005
9502 0 +6.300230471e+005 +6.295315171e+005 +6.295315171e+005
% f evaluations | g evaluations | best noise-free fitness - Fopt (-1.702000000000e+002) + sum g_i+ | measured fitness | best measured fitness or single-digit g-values | x1 | x2...
1 0 +9.334874622e+006 +9.334704422e+006 +9.334704422e+006
34 0 +7.773603929e+006 +7.773433729e+006 +7.773433729e+006
210 0 +5.672566734e+006 +5.672396534e+006 +5.672396534e+006
323 0 +3.863929407e+006 +3.863759207e+006 +3.863759207e+006
357 0 +3.554081722e+006 +3.553911522e+006 +3.553911522e+006
444 0 +3.533653272e+006 +3.533483072e+006 +3.533483072e+006
479 0 +2.701163041e+006 +2.700992841e+006 +2.700992841e+006
685 0 +2.314175411e+006 +2.314005211e+006 +2.314005211e+006
805 0 +2.191479392e+006 +2.191309192e+006 +2.191309192e+006
931 0 +2.128066300e+006 +2.127896100e+006 +2.127896100e+006
1148 0 +1.844520672e+006 +1.844350472e+006 +1.844350472e+006
1224 0 +1.691703671e+006 +1.691533471e+006 +1.691533471e+006
1321 0 +1.623565114e+006 +1.623394914e+006 +1.623394914e+006
1347 0 +1.585099919e+006 +1.584929719e+006 +1.584929719e+006
1448 0 +1.575794765e+006 +1.575624565e+006 +1.575624565e+006
1492 0 +1.548666122e+006 +1.548495922e+006 +1.548495922e+006
1531 0 +1.508637886e+006 +1.508467686e+006 +1.508467686e+006
1539 0 +1.478823597e+006 +1.478653397e+006 +1.478653397e+006
1626 0 +1.412447468e+006 +1.412277268e+006 +1.412277268e+006
1816 0 +1.370434251e+006 +1.370264051e+006 +1.370264051e+006
1994 0 +1.269376925e+006 +1.269206725e+006 +1.269206725e+006
2022 0 +1.244782565e+006 +1.244612365e+006 +1.244612365e+006
2165 0 +1.221159682e+006 +1.220989482e+006 +1.220989482e+006
2189 0 +1.169517180e+006 +1.169346980e+006 +1.169346980e+006
2202 0 +1.147311197e+006 +1.147140997e+006 +1.147140997e+006
2213 0 +1.117262048e+006 +1.117091848e+006 +1.117091848e+006
2305 0 +1.048637738e+006 +1.048467538e+006 +1.048467538e+006
2314 0 +9.821799968e+005 +9.820097968e+005 +9.820097968e+005
2405 0 +9.549472703e+005 +9.547770703e+005 +9.547770703e+005
2432 0 +9.229138238e+005 +9.227436238e+005 +9.227436238e+005
2449 0 +7.976484102e+005 +7.974782102e+005 +7.974782102e+005
2531 0 +7.721929664e+005 +7.720227664e+005 +7.720227664e+005
2535 0 +7.583144319e+005 +7.581442319e+005 +7.581442319e+005
2563 0 +7.218372614e+005 +7.216670614e+005 +7.216670614e+005
2619 0 +6.968867259e+005 +6.967165259e+005 +6.967165259e+005
2695 0 +6.789622021e+005 +6.787920021e+005 +6.787920021e+005
2707 0 +6.725339093e+005 +6.723637093e+005 +6.723637093e+005
2807 0 +6.480083158e+005 +6.478381158e+005 +6.478381158e+005
2825 0 +6.035367133e+005 +6.033665133e+005 +6.033665133e+005
2913 0 +5.932937543e+005 +5.931235543e+005 +5.931235543e+005
2938 0 +5.780727362e+005 +5.779025362e+005 +5.779025362e+005
3016 0 +5.633821437e+005 +5.632119437e+005 +5.632119437e+005
3034 0 +5.571845794e+005 +5.570143794e+005 +5.570143794e+005
3205 0 +5.461099711e+005 +5.459397711e+005 +5.459397711e+005
3306 0 +5.358391889e+005 +5.356689889e+005 +5.356689889e+005
3469 0 +5.244853221e+005 +5.243151221e+005 +5.243151221e+005
3810 0 +5.111779880e+005 +5.110077880e+005 +5.110077880e+005
4035 0 +4.979141792e+005 +4.977439792e+005 +4.977439792e+005
4227 0 +4.891959867e+005 +4.890257867e+005 +4.890257867e+005
4710 0 +4.777605518e+005 +4.775903518e+005 +4.775903518e+005
5207 0 +4.672561950e+005 +4.670859950e+005 +4.670859950e+005
5818 0 +4.517711381e+005 +4.516009381e+005 +4.516009381e+005
6008 0 +4.454238855e+005 +4.452536855e+005 +4.452536855e+005
6700 0 +4.355318633e+005 +4.353616633e+005 +4.353616633e+005
7703 0 +4.264569670e+005 +4.262867670e+005 +4.262867670e+005
8402 0 +4.167501368e+005 +4.165799368e+005 +4.165799368e+005
9116 0 +4.073696803e+005 +4.071994803e+005 +4.071994803e+005
9676 0 +3.980549854e+005 +3.978847854e+005 +3.978847854e+005
% f evaluations | g evaluations | best noise-free fitness - Fopt (-4.697500000000e+002) + sum g_i+ | measured fitness | best measured fitness or single-digit g-values | x1 | x2...
1 0 +1.529782787e+007 +1.529735812e+007 +1.529735812e+007
7 0 +1.204716184e+007 +1.204669209e+007 +1.204669209e+007
31 0 +9.467715913e+006 +9.467246163e+006 +9.467246163e+006
85 0 +8.005933407e+006 +8.005463657e+006 +8.005463657e+006
228 0 +4.564176944e+006 +4.563707194e+006 +4.563707194e+006
287 0 +4.411908560e+006 +4.411438810e+006 +4.411438810e+006
315 0 +4.354498701e+006 +4.354028951e+006 +4.354028951e+006
352 0 +3.770466035e+006 +3.769996285e+006 +3.769996285e+006
552 0 +3.068330890e+006 +3.067861140e+006 +3.067861140e+006
605 0 +2.905016445e+006 +2.904546695e+006 +2.904546695e+006
703 0 +2.740106132e+006 +2.739636382e+006 +2.739636382e+006
725 0 +2.449310429e+006 +2.448840679e+006 +2.448840679e+006
805 0 +2.070383351e+006 +2.069913601e+006 +2.069913601e+006
882 0 +1.980080824e+006 +1.979611074e+006 +1.979611074e+006
909 0 +1.895795467e+006 +1.895325717e+006 +1.895325717e+006
926 0 +1.755948273e+006 +1.755478523e+006 +1.755478523e+006
981 0 +1.497030205e+006 +1.496560455e+006 +1.496560455e+006
1041 0 +1.363010481e+006 +1.362540731e+006 +1.362540731e+006
1053 0 +1.158335098e+006 +1.157865348e+006 +1.157865348e+006
1164 0 +9.886728972e+005 +9.882031472e+005 +9.882031472e+005
1265 0 +9.344629622e+005 +9.339932122e+005 +9.339932122e+005
1307 0 +7.671074174e+005 +7.666376674e+005 +7.666376674e+005
1403 0 +7.383035865e+005 +7.378338365e+005 +7.378338365e+005
1411 0 +6.976794500e+005 +6.972097000e+005 +6.972097000e+005
1541 0 +6.831215193e+005 +6.826517693e+005 +6.826517693e+005
1795 0 +6.597429653e+005 +6.592732153e+005 +6.592732153e+005
2005 0 +6.404892079e+005 +6.400194579e+005 +6.400194579e+005
2023 0 +6.228185695e+005 +6.223488195e+005 +6.223488195e+005
2110 0 +6.043703533e+005 +6.039006033e+005 +6.039006033e+005
2210 0 +5.988875914e+005 +5.984178414e+005 +5.984178414e+005
2287 0 +5.853215584e+005 +5.848518084e+005 +5.848518084e+005
2407 0 +5.745400414e+005 +5.740702914e+005 +5.740702914e+005
2604 0 +5.411472683e+005 +5.406775183e+005 +5.406775183e+005
2658 0 +5.326912199e+005 +5.322214699e+005 +5.322214699e+005
2780 0 +5.160958744e+005 +5.156261244e+005 +5.156261244e+005
2920 0 +5.113000720e+005 +5.108303220e+005 +5.108303220e+005
2991 0 +4.892815516e+005 +4.888118016e+005 +4.888118016e+005
3141 0 +4.762465506e+005 +4.757768006e+005 +4.757768006e+005
3260 0 +4.670112864e+005 +4.665415364e+005 +4.665415364e+005
3306 0 +4.474860532e+005 +4.470163032e+005 +4.470163032e+005
3319 0 +4.456092868e+005 +4.451395368e+005 +4.451395368e+005
3337 0 +4.323290469e+005 +4.318592969e+005 +4.318592969e+005
3380 0 +4.223369566e+005 +4.218672066e+005 +4.218672066e+005
3530 0 +4.134451465e+005 +4.129753965e+005 +4.129753965e+005
3867 0 +4.063890385e+005 +4.059192885e+005 +4.059192885e+005
3870 0 +3.970857976e+005 +3.966160476e+005 +3.966160476e+005
3941 0 +3.850157633e+005 +3.845460133e+005 +3.845460133e+005
4023 0 +3.796518666e+005 +3.791821166e+005 +3.791821166e+005
4425 0 +3.694093479e+005 +3.689395979e+005 +3.689395979e+005
4618 0 +3.583149250e+005 +3.578451750e+005 +3.578451750e+005
4841 0 +3.547444514e+005 +3.542747014e+005 +3.542747014e+005
5005 0 +3.459411940e+005 +3.454714440e+005 +3.454714440e+005
5325 0 +3.373794638e+005 +3.369097138e+005 +3.369097138e+005
5603 0 +3.303230097e+005 +3.298532597e+005 +3.298532597e+005
6202 0 +3.235197409e+005 +3.230499909e+005 +3.230499909e+005
6702 0 +3.151631630e+005 +3.146934130e+005 +3.146934130e+005
7120 0 +3.087836759e+005 +3.083139259e+005 +3.083139259e+005
% f evaluations | g evaluations | best noise-free fitness - Fopt (-5.191000000000e+001) + sum g_i+ | measured fitness | best measured fitness or single-digit g-values | x1 | x2...
1 0 +2.483424824e+007 +2.483419633e+007 +2.483419633e+007
14 0 +2.366372964e+007 +2.366367773e+007 +2.366367773e+007
43 0 +2.303945431e+007 +2.303940240e+007 +2.303940240e+007
45 0 +1.113036936e+007 +1.113031745e+007 +1.113031745e+007
203 0 +1.059365458e+007 +1.059360267e+007 +1.059360267e+007
228 0 +9.750622658e+006 +9.750570748e+006 +9.750570748e+006
234 0 +7.232349237e+006 +7.232297327e+006 +7.232297327e+006
289 0 +6.997959716e+006 +6.997907806e+006 +6.997907806e+006
347 0 +6.895367888e+006 +6.895315978e+006 +6.895315978e+006
382 0 +5.267852032e+006 +5.267800122e+006 +5.267800122e+006
407 0 +4.924440490e+006 +4.924388580e+006 +4.924388580e+006
547 0 +4.834802095e+006 +4.834750185e+006 +4.834750185e+006
641 0 +4.552337839e+006 +4.552285929e+006 +4.552285929e+006
658 0 +4.368065831e+006 +4.368013921e+006 +4.368013921e+006
668 0 +4.320268369e+006 +4.320216459e+006 +4.320216459e+006
753 0 +3.997036284e+006 +3.996984374e+006 +3.996984374e+006
767 0 +3.812098984e+006 +3.812047074e+006 +3.812047074e+006
868 0 +3.724749748e+006 +3.724697838e+006 +3.724697838e+006
927 0 +3.593220965e+006 +3.593169055e+006 +3.593169055e+006
960 0 +3.454778471e+006 +3.454726561e+006 +3.454726561e+006
1006 0 +3.334543776e+006 +3.334491866e+006 +3.334491866e+006
1031 0 +3.280141139e+006 +3.280089229e+006 +3.280089229e+006
1105 0 +2.961545473e+006 +2.961493563e+006 +2.961493563e+006
1140 0 +2.766441402e+006 +2.766389492e+006 +2.766389492e+006
1160 0 +2.726654363e+006 +2.726602453e+006 +2.726602453e+006
1244 0 +2.565211439e+006 +2.565159529e+006 +2.565159529e+006
1307 0 +2.460696138e+006 +2.460644228e+006 +2.460644228e+006
1319 0 +2.379765786e+006 +2.379713876e+006 +2.379713876e+006
1453 0 +2.242108291e+006 +2.242056381e+006 +2.242056381e+006
1528 0 +2.214172074e+006 +2.214120164e+006 +2.214120164e+006
1570 0 +1.974904110e+006 +1.974852200e+006 +1.974852200e+006
1614 0 +1.908845499e+006 +1.908793589e+006 +1.908793589e+006
1616 0 +1.848434684e+006 +1.848382774e+006 +1.848382774e+006
1712 0 +1.725274799e+006 +1.725222889e+006 +1.725222889e+006
1935 0 +1.686397303e+006 +1.686345393e+006 +1.686345393e+006
2008 0 +1.628833987e+006 +1.628782077e+006 +1.628782077e+006
2135 0 +1.597766201e+006 +1.597714291e+006 +1.597714291e+006
2164 0 +1.581851464e+006 +1.581799554e+006 +1.581799554e+006
2214 0 +1.544059383e+006 +1.544007473e+006 +1.544007473e+006
2314 0 +1.469833690e+006 +1.469781780e+006 +1.469781780e+006
2352 0 +1.443236335e+006 +1.443184425e+006 +1.443184425e+006
2425 0 +1.394031560e+006 +1.393979650e+006 +1.393979650e+006
2484 0 +1.309664738e+006 +1.309612828e+006 +1.309612828e+006
2508 0 +1.266667549e+006 +1.266615639e+006 +1.266615639e+006
2538 0 +1.228038978e+006 +1.227987068e+006 +1.227987068e+006
2552 0 +1.196844463e+006 +1.196792553e+006 +1.196792553e+006
2604 0 +1.156854331e+006 +1.156802421e+006 +1.156802421e+006
2616 0 +1.146508474e+006 +1.146456564e+006 +1.146456564e+006
2652 0 +1.119572079e+006 +1.119520169e+006 +1.119520169e+006
2914 0 +1.082141331e+006 +1.082089421e+006 +1.082089421e+006
3061 0 +1.067845494e+006 +1.067793584e+006 +1.067793584e+006
3142 0 +1.032095094e+006 +1.032043184e+006 +1.032043184e+006
3203 0 +1.011829748e+006 +1.011777838e+006 +1.011777838e+006
3225 0 +9.996114079e+005 +9.995594979e+005 +9.995594979e+005
3308 0 +9.752214668e+005 +9.751695568e+005 +9.751695568e+005
3410 0 +9.398055280e+005 +9.397536180e+005 +9.397536180e+005
3564 0 +9.159870238e+005 +9.159351138e+005 +9.159351138e+005
3616 0 +9.099090653e+005 +9.098571553e+005 +9.098571553e+005
3694 0 +8.859018860e+005 +8.858499760e+005 +8.858499760e+005
3703 0 +8.638712257e+005 +8.638193157e+005 +8.638193157e+005
3709 0 +8.396017653e+005 +8.395498553e+005 +8.395498553e+005
3758 0 +7.957233858e+005 +7.956714758e+005 +7.956714758e+005
3804 0 +7.714575401e+005 +7.714056301e+005 +7.714056301e+005
3819 0 +7.400772729e+005 +7.400253629e+005 +7.400253629e+005
3909 0 +7.226242868e+005 +7.225723768e+005 +7.225723768e+005
3943 0 +7.039465018e+005 +7.038945918e+005 +7.038945918e+005
3991 0 +6.796477556e+005 +6.795958456e+005 +6.795958456e+005
4006 0 +6.721461552e+005 +6.720942452e+005 +6.720942452e+005
4010 0 +6.244433640e+005 +6.243914540e+005 +6.243914540e+005
4103 0 +6.130928481e+005 +6.130409381e+005 +6.130409381e+005
4104 0 +6.012140493e+005 +6.011621393e+005 +6.011621393e+005
4126 0 +5.742608207e+005 +5.742089107e+005 +5.742089107e+005
4832 0 +5.609688124e+005 +5.609169024e+005 +5.609169024e+005
4907 0 +5.410508100e+005 +5.409989000e+005 +5.409989000e+005
5019 0 +5.365684609e+005 +5.365165509e+005 +5.365165509e+005
5104 0 +5.104391402e+005 +5.103872302e+005 +5.103872302e+005
5151 0 +5.007316250e+005 +5.006797150e+005 +5.006797150e+005
5385 0 +4.888075717e+005 +4.887556617e+005 +4.887556617e+005
5469 0 +4.723239004e+005 +4.722719904e+005 +4.722719904e+005
5607 0 +4.633677496e+005 +4.633158396e+005 +4.633158396e+005
5912 0 +4.564718476e+005 +4.564199376e+005 +4.564199376e+005
6724 0 +4.461109536e+005 +4.460590436e+005 +4.460590436e+005
7336 0 +4.359178007e+005 +4.358658907e+005 +4.358658907e+005
% f evaluations | g evaluations | best noise-free fitness - Fopt (4.808000000000e+001) + sum g_i+ | measured fitness | best measured fitness or single-digit g-values | x1 | x2...
1 0 +1.373123353e+007 +1.373128161e+007 +1.373128161e+007
14 0 +1.363108829e+007 +1.363113637e+007 +1.363113637e+007
35 0 +8.220282213e+006 +8.220330293e+006 +8.220330293e+006
85 0 +7.709433349e+006 +7.709481429e+006 +7.709481429e+006
218 0 +6.370300849e+006 +6.370348929e+006 +6.370348929e+006
304 0 +5.682712329e+006 +5.682760409e+006 +5.682760409e+006
381 0 +4.558729703e+006 +4.558777783e+006 +4.558777783e+006
387 0 +3.491544585e+006 +3.491592665e+006 +3.491592665e+006
601 0 +3.247633589e+006 +3.247681669e+006 +3.247681669e+006
634 0 +2.802166754e+006 +2.802214834e+006 +2.802214834e+006
792 0 +2.703331999e+006 +2.703380079e+006 +2.703380079e+006
847 0 +2.656449409e+006 +2.656497489e+006 +2.656497489e+006
938 0 +2.161469277e+006 +2.161517357e+006 +2.161517357e+006
1038 0 +2.091333046e+006 +2.091381126e+006 +2.091381126e+006
1054 0 +2.048658415e+006 +2.048706495e+006 +2.048706495e+006
1059 0 +2.029568797e+006 +2.029616877e+006 +2.029616877e+006
1117 0 +1.972469103e+006 +1.972517183e+006 +1.972517183e+006
1178 0 +1.601408280e+006 +1.601456360e+006 +1.601456360e+006
1218 0 +1.562601115e+006 +1.562649195e+006 +1.562649195e+006
1224 0 +1.485383253e+006 +1.485431333e+006 +1.485431333e+006
1283 0 +1.450019065e+006 +1.450067145e+006 +1.450067145e+006
1334 0 +1.412095514e+006 +1.412143594e+006 +1.412143594e+006
1425 0 +1.296563835e+006 +1.296611915e+006 +1.296611915e+006
1518 0 +1.231948034e+006 +1.231996114e+006 +1.231996114e+006
1619 0 +1.225699022e+006 +1.225747102e+006 +1.225747102e+006
1714 0 +1.195269965e+006 +1.195318045e+006 +1.195318045e+006
1799 0 +1.129074726e+006 +1.129122806e+006 +1.129122806e+006
1802 0 +1.061884156e+006 +1.061932236e+006 +1.061932236e+006
1913 0 +1.023249586e+006 +1.023297666e+006 +1.023297666e+006
2035 0 +9.639773587e+005 +9.640254387e+005 +9.640254387e+005
2157 0 +9.533764934e+005 +9.534245734e+005 +9.534245734e+005
2159 0 +9.265264257e+005 +9.265745057e+005 +9.265745057e+005
2197 0 +9.092576779e+005 +9.093057579e+005 +9.093057579e+005
2224 0 +8.374619715e+005 +8.375100515e+005 +8.375100515e+005
2324 0 +8.089447866e+005 +8.089928666e+005 +8.089928666e+005
2402 0 +7.893450667e+005 +7.893931467e+005 +7.893931467e+005
2493 0 +6.940327968e+005 +6.940808768e+005 +6.940808768e+005
2514 0 +6.712311770e+005 +6.712792570e+005 +6.712792570e+005
2520 0 +6.182871234e+005 +6.183352034e+005 +6.183352034e+005
2572 0 +5.993909410e+005 +5.994390210e+005 +5.994390210e+005
2602 0 +5.646692148e+005 +5.647172948e+005 +5.647172948e+005
2649 0 +5.528169202e+005 +5.528650002e+005 +5.528650002e+005
2690 0 +5.352177963e+005 +5.352658763e+005 +5.352658763e+005
2738 0 +5.228083065e+005 +5.228563865e+005 +5.228563865e+005
2768 0 +4.345889299e+005 +4.346370099e+005 +4.346370099e+005
2849 0 +4.206118771e+005 +4.206599571e+005 +4.206599571e+005
2925 0 +4.090093731e+005 +4.090574531e+005 +4.090574531e+005
2991 0 +4.057606183e+005 +4.058086983e+005 +4.058086983e+005
3025 0 +3.841664808e+005 +3.842145608e+005 +3.842145608e+005
3339 0 +3.800899192e+005 +3.801379992e+005 +3.801379992e+005
3678 0 +3.702056119e+005 +3.702536919e+005 +3.702536919e+005
3752 0 +3.623301475e+005 +3.623782275e+005 +3.623782275e+005
3914 0 +3.496117255e+005 +3.496598055e+005 +3.496598055e+005
4042 0 +3.454797886e+005 +3.455278686e+005 +3.455278686e+005
4136 0 +3.379570168e+005 +3.380050968e+005 +3.380050968e+005
4327 0 +3.308877465e+005 +3.309358265e+005 +3.309358265e+005
4447 0 +3.233461464e+005 +3.233942264e+005 +3.233942264e+005
4622 0 +3.159943407e+005 +3.160424207e+005 +3.160424207e+005
4908 0 +3.089508157e+005 +3.089988957e+005 +3.089988957e+005
5323 0 +3.017507597e+005 +3.017988397e+005 +3.017988397e+005
6209 0 +2.950825383e+005 +2.951306183e+005 +2.951306183e+005
7015 0 +2.883164392e+005 +2.883645192e+005 +2.883645192e+005
7394 0 +2.802219896e+005 +2.802700696e+005 +2.802700696e+005
7473 0 +2.751116996e+005 +2.751597796e+005 +2.751597796e+005
7605 0 +2.687244463e+005 +2.687725263e+005 +2.687725263e+005
7703 0 +2.629666379e+005 +2.630147179e+005 +2.630147179e+005
8124 0 +2.561932526e+005 +2.562413326e+005 +2.562413326e+005
9402 0 +2.511804544e+005 +2.512285344e+005 +2.512285344e+005
% f evaluations | g evaluations | best noise-free fitness - Fopt (3.058000000000e+001) + sum g_i+ | measured fitness | best measured fitness or single-digit g-values | x1 | x2...
1 0 +8.931525684e+006 +8.931556264e+006 +8.931556264e+006
81 0 +8.422986591e+006 +8.423017171e+006 +8.423017171e+006
119 0 +4.770321712e+006 +4.770352292e+006 +4.770352292e+006
266 0 +3.431608177e+006 +3.431638757e+006 +3.431638757e+006
337 0 +2.865295252e+006 +2.865325832e+006 +2.865325832e+006
451 0 +2.780094683e+006 +2.780125263e+006 +2.780125263e+006
533 0 +2.567207597e+006 +2.567238177e+006 +2.567238177e+006
762 0 +2.388231577e+006 +2.388262157e+006 +2.388262157e+006
792 0 +2.147266654e+006 +2.147297234e+006 +2.147297234e+006
917 0 +2.075384943e+006 +2.075415523e+006 +2.075415523e+006
1002 0 +2.026694171e+006 +2.026724751e+006 +2.026724751e+006
1032 0 +1.955769720e+006 +1.955800300e+006 +1.955800300e+006
1082 0 +1.945065269e+006 +1.945095849e+006 +1.945095849e+006
1123 0 +1.656487164e+006 +1.656517744e+006 +1.656517744e+006
1130 0 +1.580443356e+006 +1.580473936e+006 +1.580473936e+006
1295 0 +1.470854016e+006 +1.470884596e+006 +1.470884596e+006
1296 0 +1.418334787e+006 +1.418365367e+006 +1.418365367e+006
1341 0 +1.346929964e+006 +1.346960544e+006 +1.346960544e+006
1490 0 +1.295440583e+006 +1.295471163e+006 +1.295471163e+006
1512 0 +1.283316565e+006 +1.283347145e+006 +1.283347145e+006
1637 0 +1.250087908e+006 +1.250118488e+006 +1.250118488e+006
1775 0 +1.218597402e+006 +1.218627982e+006 +1.218627982e+006
1792 0 +1.190617703e+006 +1.190648283e+006 +1.190648283e+006
1828 0 +1.148553027e+006 +1.148583607e+006 +1.148583607e+006
2045 0 +1.127696573e+006 +1.127727153e+006 +1.127727153e+006
2114 0 +1.121317941e+006 +1.121348521e+006 +1.121348521e+006
2205 0 +9.883603766e+005 +9.883909566e+005 +9.883909566e+005
2349 0 +9.725157680e+005 +9.725463480e+005 +9.725463480e+005
2380 0 +9.446499950e+005 +9.446805750e+005 +9.446805750e+005
2408 0 +9.319753055e+005 +9.320058855e+005 +9.320058855e+005
2411 0 +8.745702121e+005 +8.746007921e+005 +8.746007921e+005
2482 0 +8.644373084e+005 +8.644678884e+005 +8.644678884e+005
2573 0 +8.458086566e+005 +8.458392366e+005 +8.458392366e+005
2639 0 +8.224382021e+005 +8.224687821e+005 +8.224687821e+005
2682 0 +8.121203345e+005 +8.121509145e+005 +8.121509145e+005
2717 0 +7.938475070e+005 +7.938780870e+005 +7.938780870e+005
2917 0 +7.743614603e+005 +7.743920403e+005 +7.743920403e+005
3064 0 +7.466166182e+005 +7.466471982e+005 +7.466471982e+005
3105 0 +7.220936713e+005 +7.221242513e+005 +7.221242513e+005
3117 0 +6.688561558e+005 +6.688867358e+005 +6.688867358e+005
3165 0 +6.544914975e+005 +6.545220775e+005 +6.545220775e+005
3223 0 +6.440503723e+005 +6.440809523e+005 +6.440809523e+005
3249 0 +6.172427966e+005 +6.172733766e+005 +6.172733766e+005
3258 0 +6.137027598e+005 +6.137333398e+005 +6.137333398e+005
3505 0 +5.963443109e+005 +5.963748909e+005 +5.963748909e+005
3518 0 +5.887084363e+005 +5.887390163e+005 +5.887390163e+005
3578 0 +5.132978481e+005 +5.133284281e+005 +5.133284281e+005
3649 0 +5.086869485e+005 +5.087175285e+005 +5.087175285e+005
3730 0 +4.995538498e+005 +4.995844298e+005 +4.995844298e+005
3779 0 +4.878724449e+005 +4.879030249e+005 +4.879030249e+005
3781 0 +4.676843205e+005 +4.677149005e+005 +4.677149005e+005
3861 0 +4.410636171e+005 +4.410941971e+005 +4.410941971e+005
3945 0 +4.295171084e+005 +4.295476884e+005 +4.295476884e+005
3981 0 +4.067608131e+005 +4.067913931e+005 +4.067913931e+005
3997 0 +3.788501449e+005 +3.788807249e+005 +3.788807249e+005
4122 0 +3.665790288e+005 +3.666096088e+005 +3.666096088e+005
4174 0 +3.463598059e+005 +3.463903859e+005 +3.463903859e+005
4212 0 +3.352917438e+005 +3.353223238e+005 +3.353223238e+005
4272 0 +3.256564991e+005 +3.256870791e+005 +3.256870791e+005
4306 0 +3.212305781e+005 +3.212611581e+005 +3.212611581e+005
4342 0 +3.099503770e+005 +3.099809570e+005 +3.099809570e+005
4418 0 +3.062255971e+005 +3.062561771e+005 +3.062561771e+005
4422 0 +2.959455525e+005 +2.959761325e+005 +2.959761325e+005
4514 0 +2.947161011e+005 +2.947466811e+005 +2.947466811e+005
4851 0 +2.854036842e+005 +2.854342642e+005 +2.854342642e+005
5254 0 +2.814279498e+005 +2.814585298e+005 +2.814585298e+005
5340 0 +2.750825231e+005 +2.751131031e+005 +2.751131031e+005
5591 0 +2.690036484e+005 +2.690342284e+005 +2.690342284e+005
5744 0 +2.590260956e+005 +2.590566756e+005 +2.590566756e+005
5840 0 +2.566992346e+005 +2.567298146e+005 +2.567298146e+005
5848 0 +2.502977375e+005 +2.503283175e+005 +2.503283175e+005
5923 0 +2.451596150e+005 +2.451901950e+005 +2.451901950e+005
6009 0 +2.397655411e+005 +2.397961211e+005 +2.397961211e+005
6109 0 +2.330494808e+005 +2.330800608e+005 +2.330800608e+005
6305 0 +2.255629590e+005 +2.255935390e+005 +2.255935390e+005
6390 0 +2.234323535e+005 +2.234629335e+005 +2.234629335e+005
6435 0 +2.186878002e+005 +2.187183802e+005 +2.187183802e+005
6643 0 +2.130781507e+005 +2.131087307e+005 +2.131087307e+005
7102 0 +2.085841513e+005 +2.086147313e+005 +2.086147313e+005
7413 0 +2.040825762e+005 +2.041131562e+005 +2.041131562e+005
7610 0 +1.987906518e+005 +1.988212318e+005 +1.988212318e+005
7802 0 +1.947247105e+005 +1.947552905e+005 +1.947552905e+005
7972 0 +1.889918475e+005 +1.890224275e+005 +1.890224275e+005
8178 0 +1.861627620e+005 +1.861933420e+005 +1.861933420e+005
8423 0 +1.817691228e+005 +1.817997028e+005 +1.817997028e+005
8806 0 +1.773558873e+005 +1.773864673e+005 +1.773864673e+005
9471 0 +1.736974730e+005 +1.737280530e+005 +1.737280530e+005
% f evaluations | g evaluations | best noise-free fitness - Fopt (1.000000000000e+003) + sum g_i+ | measured fitness | best measured fitness or single-digit g-values | x1 | x2...
1 0 +1.994538819e+007 +1.994638819e+007 +1.994638819e+007
23 0 +1.027281042e+007 +1.027381042e+007 +1.027381042e+007
30 0 +6.809883573e+006 +6.810883573e+006 +6.810883573e+006
274 0 +5.518013734e+006 +5.519013734e+006 +5.519013734e+006
310 0 +5.257717502e+006 +5.258717502e+006 +5.258717502e+006
323 0 +5.072741661e+006 +5.073741661e+006 +5.073741661e+006
415 0 +4.904817841e+006 +4.905817841e+006 +4.905817841e+006
464 0 +4.683241091e+006 +4.684241091e+006 +4.684241091e+006
495 0 +4.356067528e+006 +4.357067528e+006 +4.357067528e+006
543 0 +4.104955521e+006 +4.105955521e+006 +4.105955521e+006
565 0 +3.786220530e+006 +3.787220530e+006 +3.787220530e+006
602 0 +3.394754392e+006 +3.395754392e+006 +3.395754392e+006
702 0 +3.213904787e+006 +3.214904787e+006 +3.214904787e+006
728 0 +2.954108048e+006 +2.955108048e+006 +2.955108048e+006
755 0 +2.721301713e+006 +2.722301713e+006 +2.722301713e+006
757 0 +2.480596934e+006 +2.481596934e+006 +2.481596934e+006
818 0 +2.202691898e+006 +2.203691898e+006 +2.203691898e+006
905 0 +2.122861235e+006 +2.123861235e+006 +2.123861235e+006
909 0 +2.054920624e+006 +2.055920624e+006 +2.055920624e+006
1019 0 +1.966994010e+006 +1.967994010e+006 +1.967994010e+006
1115 0 +1.930373461e+006 +1.931373461e+006 +1.931373461e+006
1119 0 +1.796955124e+006 +1.797955124e+006 +1.797955124e+006
1313 0 +1.627476646e+006 +1.628476646e+006 +1.628476646e+006
1418 0 +1.506979195e+006 +1.507979195e+006 +1.507979195e+006
1457 0 +1.450553581e+006 +1.451553581e+006 +1.451553581e+006
1478 0 +1.419769434e+006 +1.420769434e+006 +1.420769434e+006
1518 0 +1.356484517e+006 +1.357484517e+006 +1.357484517e+006
1533 0 +1.326926999e+006 +1.327926999e+006 +1.327926999e+006
1534 0 +1.273915169e+006 +1.274915169e+006 +1.274915169e+006
1637 0 +1.258758800e+006 +1.259758800e+006 +1.259758800e+006
1735 0 +1.205840411e+006 +1.206840411e+006 +1.206840411e+006
1770 0 +1.178983023e+006 +1.179983023e+006 +1.179983023e+006
1856 0 +1.171313043e+006 +1.172313043e+006 +1.172313043e+006
1944 0 +1.142084950e+006 +1.143084950e+006 +1.143084950e+006
2005 0 +1.064518969e+006 +1.065518969e+006 +1.065518969e+006
2102 0 +1.039838376e+006 +1.040838376e+006 +1.040838376e+006
2225 0 +1.020858510e+006 +1.021858510e+006 +1.021858510e+006
2360 0 +9.947181556e+005 +9.957181556e+005 +9.957181556e+005
2385 0 +9.675814993e+005 +9.685814993e+005 +9.685814993e+005
2446 0 +9.433665561e+005 +9.443665561e+005 +9.443665561e+005
2513 0 +9.276012127e+005 +9.286012127e+005 +9.286012127e+005
2563 0 +9.013678029e+005 +9.023678029e+005 +9.023678029e+005
2628 0 +8.729652794e+005 +8.739652794e+005 +8.739652794e+005
2710 0 +8.706007953e+005 +8.716007953e+005 +8.716007953e+005
2732 0 +8.319310401e+005 +8.329310401e+005 +8.329310401e+005
2810 0 +8.252689837e+005 +8.262689837e+005 +8.262689837e+005
2813 0 +8.086265636e+005 +8.096265636e+005 +8.096265636e+005
3105 0 +7.916398765e+005 +7.926398765e+005 +7.926398765e+005
3112 0 +7.595089366e+005 +7.605089366e+005 +7.605089366e+005
3225 0 +7.584720223e+005 +7.594720223e+005 +7.594720223e+005
3407 0 +7.271075478e+005 +7.281075478e+005 +7.281075478e+005
3505 0 +7.231552462e+005 +7.241552462e+005 +7.241552462e+005
3524 0 +6.973568111e+005 +6.983568111e+005 +6.983568111e+005
3623 0 +6.916473142e+005 +6.926473142e+005 +6.926473142e+005
3720 0 +6.591215720e+005 +6.601215720e+005 +6.601215720e+005
3804 0 +6.455759987e+005 +6.465759987e+005 +6.465759987e+005
3922 0 +6.224653879e+005 +6.234653879e+005 +6.234653879e+005
4005 0 +6.091290880e+005 +6.101290880e+005 +6.101290880e+005
4044 0 +5.779644339e+005 +5.789644339e+005 +5.789644339e+005
4061 0 +5.439961043e+005 +5.449961043e+005 +5.449961043e+005
4107 0 +5.106376979e+005 +5.116376979e+005 +5.116376979e+005
4192 0 +5.004859408e+005 +5.014859408e+005 +5.014859408e+005
4419 0 +4.896979818e+005 +4.906979818e+005 +4.906979818e+005
4605 0 +4.779963046e+005 +4.789963046e+005 +4.789963046e+005
4712 0 +4.674245841e+005 +4.684245841e+005 +4.684245841e+005
4915 0 +4.569478597e+005 +4.579478597e+005 +4.579478597e+005
5003 0 +4.347292005e+005 +4.357292005e+005 +4.357292005e+005
5205 0 +4.203606490e+005 +4.213606490e+005 +4.213606490e+005
5237 0 +4.139592106e+005 +4.149592106e+005 +4.149592106e+005
5315 0 +4.039290573e+005 +4.049290573e+005 +4.049290573e+005
5509 0 +3.964939742e+005 +3.974939742e+005 +3.974939742e+005
5895 0 +3.835565192e+005 +3.845565192e+005 +3.845565192e+005
6143 0 +3.791344282e+005 +3.801344282e+005 +3.801344282e+005
7550 0 +3.714755069e+005 +3.724755069e+005 +3.724755069e+005
9003 0 +3.627360926e+005 +3.637360926e+005 +3.637360926e+005
9213 0 +3.547771561e+005 +3.557771561e+005 +3.557771561e+005
9479 0 +3.457008690e+005 +3.467008690e+005 +3.467008690e+005
% f evaluations | g evaluations | best noise-free fitness - Fopt (-4.236000000000e+001) + sum g_i+ | measured fitness | best measured fitness or single-digit g-values | x1 | x2...
1 0 +2.087221132e+007 +2.087216896e+007 +2.087216896e+007
22 0 +1.852731224e+007 +1.852726988e+007 +1.852726988e+007
79 0 +1.733740495e+007 +1.733736259e+007 +1.733736259e+007
82 0 +1.656789406e+007 +1.656785170e+007 +1.656785170e+007
151 0 +1.372132724e+007 +1.372128488e+007 +1.372128488e+007
160 0 +1.232281527e+007 +1.232277291e+007 +1.232277291e+007
205 0 +7.920054666e+006 +7.920012306e+006 +7.920012306e+006
421 0 +7.586326978e+006 +7.586284618e+006 +7.586284618e+006
526 0 +7.558734962e+006 +7.558692602e+006 +7.558692602e+006
538 0 +6.487051627e+006 +6.487009267e+006 +6.487009267e+006
599 0 +6.352548845e+006 +6.352506485e+006 +6.352506485e+006
651 0 +5.782824672e+006 +5.782782312e+006 +5.782782312e+006
681 0 +5.463260793e+006 +5.463218433e+006 +5.463218433e+006
723 0 +4.811269850e+006 +4.811227490e+006 +4.811227490e+006
751 0 +4.717068898e+006 +4.717026538e+006 +4.717026538e+006
806 0 +4.196310077e+006 +4.196267717e+006 +4.196267717e+006
823 0 +4.083352519e+006 +4.083310159e+006 +4.083310159e+006
913 0 +4.045007794e+006 +4.044965434e+006 +4.044965434e+006
915 0 +3.974410199e+006 +3.974367839e+006 +3.974367839e+006
944 0 +3.169117063e+006 +3.169074703e+006 +3.169074703e+006
985 0 +3.114506951e+006 +3.114464591e+006 +3.114464591e+006
1007 0 +2.592394858e+006 +2.592352498e+006 +2.592352498e+006
1113 0 +2.163841537e+006 +2.163799177e+006 +2.163799177e+006
1161 0 +2.119316393e+006 +2.119274033e+006 +2.119274033e+006
1369 0 +2.054792957e+006 +2.054750597e+006 +2.054750597e+006
1407 0 +1.768358054e+006 +1.768315694e+006 +1.768315694e+006
1446 0 +1.660317205e+006 +1.660274845e+006 +1.660274845e+006
1455 0 +1.653391966e+006 +1.653349606e+006 +1.653349606e+006
1479 0 +9.220336245e+005 +9.219912645e+005 +9.219912645e+005
1526 0 +8.357560162e+005 +8.357136562e+005 +8.357136562e+005
1624 0 +7.824453222e+005 +7.824029622e+005 +7.824029622e+005
1654 0 +7.236863781e+005 +7.236440181e+005 +7.236440181e+005
1726 0 +6.456746038e+005 +6.456322438e+005 +6.456322438e+005
2011 0 +6.250623470e+005 +6.250199870e+005 +6.250199870e+005
2079 0 +5.871084194e+005 +5.870660594e+005 +5.870660594e+005
2155 0 +5.752124864e+005 +5.751701264e+005 +5.751701264e+005
2231 0 +5.457672224e+005 +5.457248624e+005 +5.457248624e+005
2633 0 +5.306938764e+005 +5.306515164e+005 +5.306515164e+005
2711 0 +5.164509434e+005 +5.164085834e+005 +5.164085834e+005
2821 0 +5.125234212e+005 +5.124810612e+005 +5.124810612e+005
3065 0 +5.003256385e+005 +5.002832785e+005 +5.002832785e+005
3219 0 +4.885784798e+005 +4.885361198e+005 +4.885361198e+005
3412 0 +4.689703922e+005 +4.689280322e+005 +4.689280322e+005
3503 0 +4.664676569e+005 +4.664252969e+005 +4.664252969e+005
3892 0 +4.558604659e+005 +4.558181059e+005 +4.558181059e+005
3985 0 +4.464760430e+005 +4.464336830e+005 +4.464336830e+005
4148 0 +4.364939102e+005 +4.364515502e+005 +4.364515502e+005
4714 0 +4.256308962e+005 +4.255885362e+005 +4.255885362e+005
5357 0 +4.163613177e+005 +4.163189577e+005 +4.163189577e+005
6303 0 +4.071663209e+005 +4.071239609e+005 +4.071239609e+005
7410 0 +3.979943108e+005 +3.979519508e+005 +3.979519508e+005
% f evaluations | g evaluations | best noise-free fitness - Fopt (-7.187000000000e+001) + sum g_i+ | measured fitness | best measured fitness or single-digit g-values | x1 | x2...
1 0 +3.991506892e+007 +3.991499705e+007 +3.991499705e+007
9 0 +3.110875203e+007 +3.110868016e+007 +3.110868016e+007
42 0 +3.034285970e+007 +3.034278783e+007 +3.034278783e+007
76 0 +2.850618818e+007 +2.850611631e+007 +2.850611631e+007
91 0 +2.767435442e+007 +2.767428255e+007 +2.767428255e+007
93 0 +2.285182300e+007 +2.285175113e+007 +2.285175113e+007
112 0 +2.077685983e+007 +2.077678796e+007 +2.077678796e+007
116 0 +1.810647846e+007 +1.810640659e+007 +1.810640659e+007
117 0 +1.619526626e+007 +1.619519439e+007 +1.619519439e+007
128 0 +4.113826969e+006 +4.113755099e+006 +4.113755099e+006
385 0 +3.751009886e+006 +3.750938016e+006 +3.750938016e+006
416 0 +2.787262937e+006 +2.787191067e+006 +2.787191067e+006
688 0 +2.738967634e+006 +2.738895764e+006 +2.738895764e+006
694 0 +2.263403902e+006 +2.263332032e+006 +2.263332032e+006
783 0 +2.173940387e+006 +2.173868517e+006 +2.173868517e+006
823 0 +2.101402136e+006 +2.101330266e+006 +2.101330266e+006
833 0 +1.954910197e+006 +1.954838327e+006 +1.954838327e+006
888 0 +1.920350822e+006 +1.920278952e+006 +1.920278952e+006
946 0 +1.896185521e+006 +1.896113651e+006 +1.896113651e+006
1036 0 +1.748600092e+006 +1.748528222e+006 +1.748528222e+006
1074 0 +1.621934947e+006 +1.621863077e+006 +1.621863077e+006
1199 0 +1.616825243e+006 +1.616753373e+006 +1.616753373e+006
1252 0 +1.496553688e+006 +1.496481818e+006 +1.496481818e+006
1404 0 +1.460682135e+006 +1.460610265e+006 +1.460610265e+006
1595 0 +1.434411729e+006 +1.434339859e+006 +1.434339859e+006
1615 0 +1.412431896e+006 +1.412360026e+006 +1.412360026e+006
1671 0 +1.362172844e+006 +1.362100974e+006 +1.362100974e+006
1718 0 +1.345106156e+006 +1.345034286e+006 +1.345034286e+006
1804 0 +1.294811616e+006 +1.294739746e+006 +1.294739746e+006
1877 0 +1.282471933e+006 +1.282400063e+006 +1.282400063e+006
1905 0 +1.214548291e+006 +1.214476421e+006 +1.214476421e+006
2011 0 +1.185746715e+006 +1.185674845e+006 +1.185674845e+006
2012 0 +1.169145993e+006 +1.169074123e+006 +1.169074123e+006
2067 0 +1.127390571e+006 +1.127318701e+006 +1.127318701e+006
2102 0 +1.109139706e+006 +1.109067836e+006 +1.109067836e+006
2111 0 +1.074672231e+006 +1.074600361e+006 +1.074600361e+006
2128 0 +1.070152536e+006 +1.070080666e+006 +1.070080666e+006
2215 0 +9.926994037e+005 +9.926275337e+005 +9.926275337e+005
2307 0 +9.161939705e+005 +9.161221005e+005 +9.161221005e+005
2373 0 +9.076284705e+005 +9.075566005e+005 +9.075566005e+005
2411 0 +8.785860819e+005 +8.785142119e+005 +8.785142119e+005
2437 0 +8.311982657e+005 +8.311263957e+005 +8.311263957e+005
2483 0 +7.865770547e+005 +7.865051847e+005 +7.865051847e+005
2573 0 +7.409806213e+005 +7.409087513e+005 +7.409087513e+005
2737 0 +7.233448339e+005 +7.232729639e+005 +7.232729639e+005
2812 0 +7.025297690e+005 +7.024578990e+005 +7.024578990e+005
3082 0 +6.879541788e+005 +6.878823088e+005 +6.878823088e+005
3181 0 +6.749016547e+005 +6.748297847e+005 +6.748297847e+005
3320 0 +6.579931712e+005 +6.579213012e+005 +6.579213012e+005
3625 0 +6.391984347e+005 +6.391265647e+005 +6.391265647e+005
3717 0 +6.281469132e+005 +6.280750432e+005 +6.280750432e+005
3920 0 +6.136103909e+005 +6.135385209e+005 +6.135385209e+005
4205 0 +5.975043443e+005 +5.974324743e+005 +5.974324743e+005
4304 0 +5.878018160e+005 +5.877299460e+005 +5.877299460e+005
4403 0 +5.699070024e+005 +5.698351324e+005 +5.698351324e+005
4514 0 +5.622634581e+005 +5.621915881e+005 +5.621915881e+005
4602 0 +5.474406222e+005 +5.473687522e+005 +5.473687522e+005
4702 0 +5.349084973e+005 +5.348366273e+005 +5.348366273e+005
4729 0 +5.088505463e+005 +5.087786763e+005 +5.087786763e+005
4808 0 +4.901650234e+005 +4.900931534e+005 +4.900931534e+005
4829 0 +4.853915750e+005 +4.853197050e+005 +4.853197050e+005
4862 0 +4.688944650e+005 +4.688225950e+005 +4.688225950e+005
4916 0 +4.653089695e+005 +4.652370995e+005 +4.652370995e+005
5169 0 +4.545750015e+005 +4.545031315e+005 +4.545031315e+005
5415 0 +4.446135576e+005 +4.445416876e+005 +4.445416876e+005
5705 0 +4.226708417e+005 +4.225989717e+005 +4.225989717e+005
5853 0 +4.152535120e+005 +4.151816420e+005 +4.151816420e+005
6284 0 +4.042781885e+005 +4.042063185e+005 +4.042063185e+005
6481 0 +3.963714505e+005 +3.962995805e+005 +3.962995805e+005
6614 0 +3.808030171e+005 +3.807311471e+005 +3.807311471e+005
6705 0 +3.768595126e+005 +3.767876426e+005 +3.767876426e+005
6918 0 +3.707875975e+005 +3.707157275e+005 +3.707157275e+005
7030 0 +3.628389715e+005 +3.627671015e+005 +3.627671015e+005
7385 0 +3.544020194e+005 +3.543301494e+005 +3.543301494e+005
% f evaluations | g evaluations | best noise-free fitness - Fopt (-1.650000000000e+001) + sum g_i+ | measured fitness | best measured fitness or single-digit g-values | x1 | x2...
1 0 +2.795173442e+007 +2.795171792e+007 +2.795171792e+007
2 0 +2.565489533e+007 +2.565487883e+007 +2.565487883e+007
8 0 +2.000486375e+007 +2.000484725e+007 +2.000484725e+007
9 0 +1.988514773e+007 +1.988513123e+007 +1.988513123e+007
38 0 +1.909607749e+007 +1.909606099e+007 +1.909606099e+007
66 0 +1.562536151e+007 +1.562534501e+007 +1.562534501e+007
81 0 +1.388021283e+007 +1.388019633e+007 +1.388019633e+007
158 0 +1.089004725e+007 +1.089003075e+007 +1.089003075e+007
167 0 +9.549090492e+006 +9.549073992e+006 +9.549073992e+006
216 0 +6.934654734e+006 +6.934638234e+006 +6.934638234e+006
328 0 +6.453724881e+006 +6.453708381e+006 +6.453708381e+006
367 0 +5.200071250e+006 +5.200054750e+006 +5.200054750e+006
453 0 +4.434186220e+006 +4.434169720e+006 +4.434169720e+006
539 0 +4.351708484e+006 +4.351691984e+006 +4.351691984e+006
589 0 +3.857071153e+006 +3.857054653e+006 +3.857054653e+006
634 0 +3.497037964e+006 +3.497021464e+006 +3.497021464e+006
715 0 +3.363762339e+006 +3.363745839e+006 +3.363745839e+006
804 0 +3.252755702e+006 +3.252739202e+006 +3.252739202e+006
835 0 +3.231788522e+006 +3.231772022e+006 +3.231772022e+006
855 0 +3.154464866e+006 +3.154448366e+006 +3.154448366e+006
897 0 +3.074226632e+006 +3.074210132e+006 +3.074210132e+006
902 0 +2.631882082e+006 +2.631865582e+006 +2.631865582e+006
1008 0 +1.528842840e+006 +1.528826340e+006 +1.528826340e+006
1108 0 +1.348476059e+006 +1.348459559e+006 +1.348459559e+006
1408 0 +1.285085466e+006 +1.285068966e+006 +1.285068966e+006
1503 0 +9.941306978e+005 +9.941141978e+005 +9.941141978e+005
1602 0 +8.952939535e+005 +8.952774535e+005 +8.952774535e+005
1704 0 +7.405343455e+005 +7.405178455e+005 +7.405178455e+005
1991 0 +7.243861162e+005 +7.243696162e+005 +7.243696162e+005
2112 0 +7.049770577e+005 +7.049605577e+005 +7.049605577e+005
2169 0 +6.764632980e+005 +6.764467980e+005 +6.764467980e+005
2208 0 +6.465024389e+005 +6.464859389e+005 +6.464859389e+005
2213 0 +6.196591575e+005 +6.196426575e+005 +6.196426575e+005
2229 0 +5.892289661e+005 +5.892124661e+005 +5.892124661e+005
2326 0 +5.564355701e+005 +5.564190701e+005 +5.564190701e+005
2353 0 +5.468119480e+005 +5.467954480e+005 +5.467954480e+005
2435 0 +5.341699414e+005 +5.341534414e+005 +5.341534414e+005
2479 0 +5.222908368e+005 +5.222743368e+005 +5.222743368e+005
2504 0 +5.030976212e+005 +5.030811212e+005 +5.030811212e+005
2598 0 +4.975497816e+005 +4.975332816e+005 +4.975332816e+005
2606 0 +4.197497409e+005 +4.197332409e+005 +4.197332409e+005
2708 0 +4.084837713e+005 +4.084672713e+005 +4.084672713e+005
2769 0 +4.050620637e+005 +4.050455637e+005 +4.050455637e+005
2811 0 +3.944213589e+005 +3.944048589e+005 +3.944048589e+005
2935 0 +3.882585728e+005 +3.882420728e+005 +3.882420728e+005
3023 0 +3.774439942e+005 +3.774274942e+005 +3.774274942e+005
3159 0 +3.664072673e+005 +3.663907673e+005 +3.663907673e+005
3208 0 +3.362980598e+005 +3.362815598e+005 +3.362815598e+005
3213 0 +3.292693780e+005 +3.292528780e+005 +3.292528780e+005
3243 0 +3.229964557e+005 +3.229799557e+005 +3.229799557e+005
3330 0 +3.056952092e+005 +3.056787092e+005 +3.056787092e+005
3430 0 +3.000073626e+005 +2.999908626e+005 +2.999908626e+005
3530 0 +2.950617925e+005 +2.950452925e+005 +2.950452925e+005
3545 0 +2.789979782e+005 +2.789814782e+005 +2.789814782e+005
3624 0 +2.728422023e+005 +2.728257023e+005 +2.728257023e+005
3766 0 +2.577096175e+005 +2.576931175e+005 +2.576931175e+005
3808 0 +2.556529129e+005 +2.556364129e+005 +2.556364129e+005
4197 0 +2.483882005e+005 +2.483717005e+005 +2.483717005e+005
4274 0 +2.452537716e+005 +2.452372716e+005 +2.452372716e+005
4500 0 +2.387925371e+005 +2.387760371e+005 +2.387760371e+005
4540 0 +2.336539897e+005 +2.336374897e+005 +2.336374897e+005
4603 0 +2.256609043e+005 +2.256444043e+005 +2.256444043e+005
4606 0 +2.207954476e+005 +2.207789476e+005 +2.207789476e+005
4607 0 +2.167192576e+005 +2.167027576e+005 +2.167027576e+005
4609 0 +1.988577354e+005 +1.988412354e+005 +1.988412354e+005
4807 0 +1.948626141e+005 +1.948461141e+005 +1.948461141e+005
4914 0 +1.902787825e+005 +1.902622825e+005 +1.902622825e+005
5160 0 +1.855941117e+005 +1.855776117e+005 +1.855776117e+005
5235 0 +1.815429116e+005 +1.815264116e+005 +1.815264116e+005
5410 0 +1.727897594e+005 +1.727732594e+005 +1.727732594e+005
5507 0 +1.689744614e+005 +1.689579614e+005 +1.689579614e+005
5607 0 +1.648687402e+005 +1.648522402e+005 +1.648522402e+005
5786 0 +1.618140730e+005 +1.617975730e+005 +1.617975730e+005
6603 0 +1.584643878e+005 +1.584478878e+005 +1.584478878e+005
8663 0 +1.548370078e+005 +1.548205078e+005 +1.548205078e+005
% f evaluations | g evaluations | best noise-free fitness - Fopt (1.000000000000e+003) + sum g_i+ | measured fitness | best measured fitness or single-digit g-values | x1 | x2...
1 0 +9.727123191e+006 +9.728123191e+006 +9.728123191e+006
50 0 +7.454948742e+006 +7.455948742e+006 +7.455948742e+006
158 0 +6.577758472e+006 +6.578758472e+006 +6.578758472e+006
250 0 +5.515446670e+006 +5.516446670e+006 +5.516446670e+006
268 0 +4.132998484e+006 +4.133998484e+006 +4.133998484e+006
408 0 +3.065491736e+006 +3.066491736e+006 +3.066491736e+006
451 0 +2.907001224e+006 +2.908001224e+006 +2.908001224e+006
482 0 +2.733241271e+006 +2.734241271e+006 +2.734241271e+006
555 0 +2.418110159e+006 +2.419110159e+006 +2.419110159e+006
652 0 +2.333597481e+006 +2.334597481e+006 +2.334597481e+006
668 0 +2.077688218e+006 +2.078688218e+006 +2.078688218e+006
702 0 +2.018125892e+006 +2.019125892e+006 +2.019125892e+006
750 0 +1.893880794e+006 +1.894880794e+006 +1.894880794e+006
784 0 +1.680013900e+006 +1.681013900e+006 +1.681013900e+006
794 0 +1.535946966e+006 +1.536946966e+006 +1.536946966e+006
814 0 +1.455284838e+006 +1.456284838e+006 +1.456284838e+006
886 0 +1.382997303e+006 +1.383997303e+006 +1.383997303e+006
916 0 +1.370130035e+006 +1.371130035e+006 +1.371130035e+006
953 0 +1.281717916e+006 +1.282717916e+006 +1.282717916e+006
992 0 +1.167601898e+006 +1.168601898e+006 +1.168601898e+006
1080 0 +1.132342598e+006 +1.133342598e+006 +1.133342598e+006
1123 0 +1.056212167e+006 +1.057212167e+006 +1.057212167e+006
1157 0 +1.017806621e+006 +1.018806621e+006 +1.018806621e+006
1185 0 +9.920528445e+005 +9.930528445e+005 +9.930528445e+005
1191 0 +9.500073713e+005 +9.510073713e+005 +9.510073713e+005
1233 0 +8.244887991e+005 +8.254887991e+005 +8.254887991e+005
1257 0 +7.749915056e+005 +7.759915056e+005 +7.759915056e+005
1347 0 +7.545071129e+005 +7.555071129e+005 +7.555071129e+005
1350 0 +7.157163245e+005 +7.167163245e+005 +7.167163245e+005
1398 0 +6.343714530e+005 +6.353714530e+005 +6.353714530e+005
1431 0 +6.189708867e+005 +6.199708867e+005 +6.199708867e+005
1484 0 +5.557059598e+005 +5.567059598e+005 +5.567059598e+005
1566 0 +5.287058939e+005 +5.297058939e+005 +5.297058939e+005
1657 0 +4.927752036e+005 +4.937752036e+005 +4.937752036e+005
1722 0 +4.751979417e+005 +4.761979417e+005 +4.761979417e+005
1815 0 +4.340886600e+005 +4.350886600e+005 +4.350886600e+005
1960 0 +4.214451719e+005 +4.224451719e+005 +4.224451719e+005
2022 0 +4.145556963e+005 +4.155556963e+005 +4.155556963e+005
2454 0 +3.732958137e+005 +3.742958137e+005 +3.742958137e+005
2511 0 +3.654388536e+005 +3.664388536e+005 +3.664388536e+005
2527 0 +3.269775811e+005 +3.279775811e+005 +3.279775811e+005
2660 0 +3.167404455e+005 +3.177404455e+005 +3.177404455e+005
2847 0 +3.036171279e+005 +3.046171279e+005 +3.046171279e+005
2949 0 +3.012891855e+005 +3.022891855e+005 +3.022891855e+005
3001 0 +2.950451594e+005 +2.960451594e+005 +2.960451594e+005
3268 0 +2.876343764e+005 +2.886343764e+005 +2.886343764e+005
3302 0 +2.804513786e+005 +2.814513786e+005 +2.814513786e+005
3317 0 +2.726252939e+005 +2.736252939e+005 +2.736252939e+005
3461 0 +2.556541176e+005 +2.566541176e+005 +2.566541176e+005
3502 0 +2.498690992e+005 +2.508690992e+005 +2.508690992e+005
3512 0 +2.394952614e+005 +2.404952614e+005 +2.404952614e+005
3611 0 +2.302113512e+005 +2.312113512e+005 +2.312113512e+005
3616 0 +2.192463408e+005 +2.202463408e+005 +2.202463408e+005
3702 0 +2.180226105e+005 +2.190226105e+005 +2.190226105e+005
3710 0 +2.127120073e+005 +2.137120073e+005 +2.137120073e+005
3805 0 +2.061131474e+005 +2.071131474e+005 +2.071131474e+005
3825 0 +2.015109708e+005 +2.025109708e+005 +2.025109708e+005
3914 0 +1.993067942e+005 +2.003067942e+005 +2.003067942e+005
4059 0 +1.934199987e+005 +1.944199987e+005 +1.944199987e+005
4102 0 +1.891974962e+005 +1.901974962e+005 +1.901974962e+005
4436 0 +1.860015436e+005 +1.870015436e+005 +1.870015436e+005
4819 0 +1.813522865e+005 +1.823522865e+005 +1.823522865e+005
4926 0 +1.776864047e+005 +1.786864047e+005 +1.786864047e+005
5124 0 +1.734497237e+005 +1.744497237e+005 +1.744497237e+005
5228 0 +1.695892518e+005 +1.705892518e+005 +1.705892518e+005
5411 0 +1.659579765e+005 +1.669579765e+005 +1.669579765e+005
5669 0 +1.611258009e+005 +1.621258009e+005 +1.621258009e+005
5802 0 +1.579662270e+005 +1.589662270e+005 +1.589662270e+005
5912 0 +1.548667227e+005 +1.558667227e+005 +1.558667227e+005
6710 0 +1.513092334e+005 +1.523092334e+005 +1.523092334e+005
6822 0 +1.451626761e+005 +1.461626761e+005 +1.461626761e+005
6927 0 +1.438264239e+005 +1.448264239e+005 +1.448264239e+005
7021 0 +1.404994920e+005 +1.414994920e+005 +1.414994920e+005
7749 0 +1.379237768e+005 +1.389237768e+005 +1.389237768e+005
8026 0 +1.311997573e+005 +1.321997573e+005 +1.321997573e+005
8314 0 +1.286741811e+005 +1.296741811e+005 +1.296741811e+005
9606 0 +1.258314807e+005 +1.268314807e+005 +1.268314807e+005
% f evaluations | g evaluations | best noise-free fitness - Fopt (-1.000000000000e+003) + sum g_i+ | measured fitness | best measured fitness or single-digit g-values | x1 | x2...
1 0 +8.948779582e+006 +8.947779582e+006 +8.947779582e+006
242 0 +8.385368547e+006 +8.384368547e+006 +8.384368547e+006
247 0 +5.678247408e+006 +5.677247408e+006 +5.677247408e+006
248 0 +3.793370125e+006 +3.792370125e+006 +3.792370125e+006
456 0 +3.512980246e+006 +3.511980246e+006 +3.511980246e+006
556 0 +2.302255412e+006 +2.301255412e+006 +2.301255412e+006
618 0 +1.904843017e+006 +1.903843017e+006 +1.903843017e+006
692 0 +1.732654410e+006 +1.731654410e+006 +1.731654410e+006
777 0 +1.524337022e+006 +1.523337022e+006 +1.523337022e+006
803 0 +1.426619533e+006 +1.425619533e+006 +1.425619533e+006
845 0 +1.241912300e+006 +1.240912300e+006 +1.240912300e+006
1017 0 +1.092495451e+006 +1.091495451e+006 +1.091495451e+006
1246 0 +1.056960873e+006 +1.055960873e+006 +1.055960873e+006
1304 0 +9.628583220e+005 +9.618583220e+005 +9.618583220e+005
1412 0 +8.869414303e+005 +8.859414303e+005 +8.859414303e+005
1424 0 +8.429648073e+005 +8.419648073e+005 +8.419648073e+005
1425 0 +8.039748085e+005 +8.029748085e+005 +8.029748085e+005
1512 0 +7.554711685e+005 +7.544711685e+005 +7.544711685e+005
1524 0 +6.600224783e+005 +6.590224783e+005 +6.590224783e+005
1611 0 +6.309783264e+005 +6.299783264e+005 +6.299783264e+005
1675 0 +6.101945493e+005 +6.091945493e+005 +6.091945493e+005
1715 0 +5.815693198e+005 +5.805693198e+005 +5.805693198e+005
1798 0 +5.430488467e+005 +5.420488467e+005 +5.420488467e+005
1817 0 +5.216327892e+005 +5.206327892e+005 +5.206327892e+005
1917 0 +5.123431571e+005 +5.113431571e+005 +5.113431571e+005
1976 0 +4.525495531e+005 +4.515495531e+005 +4.515495531e+005
2012 0 +4.420958020e+005 +4.410958020e+005 +4.410958020e+005
2046 0 +4.313886126e+005 +4.303886126e+005 +4.303886126e+005
2129 0 +4.224380084e+005 +4.214380084e+005 +4.214380084e+005
2149 0 +4.144059814e+005 +4.134059814e+005 +4.134059814e+005
2208 0 +3.950333857e+005 +3.940333857e+005 +3.940333857e+005
2236 0 +3.873853142e+005 +3.863853142e+005 +3.863853142e+005
2324 0 +3.799163118e+005 +3.789163118e+005 +3.789163118e+005
2325 0 +3.694742303e+005 +3.684742303e+005 +3.684742303e+005
2530 0 +3.602388473e+005 +3.592388473e+005 +3.592388473e+005
2620 0 +3.426245781e+005 +3.416245781e+005 +3.416245781e+005
2719 0 +3.378442707e+005 +3.368442707e+005 +3.368442707e+005
2802 0 +3.141503099e+005 +3.131503099e+005 +3.131503099e+005
3093 0 +3.085097424e+005 +3.075097424e+005 +3.075097424e+005
3219 0 +3.001680639e+005 +2.991680639e+005 +2.991680639e+005
3239 0 +2.847386726e+005 +2.837386726e+005 +2.837386726e+005
3319 0 +2.698712272e+005 +2.688712272e+005 +2.688712272e+005
3518 0 +2.686034104e+005 +2.676034104e+005 +2.676034104e+005
3754 0 +2.618322265e+005 +2.608322265e+005 +2.608322265e+005
4106 0 +2.570353363e+005 +2.560353363e+005 +2.560353363e+005
4915 0 +2.510978202e+005 +2.500978202e+005 +2.500978202e+005
5073 0 +2.428002640e+005 +2.418002640e+005 +2.418002640e+005
5168 0 +2.395723479e+005 +2.385723479e+005 +2.385723479e+005
5708 0 +2.340506614e+005 +2.330506614e+005 +2.330506614e+005
6526 0 +2.290000474e+005 +2.280000474e+005 +2.280000474e+005
6606 0 +2.233981297e+005 +2.223981297e+005 +2.223981297e+005
6716 0 +2.176696555e+005 +2.166696555e+005 +2.166696555e+005
6903 0 +2.133163550e+005 +2.123163550e+005 +2.123163550e+005
7280 0 +2.089127684e+005 +2.079127684e+005 +2.079127684e+005
7803 0 +2.040148372e+005 +2.030148372e+005 +2.030148372e+005
8133 0 +1.994897484e+005 +1.984897484e+005 +1.984897484e+005
9202 0 +1.947910926e+005 +1.937910926e+005 +1.937910926e+005
9629 0 +1.904640477e+005 +1.894640477e+005 +1.894640477e+005
9803 0 +1.862025938e+005 +1.852025938e+005 +1.852025938e+005
9908 0 +1.819519562e+005 +1.809519562e+005 +1.809519562e+005
% f evaluations | g evaluations | best noise-free fitness - Fopt (-1.527400000000e+002) + sum g_i+ | measured fitness | best measured fitness or single-digit g-values | x1 | x2...
1 0 +1.988194493e+007 +1.988179219e+007 +1.988179219e+007
11 0 +1.827980404e+007 +1.827965130e+007 +1.827965130e+007
54 0 +1.484049183e+007 +1.484033909e+007 +1.484033909e+007
215 0 +1.210255595e+007 +1.210240321e+007 +1.210240321e+007
315 0 +1.196895421e+007 +1.196880147e+007 +1.196880147e+007
362 0 +1.165134885e+007 +1.165119611e+007 +1.165119611e+007
415 0 +1.108156465e+007 +1.108141191e+007 +1.108141191e+007
441 0 +9.753627725e+006 +9.753474985e+006 +9.753474985e+006
553 0 +9.545185982e+006 +9.545033242e+006 +9.545033242e+006
576 0 +7.871299861e+006 +7.871147121e+006 +7.871147121e+006
618 0 +7.529138052e+006 +7.528985312e+006 +7.528985312e+006
641 0 +7.334617421e+006 +7.334464681e+006 +7.334464681e+006
716 0 +6.722001713e+006 +6.721848973e+006 +6.721848973e+006
838 0 +6.247501811e+006 +6.247349071e+006 +6.247349071e+006
904 0 +6.075484175e+006 +6.075331435e+006 +6.075331435e+006
1008 0 +5.858670960e+006 +5.858518220e+006 +5.858518220e+006
1107 0 +4.337684734e+006 +4.337531994e+006 +4.337531994e+006
1208 0 +4.102919192e+006 +4.102766452e+006 +4.102766452e+006
1308 0 +3.728919712e+006 +3.728766972e+006 +3.728766972e+006
1408 0 +3.712400875e+006 +3.712248135e+006 +3.712248135e+006
1625 0 +3.561604753e+006 +3.561452013e+006 +3.561452013e+006
1747 0 +3.466999417e+006 +3.466846677e+006 +3.466846677e+006
1834 0 +3.345944444e+006 +3.345791704e+006 +3.345791704e+006
1966 0 +3.167029575e+006 +3.166876835e+006 +3.166876835e+006
2014 0 +3.150331558e+006 +3.150178818e+006 +3.150178818e+006
2108 0 +3.027202446e+006 +3.027049706e+006 +3.027049706e+006
2216 0 +2.985663362e+006 +2.985510622e+006 +2.985510622e+006
2306 0 +2.946675080e+006 +2.946522340e+006 +2.946522340e+006
2309 0 +2.875269332e+006 +2.875116592e+006 +2.875116592e+006
2430 0 +2.766954185e+006 +2.766801445e+006 +2.766801445e+006
2566 0 +2.750511475e+006 +2.750358735e+006 +2.750358735e+006
2615 0 +2.610122271e+006 +2.609969531e+006 +2.609969531e+006
2708 0 +2.498289254e+006 +2.498136514e+006 +2.498136514e+006
2815 0 +2.414175399e+006 +2.414022659e+006 +2.414022659e+006
2828 0 +2.356255859e+006 +2.356103119e+006 +2.356103119e+006
2947 0 +2.274822013e+006 +2.274669273e+006 +2.274669273e+006
2993 0 +2.144102543e+006 +2.143949803e+006 +2.143949803e+006
3022 0 +2.099422778e+006 +2.099270038e+006 +2.099270038e+006
3161 0 +2.042949182e+006 +2.042796442e+006 +2.042796442e+006
3209 0 +2.019775891e+006 +2.019623151e+006 +2.019623151e+006
3267 0 +1.926793313e+006 +1.926640573e+006 +1.926640573e+006
3304 0 +1.859381430e+006 +1.859228690e+006 +1.859228690e+006
3447 0 +1.769156832e+006 +1.769004092e+006 +1.769004092e+006
3502 0 +1.733179428e+006 +1.733026688e+006 +1.733026688e+006
3725 0 +1.669824223e+006 +1.669671483e+006 +1.669671483e+006
3827 0 +1.647229109e+006 +1.647076369e+006 +1.647076369e+006
3911 0 +1.617167979e+006 +1.617015239e+006 +1.617015239e+006
4103 0 +1.579693988e+006 +1.579541248e+006 +1.579541248e+006
4399 0 +1.544245174e+006 +1.544092434e+006 +1.544092434e+006
4894 0 +1.512766341e+006 +1.512613601e+006 +1.512613601e+006
5605 0 +1.477436255e+006 +1.477283515e+006 +1.477283515e+006
7052 0 +1.442835979e+006 +1.442683239e+006 +1.442683239e+006
7252 0 +1.412489244e+006 +1.412336504e+006 +1.412336504e+006
7823 0 +1.373264806e+006 +1.373112066e+006 +1.373112066e+006
8253 0 +1.348709659e+006 +1.348556919e+006 +1.348556919e+006
9555 0 +1.317925269e+006 +1.317772529e+006 +1.317772529e+006
