% f evaluations | g evaluations | best noise-free fitness - Fopt (-1.694000000000e+001) + sum g_i+ | measured fitness | best measured fitness or single-digit g-values | x1 | x2...
1 0 +3.696355518e+001 +2.002355518e+001 +2.002355518e+001 +0.0000e+000 +0.0000e+000 +0.0000e+000
7 0 +1.989564321e+001 +2.955643205e+000 +2.955643205e+000 +2.5284e+000 +3.4922e+000 -2.0016e+000
181 0 +1.569514618e+001 -1.244853817e+000 -1.244853817e+000 +2.5823e+000 +2.8099e+000 +2.3034e-001
270 0 +9.381201850e+000 -7.558798150e+000 -7.558798150e+000 +4.2384e+000 +2.9204e+000 -1.0420e+000
273 0 +8.273422620e+000 -8.666577380e+000 -8.666577380e+000 +2.2710e+000 +8.5950e-001 +2.1704e-001
381 0 +7.924268216e+000 -9.015731784e+000 -9.015731784e+000 +2.0366e+000 +1.2589e+000 -4.1554e-002
478 0 +7.155234052e+000 -9.784765948e+000 -9.784765948e+000 +2.9462e+000 +2.3900e+000 -4.5011e-001
488 0 +5.937785830e+000 -1.100221417e+001 -1.100221417e+001 +2.9018e+000 +2.4842e+000 -1.3305e+000
503 0 +5.193707003e+000 -1.174629300e+001 -1.174629300e+001 +3.0343e+000 +2.2092e+000 -6.2663e-001
573 0 +3.698779155e+000 -1.324122084e+001 -1.324122084e+001 +3.4729e+000 +2.2645e+000 -1.2396e+000
595 0 +1.190072898e+000 -1.574992710e+001 -1.574992710e+001 +3.0642e+000 +2.0304e+000 -9.7934e-001
903 0 +4.843911089e-001 -1.645560889e+001 -1.645560889e+001 +3.2371e+000 +2.0478e+000 -1.1564e+000
1295 0 +4.220270849e-001 -1.651797292e+001 -1.651797292e+001 +3.1634e+000 +2.0299e+000 -1.0923e+000
1387 0 +3.672377233e-001 -1.657276228e+001 -1.657276228e+001 +3.1677e+000 +2.0414e+000 -1.0929e+000
1565 0 +3.590703806e-001 -1.658092962e+001 -1.658092962e+001 +3.1833e+000 +2.0390e+000 -1.1082e+000
1568 0 +3.287405228e-001 -1.661125948e+001 -1.661125948e+001 +3.1843e+000 +2.0589e+000 -1.1101e+000
1750 0 +3.133243137e-001 -1.662667569e+001 -1.662667569e+001 +3.1718e+000 +2.0512e+000 -1.1030e+000
1868 0 +2.894297375e-001 -1.665057026e+001 -1.665057026e+001 +3.1853e+000 +2.0586e+000 -1.1113e+000
2082 0 +2.586102648e-001 -1.668138974e+001 -1.668138974e+001 +3.2972e+000 +2.1804e+000 -1.2100e+000
2115 0 +2.067826870e-001 -1.673321731e+001 -1.673321731e+001 +3.3006e+000 +2.1852e+000 -1.2127e+000
2581 0 +2.033686398e-001 -1.673663136e+001 -1.673663136e+001 +3.2896e+000 +2.1642e+000 -1.2034e+000
2682 0 +1.953371407e-001 -1.674466286e+001 -1.674466286e+001 +3.2908e+000 +2.1664e+000 -1.2046e+000
2808 0 +1.933955912e-001 -1.674660441e+001 -1.674660441e+001 +3.2914e+000 +2.1659e+000 -1.2051e+000
2868 0 +1.902349762e-001 -1.674976502e+001 -1.674976502e+001 +3.3019e+000 +2.1826e+000 -1.2145e+000
2888 0 +1.761332684e-001 -1.676386673e+001 -1.676386673e+001 +3.2940e+000 +2.1717e+000 -1.2077e+000
2975 0 +1.720888613e-001 -1.676791114e+001 -1.676791114e+001 +3.3064e+000 +2.1809e+000 -1.2180e+000
3005 0 +1.649387601e-001 -1.677506124e+001 -1.677506124e+001 +3.3011e+000 +2.1798e+000 -1.2136e+000
3269 0 +1.602540388e-001 -1.677974596e+001 -1.677974596e+001 +3.3029e+000 +2.1789e+000 -1.2153e+000
3330 0 +1.567284465e-001 -1.678327155e+001 -1.678327155e+001 +3.2974e+000 +2.1734e+000 -1.2102e+000
3452 0 +1.471749957e-001 -1.679282500e+001 -1.679282500e+001 +3.3050e+000 +2.1816e+000 -1.2170e+000
3468 0 +1.390771128e-001 -1.680092289e+001 -1.680092289e+001 +3.2990e+000 +2.1755e+000 -1.2118e+000
4087 0 +1.373928904e-001 -1.680260711e+001 -1.680260711e+001 +3.3018e+000 +2.1784e+000 -1.2142e+000
5124 0 +1.348079130e-001 -1.680519209e+001 -1.680519209e+001 +3.3021e+000 +2.1786e+000 -1.2144e+000
6224 0 +1.317607681e-001 -1.680823923e+001 -1.680823923e+001 +3.3020e+000 +2.1785e+000 -1.2144e+000
% f evaluations | g evaluations | best noise-free fitness - Fopt (1.881000000000e+001) + sum g_i+ | measured fitness | best measured fitness or single-digit g-values | x1 | x2...
1 0 +4.772316610e+001 +6.653316610e+001 +6.653316610e+001 +0.0000e+000 +0.0000e+000 +0.0000e+000
7 0 +4.481418772e+001 +6.362418772e+001 +6.362418772e+001 +4.8339e+000 +3.0519e+000 -4.9146e+000
9 0 +3.876334402e+001 +5.757334402e+001 +5.757334402e+001 -1.0992e+000 -2.4297e+000 -1.0043e+000
12 0 +3.719959697e+001 +5.600959697e+001 +5.600959697e+001 -5.9139e-001 -3.4140e+000 -2.2385e+000
13 0 +3.670287148e+001 +5.551287148e+001 +5.551287148e+001 +4.8780e+000 +2.1264e+000 -4.4352e+000
32 0 +9.860472093e+000 +2.867047209e+001 +2.867047209e+001 -3.3714e-002 +1.9312e+000 -1.1810e+000
178 0 +9.702726258e+000 +2.851272626e+001 +2.851272626e+001 +2.5658e+000 +2.8127e+000 -2.6564e+000
215 0 +7.547265031e+000 +2.635726503e+001 +2.635726503e+001 +1.7727e+000 +3.2280e+000 -2.3015e+000
241 0 +7.070006854e+000 +2.588000685e+001 +2.588000685e+001 -1.3632e+000 +1.5219e+000 +5.8063e-002
423 0 +1.919982049e+000 +2.072998205e+001 +2.072998205e+001 -7.3996e-001 +1.8064e+000 -3.8420e-001
629 0 +7.177238810e-001 +1.952772388e+001 +1.952772388e+001 -1.3212e-001 +1.8573e+000 -8.2097e-001
906 0 +7.003257845e-001 +1.951032578e+001 +1.951032578e+001 -1.2905e-001 +1.8808e+000 -8.6898e-001
932 0 +5.917443948e-001 +1.940174439e+001 +1.940174439e+001 -1.4024e-001 +1.8624e+000 -8.4675e-001
1058 0 +1.653720824e-001 +1.897537208e+001 +1.897537208e+001 -1.3092e-001 +1.8351e+000 -8.6101e-001
1378 0 +1.415554382e-001 +1.895155544e+001 +1.895155544e+001 -1.1065e-001 +1.8423e+000 -8.7093e-001
1624 0 +5.095887097e-002 +1.886095887e+001 +1.886095887e+001 -1.7764e-001 +1.7898e+000 -8.3246e-001
2086 0 +3.291724294e-002 +1.884291724e+001 +1.884291724e+001 -1.8162e-001 +1.7935e+000 -8.2767e-001
2104 0 +3.221525942e-002 +1.884221526e+001 +1.884221526e+001 -1.8243e-001 +1.7930e+000 -8.2709e-001
2369 0 +2.255524735e-002 +1.883255525e+001 +1.883255525e+001 -1.8987e-001 +1.7812e+000 -8.2282e-001
2419 0 +9.572241477e-003 +1.881957224e+001 +1.881957224e+001 -1.9005e-001 +1.7810e+000 -8.2332e-001
2686 0 +8.221425151e-003 +1.881822143e+001 +1.881822143e+001 -1.8770e-001 +1.7843e+000 -8.2443e-001
3019 0 +6.481890458e-003 +1.881648189e+001 +1.881648189e+001 -1.8897e-001 +1.7823e+000 -8.2398e-001
3049 0 +6.429785211e-003 +1.881642979e+001 +1.881642979e+001 -1.8997e-001 +1.7811e+000 -8.2294e-001
3061 0 +2.193844219e-003 +1.881219384e+001 +1.881219384e+001 -1.8930e-001 +1.7823e+000 -8.2349e-001
3439 0 +1.891144015e-003 +1.881189114e+001 +1.881189114e+001 -1.8900e-001 +1.7824e+000 -8.2371e-001
3889 0 +1.609669639e-003 +1.881160967e+001 +1.881160967e+001 -1.8889e-001 +1.7824e+000 -8.2376e-001
3946 0 +1.531112554e-003 +1.881153111e+001 +1.881153111e+001 -1.8861e-001 +1.7825e+000 -8.2393e-001
3989 0 +1.261376326e-003 +1.881126138e+001 +1.881126138e+001 -1.8884e-001 +1.7824e+000 -8.2379e-001
4036 0 +1.245060443e-003 +1.881124506e+001 +1.881124506e+001 -1.8893e-001 +1.7823e+000 -8.2375e-001
4350 0 +1.220953681e-003 +1.881122095e+001 +1.881122095e+001 -1.8890e-001 +1.7823e+000 -8.2377e-001
4531 0 +1.105407696e-003 +1.881110541e+001 +1.881110541e+001 -1.8890e-001 +1.7823e+000 -8.2377e-001
4551 0 +1.066284425e-003 +1.881106628e+001 +1.881106628e+001 -1.8887e-001 +1.7823e+000 -8.2379e-001
4610 0 +9.200398032e-004 +1.881092004e+001 +1.881092004e+001 -1.8890e-001 +1.7823e+000 -8.2377e-001
4710 0 +9.048144903e-004 +1.881090481e+001 +1.881090481e+001 -1.8887e-001 +1.7823e+000 -8.2379e-001
5049 0 +8.586451247e-004 +1.881085865e+001 +1.881085865e+001 -1.8885e-001 +1.7823e+000 -8.2380e-001
5119 0 +8.405643302e-004 +1.881084056e+001 +1.881084056e+001 -1.8886e-001 +1.7823e+000 -8.2379e-001
5522 0 +7.807529698e-004 +1.881078075e+001 +1.881078075e+001 -1.8886e-001 +1.7823e+000 -8.2379e-001
6745 0 +7.754689158e-004 +1.881077547e+001 +1.881077547e+001 -1.8886e-001 +1.7823e+000 -8.2379e-001
% f evaluations | g evaluations | best noise-free fitness - Fopt (2.731500000000e+002) + sum g_i+ | measured fitness | best measured fitness or single-digit g-values | x1 | x2...
1 0 +4.208329392e+002 +6.939829392e+002 +6.939829392e+002 +0.0000e+000 +0.0000e+000 +0.0000e+000
2 0 +1.919605900e+002 +4.651105900e+002 +4.651105900e+002 +9.3582e-001 +3.4385e+000 +4.2535e+000
3 0 +3.246408366e+001 +3.056140837e+002 +3.056140837e+002 -2.4874e+000 +4.2434e+000 -1.5328e+000
30 0 +2.970662148e+001 +3.028566215e+002 +3.028566215e+002 -4.3881e+000 +8.8768e-001 -1.1827e+000
54 0 +2.254547701e+001 +2.956954770e+002 +2.956954770e+002 -4.9402e+000 +3.7254e+000 +6.2262e-001
87 0 +9.356057858e+000 +2.825060579e+002 +2.825060579e+002 -4.6644e+000 +2.5881e+000 -1.3273e+000
294 0 +4.235137797e+000 +2.773851378e+002 +2.773851378e+002 -3.8430e+000 +2.8653e+000 -5.4348e-001
411 0 +3.238061447e+000 +2.763880614e+002 +2.763880614e+002 -4.0345e+000 +3.0669e+000 -7.5767e-001
417 0 +3.076260258e+000 +2.762262603e+002 +2.762262603e+002 -4.5720e+000 +2.2026e+000 -5.9395e-001
475 0 +2.177594789e+000 +2.753275948e+002 +2.753275948e+002 -3.8924e+000 +3.0580e+000 -6.8536e-001
606 0 +1.332293459e+000 +2.744822935e+002 +2.744822935e+002 -4.0855e+000 +2.8216e+000 -6.5428e-001
641 0 +8.214046355e-001 +2.739714046e+002 +2.739714046e+002 -3.9062e+000 +3.1580e+000 -4.6457e-001
805 0 +5.013238866e-001 +2.736513239e+002 +2.736513239e+002 -3.8646e+000 +3.1141e+000 -6.0618e-001
1263 0 +4.569794109e-001 +2.736069794e+002 +2.736069794e+002 -3.9012e+000 +3.0958e+000 -5.8190e-001
1457 0 +4.414072836e-001 +2.735914073e+002 +2.735914073e+002 -3.8895e+000 +3.1017e+000 -5.9018e-001
1638 0 +4.193193285e-001 +2.735693193e+002 +2.735693193e+002 -3.9102e+000 +3.1011e+000 -5.5326e-001
1647 0 +3.860719773e-001 +2.735360720e+002 +2.735360720e+002 -3.9031e+000 +3.0973e+000 -5.6702e-001
1785 0 +3.060686007e-001 +2.734560686e+002 +2.734560686e+002 -3.9336e+000 +3.0644e+000 -5.5683e-001
1810 0 +2.934027530e-001 +2.734434028e+002 +2.734434028e+002 -3.9339e+000 +3.0512e+000 -5.6808e-001
2184 0 +2.444231125e-001 +2.733944231e+002 +2.733944231e+002 -3.9321e+000 +3.0579e+000 -5.6417e-001
2240 0 +2.384525129e-001 +2.733884525e+002 +2.733884525e+002 -3.9171e+000 +3.0858e+000 -5.6075e-001
2577 0 +2.203486109e-001 +2.733703486e+002 +2.733703486e+002 -3.9187e+000 +3.0826e+000 -5.6107e-001
2738 0 +2.169297088e-001 +2.733669297e+002 +2.733669297e+002 -3.9189e+000 +3.0827e+000 -5.6032e-001
2914 0 +2.112516003e-001 +2.733612516e+002 +2.733612516e+002 -3.9193e+000 +3.0819e+000 -5.6073e-001
2977 0 +2.053905092e-001 +2.733553905e+002 +2.733553905e+002 -3.9190e+000 +3.0822e+000 -5.6076e-001
3260 0 +2.033551604e-001 +2.733533552e+002 +2.733533552e+002 -3.9187e+000 +3.0825e+000 -5.6092e-001
3314 0 +1.971635392e-001 +2.733471635e+002 +2.733471635e+002 -3.9188e+000 +3.0824e+000 -5.6090e-001
3914 0 +1.925427887e-001 +2.733425428e+002 +2.733425428e+002 -3.9188e+000 +3.0825e+000 -5.6089e-001
6238 0 +1.905002433e-001 +2.733405002e+002 +2.733405002e+002 -3.9187e+000 +3.0826e+000 -5.6088e-001
% f evaluations | g evaluations | best noise-free fitness - Fopt (3.718000000000e+001) + sum g_i+ | measured fitness | best measured fitness or single-digit g-values | x1 | x2...
1 0 +4.216787575e+001 +7.934787575e+001 +7.934787575e+001 +0.0000e+000 +0.0000e+000 +0.0000e+000
4 0 +3.990808751e+001 +7.708808751e+001 +7.708808751e+001 -1.1796e+000 +4.3548e-001 +4.1093e+000
7 0 +7.177073245e+000 +4.435707324e+001 +4.435707324e+001 -4.4061e+000 +1.5715e+000 +1.7588e+000
26 0 +4.917708230e+000 +4.209770823e+001 +4.209770823e+001 -2.8332e+000 +2.5947e+000 +2.1176e+000
355 0 +3.472100195e+000 +4.065210019e+001 +4.065210019e+001 -4.1439e+000 +2.2333e+000 +2.0802e+000
538 0 +2.290887969e+000 +3.947088797e+001 +3.947088797e+001 -3.7277e+000 +2.2883e+000 +2.3744e+000
728 0 +1.205075355e+000 +3.838507535e+001 +3.838507535e+001 -3.9170e+000 +2.0229e+000 +2.1031e+000
896 0 +7.384723986e-001 +3.791847240e+001 +3.791847240e+001 -3.8073e+000 +2.0762e+000 +2.0523e+000
1079 0 +7.083173018e-001 +3.788831730e+001 +3.788831730e+001 -3.7889e+000 +2.0981e+000 +2.0150e+000
1096 0 +6.584731359e-001 +3.783847314e+001 +3.783847314e+001 -3.8050e+000 +2.0764e+000 +2.0522e+000
1117 0 +6.077631702e-001 +3.778776317e+001 +3.778776317e+001 -3.6671e+000 +2.1164e+000 +2.0171e+000
1129 0 +6.004455161e-001 +3.778044552e+001 +3.778044552e+001 -3.8326e+000 +2.0562e+000 +2.0493e+000
1189 0 +4.783360885e-001 +3.765833609e+001 +3.765833609e+001 -3.6598e+000 +2.1661e+000 +2.1081e+000
1328 0 +2.873843209e-001 +3.746738432e+001 +3.746738432e+001 -3.8404e+000 +2.1007e+000 +2.0751e+000
1349 0 +1.469232334e-001 +3.732692323e+001 +3.732692323e+001 -3.8376e+000 +2.0854e+000 +2.0456e+000
1417 0 +8.408323513e-002 +3.726408324e+001 +3.726408324e+001 -3.8531e+000 +2.0765e+000 +2.0483e+000
1748 0 +3.867391647e-002 +3.721867392e+001 +3.721867392e+001 -3.8400e+000 +2.0805e+000 +2.0436e+000
2110 0 +3.570892226e-002 +3.721570892e+001 +3.721570892e+001 -3.8405e+000 +2.0804e+000 +2.0438e+000
2446 0 +2.881920657e-002 +3.720881921e+001 +3.720881921e+001 -3.8415e+000 +2.0791e+000 +2.0439e+000
2514 0 +2.279979241e-002 +3.720279979e+001 +3.720279979e+001 -3.8416e+000 +2.0800e+000 +2.0449e+000
2520 0 +2.104702074e-002 +3.720104702e+001 +3.720104702e+001 -3.8407e+000 +2.0798e+000 +2.0441e+000
2710 0 +1.851661480e-002 +3.719851661e+001 +3.719851661e+001 -3.8408e+000 +2.0798e+000 +2.0443e+000
3379 0 +1.712857906e-002 +3.719712858e+001 +3.719712858e+001 -3.8410e+000 +2.0798e+000 +2.0443e+000
3610 0 +1.685377456e-002 +3.719685377e+001 +3.719685377e+001 -3.8410e+000 +2.0799e+000 +2.0444e+000
3779 0 +1.629377529e-002 +3.719629378e+001 +3.719629378e+001 -3.8410e+000 +2.0798e+000 +2.0443e+000
3895 0 +1.607836278e-002 +3.719607836e+001 +3.719607836e+001 -3.8410e+000 +2.0799e+000 +2.0443e+000
3910 0 +1.564372431e-002 +3.719564372e+001 +3.719564372e+001 -3.8410e+000 +2.0799e+000 +2.0443e+000
4210 0 +1.531163463e-002 +3.719531163e+001 +3.719531163e+001 -3.8410e+000 +2.0799e+000 +2.0444e+000
4335 0 +1.507786599e-002 +3.719507787e+001 +3.719507787e+001 -3.8410e+000 +2.0799e+000 +2.0444e+000
5012 0 +1.455021693e-002 +3.719455022e+001 +3.719455022e+001 -3.8410e+000 +2.0799e+000 +2.0444e+000
6466 0 +1.445225336e-002 +3.719445225e+001 +3.719445225e+001 -3.8410e+000 +2.0799e+000 +2.0444e+000
% f evaluations | g evaluations | best noise-free fitness - Fopt (-1.479000000000e+002) + sum g_i+ | measured fitness | best measured fitness or single-digit g-values | x1 | x2...
1 0 +2.344305408e+001 -1.244569459e+002 -1.244569459e+002 +0.0000e+000 +0.0000e+000 +0.0000e+000
76 0 +2.299350682e+001 -1.249064932e+002 -1.249064932e+002 -3.0050e+000 -2.6380e+000 -2.0447e+000
98 0 +6.107297310e+000 -1.417927027e+002 -1.417927027e+002 -1.9921e+000 -2.3869e-001 +5.3937e-001
342 0 +3.880222363e+000 -1.440197776e+002 -1.440197776e+002 -1.2964e+000 +1.6764e-001 +7.5829e-001
436 0 +2.804584584e+000 -1.450954154e+002 -1.450954154e+002 -1.5260e+000 -2.5937e-002 +6.9872e-001
512 0 +2.577204292e+000 -1.453227957e+002 -1.453227957e+002 -1.7941e+000 -1.7330e-001 +4.2348e-001
522 0 +2.534949869e+000 -1.453650501e+002 -1.453650501e+002 -1.8437e+000 +2.2896e-001 +1.1700e+000
611 0 +1.804993644e+000 -1.460950064e+002 -1.460950064e+002 -1.7723e+000 +1.9536e-002 +1.0115e+000
618 0 +1.632272609e+000 -1.462677274e+002 -1.462677274e+002 -1.5139e+000 -2.8736e-003 +8.1934e-001
634 0 +1.081596364e+000 -1.468184036e+002 -1.468184036e+002 -1.7235e+000 +2.3679e-001 +1.1474e+000
653 0 +1.046418214e+000 -1.468535818e+002 -1.468535818e+002 -1.7821e+000 -1.8857e-001 +4.4011e-001
675 0 +9.824355860e-001 -1.469175644e+002 -1.469175644e+002 -1.6914e+000 +2.3243e-001 +1.2673e+000
724 0 +7.911136321e-001 -1.471088864e+002 -1.471088864e+002 -1.6404e+000 +1.6222e-001 +1.1498e+000
875 0 +4.762741624e-001 -1.474237258e+002 -1.474237258e+002 -1.7170e+000 +1.9530e-001 +1.2349e+000
973 0 +2.941925533e-001 -1.476058074e+002 -1.476058074e+002 -1.6944e+000 +2.4956e-001 +1.2981e+000
1153 0 +1.831307619e-001 -1.477168692e+002 -1.477168692e+002 -1.6749e+000 +9.9036e-002 +1.0687e+000
1337 0 +7.099290320e-002 -1.478290071e+002 -1.478290071e+002 -1.6771e+000 +1.1621e-001 +1.1008e+000
1809 0 +7.058535798e-002 -1.478294146e+002 -1.478294146e+002 -1.6702e+000 +1.2980e-001 +1.1340e+000
1816 0 +5.841303058e-002 -1.478415870e+002 -1.478415870e+002 -1.6810e+000 +1.1533e-001 +1.0997e+000
1870 0 +5.752703678e-002 -1.478424730e+002 -1.478424730e+002 -1.6755e+000 +1.4998e-001 +1.1610e+000
1935 0 +3.281155843e-002 -1.478671884e+002 -1.478671884e+002 -1.6764e+000 +1.3901e-001 +1.1441e+000
2004 0 +2.431840088e-002 -1.478756816e+002 -1.478756816e+002 -1.6732e+000 +1.3607e-001 +1.1409e+000
2294 0 +9.422395444e-003 -1.478905776e+002 -1.478905776e+002 -1.6709e+000 +1.3830e-001 +1.1422e+000
2547 0 +4.995847345e-003 -1.478950042e+002 -1.478950042e+002 -1.6701e+000 +1.3551e-001 +1.1374e+000
2670 0 +3.764019276e-003 -1.478962360e+002 -1.478962360e+002 -1.6704e+000 +1.3657e-001 +1.1393e+000
2937 0 +3.629670075e-003 -1.478963703e+002 -1.478963703e+002 -1.6709e+000 +1.3501e-001 +1.1367e+000
2938 0 +2.607603258e-003 -1.478973924e+002 -1.478973924e+002 -1.6705e+000 +1.3727e-001 +1.1402e+000
3158 0 +1.362136840e-003 -1.478986379e+002 -1.478986379e+002 -1.6705e+000 +1.3704e-001 +1.1399e+000
3770 0 +1.127609008e-003 -1.478988724e+002 -1.478988724e+002 -1.6704e+000 +1.3706e-001 +1.1399e+000
4200 0 +1.091203003e-003 -1.478989088e+002 -1.478989088e+002 -1.6704e+000 +1.3712e-001 +1.1400e+000
4307 0 +1.070246159e-003 -1.478989298e+002 -1.478989298e+002 -1.6704e+000 +1.3711e-001 +1.1400e+000
4570 0 +1.026827036e-003 -1.478989732e+002 -1.478989732e+002 -1.6704e+000 +1.3707e-001 +1.1399e+000
4649 0 +1.019685560e-003 -1.478989803e+002 -1.478989803e+002 -1.6704e+000 +1.3708e-001 +1.1399e+000
4687 0 +9.839106763e-004 -1.478990161e+002 -1.478990161e+002 -1.6704e+000 +1.3705e-001 +1.1399e+000
4756 0 +9.382418417e-004 -1.478990618e+002 -1.478990618e+002 -1.6704e+000 +1.3696e-001 +1.1397e+000
4896 0 +9.003575637e-004 -1.478990996e+002 -1.478990996e+002 -1.6704e+000 +1.3705e-001 +1.1399e+000
4930 0 +8.456287801e-004 -1.478991544e+002 -1.478991544e+002 -1.6704e+000 +1.3704e-001 +1.1399e+000
5276 0 +8.285567105e-004 -1.478991714e+002 -1.478991714e+002 -1.6704e+000 +1.3696e-001 +1.1397e+000
5476 0 +8.106044706e-004 -1.478991894e+002 -1.478991894e+002 -1.6704e+000 +1.3696e-001 +1.1398e+000
5554 0 +7.824493242e-004 -1.478992176e+002 -1.478992176e+002 -1.6704e+000 +1.3696e-001 +1.1397e+000
6138 0 +7.749852785e-004 -1.478992250e+002 -1.478992250e+002 -1.6704e+000 +1.3696e-001 +1.1398e+000
% f evaluations | g evaluations | best noise-free fitness - Fopt (4.817100000000e+002) + sum g_i+ | measured fitness | best measured fitness or single-digit g-values | x1 | x2...
1 0 +6.833269823e+001 +5.500426982e+002 +5.500426982e+002 +0.0000e+000 +0.0000e+000 +0.0000e+000
2 0 +3.335097870e+001 +5.150609787e+002 +5.150609787e+002 +3.8185e+000 +4.1670e+000 -2.2636e+000
3 0 +1.118698501e+001 +4.928969850e+002 +4.928969850e+002 +4.4218e-001 -4.9165e+000 -2.7798e+000
129 0 +5.074820475e+000 +4.867848205e+002 +4.867848205e+002 +2.3148e+000 -3.5789e-001 -3.8381e+000
172 0 +1.104281102e+000 +4.828142811e+002 +4.828142811e+002 +9.4228e-001 -3.7965e+000 -2.7072e+000
598 0 +1.055749179e+000 +4.827657492e+002 +4.827657492e+002 +8.4056e-001 -3.3509e+000 -2.6929e+000
706 0 +9.673110514e-001 +4.826773111e+002 +4.826773111e+002 +9.3427e-001 -3.3265e+000 -2.7373e+000
941 0 +5.135783000e-001 +4.822235783e+002 +4.822235783e+002 +1.0555e+000 -3.0625e+000 -2.9100e+000
1198 0 +2.667413366e-001 +4.819767413e+002 +4.819767413e+002 +1.0351e+000 -3.2315e+000 -2.8663e+000
1398 0 +2.098080099e-001 +4.819198080e+002 +4.819198080e+002 +1.0131e+000 -3.2483e+000 -2.8475e+000
1898 0 +1.631575284e-001 +4.818731575e+002 +4.818731575e+002 +1.0053e+000 -3.2543e+000 -2.8408e+000
2118 0 +1.604252451e-001 +4.818704252e+002 +4.818704252e+002 +1.0153e+000 -3.2338e+000 -2.8468e+000
2126 0 +1.505968471e-001 +4.818605968e+002 +4.818605968e+002 +1.0058e+000 -3.2635e+000 -2.8397e+000
2144 0 +1.333764022e-001 +4.818433764e+002 +4.818433764e+002 +1.0146e+000 -3.2362e+000 -2.8472e+000
2244 0 +1.006669670e-001 +4.818106670e+002 +4.818106670e+002 +1.0117e+000 -3.2405e+000 -2.8453e+000
2298 0 +9.804713093e-002 +4.818080471e+002 +4.818080471e+002 +1.0121e+000 -3.2436e+000 -2.8459e+000
2400 0 +6.953932781e-002 +4.817795393e+002 +4.817795393e+002 +1.0194e+000 -3.1675e+000 -2.8594e+000
2740 0 +6.831946497e-002 +4.817783195e+002 +4.817783195e+002 +1.0212e+000 -3.1525e+000 -2.8629e+000
2772 0 +4.654047161e-002 +4.817565405e+002 +4.817565405e+002 +1.0387e+000 -3.0340e+000 -2.8896e+000
2812 0 +3.470605362e-002 +4.817447061e+002 +4.817447061e+002 +1.0437e+000 -3.0171e+000 -2.8944e+000
2992 0 +2.762614406e-002 +4.817376261e+002 +4.817376261e+002 +1.0417e+000 -2.9989e+000 -2.8956e+000
3164 0 +1.482521578e-002 +4.817248252e+002 +4.817248252e+002 +1.0396e+000 -3.0078e+000 -2.8933e+000
3246 0 +1.172096835e-002 +4.817217210e+002 +4.817217210e+002 +1.0390e+000 -3.0161e+000 -2.8917e+000
3559 0 +9.878014106e-003 +4.817198780e+002 +4.817198780e+002 +1.0406e+000 -3.0007e+000 -2.8953e+000
3735 0 +7.783148268e-003 +4.817177831e+002 +4.817177831e+002 +1.0397e+000 -3.0084e+000 -2.8938e+000
3794 0 +7.224424717e-003 +4.817172244e+002 +4.817172244e+002 +1.0384e+000 -3.0173e+000 -2.8915e+000
3799 0 +5.544250433e-003 +4.817155443e+002 +4.817155443e+002 +1.0414e+000 -3.0005e+000 -2.8962e+000
3813 0 +3.721353777e-003 +4.817137214e+002 +4.817137214e+002 +1.0401e+000 -3.0027e+000 -2.8952e+000
3990 0 +2.842036367e-003 +4.817128420e+002 +4.817128420e+002 +1.0409e+000 -3.0011e+000 -2.8958e+000
4006 0 +2.395267511e-003 +4.817123953e+002 +4.817123953e+002 +1.0409e+000 -3.0009e+000 -2.8959e+000
4104 0 +1.753603846e-003 +4.817117536e+002 +4.817117536e+002 +1.0406e+000 -3.0022e+000 -2.8956e+000
4159 0 +1.066907073e-003 +4.817110669e+002 +4.817110669e+002 +1.0408e+000 -3.0011e+000 -2.8959e+000
4289 0 +9.948213421e-004 +4.817109948e+002 +4.817109948e+002 +1.0409e+000 -3.0011e+000 -2.8960e+000
4436 0 +8.954570966e-004 +4.817108955e+002 +4.817108955e+002 +1.0406e+000 -3.0020e+000 -2.8956e+000
4628 0 +7.603474723e-004 +4.817107603e+002 +4.817107603e+002 +1.0407e+000 -3.0016e+000 -2.8958e+000
4642 0 +6.737641000e-004 +4.817106738e+002 +4.817106738e+002 +1.0408e+000 -3.0007e+000 -2.8960e+000
4791 0 +3.633548129e-004 +4.817103634e+002 +4.817103634e+002 +1.0407e+000 -3.0017e+000 -2.8957e+000
4852 0 +2.333358074e-004 +4.817102333e+002 +4.817102333e+002 +1.0408e+000 -3.0010e+000 -2.8959e+000
5210 0 +1.861224806e-004 +4.817101861e+002 +4.817101861e+002 +1.0408e+000 -3.0008e+000 -2.8960e+000
5306 0 +1.271965868e-004 +4.817101272e+002 +4.817101272e+002 +1.0408e+000 -3.0008e+000 -2.8960e+000
5403 0 +7.617735019e-005 +4.817100762e+002 +4.817100762e+002 +1.0408e+000 -3.0008e+000 -2.8960e+000
5603 0 +5.888428183e-005 +4.817100589e+002 +4.817100589e+002 +1.0408e+000 -3.0008e+000 -2.8960e+000
5639 0 +5.155647432e-005 +4.817100516e+002 +4.817100516e+002 +1.0408e+000 -3.0008e+000 -2.8960e+000
5710 0 +4.348506440e-005 +4.817100435e+002 +4.817100435e+002 +1.0408e+000 -3.0008e+000 -2.8960e+000
5776 0 +1.675001073e-005 +4.817100168e+002 +4.817100168e+002 +1.0408e+000 -3.0008e+000 -2.8960e+000
6091 0 +1.196553137e-005 +4.817100120e+002 +4.817100120e+002 +1.0408e+000 -3.0008e+000 -2.8960e+000
6187 0 +1.162591178e-005 +4.817100116e+002 +4.817100116e+002 +1.0408e+000 -3.0008e+000 -2.8960e+000
6637 0 +1.113620402e-005 +4.817100111e+002 +4.817100111e+002 +1.0408e+000 -3.0008e+000 -2.8960e+000
6721 0 +1.042992642e-005 +4.817100104e+002 +4.817100104e+002 +1.0408e+000 -3.0008e+000 -2.8960e+000
6783 0 +9.319820322e-006 +4.817100093e+002 +4.817100093e+002 +1.0408e+000 -3.0008e+000 -2.8960e+000
7588 0 +2.647157544e-006 +4.817100026e+002 +4.817100026e+002 +1.0408e+000 -3.0008e+000 -2.8960e+000
7638 0 +2.043031259e-006 +4.817100020e+002 +4.817100020e+002 +1.0408e+000 -3.0008e+000 -2.8960e+000
7704 0 +1.919400006e-006 +4.817100019e+002 +4.817100019e+002 +1.0408e+000 -3.0008e+000 -2.8960e+000
7784 0 +7.300832294e-007 +4.817100007e+002 +4.817100007e+002 +1.0408e+000 -3.0008e+000 -2.8960e+000
8030 0 +6.938872730e-007 +4.817100007e+002 +4.817100007e+002 +1.0408e+000 -3.0008e+000 -2.8960e+000
8154 0 +6.764700515e-007 +4.817100007e+002 +4.817100007e+002 +1.0408e+000 -3.0008e+000 -2.8960e+000
8157 0 +5.052301049e-007 +4.817100005e+002 +4.817100005e+002 +1.0408e+000 -3.0008e+000 -2.8960e+000
8343 0 +4.462652328e-007 +4.817100004e+002 +4.817100004e+002 +1.0408e+000 -3.0008e+000 -2.8960e+000
8419 0 +3.703125913e-007 +4.817100004e+002 +4.817100004e+002 +1.0408e+000 -3.0008e+000 -2.8960e+000
8454 0 +3.106292183e-007 +4.817100003e+002 +4.817100003e+002 +1.0408e+000 -3.0008e+000 -2.8960e+000
8626 0 +3.074787287e-007 +4.817100003e+002 +4.817100003e+002 +1.0408e+000 -3.0008e+000 -2.8960e+000
8709 0 +2.459785833e-007 +4.817100002e+002 +4.817100002e+002 +1.0408e+000 -3.0008e+000 -2.8960e+000
8967 0 +1.687504323e-007 +4.817100002e+002 +4.817100002e+002 +1.0408e+000 -3.0008e+000 -2.8960e+000
9057 0 +1.658984843e-007 +4.817100002e+002 +4.817100002e+002 +1.0408e+000 -3.0008e+000 -2.8960e+000
9067 0 +9.363759546e-008 +4.817100001e+002 +4.817100001e+002 +1.0408e+000 -3.0008e+000 -2.8960e+000
9189 0 +7.619325970e-008 +4.817100001e+002 +4.817100001e+002 +1.0408e+000 -3.0008e+000 -2.8960e+000
9267 0 +4.011786814e-008 +4.817100000e+002 +4.817100000e+002 +1.0408e+000 -3.0008e+000 -2.8960e+000
9327 0 +3.257815706e-008 +4.817100000e+002 +4.817100000e+002 +1.0408e+000 -3.0008e+000 -2.8960e+000
9389 0 +1.943590178e-008 +4.817100000e+002 +4.817100000e+002 +1.0408e+000 -3.0008e+000 -2.8960e+000
9784 0 +9.317886907e-009 +4.817100000e+002 +4.817100000e+002 +1.0408e+000 -3.0008e+000 -2.8960e+000
% f evaluations | g evaluations | best noise-free fitness - Fopt (-3.646000000000e+001) + sum g_i+ | measured fitness | best measured fitness or single-digit g-values | x1 | x2...
1 0 +4.585345853e+001 +9.393458530e+000 +9.393458530e+000 +0.0000e+000 +0.0000e+000 +0.0000e+000
3 0 +3.233707414e+001 -4.122925860e+000 -4.122925860e+000 +3.0421e-001 +2.6466e+000 -4.7223e+000
46 0 +2.029775929e+001 -1.616224071e+001 -1.616224071e+001 +1.4114e+000 +4.9010e-001 -4.8908e+000
54 0 +1.035899436e+001 -2.610100564e+001 -2.610100564e+001 +2.0752e+000 -3.3859e+000 -2.0572e+000
79 0 +4.094998516e+000 -3.236500148e+001 -3.236500148e+001 +2.7209e+000 -3.8637e+000 -2.3614e+000
452 0 +3.984135038e+000 -3.247586496e+001 -3.247586496e+001 +2.3966e+000 -2.8485e+000 -2.2740e+000
462 0 +2.215657678e+000 -3.424434232e+001 -3.424434232e+001 +3.0989e+000 -3.9711e+000 -2.4019e+000
618 0 +1.188034013e+000 -3.527196599e+001 -3.527196599e+001 +2.9464e+000 -3.9572e+000 -2.2756e+000
873 0 +8.268834054e-001 -3.563311659e+001 -3.563311659e+001 +2.9626e+000 -3.9750e+000 -2.3195e+000
1132 0 +7.709562798e-001 -3.568904372e+001 -3.568904372e+001 +2.4635e+000 -3.3140e+000 -2.2343e+000
1202 0 +6.243117818e-001 -3.583568822e+001 -3.583568822e+001 +2.6228e+000 -3.4865e+000 -2.3117e+000
1320 0 +5.027228299e-001 -3.595727717e+001 -3.595727717e+001 +2.6200e+000 -3.4727e+000 -2.3038e+000
1401 0 +4.823523825e-001 -3.597764762e+001 -3.597764762e+001 +2.6157e+000 -3.4906e+000 -2.2918e+000
1440 0 +3.831378230e-001 -3.607686218e+001 -3.607686218e+001 +2.4718e+000 -3.2957e+000 -2.2856e+000
1582 0 +2.968662551e-001 -3.616313374e+001 -3.616313374e+001 +2.4758e+000 -3.3018e+000 -2.2817e+000
1793 0 +2.838079638e-001 -3.617619204e+001 -3.617619204e+001 +2.3818e+000 -3.1687e+000 -2.2623e+000
1805 0 +2.761280448e-001 -3.618387196e+001 -3.618387196e+001 +2.4558e+000 -3.2822e+000 -2.2662e+000
2024 0 +2.544471604e-001 -3.620555284e+001 -3.620555284e+001 +2.4516e+000 -3.2779e+000 -2.2644e+000
2128 0 +1.898365682e-001 -3.627016343e+001 -3.627016343e+001 +2.4614e+000 -3.2908e+000 -2.2666e+000
2221 0 +1.495554671e-001 -3.631044453e+001 -3.631044453e+001 +2.2353e+000 -2.9891e+000 -2.2375e+000
2317 0 +1.428258327e-001 -3.631717417e+001 -3.631717417e+001 +2.2345e+000 -2.9916e+000 -2.2326e+000
2324 0 +1.318073480e-001 -3.632819265e+001 -3.632819265e+001 +2.3700e+000 -3.1698e+000 -2.2570e+000
2407 0 +1.001969108e-001 -3.635980309e+001 -3.635980309e+001 +2.2900e+000 -3.0653e+000 -2.2463e+000
2670 0 +8.884076194e-002 -3.637115924e+001 -3.637115924e+001 +2.2906e+000 -3.0676e+000 -2.2460e+000
3004 0 +7.913715638e-002 -3.638086284e+001 -3.638086284e+001 +2.2834e+000 -3.0588e+000 -2.2448e+000
3154 0 +7.551693384e-002 -3.638448307e+001 -3.638448307e+001 +2.2849e+000 -3.0603e+000 -2.2451e+000
3214 0 +7.045851414e-002 -3.638954149e+001 -3.638954149e+001 +2.2838e+000 -3.0594e+000 -2.2447e+000
3445 0 +6.914690416e-002 -3.639085310e+001 -3.639085310e+001 +2.2871e+000 -3.0633e+000 -2.2454e+000
3629 0 +6.716528499e-002 -3.639283472e+001 -3.639283472e+001 +2.2887e+000 -3.0655e+000 -2.2454e+000
3674 0 +6.494092639e-002 -3.639505907e+001 -3.639505907e+001 +2.2870e+000 -3.0633e+000 -2.2453e+000
4399 0 +6.321928519e-002 -3.639678071e+001 -3.639678071e+001 +2.2863e+000 -3.0625e+000 -2.2451e+000
4481 0 +6.229354064e-002 -3.639770646e+001 -3.639770646e+001 +2.2854e+000 -3.0613e+000 -2.2450e+000
5578 0 +6.130828288e-002 -3.639869172e+001 -3.639869172e+001 +2.2855e+000 -3.0615e+000 -2.2450e+000
% f evaluations | g evaluations | best noise-free fitness - Fopt (3.920000000000e+001) + sum g_i+ | measured fitness | best measured fitness or single-digit g-values | x1 | x2...
1 0 +9.079569103e+000 +4.827956910e+001 +4.827956910e+001 +0.0000e+000 +0.0000e+000 +0.0000e+000
418 0 +5.917546027e+000 +4.511754603e+001 +4.511754603e+001 +8.5215e-001 -1.1161e+000 +2.4970e-001
537 0 +5.073261663e+000 +4.427326166e+001 +4.427326166e+001 +1.9246e+000 +6.8525e-001 +1.6853e+000
657 0 +4.279136944e+000 +4.347913694e+001 +4.347913694e+001 +2.2068e+000 +3.1633e-001 +1.4813e+000
705 0 +2.356505711e+000 +4.155650571e+001 +4.155650571e+001 +3.0902e+000 +9.5924e-001 +2.1091e+000
731 0 +2.256006250e+000 +4.145600625e+001 +4.145600625e+001 +3.4824e+000 +1.4829e+000 +2.2060e+000
830 0 +2.187210349e+000 +4.138721035e+001 +4.138721035e+001 +2.2639e+000 +7.8620e-001 +1.7249e+000
891 0 +1.458248276e+000 +4.065824828e+001 +4.065824828e+001 +3.7368e+000 +1.7980e+000 +2.5485e+000
931 0 +7.674288943e-001 +3.996742889e+001 +3.996742889e+001 +3.7578e+000 +1.7465e+000 +2.5535e+000
1127 0 +6.807422162e-001 +3.988074222e+001 +3.988074222e+001 +3.6479e+000 +1.5937e+000 +2.4641e+000
1184 0 +5.543514478e-001 +3.975435145e+001 +3.975435145e+001 +3.9796e+000 +1.9148e+000 +2.6677e+000
1294 0 +4.271243640e-001 +3.962712436e+001 +3.962712436e+001 +3.9363e+000 +1.7664e+000 +2.5954e+000
1435 0 +2.708105803e-001 +3.947081058e+001 +3.947081058e+001 +3.8024e+000 +1.7034e+000 +2.5103e+000
1603 0 +2.575145265e-001 +3.945751453e+001 +3.945751453e+001 +3.8307e+000 +1.7218e+000 +2.5323e+000
1728 0 +2.496397211e-001 +3.944963972e+001 +3.944963972e+001 +3.7422e+000 +1.6093e+000 +2.4511e+000
1757 0 +1.586601708e-001 +3.935866017e+001 +3.935866017e+001 +3.7411e+000 +1.6814e+000 +2.4842e+000
1768 0 +1.447440172e-001 +3.934474402e+001 +3.934474402e+001 +3.7945e+000 +1.6874e+000 +2.5055e+000
1905 0 +1.286228605e-001 +3.932862286e+001 +3.932862286e+001 +3.8008e+000 +1.6926e+000 +2.5107e+000
1951 0 +1.122619166e-001 +3.931226192e+001 +3.931226192e+001 +3.8177e+000 +1.7024e+000 +2.5220e+000
1995 0 +1.048400937e-001 +3.930484009e+001 +3.930484009e+001 +3.7969e+000 +1.7010e+000 +2.5172e+000
2027 0 +1.011325789e-001 +3.930113258e+001 +3.930113258e+001 +3.7118e+000 +1.6038e+000 +2.4431e+000
2102 0 +7.881932404e-002 +3.927881932e+001 +3.927881932e+001 +3.7228e+000 +1.6314e+000 +2.4609e+000
2157 0 +4.471573171e-002 +3.924471573e+001 +3.924471573e+001 +3.7208e+000 +1.6260e+000 +2.4544e+000
2209 0 +4.134931607e-002 +3.924134932e+001 +3.924134932e+001 +3.7205e+000 +1.6268e+000 +2.4545e+000
2328 0 +3.954913360e-002 +3.923954913e+001 +3.923954913e+001 +3.7122e+000 +1.6303e+000 +2.4521e+000
2456 0 +3.627904637e-002 +3.923627905e+001 +3.923627905e+001 +3.7349e+000 +1.6399e+000 +2.4648e+000
2535 0 +2.729875102e-002 +3.922729875e+001 +3.922729875e+001 +3.7232e+000 +1.6311e+000 +2.4567e+000
2600 0 +2.098680230e-002 +3.922098680e+001 +3.922098680e+001 +3.7262e+000 +1.6307e+000 +2.4544e+000
2638 0 +1.870171871e-002 +3.921870172e+001 +3.921870172e+001 +3.7191e+000 +1.6273e+000 +2.4516e+000
2692 0 +4.762616505e-003 +3.920476262e+001 +3.920476262e+001 +3.7226e+000 +1.6296e+000 +2.4540e+000
3028 0 +2.983152751e-003 +3.920298315e+001 +3.920298315e+001 +3.7235e+000 +1.6309e+000 +2.4548e+000
3221 0 +2.890335717e-003 +3.920289034e+001 +3.920289034e+001 +3.7227e+000 +1.6301e+000 +2.4542e+000
3241 0 +2.355842353e-003 +3.920235584e+001 +3.920235584e+001 +3.7234e+000 +1.6307e+000 +2.4547e+000
3292 0 +9.840647580e-004 +3.920098406e+001 +3.920098406e+001 +3.7233e+000 +1.6304e+000 +2.4544e+000
3792 0 +5.806744575e-004 +3.920058067e+001 +3.920058067e+001 +3.7233e+000 +1.6304e+000 +2.4545e+000
3831 0 +1.679887991e-004 +3.920016799e+001 +3.920016799e+001 +3.7232e+000 +1.6304e+000 +2.4544e+000
4113 0 +1.095772814e-004 +3.920010958e+001 +3.920010958e+001 +3.7232e+000 +1.6304e+000 +2.4544e+000
4331 0 +5.495243983e-005 +3.920005495e+001 +3.920005495e+001 +3.7232e+000 +1.6304e+000 +2.4544e+000
4516 0 +5.217271934e-005 +3.920005217e+001 +3.920005217e+001 +3.7232e+000 +1.6304e+000 +2.4544e+000
4651 0 +1.707150734e-005 +3.920001707e+001 +3.920001707e+001 +3.7232e+000 +1.6304e+000 +2.4544e+000
5449 0 +1.429320061e-005 +3.920001429e+001 +3.920001429e+001 +3.7232e+000 +1.6304e+000 +2.4544e+000
5486 0 +1.112588629e-005 +3.920001113e+001 +3.920001113e+001 +3.7232e+000 +1.6304e+000 +2.4544e+000
5610 0 +1.041760866e-005 +3.920001042e+001 +3.920001042e+001 +3.7232e+000 +1.6304e+000 +2.4544e+000
5749 0 +9.912993711e-006 +3.920000991e+001 +3.920000991e+001 +3.7232e+000 +1.6304e+000 +2.4544e+000
6108 0 +9.444238088e-006 +3.920000944e+001 +3.920000944e+001 +3.7232e+000 +1.6304e+000 +2.4544e+000
6237 0 +9.085926493e-006 +3.920000909e+001 +3.920000909e+001 +3.7232e+000 +1.6304e+000 +2.4544e+000
7100 0 +8.120053550e-006 +3.920000812e+001 +3.920000812e+001 +3.7232e+000 +1.6304e+000 +2.4544e+000
7251 0 +7.900799289e-006 +3.920000790e+001 +3.920000790e+001 +3.7232e+000 +1.6304e+000 +2.4544e+000
7886 0 +7.712851804e-006 +3.920000771e+001 +3.920000771e+001 +3.7232e+000 +1.6304e+000 +2.4544e+000
8308 0 +7.567015501e-006 +3.920000757e+001 +3.920000757e+001 +3.7232e+000 +1.6304e+000 +2.4544e+000
% f evaluations | g evaluations | best noise-free fitness - Fopt (-3.225000000000e+001) + sum g_i+ | measured fitness | best measured fitness or single-digit g-values | x1 | x2...
1 0 +2.960381805e+001 -2.646181952e+000 -2.646181952e+000 +0.0000e+000 +0.0000e+000 +0.0000e+000
4 0 +2.265845694e+001 -9.591543056e+000 -9.591543056e+000 -1.2888e+000 +1.5862e+000 +1.6365e+000
19 0 +1.425283960e+001 -1.799716040e+001 -1.799716040e+001 -3.4443e+000 +5.3111e-001 +4.2467e+000
29 0 +1.107325248e+001 -2.117674752e+001 -2.117674752e+001 +1.6198e+000 -2.9156e-001 +1.3798e+000
234 0 +9.567889006e+000 -2.268211099e+001 -2.268211099e+001 +1.4258e+000 +1.5990e+000 +5.1324e-001
324 0 +8.269678777e+000 -2.398032122e+001 -2.398032122e+001 -8.4215e-002 +1.4697e+000 +1.2292e+000
373 0 +6.384493328e+000 -2.586550667e+001 -2.586550667e+001 +1.2738e+000 +1.6419e+000 +4.7177e-001
506 0 +3.782811309e+000 -2.846718869e+001 -2.846718869e+001 +1.8668e+000 +7.9283e-001 +6.1171e-001
721 0 +3.013040938e+000 -2.923695906e+001 -2.923695906e+001 +9.0317e-001 +8.5524e-001 +1.0907e+000
996 0 +1.708408266e+000 -3.054159173e+001 -3.054159173e+001 +1.7634e+000 +8.0251e-001 +5.4717e-001
1249 0 +9.994341678e-001 -3.125056583e+001 -3.125056583e+001 +1.6163e+000 +8.8723e-001 +5.7548e-001
1526 0 +9.362902377e-001 -3.131370976e+001 -3.131370976e+001 +1.6018e+000 +8.9483e-001 +5.7126e-001
1980 0 +9.289210500e-001 -3.132107895e+001 -3.132107895e+001 +1.6188e+000 +9.0702e-001 +5.5341e-001
1988 0 +8.514210497e-001 -3.139857895e+001 -3.139857895e+001 +1.5860e+000 +8.9334e-001 +5.8644e-001
2019 0 +7.698465056e-001 -3.148015349e+001 -3.148015349e+001 +1.6367e+000 +8.9990e-001 +5.5016e-001
2319 0 +6.761200475e-001 -3.157387995e+001 -3.157387995e+001 +1.6334e+000 +8.9874e-001 +5.5192e-001
2810 0 +6.569822820e-001 -3.159301772e+001 -3.159301772e+001 +1.6355e+000 +8.9950e-001 +5.4996e-001
3382 0 +6.305046270e-001 -3.161949537e+001 -3.161949537e+001 +1.6351e+000 +8.9985e-001 +5.5002e-001
4351 0 +6.129964954e-001 -3.163700350e+001 -3.163700350e+001 +1.6361e+000 +9.0009e-001 +5.4921e-001
% f evaluations | g evaluations | best noise-free fitness - Fopt (3.681200000000e+002) + sum g_i+ | measured fitness | best measured fitness or single-digit g-values | x1 | x2...
1 0 +3.540939323e+001 +4.035293932e+002 +4.035293932e+002 +0.0000e+000 +0.0000e+000 +0.0000e+000
29 0 +2.861422280e+001 +3.967342228e+002 +3.967342228e+002 +2.4659e+000 +8.3731e-001 +4.3218e+000
50 0 +8.531139601e+000 +3.766511396e+002 +3.766511396e+002 -2.2491e+000 -1.2131e+000 +1.6231e+000
186 0 +6.648092413e+000 +3.747680924e+002 +3.747680924e+002 -5.3225e+000 -8.3547e-001 -1.8150e+000
223 0 +5.256900220e+000 +3.733769002e+002 +3.733769002e+002 -5.1846e+000 -7.4976e-001 -1.7159e+000
627 0 +2.643187435e+000 +3.707631874e+002 +3.707631874e+002 -4.8657e+000 -1.1872e+000 -1.1982e+000
924 0 +2.400844658e+000 +3.705208447e+002 +3.705208447e+002 -4.8628e+000 -1.1864e+000 -1.2079e+000
1148 0 +2.102242916e+000 +3.702222429e+002 +3.702222429e+002 -4.7432e+000 -1.1804e+000 -1.1144e+000
1160 0 +1.196930064e+000 +3.693169301e+002 +3.693169301e+002 -2.4377e+000 -1.0374e+000 +7.2715e-001
1204 0 +1.077468735e+000 +3.691974687e+002 +3.691974687e+002 -2.8591e+000 -1.0303e+000 +4.3440e-001
1250 0 +6.356944427e-001 +3.687556944e+002 +3.687556944e+002 -2.5868e+000 -1.0352e+000 +6.4339e-001
1308 0 +5.468486080e-001 +3.686668486e+002 +3.686668486e+002 -2.4171e+000 -1.0241e+000 +7.4520e-001
1651 0 +4.177076601e-001 +3.685377077e+002 +3.685377077e+002 -2.4311e+000 -1.0291e+000 +7.3676e-001
1711 0 +7.985342816e-002 +3.681998534e+002 +3.681998534e+002 -2.5221e+000 -1.0840e+000 +6.7911e-001
2060 0 +7.138864222e-002 +3.681913886e+002 +3.681913886e+002 -2.4702e+000 -1.0795e+000 +7.1107e-001
2204 0 +3.577821042e-002 +3.681557782e+002 +3.681557782e+002 -2.4435e+000 -1.0933e+000 +7.3199e-001
2498 0 +3.249697988e-002 +3.681524970e+002 +3.681524970e+002 -2.4492e+000 -1.0908e+000 +7.2786e-001
2606 0 +2.381011225e-002 +3.681438101e+002 +3.681438101e+002 -2.4813e+000 -1.0888e+000 +7.0510e-001
2723 0 +2.224521473e-002 +3.681422452e+002 +3.681422452e+002 -2.4677e+000 -1.0883e+000 +7.1321e-001
2753 0 +1.567823848e-002 +3.681356782e+002 +3.681356782e+002 -2.4765e+000 -1.0898e+000 +7.0813e-001
2820 0 +1.378369108e-002 +3.681337837e+002 +3.681337837e+002 -2.4637e+000 -1.0889e+000 +7.1760e-001
2960 0 +1.183724275e-002 +3.681318372e+002 +3.681318372e+002 -2.4704e+000 -1.0892e+000 +7.1224e-001
3050 0 +2.682613710e-003 +3.681226826e+002 +3.681226826e+002 -2.4608e+000 -1.0897e+000 +7.1855e-001
3423 0 +2.187391540e-003 +3.681221874e+002 +3.681221874e+002 -2.4628e+000 -1.0898e+000 +7.1699e-001
3468 0 +1.968184048e-003 +3.681219682e+002 +3.681219682e+002 -2.4635e+000 -1.0896e+000 +7.1671e-001
3622 0 +5.218107065e-004 +3.681205218e+002 +3.681205218e+002 -2.4630e+000 -1.0896e+000 +7.1697e-001
3941 0 +3.953044730e-004 +3.681203953e+002 +3.681203953e+002 -2.4631e+000 -1.0896e+000 +7.1689e-001
4148 0 +2.676783795e-004 +3.681202677e+002 +3.681202677e+002 -2.4630e+000 -1.0896e+000 +7.1694e-001
4276 0 +2.364755869e-004 +3.681202365e+002 +3.681202365e+002 -2.4633e+000 -1.0896e+000 +7.1676e-001
4316 0 +1.988479568e-004 +3.681201988e+002 +3.681201988e+002 -2.4631e+000 -1.0896e+000 +7.1685e-001
4401 0 +1.509876241e-004 +3.681201510e+002 +3.681201510e+002 -2.4632e+000 -1.0896e+000 +7.1682e-001
4420 0 +1.313936427e-004 +3.681201314e+002 +3.681201314e+002 -2.4632e+000 -1.0896e+000 +7.1681e-001
4479 0 +2.885227485e-005 +3.681200289e+002 +3.681200289e+002 -2.4632e+000 -1.0896e+000 +7.1679e-001
5010 0 +2.481510188e-005 +3.681200248e+002 +3.681200248e+002 -2.4632e+000 -1.0896e+000 +7.1679e-001
5396 0 +2.115145708e-005 +3.681200212e+002 +3.681200212e+002 -2.4632e+000 -1.0896e+000 +7.1680e-001
5541 0 +1.538659563e-005 +3.681200154e+002 +3.681200154e+002 -2.4632e+000 -1.0896e+000 +7.1680e-001
5696 0 +1.369009993e-005 +3.681200137e+002 +3.681200137e+002 -2.4632e+000 -1.0896e+000 +7.1680e-001
5823 0 +1.021410588e-005 +3.681200102e+002 +3.681200102e+002 -2.4632e+000 -1.0896e+000 +7.1680e-001
5866 0 +5.836005471e-006 +3.681200058e+002 +3.681200058e+002 -2.4632e+000 -1.0896e+000 +7.1680e-001
5955 0 +5.528164252e-006 +3.681200055e+002 +3.681200055e+002 -2.4632e+000 -1.0896e+000 +7.1680e-001
6116 0 +8.778271763e-007 +3.681200009e+002 +3.681200009e+002 -2.4632e+000 -1.0896e+000 +7.1680e-001
6222 0 +8.229383752e-007 +3.681200008e+002 +3.681200008e+002 -2.4632e+000 -1.0896e+000 +7.1680e-001
6355 0 +6.295242656e-007 +3.681200006e+002 +3.681200006e+002 -2.4632e+000 -1.0896e+000 +7.1680e-001
6357 0 +4.893204277e-007 +3.681200005e+002 +3.681200005e+002 -2.4632e+000 -1.0896e+000 +7.1680e-001
6816 0 +4.305405241e-007 +3.681200004e+002 +3.681200004e+002 -2.4632e+000 -1.0896e+000 +7.1680e-001
6852 0 +3.456207196e-007 +3.681200003e+002 +3.681200003e+002 -2.4632e+000 -1.0896e+000 +7.1680e-001
6959 0 +3.064029670e-007 +3.681200003e+002 +3.681200003e+002 -2.4632e+000 -1.0896e+000 +7.1680e-001
7052 0 +1.756425263e-007 +3.681200002e+002 +3.681200002e+002 -2.4632e+000 -1.0896e+000 +7.1680e-001
7222 0 +1.605353646e-007 +3.681200002e+002 +3.681200002e+002 -2.4632e+000 -1.0896e+000 +7.1680e-001
7459 0 +8.542110663e-008 +3.681200001e+002 +3.681200001e+002 -2.4632e+000 -1.0896e+000 +7.1680e-001
7522 0 +7.251446732e-008 +3.681200001e+002 +3.681200001e+002 -2.4632e+000 -1.0896e+000 +7.1680e-001
7798 0 +4.931678177e-008 +3.681200000e+002 +3.681200000e+002 -2.4632e+000 -1.0896e+000 +7.1680e-001
8155 0 +3.760425216e-008 +3.681200000e+002 +3.681200000e+002 -2.4632e+000 -1.0896e+000 +7.1680e-001
8416 0 +3.226108447e-008 +3.681200000e+002 +3.681200000e+002 -2.4632e+000 -1.0896e+000 +7.1680e-001
8443 0 +2.012501454e-008 +3.681200000e+002 +3.681200000e+002 -2.4632e+000 -1.0896e+000 +7.1680e-001
8504 0 +1.388644932e-008 +3.681200000e+002 +3.681200000e+002 -2.4632e+000 -1.0896e+000 +7.1680e-001
8643 0 +6.775621841e-009 +3.681200000e+002 +3.681200000e+002 -2.4632e+000 -1.0896e+000 +7.1680e-001
% f evaluations | g evaluations | best noise-free fitness - Fopt (4.739000000000e+001) + sum g_i+ | measured fitness | best measured fitness or single-digit g-values | x1 | x2...
1 0 +1.869623599e+001 +6.608623599e+001 +6.608623599e+001 +0.0000e+000 +0.0000e+000 +0.0000e+000
49 0 +1.791777407e+001 +6.530777407e+001 +6.530777407e+001 -5.6379e-001 +1.4708e+000 +2.0575e-001
117 0 +1.592135382e+001 +6.331135382e+001 +6.331135382e+001 +4.1758e+000 -2.9844e+000 -3.9231e-001
227 0 +9.539716077e+000 +5.692971608e+001 +5.692971608e+001 +2.5957e+000 -1.3973e+000 -3.7140e-001
264 0 +8.568993475e+000 +5.595899348e+001 +5.595899348e+001 +4.6270e+000 -4.6911e+000 -1.4273e-001
361 0 +6.710687985e+000 +5.410068798e+001 +5.410068798e+001 +3.6203e+000 -3.3186e+000 -5.3623e-001
912 0 +5.442440630e+000 +5.283244063e+001 +5.283244063e+001 +3.8179e+000 -3.3342e+000 -3.7915e-001
928 0 +5.107470627e+000 +5.249747063e+001 +5.249747063e+001 +3.7508e+000 -3.5618e+000 -3.4441e-001
960 0 +4.807928358e+000 +5.219792836e+001 +5.219792836e+001 +4.0550e+000 -3.5444e+000 -3.0320e-001
1070 0 +4.131463747e+000 +5.152146375e+001 +5.152146375e+001 +3.9263e+000 -3.4345e+000 -3.6531e-001
1088 0 +3.689566773e+000 +5.107956677e+001 +5.107956677e+001 +3.9801e+000 -3.5983e+000 -3.1102e-001
1153 0 +2.797982203e+000 +5.018798220e+001 +5.018798220e+001 +3.9102e+000 -3.5283e+000 -3.3475e-001
1353 0 +2.443304747e+000 +4.983330475e+001 +4.983330475e+001 +3.8926e+000 -3.5133e+000 -3.4451e-001
1951 0 +2.361385718e+000 +4.975138572e+001 +4.975138572e+001 +3.8429e+000 -3.4565e+000 -3.5510e-001
1961 0 +2.333093197e+000 +4.972309320e+001 +4.972309320e+001 +3.8902e+000 -3.5228e+000 -3.4377e-001
2251 0 +2.247808979e+000 +4.963780898e+001 +4.963780898e+001 +3.8486e+000 -3.4653e+000 -3.5369e-001
2325 0 +2.211701773e+000 +4.960170177e+001 +4.960170177e+001 +3.8763e+000 -3.5023e+000 -3.4844e-001
2361 0 +2.150336667e+000 +4.954033667e+001 +4.954033667e+001 +3.8669e+000 -3.4908e+000 -3.4967e-001
2725 0 +2.103869520e+000 +4.949386952e+001 +4.949386952e+001 +3.8699e+000 -3.4930e+000 -3.4933e-001
2990 0 +2.086833553e+000 +4.947683355e+001 +4.947683355e+001 +3.8714e+000 -3.4933e+000 -3.4888e-001
3090 0 +2.028992914e+000 +4.941899291e+001 +4.941899291e+001 +3.8713e+000 -3.4940e+000 -3.4889e-001
3825 0 +1.983454196e+000 +4.937345420e+001 +4.937345420e+001 +3.8712e+000 -3.4940e+000 -3.4893e-001
% f evaluations | g evaluations | best noise-free fitness - Fopt (-3.428900000000e+002) + sum g_i+ | measured fitness | best measured fitness or single-digit g-values | x1 | x2...
1 0 +1.733702368e+002 -1.695197632e+002 -1.695197632e+002 +0.0000e+000 +0.0000e+000 +0.0000e+000
2 0 +1.007049332e+002 -2.421850668e+002 -2.421850668e+002 +3.1189e+000 -3.8998e+000 +3.7651e-001
3 0 +7.889770462e+001 -2.639922954e+002 -2.639922954e+002 +3.3252e-001 +1.5483e+000 +9.5668e-001
12 0 +3.956433034e+001 -3.033256697e+002 -3.033256697e+002 +1.0055e+000 -1.6344e+000 +3.3474e+000
45 0 +3.254038835e+001 -3.103496116e+002 -3.103496116e+002 +4.2868e+000 -4.0334e+000 +3.1477e+000
51 0 +1.809565567e+001 -3.247943443e+002 -3.247943443e+002 +2.9318e+000 -1.7246e+000 +3.6647e+000
93 0 +1.283815041e+001 -3.300518496e+002 -3.300518496e+002 +6.8042e-001 -7.2713e-001 +4.5813e+000
245 0 +1.055873681e+001 -3.323312632e+002 -3.323312632e+002 +2.2204e+000 -2.5893e+000 +3.8426e+000
254 0 +1.043769728e+001 -3.324523027e+002 -3.324523027e+002 +1.1770e+000 -1.1322e+000 +4.1466e+000
294 0 +1.020644672e+001 -3.326835533e+002 -3.326835533e+002 -1.9538e+000 +7.9676e-001 +5.0000e+000
609 0 +6.217938716e+000 -3.366720613e+002 -3.366720613e+002 +8.6565e-001 -5.6181e-001 +4.0231e+000
751 0 +4.981989003e+000 -3.379080110e+002 -3.379080110e+002 +2.3268e+000 -2.3524e+000 +3.2901e+000
754 0 +4.187600775e+000 -3.387023992e+002 -3.387023992e+002 +1.5423e+000 -1.0097e+000 +3.9701e+000
880 0 +2.938617073e+000 -3.399513829e+002 -3.399513829e+002 +1.9543e+000 -1.9878e+000 +3.7947e+000
881 0 +2.873216623e+000 -3.400167834e+002 -3.400167834e+002 +1.9043e+000 -1.6018e+000 +3.8957e+000
1027 0 +2.187785115e+000 -3.407022149e+002 -3.407022149e+002 +2.1892e+000 -2.5215e+000 +3.6541e+000
1046 0 +1.939440929e+000 -3.409505591e+002 -3.409505591e+002 +2.0423e+000 -1.7881e+000 +3.7763e+000
1118 0 +1.807615591e+000 -3.410823844e+002 -3.410823844e+002 +2.1442e+000 -2.1913e+000 +3.6639e+000
1268 0 +1.460844742e+000 -3.414291553e+002 -3.414291553e+002 +1.8083e+000 -1.5322e+000 +3.8085e+000
1292 0 +1.205916462e+000 -3.416840835e+002 -3.416840835e+002 +1.9763e+000 -1.6177e+000 +3.6873e+000
1387 0 +1.136442439e+000 -3.417535576e+002 -3.417535576e+002 +2.0899e+000 -2.0435e+000 +3.6537e+000
1394 0 +8.777725257e-001 -3.420122275e+002 -3.420122275e+002 +2.1377e+000 -2.1021e+000 +3.5719e+000
1724 0 +8.247379600e-001 -3.420652620e+002 -3.420652620e+002 +2.0754e+000 -2.0286e+000 +3.6367e+000
1764 0 +6.528652015e-001 -3.422371348e+002 -3.422371348e+002 +2.0591e+000 -2.1302e+000 +3.7087e+000
1812 0 +6.356555651e-001 -3.422543444e+002 -3.422543444e+002 +2.1273e+000 -2.2220e+000 +3.6606e+000
1918 0 +2.996233759e-001 -3.425903766e+002 -3.425903766e+002 +2.1579e+000 -2.3550e+000 +3.5972e+000
2028 0 +2.066499721e-001 -3.426833500e+002 -3.426833500e+002 +2.1559e+000 -2.3292e+000 +3.5973e+000
2659 0 +1.928972770e-001 -3.426971027e+002 -3.426971027e+002 +2.1616e+000 -2.3509e+000 +3.5950e+000
2665 0 +1.775990777e-001 -3.427124009e+002 -3.427124009e+002 +2.1625e+000 -2.3382e+000 +3.5894e+000
2782 0 +1.704944957e-001 -3.427195055e+002 -3.427195055e+002 +2.1578e+000 -2.3284e+000 +3.5971e+000
2851 0 +1.406454010e-001 -3.427493546e+002 -3.427493546e+002 +2.1630e+000 -2.3404e+000 +3.5920e+000
2918 0 +1.338119681e-001 -3.427561880e+002 -3.427561880e+002 +2.1626e+000 -2.3391e+000 +3.5923e+000
3110 0 +1.245751376e-001 -3.427654249e+002 -3.427654249e+002 +2.1621e+000 -2.3331e+000 +3.5923e+000
3210 0 +1.196467075e-001 -3.427703533e+002 -3.427703533e+002 +2.1650e+000 -2.3376e+000 +3.5892e+000
3318 0 +1.151848342e-001 -3.427748152e+002 -3.427748152e+002 +2.1646e+000 -2.3380e+000 +3.5897e+000
3410 0 +1.144756942e-001 -3.427755243e+002 -3.427755243e+002 +2.1645e+000 -2.3376e+000 +3.5899e+000
3443 0 +1.024809090e-001 -3.427875191e+002 -3.427875191e+002 +2.1647e+000 -2.3398e+000 +3.5898e+000
3984 0 +1.013405381e-001 -3.427886595e+002 -3.427886595e+002 +2.1647e+000 -2.3399e+000 +3.5898e+000
4132 0 +9.849914189e-002 -3.427915009e+002 -3.427915009e+002 +2.1647e+000 -2.3396e+000 +3.5898e+000
4143 0 +9.560700711e-002 -3.427943930e+002 -3.427943930e+002 +2.1645e+000 -2.3386e+000 +3.5900e+000
4498 0 +9.342763922e-002 -3.427965724e+002 -3.427965724e+002 +2.1646e+000 -2.3390e+000 +3.5899e+000
4632 0 +9.263089920e-002 -3.427973691e+002 -3.427973691e+002 +2.1646e+000 -2.3391e+000 +3.5899e+000
7132 0 +9.117185508e-002 -3.427988281e+002 -3.427988281e+002 +2.1646e+000 -2.3391e+000 +3.5899e+000
% f evaluations | g evaluations | best noise-free fitness - Fopt (9.102000000000e+001) + sum g_i+ | measured fitness | best measured fitness or single-digit g-values | x1 | x2...
1 0 +1.071244744e+002 +1.981444744e+002 +1.981444744e+002 +0.0000e+000 +0.0000e+000 +0.0000e+000
8 0 +6.580158629e+001 +1.568215863e+002 +1.568215863e+002 +4.1587e+000 -9.3955e-001 +4.3696e+000
11 0 +2.925532392e+001 +1.202753239e+002 +1.202753239e+002 -1.2285e+000 +9.5949e-002 +3.3388e+000
12 0 +2.425430448e+001 +1.152743045e+002 +1.152743045e+002 +2.1301e+000 +3.0018e+000 +1.0504e+000
31 0 +1.221481214e+001 +1.032348121e+002 +1.032348121e+002 -1.5585e-001 -1.0184e+000 +3.5286e+000
76 0 +9.628712459e+000 +1.006487125e+002 +1.006487125e+002 +6.6608e-001 +2.3330e+000 +9.7635e-001
232 0 +6.604512970e+000 +9.762451297e+001 +9.762451297e+001 +7.0749e-001 +7.8216e-001 +2.0934e+000
278 0 +6.249008620e+000 +9.726900862e+001 +9.726900862e+001 +1.2699e+000 -1.7109e+000 +4.7003e+000
408 0 +4.429179322e+000 +9.544917932e+001 +9.544917932e+001 +5.6888e-001 -2.6261e+000 +4.5802e+000
504 0 +1.717638921e+000 +9.273763892e+001 +9.273763892e+001 +9.5310e-001 -2.1320e+000 +4.4358e+000
891 0 +1.542773316e+000 +9.256277332e+001 +9.256277332e+001 +7.3221e-001 -9.4294e-001 +3.3125e+000
911 0 +1.340042220e+000 +9.236004222e+001 +9.236004222e+001 +6.3874e-001 -7.4606e-001 +3.1018e+000
935 0 +5.651194300e-001 +9.158511943e+001 +9.158511943e+001 +6.0019e-001 -7.8453e-001 +3.2323e+000
1213 0 +2.564047238e-001 +9.127640472e+001 +9.127640472e+001 +4.9698e-001 -7.9346e-001 +3.1637e+000
1366 0 +1.830662040e-001 +9.120306620e+001 +9.120306620e+001 +5.2480e-001 -8.2221e-001 +3.1920e+000
1483 0 +3.985550025e-002 +9.105985550e+001 +9.105985550e+001 +5.4467e-001 -8.3284e-001 +3.2175e+000
1966 0 +3.729277889e-002 +9.105729278e+001 +9.105729278e+001 +5.3917e-001 -8.3336e-001 +3.2141e+000
2235 0 +3.454350616e-002 +9.105454351e+001 +9.105454351e+001 +5.3897e-001 -8.2812e-001 +3.2107e+000
2249 0 +2.900376948e-002 +9.104900377e+001 +9.104900377e+001 +5.4193e-001 -8.3104e-001 +3.2140e+000
2365 0 +2.732205858e-002 +9.104732206e+001 +9.104732206e+001 +5.4193e-001 -8.3163e-001 +3.2145e+000
2660 0 +2.685233587e-002 +9.104685234e+001 +9.104685234e+001 +5.4199e-001 -8.3117e-001 +3.2142e+000
2706 0 +2.441007226e-002 +9.104441007e+001 +9.104441007e+001 +5.4155e-001 -8.3078e-001 +3.2140e+000
2821 0 +2.229385916e-002 +9.104229386e+001 +9.104229386e+001 +5.4129e-001 -8.2964e-001 +3.2131e+000
3021 0 +1.849243120e-002 +9.103849243e+001 +9.103849243e+001 +5.4158e-001 -8.3027e-001 +3.2136e+000
3321 0 +1.736257754e-002 +9.103736258e+001 +9.103736258e+001 +5.4188e-001 -8.3084e-001 +3.2142e+000
3521 0 +1.574019729e-002 +9.103574020e+001 +9.103574020e+001 +5.4187e-001 -8.3077e-001 +3.2141e+000
4106 0 +1.517573696e-002 +9.103517574e+001 +9.103517574e+001 +5.4189e-001 -8.3077e-001 +3.2141e+000
4172 0 +1.509156067e-002 +9.103509156e+001 +9.103509156e+001 +5.4189e-001 -8.3079e-001 +3.2142e+000
4749 0 +1.472531587e-002 +9.103472532e+001 +9.103472532e+001 +5.4187e-001 -8.3076e-001 +3.2141e+000
6907 0 +1.444984395e-002 +9.103444984e+001 +9.103444984e+001 +5.4188e-001 -8.3076e-001 +3.2141e+000
% f evaluations | g evaluations | best noise-free fitness - Fopt (7.324200000000e+002) + sum g_i+ | measured fitness | best measured fitness or single-digit g-values | x1 | x2...
1 0 +4.767076839e+001 +7.800907684e+002 +7.800907684e+002 +0.0000e+000 +0.0000e+000 +0.0000e+000
2 0 +2.562612220e+001 +7.580461222e+002 +7.580461222e+002 +1.7527e+000 -2.9965e+000 -8.8093e-001
8 0 +1.406791081e+001 +7.464879108e+002 +7.464879108e+002 -4.8567e+000 -2.8981e+000 +4.4574e-001
29 0 +8.212449427e+000 +7.406324494e+002 +7.406324494e+002 +1.7314e+000 -2.2899e+000 -3.8003e-001
348 0 +6.286118361e+000 +7.387061184e+002 +7.387061184e+002 +1.0350e+000 -2.1256e+000 -1.6598e-001
407 0 +4.861898275e+000 +7.372818983e+002 +7.372818983e+002 +1.5622e+000 -2.0378e+000 -2.9831e-001
570 0 +4.268517951e+000 +7.366885180e+002 +7.366885180e+002 +1.3021e+000 -2.0105e+000 -3.4102e-001
909 0 +3.758934914e+000 +7.361789349e+002 +7.361789349e+002 +1.1493e+000 -2.1550e+000 -1.0533e-001
1017 0 +1.655069655e+000 +7.340750697e+002 +7.340750697e+002 -8.0064e-001 -2.2204e+000 +1.1468e+000
1245 0 +1.564486672e+000 +7.339844867e+002 +7.339844867e+002 -1.2424e+000 -2.2545e+000 +1.4597e+000
1288 0 +1.469943701e+000 +7.338899437e+002 +7.338899437e+002 -1.3004e+000 -2.2613e+000 +1.4388e+000
1387 0 +9.573967209e-001 +7.333773967e+002 +7.333773967e+002 -1.4910e+000 -2.2519e+000 +1.7081e+000
1494 0 +9.303517403e-001 +7.333503517e+002 +7.333503517e+002 -1.4946e+000 -2.2565e+000 +1.6704e+000
1660 0 +8.493802980e-001 +7.332693803e+002 +7.332693803e+002 -1.7245e+000 -2.2721e+000 +1.8826e+000
1715 0 +8.168372919e-001 +7.332368373e+002 +7.332368373e+002 -1.6652e+000 -2.2593e+000 +1.8171e+000
1812 0 +7.322979262e-001 +7.331522979e+002 +7.331522979e+002 -1.7832e+000 -2.2750e+000 +1.8685e+000
1837 0 +7.100780053e-001 +7.331300780e+002 +7.331300780e+002 -2.0023e+000 -2.2808e+000 +2.0056e+000
2012 0 +6.386612929e-001 +7.330586613e+002 +7.330586613e+002 -1.9889e+000 -2.2816e+000 +1.9987e+000
2037 0 +6.120987257e-001 +7.330320987e+002 +7.330320987e+002 -1.9920e+000 -2.2802e+000 +1.9935e+000
2057 0 +3.864462608e-001 +7.328064463e+002 +7.328064463e+002 -1.9675e+000 -2.2923e+000 +1.9510e+000
2212 0 +2.681509975e-001 +7.326881510e+002 +7.326881510e+002 -1.9658e+000 -2.2939e+000 +1.9345e+000
2557 0 +2.523194678e-001 +7.326723195e+002 +7.326723195e+002 -1.9722e+000 -2.2940e+000 +1.9376e+000
2646 0 +2.487988038e-001 +7.326687988e+002 +7.326687988e+002 -1.9773e+000 -2.2945e+000 +1.9398e+000
2810 0 +2.149603880e-001 +7.326349604e+002 +7.326349604e+002 -1.9762e+000 -2.2944e+000 +1.9422e+000
3162 0 +2.131440955e-001 +7.326331441e+002 +7.326331441e+002 -1.9760e+000 -2.2943e+000 +1.9425e+000
3553 0 +2.023490245e-001 +7.326223490e+002 +7.326223490e+002 -1.9746e+000 -2.2942e+000 +1.9414e+000
3920 0 +1.994884210e-001 +7.326194884e+002 +7.326194884e+002 -1.9805e+000 -2.2948e+000 +1.9439e+000
4222 0 +1.921004129e-001 +7.326121004e+002 +7.326121004e+002 -1.9799e+000 -2.2947e+000 +1.9436e+000
4509 0 +1.879714972e-001 +7.326079715e+002 +7.326079715e+002 -1.9807e+000 -2.2948e+000 +1.9439e+000
5687 0 +1.860435241e-001 +7.326060435e+002 +7.326060435e+002 -1.9799e+000 -2.2947e+000 +1.9435e+000
% f evaluations | g evaluations | best noise-free fitness - Fopt (3.542000000000e+001) + sum g_i+ | measured fitness | best measured fitness or single-digit g-values | x1 | x2...
1 0 +7.517346473e+001 +1.105934647e+002 +1.105934647e+002 +0.0000e+000 +0.0000e+000 +0.0000e+000
2 0 +3.193588900e+001 +6.735588900e+001 +6.735588900e+001 +4.2463e+000 -1.1977e-001 -8.6759e-001
14 0 +3.079094419e+001 +6.621094419e+001 +6.621094419e+001 +7.9491e-001 -2.3747e+000 -1.8616e+000
38 0 +2.172580596e+001 +5.714580596e+001 +5.714580596e+001 +4.5468e+000 -2.5311e+000 -1.4479e+000
77 0 +1.046565101e+001 +4.588565101e+001 +4.588565101e+001 +4.4836e+000 -1.1297e+000 -2.0129e+000
233 0 +9.787458654e+000 +4.520745865e+001 +4.520745865e+001 +3.3832e+000 -2.6755e+000 -1.1145e+000
267 0 +8.095494292e+000 +4.351549429e+001 +4.351549429e+001 +3.6533e+000 -9.7100e-001 -1.5418e+000
299 0 +4.522538348e+000 +3.994253835e+001 +3.994253835e+001 +4.4437e+000 -1.5440e+000 -1.4219e+000
354 0 +2.774031166e+000 +3.819403117e+001 +3.819403117e+001 +4.7884e+000 -4.8648e-001 -2.0607e+000
417 0 +2.515057795e+000 +3.793505779e+001 +3.793505779e+001 +4.8127e+000 -5.0977e-001 -2.0648e+000
667 0 +1.880021825e+000 +3.730002182e+001 +3.730002182e+001 +4.8412e+000 -5.8157e-001 -2.0766e+000
1024 0 +1.798542401e+000 +3.721854240e+001 +3.721854240e+001 +4.8069e+000 -5.5990e-001 -2.0611e+000
1090 0 +1.532628947e+000 +3.695262895e+001 +3.695262895e+001 +4.8000e+000 -5.5057e-001 -2.0952e+000
1134 0 +1.508133715e+000 +3.692813371e+001 +3.692813371e+001 +4.7815e+000 -5.4006e-001 -2.1159e+000
1334 0 +1.415238668e+000 +3.683523867e+001 +3.683523867e+001 +4.7913e+000 -5.2497e-001 -2.1084e+000
1504 0 +1.187674162e+000 +3.660767416e+001 +3.660767416e+001 +4.7575e+000 -5.2661e-001 -2.1148e+000
1793 0 +1.100733346e+000 +3.652073335e+001 +3.652073335e+001 +4.7533e+000 -5.2811e-001 -2.1136e+000
1942 0 +1.027805565e+000 +3.644780556e+001 +3.644780556e+001 +4.7554e+000 -5.2461e-001 -2.1158e+000
2143 0 +9.552758719e-001 +3.637527587e+001 +3.637527587e+001 +4.7545e+000 -5.2473e-001 -2.1160e+000
2258 0 +9.409701803e-001 +3.636097018e+001 +3.636097018e+001 +4.7730e+000 -4.8352e-001 -2.1591e+000
2320 0 +8.901171991e-001 +3.631011720e+001 +3.631011720e+001 +4.7671e+000 -4.9369e-001 -2.1490e+000
2535 0 +8.705432876e-001 +3.629054329e+001 +3.629054329e+001 +4.7673e+000 -4.9167e-001 -2.1509e+000
2600 0 +8.361688334e-001 +3.625616883e+001 +3.625616883e+001 +4.7637e+000 -5.0224e-001 -2.1396e+000
3061 0 +8.146044615e-001 +3.623460446e+001 +3.623460446e+001 +4.7638e+000 -5.0255e-001 -2.1394e+000
3763 0 +8.080494802e-001 +3.622804948e+001 +3.622804948e+001 +4.7637e+000 -5.0319e-001 -2.1387e+000
4316 0 +7.918547923e-001 +3.621185479e+001 +3.621185479e+001 +4.7638e+000 -5.0291e-001 -2.1390e+000
