% f evaluations | g evaluations | best noise-free fitness - Fopt (7.948000000000e+001) + sum g_i+ | measured fitness | best measured fitness or single-digit g-values | x1 | x2...
1 0 +1.728091034e+002 +2.522891034e+002 +2.522891034e+002
402 0 +1.681101230e+002 +2.475901230e+002 +2.475901230e+002
433 0 +1.658004712e+002 +2.452804712e+002 +2.452804712e+002
484 0 +1.245806642e+002 +2.040606642e+002 +2.040606642e+002
502 0 +1.173531028e+002 +1.968331028e+002 +1.968331028e+002
595 0 +1.114101761e+002 +1.908901761e+002 +1.908901761e+002
697 0 +1.047841959e+002 +1.842641959e+002 +1.842641959e+002
724 0 +1.012657046e+002 +1.807457046e+002 +1.807457046e+002
832 0 +9.572594726e+001 +1.752059473e+002 +1.752059473e+002
911 0 +9.532412601e+001 +1.748041260e+002 +1.748041260e+002
1012 0 +8.678242301e+001 +1.662624230e+002 +1.662624230e+002
1127 0 +8.394479584e+001 +1.634247958e+002 +1.634247958e+002
1216 0 +8.173025528e+001 +1.612102553e+002 +1.612102553e+002
1224 0 +8.049850438e+001 +1.599785044e+002 +1.599785044e+002
1398 0 +7.722032248e+001 +1.567003225e+002 +1.567003225e+002
1450 0 +7.575516142e+001 +1.552351614e+002 +1.552351614e+002
1522 0 +7.307958422e+001 +1.525595842e+002 +1.525595842e+002
1627 0 +7.222860129e+001 +1.517086013e+002 +1.517086013e+002
1702 0 +7.043158639e+001 +1.499115864e+002 +1.499115864e+002
1802 0 +6.902510955e+001 +1.485051096e+002 +1.485051096e+002
1908 0 +6.754621297e+001 +1.470262130e+002 +1.470262130e+002
2085 0 +6.602085776e+001 +1.455008578e+002 +1.455008578e+002
2310 0 +6.337030945e+001 +1.428503095e+002 +1.428503095e+002
2412 0 +6.306787615e+001 +1.425478761e+002 +1.425478761e+002
2712 0 +6.159730572e+001 +1.410773057e+002 +1.410773057e+002
3126 0 +6.023239466e+001 +1.397123947e+002 +1.397123947e+002
5302 0 +5.888014927e+001 +1.383601493e+002 +1.383601493e+002
11411 0 +5.752472917e+001 +1.370047292e+002 +1.370047292e+002
11504 0 +5.264013189e+001 +1.321201319e+002 +1.321201319e+002
11606 0 +5.230427005e+001 +1.317842700e+002 +1.317842700e+002
11692 0 +5.040593588e+001 +1.298859359e+002 +1.298859359e+002
11706 0 +4.947078425e+001 +1.289507843e+002 +1.289507843e+002
11802 0 +4.743626376e+001 +1.269162638e+002 +1.269162638e+002
11902 0 +4.560516300e+001 +1.250851630e+002 +1.250851630e+002
12008 0 +4.458235448e+001 +1.240623545e+002 +1.240623545e+002
12036 0 +4.334179085e+001 +1.228217908e+002 +1.228217908e+002
12123 0 +4.257083140e+001 +1.220508314e+002 +1.220508314e+002
12212 0 +4.151824808e+001 +1.209982481e+002 +1.209982481e+002
12306 0 +4.056583698e+001 +1.200458370e+002 +1.200458370e+002
12402 0 +3.979520132e+001 +1.192752013e+002 +1.192752013e+002
12604 0 +3.833874194e+001 +1.178187419e+002 +1.178187419e+002
12704 0 +3.794684659e+001 +1.174268466e+002 +1.174268466e+002
13208 0 +3.705478294e+001 +1.165347829e+002 +1.165347829e+002
13809 0 +3.626876924e+001 +1.157487692e+002 +1.157487692e+002
15203 0 +3.547265037e+001 +1.149526504e+002 +1.149526504e+002
% f evaluations | g evaluations | best noise-free fitness - Fopt (3.944800000000e+002) + sum g_i+ | measured fitness | best measured fitness or single-digit g-values | x1 | x2...
1 0 +2.837954374e+002 +6.782754374e+002 +6.782754374e+002
224 0 +2.743492673e+002 +6.688292673e+002 +6.688292673e+002
303 0 +2.689581608e+002 +6.634381608e+002 +6.634381608e+002
315 0 +2.517606216e+002 +6.462406216e+002 +6.462406216e+002
345 0 +2.125744690e+002 +6.070544690e+002 +6.070544690e+002
408 0 +2.051377347e+002 +5.996177347e+002 +5.996177347e+002
418 0 +1.810587007e+002 +5.755387007e+002 +5.755387007e+002
509 0 +1.613264907e+002 +5.558064907e+002 +5.558064907e+002
545 0 +1.468557510e+002 +5.413357510e+002 +5.413357510e+002
623 0 +1.437999049e+002 +5.382799049e+002 +5.382799049e+002
648 0 +1.355856819e+002 +5.300656819e+002 +5.300656819e+002
713 0 +1.344511727e+002 +5.289311727e+002 +5.289311727e+002
731 0 +1.260152289e+002 +5.204952289e+002 +5.204952289e+002
808 0 +1.256813843e+002 +5.201613843e+002 +5.201613843e+002
809 0 +1.224280628e+002 +5.169080628e+002 +5.169080628e+002
888 0 +1.179342729e+002 +5.124142729e+002 +5.124142729e+002
900 0 +1.165802748e+002 +5.110602748e+002 +5.110602748e+002
909 0 +1.120717545e+002 +5.065517545e+002 +5.065517545e+002
945 0 +1.056537946e+002 +5.001337946e+002 +5.001337946e+002
1104 0 +1.044869880e+002 +4.989669880e+002 +4.989669880e+002
1122 0 +1.014204804e+002 +4.959004804e+002 +4.959004804e+002
1136 0 +9.765716256e+001 +4.921371626e+002 +4.921371626e+002
1239 0 +9.163050042e+001 +4.861105004e+002 +4.861105004e+002
1321 0 +9.080803241e+001 +4.852880324e+002 +4.852880324e+002
1339 0 +8.833961996e+001 +4.828196200e+002 +4.828196200e+002
1406 0 +8.587616412e+001 +4.803561641e+002 +4.803561641e+002
1442 0 +8.343771111e+001 +4.779177111e+002 +4.779177111e+002
1512 0 +8.295778026e+001 +4.774377803e+002 +4.774377803e+002
1585 0 +8.066532488e+001 +4.751453249e+002 +4.751453249e+002
1590 0 +7.905706414e+001 +4.735370641e+002 +4.735370641e+002
1677 0 +7.694751206e+001 +4.714275121e+002 +4.714275121e+002
1811 0 +7.582391895e+001 +4.703039190e+002 +4.703039190e+002
1959 0 +7.406416174e+001 +4.685441617e+002 +4.685441617e+002
2189 0 +7.240591643e+001 +4.668859164e+002 +4.668859164e+002
2320 0 +7.056994413e+001 +4.650499441e+002 +4.650499441e+002
2456 0 +6.792910639e+001 +4.624091064e+002 +4.624091064e+002
2516 0 +6.681840885e+001 +4.612984088e+002 +4.612984088e+002
2723 0 +6.526012532e+001 +4.597401253e+002 +4.597401253e+002
2882 0 +6.433976556e+001 +4.588197656e+002 +4.588197656e+002
3105 0 +6.305467338e+001 +4.575346734e+002 +4.575346734e+002
4602 0 +6.165224021e+001 +4.561322402e+002 +4.561322402e+002
% f evaluations | g evaluations | best noise-free fitness - Fopt (-2.471100000000e+002) + sum g_i+ | measured fitness | best measured fitness or single-digit g-values | x1 | x2...
1 0 +1.949323283e+002 -5.217767168e+001 -5.217767168e+001
209 0 +1.789649087e+002 -6.814509132e+001 -6.814509132e+001
304 0 +1.423399649e+002 -1.047700351e+002 -1.047700351e+002
482 0 +1.382627958e+002 -1.088472042e+002 -1.088472042e+002
491 0 +1.292710431e+002 -1.178389569e+002 -1.178389569e+002
494 0 +1.247612162e+002 -1.223487838e+002 -1.223487838e+002
523 0 +1.207838259e+002 -1.263261741e+002 -1.263261741e+002
538 0 +1.181606254e+002 -1.289493746e+002 -1.289493746e+002
618 0 +1.153730148e+002 -1.317369852e+002 -1.317369852e+002
627 0 +1.123987430e+002 -1.347112570e+002 -1.347112570e+002
653 0 +1.121832034e+002 -1.349267966e+002 -1.349267966e+002
672 0 +1.056948730e+002 -1.414151270e+002 -1.414151270e+002
702 0 +1.017316273e+002 -1.453783727e+002 -1.453783727e+002
712 0 +9.888324343e+001 -1.482267566e+002 -1.482267566e+002
727 0 +9.525841803e+001 -1.518515820e+002 -1.518515820e+002
927 0 +9.103955622e+001 -1.560704438e+002 -1.560704438e+002
985 0 +8.833070001e+001 -1.587793000e+002 -1.587793000e+002
1004 0 +8.630910084e+001 -1.608008992e+002 -1.608008992e+002
1007 0 +7.801890338e+001 -1.690910966e+002 -1.690910966e+002
1021 0 +7.528518797e+001 -1.718248120e+002 -1.718248120e+002
1023 0 +7.221154359e+001 -1.748984564e+002 -1.748984564e+002
1078 0 +6.761828168e+001 -1.794917183e+002 -1.794917183e+002
1127 0 +6.599244946e+001 -1.811175505e+002 -1.811175505e+002
1144 0 +6.450072173e+001 -1.826092783e+002 -1.826092783e+002
1260 0 +6.248221749e+001 -1.846277825e+002 -1.846277825e+002
1318 0 +6.155788661e+001 -1.855521134e+002 -1.855521134e+002
1325 0 +5.943945819e+001 -1.876705418e+002 -1.876705418e+002
1335 0 +5.846706741e+001 -1.886429326e+002 -1.886429326e+002
1403 0 +5.562991113e+001 -1.914800889e+002 -1.914800889e+002
1404 0 +5.065626649e+001 -1.964537335e+002 -1.964537335e+002
1407 0 +4.913303802e+001 -1.979769620e+002 -1.979769620e+002
1486 0 +4.894029236e+001 -1.981697076e+002 -1.981697076e+002
1502 0 +4.778899014e+001 -1.993210099e+002 -1.993210099e+002
1533 0 +4.664663482e+001 -2.004633652e+002 -2.004633652e+002
1536 0 +4.540698740e+001 -2.017030126e+002 -2.017030126e+002
1546 0 +4.058571927e+001 -2.065242807e+002 -2.065242807e+002
1753 0 +3.898079376e+001 -2.081292062e+002 -2.081292062e+002
1804 0 +3.850468091e+001 -2.086053191e+002 -2.086053191e+002
1904 0 +3.792501848e+001 -2.091849815e+002 -2.091849815e+002
2102 0 +3.694843544e+001 -2.101615646e+002 -2.101615646e+002
2219 0 +3.630758997e+001 -2.108024100e+002 -2.108024100e+002
2536 0 +3.525106711e+001 -2.118589329e+002 -2.118589329e+002
2802 0 +3.463428836e+001 -2.124757116e+002 -2.124757116e+002
3226 0 +3.386298278e+001 -2.132470172e+002 -2.132470172e+002
% f evaluations | g evaluations | best noise-free fitness - Fopt (-1.520400000000e+002) + sum g_i+ | measured fitness | best measured fitness or single-digit g-values | x1 | x2...
1 0 +1.938924493e+002 +4.185244928e+001 +4.185244928e+001
302 0 +1.912563499e+002 +3.921634988e+001 +3.921634988e+001
359 0 +1.850978283e+002 +3.305782835e+001 +3.305782835e+001
434 0 +1.741406980e+002 +2.210069799e+001 +2.210069799e+001
488 0 +1.614709396e+002 +9.430939616e+000 +9.430939616e+000
502 0 +1.416063876e+002 -1.043361243e+001 -1.043361243e+001
606 0 +1.370862922e+002 -1.495370776e+001 -1.495370776e+001
613 0 +1.327944156e+002 -1.924558444e+001 -1.924558444e+001
632 0 +1.310258463e+002 -2.101415374e+001 -2.101415374e+001
646 0 +1.287647360e+002 -2.327526402e+001 -2.327526402e+001
678 0 +1.245815367e+002 -2.745846331e+001 -2.745846331e+001
733 0 +1.222881645e+002 -2.975183550e+001 -2.975183550e+001
759 0 +1.196080189e+002 -3.243198110e+001 -3.243198110e+001
803 0 +1.096751591e+002 -4.236484095e+001 -4.236484095e+001
833 0 +1.083146639e+002 -4.372533614e+001 -4.372533614e+001
886 0 +1.066354725e+002 -4.540452746e+001 -4.540452746e+001
910 0 +1.025371600e+002 -4.950283998e+001 -4.950283998e+001
933 0 +1.011847023e+002 -5.085529769e+001 -5.085529769e+001
1105 0 +9.976601722e+001 -5.227398278e+001 -5.227398278e+001
1108 0 +9.703315395e+001 -5.500684605e+001 -5.500684605e+001
1135 0 +9.270042668e+001 -5.933957332e+001 -5.933957332e+001
1210 0 +9.033566470e+001 -6.170433530e+001 -6.170433530e+001
1225 0 +8.862102612e+001 -6.341897388e+001 -6.341897388e+001
1301 0 +8.577495643e+001 -6.626504357e+001 -6.626504357e+001
1331 0 +8.410936422e+001 -6.793063578e+001 -6.793063578e+001
1346 0 +8.286901091e+001 -6.917098909e+001 -6.917098909e+001
1511 0 +8.073203961e+001 -7.130796039e+001 -7.130796039e+001
1615 0 +7.815060041e+001 -7.388939959e+001 -7.388939959e+001
1705 0 +7.735443094e+001 -7.468556906e+001 -7.468556906e+001
1805 0 +7.532361000e+001 -7.671639000e+001 -7.671639000e+001
1816 0 +7.398400242e+001 -7.805599758e+001 -7.805599758e+001
1928 0 +7.228376055e+001 -7.975623945e+001 -7.975623945e+001
2006 0 +7.061432964e+001 -8.142567036e+001 -8.142567036e+001
2161 0 +6.889145531e+001 -8.314854469e+001 -8.314854469e+001
2303 0 +6.714603906e+001 -8.489396094e+001 -8.489396094e+001
2404 0 +6.605375929e+001 -8.598624071e+001 -8.598624071e+001
2625 0 +6.444074479e+001 -8.759925521e+001 -8.759925521e+001
2907 0 +6.082140975e+001 -9.121859025e+001 -9.121859025e+001
3013 0 +6.014872654e+001 -9.189127346e+001 -9.189127346e+001
3309 0 +5.853554766e+001 -9.350445234e+001 -9.350445234e+001
3614 0 +5.752698121e+001 -9.451301879e+001 -9.451301879e+001
4104 0 +5.614265821e+001 -9.589734179e+001 -9.589734179e+001
12155 0 +5.459510884e+001 -9.744489116e+001 -9.744489116e+001
12527 0 +5.331844544e+001 -9.872155456e+001 -9.872155456e+001
12627 0 +5.217521527e+001 -9.986478473e+001 -9.986478473e+001
13056 0 +5.124351186e+001 -1.007964881e+002 -1.007964881e+002
15002 0 +5.011817020e+001 -1.019218298e+002 -1.019218298e+002
21816 0 +4.834377936e+001 -1.036962206e+002 -1.036962206e+002
21916 0 +4.705771337e+001 -1.049822866e+002 -1.049822866e+002
22003 0 +4.647407938e+001 -1.055659206e+002 -1.055659206e+002
22009 0 +4.445525218e+001 -1.075847478e+002 -1.075847478e+002
22129 0 +4.362727339e+001 -1.084127266e+002 -1.084127266e+002
22411 0 +4.213451093e+001 -1.099054891e+002 -1.099054891e+002
22609 0 +4.166274888e+001 -1.103772511e+002 -1.103772511e+002
22803 0 +4.069394982e+001 -1.113460502e+002 -1.113460502e+002
22924 0 +3.973162653e+001 -1.123083735e+002 -1.123083735e+002
23104 0 +3.864012584e+001 -1.133998742e+002 -1.133998742e+002
23326 0 +3.801037742e+001 -1.140296226e+002 -1.140296226e+002
24303 0 +3.715178220e+001 -1.148882178e+002 -1.148882178e+002
33440 0 +3.629867178e+001 -1.157413282e+002 -1.157413282e+002
34420 0 +3.545049637e+001 -1.165895036e+002 -1.165895036e+002
% f evaluations | g evaluations | best noise-free fitness - Fopt (-2.525000000000e+001) + sum g_i+ | measured fitness | best measured fitness or single-digit g-values | x1 | x2...
1 0 +1.331742054e+002 +1.079242054e+002 +1.079242054e+002
259 0 +1.327859752e+002 +1.075359752e+002 +1.075359752e+002
308 0 +1.208740432e+002 +9.562404324e+001 +9.562404324e+001
314 0 +1.084375120e+002 +8.318751197e+001 +8.318751197e+001
417 0 +1.061853919e+002 +8.093539191e+001 +8.093539191e+001
445 0 +8.836389846e+001 +6.311389846e+001 +6.311389846e+001
504 0 +8.415639474e+001 +5.890639474e+001 +5.890639474e+001
518 0 +7.223740539e+001 +4.698740539e+001 +4.698740539e+001
645 0 +6.610617004e+001 +4.085617004e+001 +4.085617004e+001
671 0 +6.439351269e+001 +3.914351269e+001 +3.914351269e+001
708 0 +5.901790628e+001 +3.376790628e+001 +3.376790628e+001
745 0 +5.808856475e+001 +3.283856475e+001 +3.283856475e+001
752 0 +5.753761633e+001 +3.228761633e+001 +3.228761633e+001
820 0 +5.255217547e+001 +2.730217547e+001 +2.730217547e+001
823 0 +5.170788598e+001 +2.645788598e+001 +2.645788598e+001
845 0 +5.064531494e+001 +2.539531494e+001 +2.539531494e+001
934 0 +4.637202233e+001 +2.112202233e+001 +2.112202233e+001
1007 0 +4.538983789e+001 +2.013983789e+001 +2.013983789e+001
1009 0 +4.151447412e+001 +1.626447412e+001 +1.626447412e+001
1102 0 +3.977007003e+001 +1.452007003e+001 +1.452007003e+001
1113 0 +3.777153014e+001 +1.252153014e+001 +1.252153014e+001
1150 0 +3.611737720e+001 +1.086737720e+001 +1.086737720e+001
1250 0 +3.464358661e+001 +9.393586606e+000 +9.393586606e+000
1304 0 +3.384141943e+001 +8.591419426e+000 +8.591419426e+000
1364 0 +3.264051657e+001 +7.390516573e+000 +7.390516573e+000
1394 0 +3.138093596e+001 +6.130935963e+000 +6.130935963e+000
1405 0 +2.980600383e+001 +4.556003830e+000 +4.556003830e+000
1494 0 +2.942764256e+001 +4.177642563e+000 +4.177642563e+000
1505 0 +2.846268023e+001 +3.212680231e+000 +3.212680231e+000
1520 0 +2.799494212e+001 +2.744942121e+000 +2.744942121e+000
1663 0 +2.734248385e+001 +2.092483850e+000 +2.092483850e+000
1703 0 +2.689860777e+001 +1.648607769e+000 +1.648607769e+000
1756 0 +2.572061280e+001 +4.706128026e-001 +4.706128026e-001
1808 0 +2.552582753e+001 +2.758275272e-001 +2.758275272e-001
1902 0 +2.484023862e+001 -4.097613755e-001 -4.097613755e-001
1929 0 +2.413847686e+001 -1.111523137e+000 -1.111523137e+000
2002 0 +2.393239639e+001 -1.317603607e+000 -1.317603607e+000
2138 0 +2.314409796e+001 -2.105902041e+000 -2.105902041e+000
2146 0 +2.253718908e+001 -2.712810923e+000 -2.712810923e+000
2205 0 +2.218187390e+001 -3.068126100e+000 -3.068126100e+000
2238 0 +2.172838840e+001 -3.521611599e+000 -3.521611599e+000
2276 0 +2.135702438e+001 -3.892975621e+000 -3.892975621e+000
2403 0 +2.082008110e+001 -4.429918897e+000 -4.429918897e+000
2458 0 +2.040310611e+001 -4.846893895e+000 -4.846893895e+000
2549 0 +1.981750438e+001 -5.432495617e+000 -5.432495617e+000
2604 0 +1.927235895e+001 -5.977641045e+000 -5.977641045e+000
2688 0 +1.897189996e+001 -6.278100041e+000 -6.278100041e+000
2788 0 +1.857710974e+001 -6.672890260e+000 -6.672890260e+000
2811 0 +1.807859403e+001 -7.171405966e+000 -7.171405966e+000
2972 0 +1.767396710e+001 -7.576032899e+000 -7.576032899e+000
3167 0 +1.728662946e+001 -7.963370541e+000 -7.963370541e+000
3504 0 +1.697226761e+001 -8.277732388e+000 -8.277732388e+000
4110 0 +1.656470809e+001 -8.685291911e+000 -8.685291911e+000
% f evaluations | g evaluations | best noise-free fitness - Fopt (1.830100000000e+002) + sum g_i+ | measured fitness | best measured fitness or single-digit g-values | x1 | x2...
1 0 +2.378702086e+002 +4.208802086e+002 +4.208802086e+002
222 0 +2.351670487e+002 +4.181770487e+002 +4.181770487e+002
228 0 +2.160595498e+002 +3.990695498e+002 +3.990695498e+002
303 0 +2.124518163e+002 +3.954618163e+002 +3.954618163e+002
335 0 +2.009516709e+002 +3.839616709e+002 +3.839616709e+002
372 0 +1.907164141e+002 +3.737264141e+002 +3.737264141e+002
404 0 +1.899253336e+002 +3.729353336e+002 +3.729353336e+002
407 0 +1.706023601e+002 +3.536123601e+002 +3.536123601e+002
418 0 +1.614720880e+002 +3.444820880e+002 +3.444820880e+002
563 0 +1.566338297e+002 +3.396438297e+002 +3.396438297e+002
604 0 +1.545832229e+002 +3.375932229e+002 +3.375932229e+002
622 0 +1.485739040e+002 +3.315839040e+002 +3.315839040e+002
707 0 +1.397693848e+002 +3.227793848e+002 +3.227793848e+002
731 0 +1.327564257e+002 +3.157664257e+002 +3.157664257e+002
831 0 +1.315669261e+002 +3.145769261e+002 +3.145769261e+002
862 0 +1.287990203e+002 +3.118090203e+002 +3.118090203e+002
979 0 +1.219006906e+002 +3.049106906e+002 +3.049106906e+002
1028 0 +1.196336797e+002 +3.026436797e+002 +3.026436797e+002
1065 0 +1.166913450e+002 +2.997013450e+002 +2.997013450e+002
1117 0 +1.147506722e+002 +2.977606722e+002 +2.977606722e+002
1165 0 +1.095497511e+002 +2.925597511e+002 +2.925597511e+002
1204 0 +1.065777368e+002 +2.895877368e+002 +2.895877368e+002
1251 0 +1.041767469e+002 +2.871867469e+002 +2.871867469e+002
1304 0 +1.021043859e+002 +2.851143859e+002 +2.851143859e+002
1403 0 +9.764646317e+001 +2.806564632e+002 +2.806564632e+002
1509 0 +9.510598982e+001 +2.781159898e+002 +2.781159898e+002
1606 0 +9.300115963e+001 +2.760111596e+002 +2.760111596e+002
1608 0 +8.992335719e+001 +2.729333572e+002 +2.729333572e+002
1702 0 +8.689860492e+001 +2.699086049e+002 +2.699086049e+002
1805 0 +8.484008024e+001 +2.678500802e+002 +2.678500802e+002
1910 0 +8.302586643e+001 +2.660358664e+002 +2.660358664e+002
2011 0 +8.123770964e+001 +2.642477096e+002 +2.642477096e+002
2211 0 +7.889605789e+001 +2.619060579e+002 +2.619060579e+002
2390 0 +7.753338156e+001 +2.605433816e+002 +2.605433816e+002
2621 0 +7.584504587e+001 +2.588550459e+002 +2.588550459e+002
3207 0 +7.411730755e+001 +2.571273075e+002 +2.571273075e+002
11303 0 +7.203352324e+001 +2.550435232e+002 +2.550435232e+002
11304 0 +6.873182188e+001 +2.517418219e+002 +2.517418219e+002
11402 0 +6.758536987e+001 +2.505953699e+002 +2.505953699e+002
11450 0 +6.578018098e+001 +2.487901810e+002 +2.487901810e+002
11518 0 +6.447862802e+001 +2.474886280e+002 +2.474886280e+002
11524 0 +6.234092393e+001 +2.453509239e+002 +2.453509239e+002
11608 0 +6.140213020e+001 +2.444121302e+002 +2.444121302e+002
11612 0 +5.978360859e+001 +2.427936086e+002 +2.427936086e+002
11707 0 +5.807822964e+001 +2.410882296e+002 +2.410882296e+002
11721 0 +5.754057782e+001 +2.405505778e+002 +2.405505778e+002
11807 0 +5.611075304e+001 +2.391207530e+002 +2.391207530e+002
11907 0 +5.486488158e+001 +2.378748816e+002 +2.378748816e+002
11926 0 +5.180863719e+001 +2.348186372e+002 +2.348186372e+002
12017 0 +5.079088468e+001 +2.338008847e+002 +2.338008847e+002
12117 0 +4.987497868e+001 +2.328849787e+002 +2.328849787e+002
12119 0 +4.850403552e+001 +2.315140355e+002 +2.315140355e+002
12202 0 +4.669312774e+001 +2.297031277e+002 +2.297031277e+002
12302 0 +4.512653624e+001 +2.281365362e+002 +2.281365362e+002
12419 0 +4.459069050e+001 +2.276006905e+002 +2.276006905e+002
12605 0 +4.283066478e+001 +2.258406648e+002 +2.258406648e+002
12705 0 +4.223912120e+001 +2.252491212e+002 +2.252491212e+002
12961 0 +4.162460507e+001 +2.246346051e+002 +2.246346051e+002
13707 0 +4.072398627e+001 +2.237339863e+002 +2.237339863e+002
31814 0 +3.931130359e+001 +2.223213036e+002 +2.223213036e+002
31903 0 +3.851500059e+001 +2.215250006e+002 +2.215250006e+002
31942 0 +3.798441861e+001 +2.209944186e+002 +2.209944186e+002
32042 0 +3.687699644e+001 +2.198869964e+002 +2.198869964e+002
32108 0 +3.623481805e+001 +2.192448181e+002 +2.192448181e+002
32208 0 +3.535315688e+001 +2.183631569e+002 +2.183631569e+002
32327 0 +3.449862602e+001 +2.175086260e+002 +2.175086260e+002
32414 0 +3.378358183e+001 +2.167935818e+002 +2.167935818e+002
32504 0 +3.311023210e+001 +2.161202321e+002 +2.161202321e+002
32599 0 +3.166287723e+001 +2.146728772e+002 +2.146728772e+002
32604 0 +3.131117044e+001 +2.143211704e+002 +2.143211704e+002
32703 0 +3.083619735e+001 +2.138461974e+002 +2.138461974e+002
32803 0 +3.003885811e+001 +2.130488581e+002 +2.130488581e+002
32912 0 +2.950170657e+001 +2.125117066e+002 +2.125117066e+002
33202 0 +2.873084189e+001 +2.117408419e+002 +2.117408419e+002
33903 0 +2.816828915e+001 +2.111782891e+002 +2.111782891e+002
% f evaluations | g evaluations | best noise-free fitness - Fopt (1.835200000000e+002) + sum g_i+ | measured fitness | best measured fitness or single-digit g-values | x1 | x2...
1 0 +2.700424077e+002 +4.535624077e+002 +4.535624077e+002
213 0 +2.568534287e+002 +4.403734287e+002 +4.403734287e+002
237 0 +2.470633743e+002 +4.305833743e+002 +4.305833743e+002
306 0 +2.446228710e+002 +4.281428710e+002 +4.281428710e+002
335 0 +2.233755919e+002 +4.068955919e+002 +4.068955919e+002
395 0 +2.138691936e+002 +3.973891936e+002 +3.973891936e+002
414 0 +2.111876526e+002 +3.947076526e+002 +3.947076526e+002
473 0 +2.001036275e+002 +3.836236275e+002 +3.836236275e+002
490 0 +1.888324580e+002 +3.723524580e+002 +3.723524580e+002
510 0 +1.850745567e+002 +3.685945567e+002 +3.685945567e+002
570 0 +1.791863801e+002 +3.627063801e+002 +3.627063801e+002
595 0 +1.695730748e+002 +3.530930748e+002 +3.530930748e+002
626 0 +1.575950881e+002 +3.411150881e+002 +3.411150881e+002
733 0 +1.476303344e+002 +3.311503344e+002 +3.311503344e+002
789 0 +1.393231979e+002 +3.228431979e+002 +3.228431979e+002
807 0 +1.333453300e+002 +3.168653300e+002 +3.168653300e+002
833 0 +1.245857706e+002 +3.081057706e+002 +3.081057706e+002
864 0 +1.197022985e+002 +3.032222985e+002 +3.032222985e+002
972 0 +1.106446912e+002 +2.941646912e+002 +2.941646912e+002
976 0 +1.069981174e+002 +2.905181174e+002 +2.905181174e+002
1018 0 +1.011237584e+002 +2.846437584e+002 +2.846437584e+002
1083 0 +9.618564175e+001 +2.797056418e+002 +2.797056418e+002
1103 0 +9.252919925e+001 +2.760491992e+002 +2.760491992e+002
1156 0 +9.004089540e+001 +2.735608954e+002 +2.735608954e+002
1205 0 +8.643941060e+001 +2.699594106e+002 +2.699594106e+002
1214 0 +8.364485174e+001 +2.671648517e+002 +2.671648517e+002
1304 0 +8.301086166e+001 +2.665308617e+002 +2.665308617e+002
1314 0 +8.125466318e+001 +2.647746632e+002 +2.647746632e+002
1403 0 +7.912548326e+001 +2.626454833e+002 +2.626454833e+002
1480 0 +7.613199311e+001 +2.596519931e+002 +2.596519931e+002
1503 0 +7.582531008e+001 +2.593453101e+002 +2.593453101e+002
1586 0 +7.409740536e+001 +2.576174054e+002 +2.576174054e+002
1625 0 +7.111158708e+001 +2.546315871e+002 +2.546315871e+002
1653 0 +7.061996514e+001 +2.541399651e+002 +2.541399651e+002
1702 0 +6.882315906e+001 +2.523431591e+002 +2.523431591e+002
1710 0 +6.718197797e+001 +2.507019780e+002 +2.507019780e+002
1841 0 +6.576749777e+001 +2.492874978e+002 +2.492874978e+002
1922 0 +6.407529219e+001 +2.475952922e+002 +2.475952922e+002
2023 0 +6.290513494e+001 +2.464251349e+002 +2.464251349e+002
2025 0 +6.156486311e+001 +2.450848631e+002 +2.450848631e+002
2126 0 +5.990099650e+001 +2.434209965e+002 +2.434209965e+002
2211 0 +5.868300412e+001 +2.422030041e+002 +2.422030041e+002
2311 0 +5.721351557e+001 +2.407335156e+002 +2.407335156e+002
2412 0 +5.603536763e+001 +2.395553676e+002 +2.395553676e+002
2602 0 +5.484339714e+001 +2.383633971e+002 +2.383633971e+002
2837 0 +5.335549820e+001 +2.368754982e+002 +2.368754982e+002
3516 0 +5.247054121e+001 +2.359905412e+002 +2.359905412e+002
23905 0 +5.127956627e+001 +2.347995663e+002 +2.347995663e+002
% f evaluations | g evaluations | best noise-free fitness - Fopt (-5.938400000000e+002) + sum g_i+ | measured fitness | best measured fitness or single-digit g-values | x1 | x2...
1 0 +1.951246048e+002 -3.987153952e+002 -3.987153952e+002
350 0 +1.905964826e+002 -4.032435174e+002 -4.032435174e+002
355 0 +1.849152143e+002 -4.089247857e+002 -4.089247857e+002
404 0 +1.762215205e+002 -4.176184795e+002 -4.176184795e+002
490 0 +1.713868533e+002 -4.224531467e+002 -4.224531467e+002
507 0 +1.697350261e+002 -4.241049739e+002 -4.241049739e+002
554 0 +1.569821390e+002 -4.368578610e+002 -4.368578610e+002
589 0 +1.441114495e+002 -4.497285505e+002 -4.497285505e+002
640 0 +1.273445324e+002 -4.664954676e+002 -4.664954676e+002
759 0 +1.227230048e+002 -4.711169952e+002 -4.711169952e+002
831 0 +1.187340181e+002 -4.751059819e+002 -4.751059819e+002
850 0 +1.166608282e+002 -4.771791718e+002 -4.771791718e+002
904 0 +1.142673435e+002 -4.795726565e+002 -4.795726565e+002
915 0 +1.115257618e+002 -4.823142382e+002 -4.823142382e+002
924 0 +1.096373754e+002 -4.842026246e+002 -4.842026246e+002
950 0 +9.705998106e+001 -4.967800189e+002 -4.967800189e+002
1033 0 +9.506575062e+001 -4.987742494e+002 -4.987742494e+002
1102 0 +9.182026111e+001 -5.020197389e+002 -5.020197389e+002
1108 0 +9.073427712e+001 -5.031057229e+002 -5.031057229e+002
1181 0 +8.365220291e+001 -5.101877971e+002 -5.101877971e+002
1203 0 +8.172101814e+001 -5.121189819e+002 -5.121189819e+002
1212 0 +8.091088052e+001 -5.129291195e+002 -5.129291195e+002
1308 0 +7.920001249e+001 -5.146399875e+002 -5.146399875e+002
1310 0 +7.731138405e+001 -5.165286159e+002 -5.165286159e+002
1405 0 +7.539621226e+001 -5.184437877e+002 -5.184437877e+002
1412 0 +7.359582233e+001 -5.202441777e+002 -5.202441777e+002
1425 0 +7.237561733e+001 -5.214643827e+002 -5.214643827e+002
1457 0 +6.984855382e+001 -5.239914462e+002 -5.239914462e+002
1504 0 +6.907337957e+001 -5.247666204e+002 -5.247666204e+002
1602 0 +6.719452303e+001 -5.266454770e+002 -5.266454770e+002
1613 0 +6.581267647e+001 -5.280273235e+002 -5.280273235e+002
1801 0 +6.261583135e+001 -5.312241686e+002 -5.312241686e+002
1901 0 +6.124945735e+001 -5.325905426e+002 -5.325905426e+002
1987 0 +5.999806896e+001 -5.338419310e+002 -5.338419310e+002
2002 0 +5.831682045e+001 -5.355231796e+002 -5.355231796e+002
2008 0 +5.730667516e+001 -5.365333248e+002 -5.365333248e+002
2131 0 +5.611015363e+001 -5.377298464e+002 -5.377298464e+002
2327 0 +5.495142865e+001 -5.388885714e+002 -5.388885714e+002
2492 0 +5.336118855e+001 -5.404788114e+002 -5.404788114e+002
2707 0 +5.246975794e+001 -5.413702421e+002 -5.413702421e+002
3203 0 +5.126870319e+001 -5.425712968e+002 -5.425712968e+002
4842 0 +5.011525919e+001 -5.437247408e+002 -5.437247408e+002
21661 0 +4.819527966e+001 -5.456447203e+002 -5.456447203e+002
21735 0 +4.704403195e+001 -5.467959681e+002 -5.467959681e+002
21805 0 +4.638170684e+001 -5.474582932e+002 -5.474582932e+002
21809 0 +4.539893542e+001 -5.484410646e+002 -5.484410646e+002
21936 0 +4.425862298e+001 -5.495813770e+002 -5.495813770e+002
22015 0 +4.339819219e+001 -5.504418078e+002 -5.504418078e+002
22045 0 +4.263187703e+001 -5.512081230e+002 -5.512081230e+002
22132 0 +4.165123657e+001 -5.521887634e+002 -5.521887634e+002
22221 0 +4.055706871e+001 -5.532829313e+002 -5.532829313e+002
22342 0 +3.972844810e+001 -5.541115519e+002 -5.541115519e+002
22419 0 +3.881725382e+001 -5.550227462e+002 -5.550227462e+002
22603 0 +3.759995110e+001 -5.562400489e+002 -5.562400489e+002
22803 0 +3.712360167e+001 -5.567163983e+002 -5.567163983e+002
22958 0 +3.600507023e+001 -5.578349298e+002 -5.578349298e+002
23108 0 +3.543535164e+001 -5.584046484e+002 -5.584046484e+002
23402 0 +3.463449492e+001 -5.592055051e+002 -5.592055051e+002
23902 0 +3.387419940e+001 -5.599658006e+002 -5.599658006e+002
% f evaluations | g evaluations | best noise-free fitness - Fopt (-1.000000000000e+003) + sum g_i+ | measured fitness | best measured fitness or single-digit g-values | x1 | x2...
1 0 +1.935899014e+002 -8.064100986e+002 -8.064100986e+002
406 0 +1.909448052e+002 -8.090551948e+002 -8.090551948e+002
421 0 +1.775752422e+002 -8.224247578e+002 -8.224247578e+002
455 0 +1.646655840e+002 -8.353344160e+002 -8.353344160e+002
503 0 +1.618913579e+002 -8.381086421e+002 -8.381086421e+002
538 0 +1.500008490e+002 -8.499991510e+002 -8.499991510e+002
542 0 +1.404652094e+002 -8.595347906e+002 -8.595347906e+002
633 0 +1.365142106e+002 -8.634857894e+002 -8.634857894e+002
699 0 +1.312532928e+002 -8.687467072e+002 -8.687467072e+002
707 0 +1.203312310e+002 -8.796687690e+002 -8.796687690e+002
708 0 +1.100456206e+002 -8.899543794e+002 -8.899543794e+002
719 0 +1.038473981e+002 -8.961526019e+002 -8.961526019e+002
726 0 +1.001870242e+002 -8.998129758e+002 -8.998129758e+002
827 0 +9.854741515e+001 -9.014525849e+002 -9.014525849e+002
904 0 +9.576980440e+001 -9.042301956e+002 -9.042301956e+002
1009 0 +9.523127567e+001 -9.047687243e+002 -9.047687243e+002
1010 0 +9.190380505e+001 -9.080961950e+002 -9.080961950e+002
1057 0 +8.650675936e+001 -9.134932406e+002 -9.134932406e+002
1109 0 +8.250654108e+001 -9.174934589e+002 -9.174934589e+002
1119 0 +8.083905213e+001 -9.191609479e+002 -9.191609479e+002
1209 0 +7.856540925e+001 -9.214345907e+002 -9.214345907e+002
1213 0 +7.717417253e+001 -9.228258275e+002 -9.228258275e+002
1217 0 +7.511416749e+001 -9.248858325e+002 -9.248858325e+002
1260 0 +7.256266565e+001 -9.274373344e+002 -9.274373344e+002
1280 0 +7.082880858e+001 -9.291711914e+002 -9.291711914e+002
1310 0 +7.071631049e+001 -9.292836895e+002 -9.292836895e+002
1319 0 +6.906122772e+001 -9.309387723e+002 -9.309387723e+002
1404 0 +6.741956740e+001 -9.325804326e+002 -9.325804326e+002
1602 0 +6.567327610e+001 -9.343267239e+002 -9.343267239e+002
1702 0 +6.311899517e+001 -9.368810048e+002 -9.368810048e+002
1785 0 +6.282805596e+001 -9.371719440e+002 -9.371719440e+002
1808 0 +6.118890518e+001 -9.388110948e+002 -9.388110948e+002
1817 0 +6.017703363e+001 -9.398229664e+002 -9.398229664e+002
1905 0 +5.736752952e+001 -9.426324705e+002 -9.426324705e+002
2005 0 +5.514863871e+001 -9.448513613e+002 -9.448513613e+002
2103 0 +5.492943856e+001 -9.450705614e+002 -9.450705614e+002
2201 0 +5.344954805e+001 -9.465504520e+002 -9.465504520e+002
2301 0 +5.245034091e+001 -9.475496591e+002 -9.475496591e+002
2533 0 +5.114226348e+001 -9.488577365e+002 -9.488577365e+002
2873 0 +5.000735148e+001 -9.499926485e+002 -9.499926485e+002
3406 0 +4.890496101e+001 -9.510950390e+002 -9.510950390e+002
4702 0 +4.785463406e+001 -9.521453659e+002 -9.521453659e+002
22048 0 +4.591229754e+001 -9.540877025e+002 -9.540877025e+002
22105 0 +4.567823134e+001 -9.543217687e+002 -9.543217687e+002
22204 0 +4.408243819e+001 -9.559175618e+002 -9.559175618e+002
22256 0 +4.363471440e+001 -9.563652856e+002 -9.563652856e+002
22306 0 +4.257076681e+001 -9.574292332e+002 -9.574292332e+002
22405 0 +4.162476360e+001 -9.583752364e+002 -9.583752364e+002
22406 0 +4.026172255e+001 -9.597382775e+002 -9.597382775e+002
22506 0 +3.925900923e+001 -9.607409908e+002 -9.607409908e+002
22606 0 +3.879560477e+001 -9.612043952e+002 -9.612043952e+002
22704 0 +3.788953361e+001 -9.621104664e+002 -9.621104664e+002
22775 0 +3.703071587e+001 -9.629692841e+002 -9.629692841e+002
22875 0 +3.613342847e+001 -9.638665715e+002 -9.638665715e+002
23003 0 +3.517217304e+001 -9.648278270e+002 -9.648278270e+002
23202 0 +3.464513767e+001 -9.653548623e+002 -9.653548623e+002
23609 0 +3.387623306e+001 -9.661237669e+002 -9.661237669e+002
% f evaluations | g evaluations | best noise-free fitness - Fopt (-2.531000000000e+001) + sum g_i+ | measured fitness | best measured fitness or single-digit g-values | x1 | x2...
1 0 +2.520826163e+002 +2.267726163e+002 +2.267726163e+002
202 0 +2.311629860e+002 +2.058529860e+002 +2.058529860e+002
303 0 +2.241961251e+002 +1.988861251e+002 +1.988861251e+002
312 0 +2.167383521e+002 +1.914283521e+002 +1.914283521e+002
331 0 +2.137339817e+002 +1.884239817e+002 +1.884239817e+002
403 0 +2.047580763e+002 +1.794480763e+002 +1.794480763e+002
447 0 +2.017809248e+002 +1.764709248e+002 +1.764709248e+002
477 0 +1.963733907e+002 +1.710633907e+002 +1.710633907e+002
519 0 +1.936914000e+002 +1.683814000e+002 +1.683814000e+002
538 0 +1.752798834e+002 +1.499698834e+002 +1.499698834e+002
603 0 +1.662604697e+002 +1.409504697e+002 +1.409504697e+002
720 0 +1.600842067e+002 +1.347742067e+002 +1.347742067e+002
847 0 +1.543557269e+002 +1.290457269e+002 +1.290457269e+002
918 0 +1.482485274e+002 +1.229385274e+002 +1.229385274e+002
930 0 +1.450896358e+002 +1.197796358e+002 +1.197796358e+002
973 0 +1.439092315e+002 +1.185992315e+002 +1.185992315e+002
985 0 +1.343329477e+002 +1.090229477e+002 +1.090229477e+002
1011 0 +1.310983727e+002 +1.057883727e+002 +1.057883727e+002
1030 0 +1.277678639e+002 +1.024578639e+002 +1.024578639e+002
1103 0 +1.254478367e+002 +1.001378367e+002 +1.001378367e+002
1142 0 +1.221181086e+002 +9.680810859e+001 +9.680810859e+001
1203 0 +1.194759169e+002 +9.416591686e+001 +9.416591686e+001
1226 0 +1.138322197e+002 +8.852221967e+001 +8.852221967e+001
1324 0 +1.082544932e+002 +8.294449323e+001 +8.294449323e+001
1416 0 +1.040474512e+002 +7.873745120e+001 +7.873745120e+001
1507 0 +1.016618475e+002 +7.635184751e+001 +7.635184751e+001
1550 0 +9.830090813e+001 +7.299090813e+001 +7.299090813e+001
1609 0 +9.535181472e+001 +7.004181472e+001 +7.004181472e+001
1709 0 +9.228999394e+001 +6.697999394e+001 +6.697999394e+001
1754 0 +9.062251691e+001 +6.531251691e+001 +6.531251691e+001
1803 0 +8.861013351e+001 +6.330013351e+001 +6.330013351e+001
1903 0 +8.664296281e+001 +6.133296281e+001 +6.133296281e+001
1912 0 +8.449930841e+001 +5.918930841e+001 +5.918930841e+001
2012 0 +8.223492605e+001 +5.692492605e+001 +5.692492605e+001
2146 0 +8.099946376e+001 +5.568946376e+001 +5.568946376e+001
2408 0 +7.925330685e+001 +5.394330685e+001 +5.394330685e+001
2534 0 +7.728783679e+001 +5.197783679e+001 +5.197783679e+001
2728 0 +7.579959285e+001 +5.048959285e+001 +5.048959285e+001
2976 0 +7.404866860e+001 +4.873866860e+001 +4.873866860e+001
3110 0 +7.235122974e+001 +4.704122974e+001 +4.704122974e+001
3402 0 +7.066275636e+001 +4.535275636e+001 +4.535275636e+001
4503 0 +6.916627060e+001 +4.385627060e+001 +4.385627060e+001
14121 0 +6.759974926e+001 +4.228974926e+001 +4.228974926e+001
31854 0 +6.580255977e+001 +4.049255977e+001 +4.049255977e+001
31903 0 +6.441145507e+001 +3.910145507e+001 +3.910145507e+001
31963 0 +6.265353241e+001 +3.734353241e+001 +3.734353241e+001
32003 0 +6.105637139e+001 +3.574637139e+001 +3.574637139e+001
32050 0 +5.953877250e+001 +3.422877250e+001 +3.422877250e+001
32112 0 +5.863614341e+001 +3.332614341e+001 +3.332614341e+001
32150 0 +5.741767548e+001 +3.210767548e+001 +3.210767548e+001
32205 0 +5.621371543e+001 +3.090371543e+001 +3.090371543e+001
32305 0 +5.377706239e+001 +2.846706239e+001 +2.846706239e+001
32409 0 +5.347628684e+001 +2.816628684e+001 +2.816628684e+001
32486 0 +5.244158205e+001 +2.713158205e+001 +2.713158205e+001
32625 0 +4.878937227e+001 +2.347937227e+001 +2.347937227e+001
32802 0 +4.775006517e+001 +2.244006517e+001 +2.244006517e+001
32912 0 +4.663214452e+001 +2.132214452e+001 +2.132214452e+001
33110 0 +4.561211711e+001 +2.030211711e+001 +2.030211711e+001
33302 0 +4.465610536e+001 +1.934610536e+001 +1.934610536e+001
33602 0 +4.362482206e+001 +1.831482206e+001 +1.831482206e+001
35102 0 +4.265685177e+001 +1.734685177e+001 +1.734685177e+001
% f evaluations | g evaluations | best noise-free fitness - Fopt (2.228000000000e+001) + sum g_i+ | measured fitness | best measured fitness or single-digit g-values | x1 | x2...
1 0 +2.249291398e+002 +2.472091398e+002 +2.472091398e+002
203 0 +2.249282988e+002 +2.472082988e+002 +2.472082988e+002
218 0 +2.238036498e+002 +2.460836498e+002 +2.460836498e+002
294 0 +1.994371831e+002 +2.217171831e+002 +2.217171831e+002
303 0 +1.713114786e+002 +1.935914786e+002 +1.935914786e+002
320 0 +1.581518432e+002 +1.804318432e+002 +1.804318432e+002
381 0 +1.534420609e+002 +1.757220609e+002 +1.757220609e+002
408 0 +1.437425449e+002 +1.660225449e+002 +1.660225449e+002
525 0 +1.394897303e+002 +1.617697303e+002 +1.617697303e+002
548 0 +1.355030868e+002 +1.577830868e+002 +1.577830868e+002
568 0 +1.249037191e+002 +1.471837191e+002 +1.471837191e+002
669 0 +1.185296378e+002 +1.408096378e+002 +1.408096378e+002
723 0 +1.124341985e+002 +1.347141985e+002 +1.347141985e+002
787 0 +1.067589643e+002 +1.290389643e+002 +1.290389643e+002
914 0 +1.036168016e+002 +1.258968016e+002 +1.258968016e+002
997 0 +1.012631248e+002 +1.235431248e+002 +1.235431248e+002
1004 0 +9.981657822e+001 +1.220965782e+002 +1.220965782e+002
1137 0 +9.678471313e+001 +1.190647131e+002 +1.190647131e+002
1184 0 +8.561103687e+001 +1.078910369e+002 +1.078910369e+002
1210 0 +8.353165978e+001 +1.058116598e+002 +1.058116598e+002
1220 0 +7.897226435e+001 +1.012522644e+002 +1.012522644e+002
1362 0 +7.598881050e+001 +9.826881050e+001 +9.826881050e+001
1396 0 +7.393701469e+001 +9.621701469e+001 +9.621701469e+001
1404 0 +7.146214480e+001 +9.374214480e+001 +9.374214480e+001
1417 0 +6.957298404e+001 +9.185298404e+001 +9.185298404e+001
1504 0 +6.559034125e+001 +8.787034125e+001 +8.787034125e+001
1611 0 +6.448445216e+001 +8.676445216e+001 +8.676445216e+001
1804 0 +6.230885953e+001 +8.458885953e+001 +8.458885953e+001
1907 0 +6.123616347e+001 +8.351616347e+001 +8.351616347e+001
2034 0 +6.000179116e+001 +8.228179116e+001 +8.228179116e+001
2134 0 +5.860863154e+001 +8.088863154e+001 +8.088863154e+001
2234 0 +5.697081080e+001 +7.925081080e+001 +7.925081080e+001
2376 0 +5.598093002e+001 +7.826093002e+001 +7.826093002e+001
2466 0 +5.463469877e+001 +7.691469877e+001 +7.691469877e+001
2531 0 +5.345271992e+001 +7.573271992e+001 +7.573271992e+001
2692 0 +5.200173185e+001 +7.428173185e+001 +7.428173185e+001
2710 0 +5.111206493e+001 +7.339206493e+001 +7.339206493e+001
2810 0 +4.961475449e+001 +7.189475449e+001 +7.189475449e+001
2916 0 +4.893282191e+001 +7.121282191e+001 +7.121282191e+001
3025 0 +4.751549111e+001 +6.979549111e+001 +6.979549111e+001
3202 0 +4.658419444e+001 +6.886419444e+001 +6.886419444e+001
3317 0 +4.563344136e+001 +6.791344136e+001 +6.791344136e+001
3603 0 +4.462093849e+001 +6.690093849e+001 +6.690093849e+001
4802 0 +4.364825366e+001 +6.592825366e+001 +6.592825366e+001
% f evaluations | g evaluations | best noise-free fitness - Fopt (3.561400000000e+002) + sum g_i+ | measured fitness | best measured fitness or single-digit g-values | x1 | x2...
1 0 +1.814865747e+002 +5.376265747e+002 +5.376265747e+002
306 0 +1.813933157e+002 +5.375333157e+002 +5.375333157e+002
321 0 +1.711520069e+002 +5.272920069e+002 +5.272920069e+002
332 0 +1.634150308e+002 +5.195550308e+002 +5.195550308e+002
362 0 +1.253368841e+002 +4.814768841e+002 +4.814768841e+002
412 0 +1.212440454e+002 +4.773840454e+002 +4.773840454e+002
442 0 +1.020559463e+002 +4.581959463e+002 +4.581959463e+002
680 0 +9.734263935e+001 +4.534826393e+002 +4.534826393e+002
704 0 +8.593912840e+001 +4.420791284e+002 +4.420791284e+002
802 0 +8.451844435e+001 +4.406584443e+002 +4.406584443e+002
811 0 +8.256548182e+001 +4.387054818e+002 +4.387054818e+002
915 0 +8.058095021e+001 +4.367209502e+002 +4.367209502e+002
947 0 +7.843592094e+001 +4.345759209e+002 +4.345759209e+002
1016 0 +7.732992443e+001 +4.334699244e+002 +4.334699244e+002
1024 0 +7.399397363e+001 +4.301339736e+002 +4.301339736e+002
1039 0 +7.082562503e+001 +4.269656250e+002 +4.269656250e+002
1105 0 +6.967432819e+001 +4.258143282e+002 +4.258143282e+002
1124 0 +6.885543810e+001 +4.249954381e+002 +4.249954381e+002
1163 0 +6.721537631e+001 +4.233553763e+002 +4.233553763e+002
1204 0 +6.416498776e+001 +4.203049878e+002 +4.203049878e+002
1225 0 +6.229202054e+001 +4.184320205e+002 +4.184320205e+002
1302 0 +5.975631361e+001 +4.158963136e+002 +4.158963136e+002
1304 0 +5.865807730e+001 +4.147980773e+002 +4.147980773e+002
1325 0 +5.730254988e+001 +4.134425499e+002 +4.134425499e+002
1422 0 +5.519125785e+001 +4.113312578e+002 +4.113312578e+002
1507 0 +5.494266268e+001 +4.110826627e+002 +4.110826627e+002
1513 0 +5.307235326e+001 +4.092123533e+002 +4.092123533e+002
1604 0 +5.165024155e+001 +4.077902416e+002 +4.077902416e+002
1607 0 +4.991334722e+001 +4.060533472e+002 +4.060533472e+002
1712 0 +4.863395440e+001 +4.047739544e+002 +4.047739544e+002
1753 0 +4.673729217e+001 +4.028772922e+002 +4.028772922e+002
1827 0 +4.403698672e+001 +4.001769867e+002 +4.001769867e+002
1906 0 +4.338847583e+001 +3.995284758e+002 +3.995284758e+002
1973 0 +4.146635618e+001 +3.976063562e+002 +3.976063562e+002
2003 0 +3.979717631e+001 +3.959371763e+002 +3.959371763e+002
2238 0 +3.841049566e+001 +3.945504957e+002 +3.945504957e+002
2361 0 +3.783249762e+001 +3.939724976e+002 +3.939724976e+002
2461 0 +3.700215062e+001 +3.931421506e+002 +3.931421506e+002
2614 0 +3.624059386e+001 +3.923805939e+002 +3.923805939e+002
2714 0 +3.547063365e+001 +3.916106336e+002 +3.916106336e+002
2904 0 +3.450119695e+001 +3.906411970e+002 +3.906411970e+002
3016 0 +3.383026571e+001 +3.899702657e+002 +3.899702657e+002
3305 0 +3.305426761e+001 +3.891942676e+002 +3.891942676e+002
3503 0 +3.235871363e+001 +3.884987136e+002 +3.884987136e+002
3902 0 +3.159201282e+001 +3.877320128e+002 +3.877320128e+002
5113 0 +3.090240087e+001 +3.870424009e+002 +3.870424009e+002
% f evaluations | g evaluations | best noise-free fitness - Fopt (-4.757000000000e+002) + sum g_i+ | measured fitness | best measured fitness or single-digit g-values | x1 | x2...
1 0 +2.409471680e+002 -2.347528320e+002 -2.347528320e+002
302 0 +2.144542373e+002 -2.612457627e+002 -2.612457627e+002
307 0 +2.122110545e+002 -2.634889455e+002 -2.634889455e+002
414 0 +2.011499538e+002 -2.745500462e+002 -2.745500462e+002
502 0 +1.950902368e+002 -2.806097632e+002 -2.806097632e+002
533 0 +1.697249774e+002 -3.059750226e+002 -3.059750226e+002
624 0 +1.611741747e+002 -3.145258253e+002 -3.145258253e+002
637 0 +1.526748658e+002 -3.230251342e+002 -3.230251342e+002
724 0 +1.501382954e+002 -3.255617046e+002 -3.255617046e+002
731 0 +1.465829669e+002 -3.291170331e+002 -3.291170331e+002
790 0 +1.399412680e+002 -3.357587320e+002 -3.357587320e+002
824 0 +1.210769381e+002 -3.546230619e+002 -3.546230619e+002
904 0 +1.179434100e+002 -3.577565900e+002 -3.577565900e+002
905 0 +8.501692241e+001 -3.906830776e+002 -3.906830776e+002
1057 0 +8.266104987e+001 -3.930389501e+002 -3.930389501e+002
1062 0 +8.125823859e+001 -3.944417614e+002 -3.944417614e+002
1123 0 +6.893214930e+001 -4.067678507e+002 -4.067678507e+002
1208 0 +6.718742376e+001 -4.085125762e+002 -4.085125762e+002
1315 0 +6.576655786e+001 -4.099334421e+002 -4.099334421e+002
1371 0 +6.446983160e+001 -4.112301684e+002 -4.112301684e+002
1415 0 +6.248896930e+001 -4.132110307e+002 -4.132110307e+002
1496 0 +6.081221432e+001 -4.148877857e+002 -4.148877857e+002
1505 0 +6.021341832e+001 -4.154865817e+002 -4.154865817e+002
1611 0 +5.854365911e+001 -4.171563409e+002 -4.171563409e+002
1692 0 +5.735453945e+001 -4.183454605e+002 -4.183454605e+002
1719 0 +5.593327022e+001 -4.197667298e+002 -4.197667298e+002
1802 0 +5.489272588e+001 -4.208072741e+002 -4.208072741e+002
1915 0 +5.368541643e+001 -4.220145836e+002 -4.220145836e+002
2058 0 +5.233698397e+001 -4.233630160e+002 -4.233630160e+002
2304 0 +5.127840252e+001 -4.244215975e+002 -4.244215975e+002
2513 0 +5.009974170e+001 -4.256002583e+002 -4.256002583e+002
2716 0 +4.889620976e+001 -4.268037902e+002 -4.268037902e+002
3002 0 +4.776781366e+001 -4.279321863e+002 -4.279321863e+002
3725 0 +4.676190240e+001 -4.289380976e+002 -4.289380976e+002
% f evaluations | g evaluations | best noise-free fitness - Fopt (-1.000000000000e+003) + sum g_i+ | measured fitness | best measured fitness or single-digit g-values | x1 | x2...
1 0 +2.230143283e+002 -7.769856717e+002 -7.769856717e+002
342 0 +2.122910345e+002 -7.877089655e+002 -7.877089655e+002
393 0 +2.002119967e+002 -7.997880033e+002 -7.997880033e+002
415 0 +1.711318086e+002 -8.288681914e+002 -8.288681914e+002
525 0 +1.694914451e+002 -8.305085549e+002 -8.305085549e+002
580 0 +1.629774101e+002 -8.370225899e+002 -8.370225899e+002
581 0 +1.612164520e+002 -8.387835480e+002 -8.387835480e+002
619 0 +1.498849880e+002 -8.501150120e+002 -8.501150120e+002
655 0 +1.460792977e+002 -8.539207023e+002 -8.539207023e+002
778 0 +1.426016792e+002 -8.573983208e+002 -8.573983208e+002
796 0 +1.378399048e+002 -8.621600952e+002 -8.621600952e+002
811 0 +1.335822506e+002 -8.664177494e+002 -8.664177494e+002
937 0 +1.284994879e+002 -8.715005121e+002 -8.715005121e+002
1004 0 +1.193960737e+002 -8.806039263e+002 -8.806039263e+002
1007 0 +1.171804690e+002 -8.828195310e+002 -8.828195310e+002
1014 0 +1.143872050e+002 -8.856127950e+002 -8.856127950e+002
1056 0 +9.837651695e+001 -9.016234831e+002 -9.016234831e+002
1218 0 +9.761093259e+001 -9.023890674e+002 -9.023890674e+002
1230 0 +9.464403957e+001 -9.053559604e+002 -9.053559604e+002
1319 0 +9.207250877e+001 -9.079274912e+002 -9.079274912e+002
1372 0 +9.092490384e+001 -9.090750962e+002 -9.090750962e+002
1477 0 +8.706652937e+001 -9.129334706e+002 -9.129334706e+002
1519 0 +8.480415259e+001 -9.151958474e+002 -9.151958474e+002
1611 0 +8.262450577e+001 -9.173754942e+002 -9.173754942e+002
1704 0 +8.085729273e+001 -9.191427073e+002 -9.191427073e+002
1774 0 +7.917018238e+001 -9.208298176e+002 -9.208298176e+002
1874 0 +7.734919204e+001 -9.226508080e+002 -9.226508080e+002
1892 0 +7.318445429e+001 -9.268155457e+002 -9.268155457e+002
1920 0 +7.237424241e+001 -9.276257576e+002 -9.276257576e+002
2007 0 +6.973701495e+001 -9.302629850e+002 -9.302629850e+002
2008 0 +6.849531395e+001 -9.315046861e+002 -9.315046861e+002
2108 0 +6.688325137e+001 -9.331167486e+002 -9.331167486e+002
2202 0 +6.600836226e+001 -9.339916377e+002 -9.339916377e+002
2303 0 +6.439902397e+001 -9.356009760e+002 -9.356009760e+002
2480 0 +6.227189338e+001 -9.377281066e+002 -9.377281066e+002
2610 0 +6.163211834e+001 -9.383678817e+002 -9.383678817e+002
3203 0 +6.024888491e+001 -9.397511151e+002 -9.397511151e+002
4016 0 +5.887481747e+001 -9.411251825e+002 -9.411251825e+002
5111 0 +5.752525545e+001 -9.424747446e+002 -9.424747446e+002
22803 0 +5.623400123e+001 -9.437659988e+002 -9.437659988e+002
22872 0 +5.397023640e+001 -9.460297636e+002 -9.460297636e+002
22911 0 +5.365066156e+001 -9.463493384e+002 -9.463493384e+002
23423 0 +5.246629341e+001 -9.475337066e+002 -9.475337066e+002
23424 0 +4.986821369e+001 -9.501317863e+002 -9.501317863e+002
23568 0 +4.829641435e+001 -9.517035857e+002 -9.517035857e+002
23852 0 +4.779148213e+001 -9.522085179e+002 -9.522085179e+002
25537 0 +4.677299159e+001 -9.532270084e+002 -9.532270084e+002
% f evaluations | g evaluations | best noise-free fitness - Fopt (-4.158000000000e+001) + sum g_i+ | measured fitness | best measured fitness or single-digit g-values | x1 | x2...
1 0 +1.923825741e+002 +1.508025741e+002 +1.508025741e+002
343 0 +1.862720819e+002 +1.446920819e+002 +1.446920819e+002
355 0 +1.662894590e+002 +1.247094590e+002 +1.247094590e+002
363 0 +1.631318463e+002 +1.215518463e+002 +1.215518463e+002
434 0 +1.596066658e+002 +1.180266658e+002 +1.180266658e+002
443 0 +1.390198687e+002 +9.743986871e+001 +9.743986871e+001
513 0 +1.361484022e+002 +9.456840219e+001 +9.456840219e+001
527 0 +1.337588488e+002 +9.217884882e+001 +9.217884882e+001
540 0 +1.244595505e+002 +8.287955048e+001 +8.287955048e+001
668 0 +1.214404400e+002 +7.986043997e+001 +7.986043997e+001
688 0 +1.168406489e+002 +7.526064886e+001 +7.526064886e+001
785 0 +1.132871655e+002 +7.170716552e+001 +7.170716552e+001
817 0 +1.105342024e+002 +6.895420237e+001 +6.895420237e+001
854 0 +1.061190517e+002 +6.453905169e+001 +6.453905169e+001
857 0 +1.005694021e+002 +5.898940211e+001 +5.898940211e+001
911 0 +9.658726353e+001 +5.500726353e+001 +5.500726353e+001
946 0 +8.606377859e+001 +4.448377859e+001 +4.448377859e+001
1011 0 +8.205009303e+001 +4.047009303e+001 +4.047009303e+001
1134 0 +8.009231167e+001 +3.851231167e+001 +3.851231167e+001
1145 0 +7.919305544e+001 +3.761305544e+001 +3.761305544e+001
1162 0 +7.761672003e+001 +3.603672003e+001 +3.603672003e+001
1186 0 +7.573688122e+001 +3.415688122e+001 +3.415688122e+001
1304 0 +7.162636944e+001 +3.004636944e+001 +3.004636944e+001
1389 0 +6.964623859e+001 +2.806623859e+001 +2.806623859e+001
1418 0 +6.877071499e+001 +2.719071499e+001 +2.719071499e+001
1454 0 +6.707905738e+001 +2.549905738e+001 +2.549905738e+001
1473 0 +6.588665766e+001 +2.430665766e+001 +2.430665766e+001
1554 0 +6.205265621e+001 +2.047265621e+001 +2.047265621e+001
1603 0 +5.955201203e+001 +1.797201203e+001 +1.797201203e+001
1644 0 +5.886451289e+001 +1.728451289e+001 +1.728451289e+001
1729 0 +5.667045945e+001 +1.509045945e+001 +1.509045945e+001
1856 0 +5.604221629e+001 +1.446221629e+001 +1.446221629e+001
1908 0 +5.469797516e+001 +1.311797516e+001 +1.311797516e+001
2008 0 +5.369890870e+001 +1.211890870e+001 +1.211890870e+001
2125 0 +5.238263142e+001 +1.080263142e+001 +1.080263142e+001
2225 0 +5.112617977e+001 +9.546179770e+000 +9.546179770e+000
2315 0 +4.990493162e+001 +8.324931618e+000 +8.324931618e+000
2328 0 +4.849077843e+001 +6.910778431e+000 +6.910778431e+000
2412 0 +4.762952461e+001 +6.049524611e+000 +6.049524611e+000
2507 0 +4.653449428e+001 +4.954494277e+000 +4.954494277e+000
2602 0 +4.538260014e+001 +3.802600138e+000 +3.802600138e+000
2702 0 +4.451995096e+001 +2.939950965e+000 +2.939950965e+000
2904 0 +4.359207015e+001 +2.012070148e+000 +2.012070148e+000
3121 0 +4.264220886e+001 +1.062208859e+000 +1.062208859e+000
3705 0 +4.161869365e+001 +3.869364718e-002 +3.869364718e-002
4369 0 +4.072276565e+001 -8.572343540e-001 -8.572343540e-001
5858 0 +3.981057728e+001 -1.769422718e+000 -1.769422718e+000
22823 0 +3.884972007e+001 -2.730279931e+000 -2.730279931e+000
23007 0 +3.800321266e+001 -3.576787338e+000 -3.576787338e+000
23449 0 +3.712692844e+001 -4.453071557e+000 -4.453071557e+000
24202 0 +3.630240514e+001 -5.277594857e+000 -5.277594857e+000
