% f evaluations | g evaluations | best noise-free fitness - Fopt (7.948000000000e+001) + sum g_i+ | measured fitness | best measured fitness or single-digit g-values | x1 | x2...
1 0 +1.926270080e+000 +8.140627008e+001 +8.140627008e+001 +0.0000e+000 +0.0000e+000 +0.0000e+000
177 0 +1.332831761e+000 +8.081283176e+001 +8.081283176e+001 -3.2836e-001 -7.1560e-001 -1.6187e+000
273 0 +1.373541373e-001 +7.961735414e+001 +7.961735414e+001 +1.0762e-001 -1.0813e+000 -3.9148e-001
440 0 +8.141731546e-002 +7.956141732e+001 +7.956141732e+001 +1.4481e-001 -1.0922e+000 -4.6792e-001
464 0 +5.919018926e-002 +7.953919019e+001 +7.953919019e+001 +2.3847e-001 -9.1523e-001 -6.9894e-001
480 0 +2.730492879e-002 +7.950730493e+001 +7.950730493e+001 +1.6778e-001 -1.2983e+000 -7.3112e-001
844 0 +1.669544212e-002 +7.949669544e+001 +7.949669544e+001 +3.1185e-001 -1.2499e+000 -6.5658e-001
1023 0 +6.012483278e-003 +7.948601248e+001 +7.948601248e+001 +3.0067e-001 -1.1888e+000 -6.7204e-001
1086 0 +5.205181213e-003 +7.948520518e+001 +7.948520518e+001 +1.9374e-001 -1.1882e+000 -6.9699e-001
1368 0 +1.823283730e-003 +7.948182328e+001 +7.948182328e+001 +2.2136e-001 -1.1778e+000 -7.0417e-001
1448 0 +3.053825526e-004 +7.948030538e+001 +7.948030538e+001 +2.6824e-001 -1.1594e+000 -7.3174e-001
1768 0 +2.870734350e-004 +7.948028707e+001 +7.948028707e+001 +2.4354e-001 -1.1692e+000 -7.1711e-001
1848 0 +2.790242682e-004 +7.948027902e+001 +7.948027902e+001 +2.6495e-001 -1.1623e+000 -7.1394e-001
2027 0 +1.590366942e-004 +7.948015904e+001 +7.948015904e+001 +2.5497e-001 -1.1657e+000 -7.1531e-001
2041 0 +6.657520656e-005 +7.948006658e+001 +7.948006658e+001 +2.5764e-001 -1.1579e+000 -7.3047e-001
2116 0 +6.097571558e-005 +7.948006098e+001 +7.948006098e+001 +2.5940e-001 -1.1586e+000 -7.2776e-001
2221 0 +3.422911924e-005 +7.948003423e+001 +7.948003423e+001 +2.5113e-001 -1.1618e+000 -7.2660e-001
2378 0 +2.980943276e-005 +7.948002981e+001 +7.948002981e+001 +2.5196e-001 -1.1622e+000 -7.2354e-001
2419 0 +1.411156560e-005 +7.948001411e+001 +7.948001411e+001 +2.5360e-001 -1.1550e+000 -7.2080e-001
2487 0 +1.471057786e-006 +7.948000147e+001 +7.948000147e+001 +2.5397e-001 -1.1571e+000 -7.2417e-001
2723 0 +4.115802739e-007 +7.948000041e+001 +7.948000041e+001 +2.5326e-001 -1.1572e+000 -7.2391e-001
2945 0 +2.665004502e-007 +7.948000027e+001 +7.948000027e+001 +2.5319e-001 -1.1571e+000 -7.2391e-001
3060 0 +1.521007249e-007 +7.948000015e+001 +7.948000015e+001 +2.5279e-001 -1.1568e+000 -7.2439e-001
3427 0 +8.076425217e-008 +7.948000008e+001 +7.948000008e+001 +2.5302e-001 -1.1568e+000 -7.2418e-001
3678 0 +5.847603290e-008 +7.948000006e+001 +7.948000006e+001 +2.5293e-001 -1.1569e+000 -7.2417e-001
3767 0 +2.029409529e-008 +7.948000002e+001 +7.948000002e+001 +2.5280e-001 -1.1568e+000 -7.2414e-001
3877 0 +5.760227850e-009 +7.948000001e+001 +7.948000001e+001 +2.5279e-001 -1.1568e+000 -7.2407e-001
7578 0 +0.000000000e+000 +7.948000000e+001 +7.948000000e+001 +2.5280e-001 -1.1568e+000 -7.2400e-001
% f evaluations | g evaluations | best noise-free fitness - Fopt (3.944800000000e+002) + sum g_i+ | measured fitness | best measured fitness or single-digit g-values | x1 | x2...
1 0 +3.801018048e+001 +4.324901805e+002 +4.324901805e+002 +0.0000e+000 +0.0000e+000 +0.0000e+000
4 0 +3.067735180e+001 +4.251573518e+002 +4.251573518e+002 +2.4665e-001 +6.5980e-001 -4.7469e+000
5 0 +1.620928665e+001 +4.106892866e+002 +4.106892866e+002 -4.7614e+000 -4.2477e+000 -1.1157e-001
6 0 +5.499396170e+000 +3.999793962e+002 +3.999793962e+002 -2.4808e+000 -1.1174e+000 -3.2140e+000
23 0 +2.967746431e+000 +3.974477464e+002 +3.974477464e+002 -4.5983e+000 -4.4125e+000 -4.2036e+000
32 0 +1.990085764e+000 +3.964700858e+002 +3.964700858e+002 -2.5818e+000 -3.0561e+000 -3.3236e+000
155 0 +4.103109594e-001 +3.948903110e+002 +3.948903110e+002 -3.2969e+000 -2.8195e+000 -4.0110e+000
247 0 +2.750251690e-001 +3.947550252e+002 +3.947550252e+002 -3.4251e+000 -2.6712e+000 -3.8565e+000
529 0 +1.399034786e-001 +3.946199035e+002 +3.946199035e+002 -3.8056e+000 -3.1450e+000 -4.0602e+000
633 0 +5.292499216e-003 +3.944852925e+002 +3.944852925e+002 -3.9164e+000 -2.9559e+000 -3.8285e+000
929 0 +4.716399639e-003 +3.944847164e+002 +3.944847164e+002 -3.8343e+000 -2.8986e+000 -3.8257e+000
933 0 +3.368644928e-003 +3.944833686e+002 +3.944833686e+002 -3.9029e+000 -2.9472e+000 -3.8137e+000
1212 0 +3.090828846e-003 +3.944830908e+002 +3.944830908e+002 -3.9488e+000 -2.9128e+000 -3.8093e+000
1222 0 +6.790804166e-004 +3.944806791e+002 +3.944806791e+002 -3.9226e+000 -2.8970e+000 -3.7954e+000
1272 0 +4.131415728e-004 +3.944804131e+002 +3.944804131e+002 -3.9117e+000 -2.9033e+000 -3.7941e+000
1422 0 +3.216620058e-004 +3.944803217e+002 +3.944803217e+002 -3.9145e+000 -2.8975e+000 -3.8058e+000
1696 0 +2.301851093e-004 +3.944802302e+002 +3.944802302e+002 -3.8970e+000 -2.9038e+000 -3.7955e+000
1890 0 +1.034568789e-004 +3.944801035e+002 +3.944801035e+002 -3.9053e+000 -2.8878e+000 -3.7953e+000
2005 0 +3.089879624e-005 +3.944800309e+002 +3.944800309e+002 -3.9029e+000 -2.8935e+000 -3.8015e+000
2225 0 +2.929554950e-005 +3.944800293e+002 +3.944800293e+002 -3.9035e+000 -2.8921e+000 -3.8031e+000
2286 0 +1.504086225e-005 +3.944800150e+002 +3.944800150e+002 -3.9006e+000 -2.8875e+000 -3.8010e+000
2314 0 +1.158858038e-005 +3.944800116e+002 +3.944800116e+002 -3.9011e+000 -2.8902e+000 -3.8003e+000
2405 0 +5.353743745e-006 +3.944800054e+002 +3.944800054e+002 -3.8996e+000 -2.8918e+000 -3.8010e+000
2522 0 +1.513895597e-006 +3.944800015e+002 +3.944800015e+002 -3.8990e+000 -2.8898e+000 -3.8033e+000
2639 0 +1.046205455e-006 +3.944800010e+002 +3.944800010e+002 -3.8989e+000 -2.8895e+000 -3.8025e+000
2905 0 +8.102912261e-007 +3.944800008e+002 +3.944800008e+002 -3.8991e+000 -2.8909e+000 -3.8026e+000
3186 0 +4.634272273e-007 +3.944800005e+002 +3.944800005e+002 -3.8988e+000 -2.8905e+000 -3.8030e+000
3231 0 +3.441095373e-007 +3.944800003e+002 +3.944800003e+002 -3.8983e+000 -2.8898e+000 -3.8024e+000
3314 0 +7.105450095e-008 +3.944800001e+002 +3.944800001e+002 -3.8985e+000 -2.8903e+000 -3.8022e+000
3486 0 +4.709886525e-008 +3.944800000e+002 +3.944800000e+002 -3.8982e+000 -2.8903e+000 -3.8024e+000
3757 0 +2.872474170e-008 +3.944800000e+002 +3.944800000e+002 -3.8984e+000 -2.8903e+000 -3.8025e+000
3923 0 +1.321359377e-008 +3.944800000e+002 +3.944800000e+002 -3.8985e+000 -2.8904e+000 -3.8025e+000
4096 0 +6.367201877e-009 +3.944800000e+002 +3.944800000e+002 -3.8984e+000 -2.8903e+000 -3.8024e+000
7149 0 +0.000000000e+000 +3.944800000e+002 +3.944800000e+002 -3.8984e+000 -2.8904e+000 -3.8024e+000
% f evaluations | g evaluations | best noise-free fitness - Fopt (-2.471100000000e+002) + sum g_i+ | measured fitness | best measured fitness or single-digit g-values | x1 | x2...
1 0 +1.494689024e+001 -2.321631098e+002 -2.321631098e+002 +0.0000e+000 +0.0000e+000 +0.0000e+000
8 0 +1.482126278e+001 -2.322887372e+002 -2.322887372e+002 -3.5205e+000 +3.4765e+000 -2.6986e+000
15 0 +7.470544639e+000 -2.396394554e+002 -2.396394554e+002 -4.3352e+000 -2.3139e+000 -1.6112e+000
26 0 +7.186885338e+000 -2.399231147e+002 -2.399231147e+002 -3.4951e+000 -1.0248e-001 -3.3372e+000
38 0 +3.214868143e+000 -2.438951319e+002 -2.438951319e+002 -4.0775e+000 +1.2432e+000 +7.4246e-001
110 0 +2.189037475e+000 -2.449209625e+002 -2.449209625e+002 -3.7645e+000 -1.0635e+000 +7.2615e-002
210 0 +1.740107956e+000 -2.453698920e+002 -2.453698920e+002 -4.4787e+000 -5.1584e-001 -1.5631e+000
243 0 +1.689804338e+000 -2.454201957e+002 -2.454201957e+002 -2.9888e+000 -4.6734e-001 -1.4558e+000
346 0 +1.327731660e+000 -2.457822683e+002 -2.457822683e+002 -4.6654e+000 +8.9146e-001 -1.0112e+000
361 0 +1.089877120e+000 -2.460201229e+002 -2.460201229e+002 -4.2440e+000 +5.0445e-001 -1.5860e+000
371 0 +2.093891029e-001 -2.469006109e+002 -2.469006109e+002 -3.6952e+000 -9.1854e-002 -1.0254e+000
463 0 +7.351709312e-002 -2.470364829e+002 -2.470364829e+002 -3.8376e+000 -6.4372e-002 -7.1086e-001
675 0 +5.600812362e-002 -2.470539919e+002 -2.470539919e+002 -3.7332e+000 +1.9445e-001 -4.6385e-001
710 0 +4.406302060e-002 -2.470659370e+002 -2.470659370e+002 -3.6155e+000 +2.0968e-001 -7.9394e-001
802 0 +4.112496548e-002 -2.470688750e+002 -2.470688750e+002 -3.8544e+000 +1.3360e-001 -5.0914e-001
813 0 +1.587368265e-002 -2.470941263e+002 -2.470941263e+002 -3.8079e+000 +3.2655e-001 -7.1503e-001
975 0 +1.073343614e-002 -2.470992666e+002 -2.470992666e+002 -3.7718e+000 +2.4817e-001 -6.0174e-001
1110 0 +4.082460296e-003 -2.471059175e+002 -2.471059175e+002 -3.8247e+000 +1.4584e-001 -7.0125e-001
1154 0 +1.778007131e-003 -2.471082220e+002 -2.471082220e+002 -3.8049e+000 +1.6320e-001 -7.0284e-001
1275 0 +8.617189016e-004 -2.471091383e+002 -2.471091383e+002 -3.8030e+000 +1.7478e-001 -6.8546e-001
1548 0 +3.587780274e-004 -2.471096412e+002 -2.471096412e+002 -3.7803e+000 +2.0485e-001 -6.9656e-001
1692 0 +1.844359807e-004 -2.471098156e+002 -2.471098156e+002 -3.7932e+000 +2.1564e-001 -6.8951e-001
1834 0 +7.314938387e-005 -2.471099269e+002 -2.471099269e+002 -3.8060e+000 +1.9998e-001 -6.9344e-001
2043 0 +5.804718177e-005 -2.471099420e+002 -2.471099420e+002 -3.8056e+000 +2.0071e-001 -6.9158e-001
2141 0 +2.451030892e-005 -2.471099755e+002 -2.471099755e+002 -3.8032e+000 +2.0378e-001 -6.9202e-001
2410 0 +2.026110050e-005 -2.471099797e+002 -2.471099797e+002 -3.8028e+000 +2.0382e-001 -6.9187e-001
2475 0 +1.485247893e-005 -2.471099851e+002 -2.471099851e+002 -3.8022e+000 +2.0289e-001 -6.9053e-001
2509 0 +9.633075024e-006 -2.471099904e+002 -2.471099904e+002 -3.8008e+000 +2.0397e-001 -6.9305e-001
2641 0 +2.552167302e-006 -2.471099974e+002 -2.471099974e+002 -3.7999e+000 +2.0276e-001 -6.9152e-001
2763 0 +1.110963865e-006 -2.471099989e+002 -2.471099989e+002 -3.7984e+000 +2.0216e-001 -6.9133e-001
3041 0 +1.065914233e-006 -2.471099989e+002 -2.471099989e+002 -3.7984e+000 +2.0222e-001 -6.9152e-001
3219 0 +8.395416273e-007 -2.471099992e+002 -2.471099992e+002 -3.7991e+000 +2.0303e-001 -6.9178e-001
3293 0 +4.048521589e-007 -2.471099996e+002 -2.471099996e+002 -3.7982e+000 +2.0271e-001 -6.9153e-001
3491 0 +3.664148664e-007 -2.471099996e+002 -2.471099996e+002 -3.7984e+000 +2.0279e-001 -6.9165e-001
3546 0 +2.595569981e-007 -2.471099997e+002 -2.471099997e+002 -3.7985e+000 +2.0271e-001 -6.9130e-001
3621 0 +1.653812944e-007 -2.471099998e+002 -2.471099998e+002 -3.7986e+000 +2.0288e-001 -6.9127e-001
3676 0 +1.200808413e-007 -2.471099999e+002 -2.471099999e+002 -3.7984e+000 +2.0288e-001 -6.9132e-001
3821 0 +5.939935477e-008 -2.471099999e+002 -2.471099999e+002 -3.7984e+000 +2.0299e-001 -6.9133e-001
3875 0 +5.194743835e-008 -2.471099999e+002 -2.471099999e+002 -3.7985e+000 +2.0330e-001 -6.9138e-001
3975 0 +4.542795295e-008 -2.471100000e+002 -2.471100000e+002 -3.7984e+000 +2.0329e-001 -6.9139e-001
4013 0 +4.191261382e-008 -2.471100000e+002 -2.471100000e+002 -3.7982e+000 +2.0310e-001 -6.9122e-001
4209 0 +3.974318474e-008 -2.471100000e+002 -2.471100000e+002 -3.7982e+000 +2.0315e-001 -6.9125e-001
4213 0 +1.559857310e-008 -2.471100000e+002 -2.471100000e+002 -3.7984e+000 +2.0318e-001 -6.9132e-001
4343 0 +1.352728418e-008 -2.471100000e+002 -2.471100000e+002 -3.7983e+000 +2.0315e-001 -6.9128e-001
4420 0 +1.290746354e-008 -2.471100000e+002 -2.471100000e+002 -3.7983e+000 +2.0320e-001 -6.9128e-001
4455 0 +1.257188842e-008 -2.471100000e+002 -2.471100000e+002 -3.7985e+000 +2.0324e-001 -6.9126e-001
4509 0 +1.204509203e-008 -2.471100000e+002 -2.471100000e+002 -3.7985e+000 +2.0313e-001 -6.9119e-001
4555 0 +7.726356444e-009 -2.471100000e+002 -2.471100000e+002 -3.7984e+000 +2.0323e-001 -6.9113e-001
7054 0 +0.000000000e+000 -2.471100000e+002 -2.471100000e+002 -3.7984e+000 +2.0320e-001 -6.9120e-001
% f evaluations | g evaluations | best noise-free fitness - Fopt (-1.520400000000e+002) + sum g_i+ | measured fitness | best measured fitness or single-digit g-values | x1 | x2...
1 0 +1.750322688e+001 -1.345367731e+002 -1.345367731e+002 +0.0000e+000 +0.0000e+000 +0.0000e+000
3 0 +1.699156605e+000 -1.503408434e+002 -1.503408434e+002 -8.2298e-001 +3.4812e-001 -3.4424e+000
47 0 +5.965441073e-001 -1.514434559e+002 -1.514434559e+002 -2.0890e-001 +1.2606e+000 -4.6774e+000
126 0 +8.196022850e-002 -1.519580398e+002 -1.519580398e+002 -2.0998e-002 +1.2802e+000 -3.8989e+000
322 0 +3.287572493e-003 -1.520367124e+002 -1.520367124e+002 -2.5567e-001 +1.4800e+000 -3.9291e+000
1063 0 +2.636249245e-003 -1.520373638e+002 -1.520373638e+002 -2.6343e-001 +1.4750e+000 -3.9203e+000
1125 0 +6.244623545e-004 -1.520393755e+002 -1.520393755e+002 -2.6424e-001 +1.4132e+000 -3.9024e+000
1322 0 +5.615819478e-004 -1.520394384e+002 -1.520394384e+002 -2.7005e-001 +1.4135e+000 -3.9037e+000
1341 0 +2.075851872e-004 -1.520397924e+002 -1.520397924e+002 -2.5367e-001 +1.4209e+000 -3.9209e+000
1478 0 +1.752408328e-004 -1.520398248e+002 -1.520398248e+002 -2.7110e-001 +1.4366e+000 -3.9246e+000
1541 0 +7.226652940e-005 -1.520399277e+002 -1.520399277e+002 -2.6733e-001 +1.4325e+000 -3.9245e+000
1590 0 +1.467302801e-005 -1.520399853e+002 -1.520399853e+002 -2.6350e-001 +1.4237e+000 -3.9238e+000
1902 0 +2.901517519e-006 -1.520399971e+002 -1.520399971e+002 -2.6591e-001 +1.4247e+000 -3.9239e+000
2078 0 +2.492028159e-006 -1.520399975e+002 -1.520399975e+002 -2.6705e-001 +1.4256e+000 -3.9247e+000
2131 0 +1.325265970e-006 -1.520399987e+002 -1.520399987e+002 -2.6764e-001 +1.4244e+000 -3.9238e+000
2289 0 +7.851063799e-007 -1.520399992e+002 -1.520399992e+002 -2.6724e-001 +1.4237e+000 -3.9240e+000
2522 0 +2.756272011e-007 -1.520399997e+002 -1.520399997e+002 -2.6711e-001 +1.4239e+000 -3.9243e+000
2731 0 +1.525109781e-007 -1.520399998e+002 -1.520399998e+002 -2.6708e-001 +1.4243e+000 -3.9246e+000
2978 0 +8.400186857e-008 -1.520399999e+002 -1.520399999e+002 -2.6702e-001 +1.4242e+000 -3.9248e+000
3012 0 +3.826869488e-008 -1.520400000e+002 -1.520400000e+002 -2.6721e-001 +1.4238e+000 -3.9248e+000
3141 0 +3.220219469e-008 -1.520400000e+002 -1.520400000e+002 -2.6727e-001 +1.4238e+000 -3.9247e+000
3422 0 +1.963627483e-009 -1.520400000e+002 -1.520400000e+002 -2.6721e-001 +1.4240e+000 -3.9248e+000
6722 0 +0.000000000e+000 -1.520400000e+002 -1.520400000e+002 -2.6720e-001 +1.4240e+000 -3.9248e+000
% f evaluations | g evaluations | best noise-free fitness - Fopt (-2.525000000000e+001) + sum g_i+ | measured fitness | best measured fitness or single-digit g-values | x1 | x2...
1 0 +1.548831296e+001 -9.761687040e+000 -9.761687040e+000 +0.0000e+000 +0.0000e+000 +0.0000e+000
8 0 +1.163623795e+001 -1.361376205e+001 -1.361376205e+001 +3.8555e+000 -2.6670e+000 -6.0079e-001
11 0 +1.072494181e+001 -1.452505819e+001 -1.452505819e+001 +1.7702e+000 -1.2450e-001 +1.1759e+000
13 0 +7.833105180e+000 -1.741689482e+001 -1.741689482e+001 +2.2031e+000 -1.7270e+000 -1.9327e+000
19 0 +6.592316725e+000 -1.865768328e+001 -1.865768328e+001 +1.6538e+000 +6.2951e-001 -3.0794e+000
70 0 +6.182629370e+000 -1.906737063e+001 -1.906737063e+001 +1.7901e+000 +2.2741e+000 -1.8322e+000
79 0 +2.188651668e+000 -2.306134833e+001 -2.306134833e+001 +4.6963e+000 +1.0698e+000 -5.1091e-001
119 0 +1.316699583e+000 -2.393330042e+001 -2.393330042e+001 +3.6184e+000 +2.1969e-001 -3.5200e-001
187 0 +1.066057792e+000 -2.418394221e+001 -2.418394221e+001 +4.3163e+000 +1.0023e+000 -2.0839e+000
211 0 +5.703257571e-001 -2.467967424e+001 -2.467967424e+001 +3.3235e+000 +5.4469e-001 -7.3058e-001
367 0 +1.551804392e-001 -2.509481956e+001 -2.509481956e+001 +3.4932e+000 +6.9195e-001 -1.0511e+000
503 0 +1.196629837e-001 -2.513033702e+001 -2.513033702e+001 +3.6616e+000 +5.7242e-001 -1.0847e+000
610 0 +6.502633768e-002 -2.518497366e+001 -2.518497366e+001 +3.7455e+000 +4.2001e-001 -1.3826e+000
687 0 +1.825029266e-002 -2.523174971e+001 -2.523174971e+001 +3.5459e+000 +6.5443e-001 -1.5365e+000
887 0 +8.700453951e-003 -2.524129955e+001 -2.524129955e+001 +3.5908e+000 +6.6114e-001 -1.5080e+000
1186 0 +6.622064022e-003 -2.524337794e+001 -2.524337794e+001 +3.5993e+000 +6.6243e-001 -1.4968e+000
1194 0 +4.145269229e-003 -2.524585473e+001 -2.524585473e+001 +3.5986e+000 +6.6686e-001 -1.3678e+000
1211 0 +1.079836574e-003 -2.524892016e+001 -2.524892016e+001 +3.6266e+000 +6.6261e-001 -1.4082e+000
1452 0 +9.598251193e-005 -2.524990402e+001 -2.524990402e+001 +3.6177e+000 +6.3937e-001 -1.4134e+000
1884 0 +9.037358671e-005 -2.524990963e+001 -2.524990963e+001 +3.6185e+000 +6.3708e-001 -1.4132e+000
1952 0 +7.225763519e-005 -2.524992774e+001 -2.524992774e+001 +3.6170e+000 +6.3304e-001 -1.4138e+000
2067 0 +6.061431806e-005 -2.524993939e+001 -2.524993939e+001 +3.6126e+000 +6.3410e-001 -1.4291e+000
2152 0 +3.811105828e-005 -2.524996189e+001 -2.524996189e+001 +3.6166e+000 +6.3512e-001 -1.4158e+000
2252 0 +3.609630008e-005 -2.524996390e+001 -2.524996390e+001 +3.6166e+000 +6.3792e-001 -1.4167e+000
2284 0 +1.212039706e-005 -2.524998788e+001 -2.524998788e+001 +3.6154e+000 +6.3188e-001 -1.4216e+000
2384 0 +9.546247174e-006 -2.524999045e+001 -2.524999045e+001 +3.6157e+000 +6.3327e-001 -1.4196e+000
2452 0 +7.086341157e-006 -2.524999291e+001 -2.524999291e+001 +3.6155e+000 +6.3303e-001 -1.4205e+000
2624 0 +3.988628574e-006 -2.524999601e+001 -2.524999601e+001 +3.6150e+000 +6.3365e-001 -1.4205e+000
2784 0 +3.099194089e-006 -2.524999690e+001 -2.524999690e+001 +3.6148e+000 +6.3350e-001 -1.4213e+000
2841 0 +1.365878745e-006 -2.524999863e+001 -2.524999863e+001 +3.6137e+000 +6.3561e-001 -1.4224e+000
3041 0 +5.325142247e-007 -2.524999947e+001 -2.524999947e+001 +3.6138e+000 +6.3531e-001 -1.4221e+000
3084 0 +1.437389834e-007 -2.524999986e+001 -2.524999986e+001 +3.6143e+000 +6.3485e-001 -1.4217e+000
3441 0 +1.303163764e-007 -2.524999987e+001 -2.524999987e+001 +3.6142e+000 +6.3500e-001 -1.4218e+000
3490 0 +1.013079185e-007 -2.524999990e+001 -2.524999990e+001 +3.6143e+000 +6.3529e-001 -1.4219e+000
3651 0 +9.608587703e-008 -2.524999990e+001 -2.524999990e+001 +3.6142e+000 +6.3509e-001 -1.4217e+000
4022 0 +8.768079240e-008 -2.524999991e+001 -2.524999991e+001 +3.6142e+000 +6.3532e-001 -1.4218e+000
4139 0 +6.820638987e-008 -2.524999993e+001 -2.524999993e+001 +3.6142e+000 +6.3527e-001 -1.4218e+000
4190 0 +3.691168615e-008 -2.524999996e+001 -2.524999996e+001 +3.6144e+000 +6.3510e-001 -1.4218e+000
4299 0 +3.501569523e-008 -2.524999996e+001 -2.524999996e+001 +3.6144e+000 +6.3511e-001 -1.4218e+000
4336 0 +1.880027511e-008 -2.524999998e+001 -2.524999998e+001 +3.6144e+000 +6.3507e-001 -1.4216e+000
4439 0 +7.533667912e-009 -2.524999999e+001 -2.524999999e+001 +3.6144e+000 +6.3512e-001 -1.4216e+000
7646 0 +0.000000000e+000 -2.525000000e+001 -2.525000000e+001 +3.6144e+000 +6.3520e-001 -1.4216e+000
% f evaluations | g evaluations | best noise-free fitness - Fopt (1.830100000000e+002) + sum g_i+ | measured fitness | best measured fitness or single-digit g-values | x1 | x2...
1 0 +2.232625024e+001 +2.053362502e+002 +2.053362502e+002 +0.0000e+000 +0.0000e+000 +0.0000e+000
7 0 +1.145143137e+001 +1.944614314e+002 +1.944614314e+002 -3.4160e+000 +2.2669e-001 -4.0924e+000
22 0 +4.302573830e+000 +1.873125738e+002 +1.873125738e+002 -2.5919e+000 +1.9877e+000 -4.5403e+000
33 0 +1.309766297e+000 +1.843197663e+002 +1.843197663e+002 -1.1286e+000 +3.5709e+000 -3.1280e+000
131 0 +8.887172746e-001 +1.838987173e+002 +1.838987173e+002 -2.1957e+000 +3.0494e+000 -1.9127e+000
309 0 +1.660980721e-001 +1.831760981e+002 +1.831760981e+002 -1.9294e+000 +2.7622e+000 -2.9364e+000
350 0 +1.258852036e-001 +1.831358852e+002 +1.831358852e+002 -2.0502e+000 +2.9047e+000 -3.1333e+000
421 0 +7.769609836e-002 +1.830876961e+002 +1.830876961e+002 -2.1656e+000 +2.8396e+000 -2.9378e+000
719 0 +4.601660660e-002 +1.830560166e+002 +1.830560166e+002 -1.9292e+000 +3.1212e+000 -2.7979e+000
805 0 +2.733243954e-002 +1.830373324e+002 +1.830373324e+002 -2.0289e+000 +3.0406e+000 -2.9612e+000
1082 0 +8.781446604e-003 +1.830187814e+002 +1.830187814e+002 -2.1427e+000 +3.0184e+000 -2.8128e+000
1220 0 +1.674552043e-003 +1.830116746e+002 +1.830116746e+002 -2.1193e+000 +3.1118e+000 -2.8156e+000
1238 0 +1.289287009e-003 +1.830112893e+002 +1.830112893e+002 -2.1605e+000 +3.0870e+000 -2.8726e+000
1487 0 +3.272307016e-004 +1.830103272e+002 +1.830103272e+002 -2.1422e+000 +3.1185e+000 -2.8446e+000
1668 0 +1.999288605e-005 +1.830100200e+002 +1.830100200e+002 -2.1346e+000 +3.1044e+000 -2.8561e+000
2317 0 +9.832906301e-006 +1.830100098e+002 +1.830100098e+002 -2.1344e+000 +3.1055e+000 -2.8534e+000
2449 0 +8.014033568e-006 +1.830100080e+002 +1.830100080e+002 -2.1337e+000 +3.1040e+000 -2.8535e+000
2787 0 +7.888605523e-006 +1.830100079e+002 +1.830100079e+002 -2.1336e+000 +3.1040e+000 -2.8533e+000
2859 0 +3.115458810e-006 +1.830100031e+002 +1.830100031e+002 -2.1377e+000 +3.1028e+000 -2.8523e+000
2878 0 +1.348879408e-006 +1.830100013e+002 +1.830100013e+002 -2.1367e+000 +3.1023e+000 -2.8521e+000
2948 0 +5.655655002e-007 +1.830100006e+002 +1.830100006e+002 -2.1364e+000 +3.1026e+000 -2.8522e+000
3141 0 +5.422319305e-008 +1.830100001e+002 +1.830100001e+002 -2.1358e+000 +3.1032e+000 -2.8520e+000
3459 0 +3.778066571e-008 +1.830100000e+002 +1.830100000e+002 -2.1362e+000 +3.1033e+000 -2.8520e+000
3749 0 +2.538808985e-008 +1.830100000e+002 +1.830100000e+002 -2.1359e+000 +3.1033e+000 -2.8519e+000
3949 0 +6.889962378e-009 +1.830100000e+002 +1.830100000e+002 -2.1360e+000 +3.1032e+000 -2.8519e+000
7972 0 +0.000000000e+000 +1.830100000e+002 +1.830100000e+002 -2.1360e+000 +3.1032e+000 -2.8520e+000
% f evaluations | g evaluations | best noise-free fitness - Fopt (1.835200000000e+002) + sum g_i+ | measured fitness | best measured fitness or single-digit g-values | x1 | x2...
1 0 +2.098610048e+001 +2.045061005e+002 +2.045061005e+002 +0.0000e+000 +0.0000e+000 +0.0000e+000
7 0 +1.416428762e+001 +1.976842876e+002 +1.976842876e+002 -2.1271e+000 -8.2520e-001 -2.4735e+000
11 0 +9.067167709e+000 +1.925871677e+002 +1.925871677e+002 -1.9419e+000 -1.9208e+000 -3.4730e+000
25 0 +5.067895742e+000 +1.885878957e+002 +1.885878957e+002 +1.8347e+000 -3.2295e+000 -3.3903e+000
28 0 +1.778024371e-001 +1.836978024e+002 +1.836978024e+002 -2.7052e-001 -3.6060e+000 -2.3911e+000
424 0 +8.961075955e-002 +1.836096108e+002 +1.836096108e+002 +2.0511e-001 -3.7462e+000 -2.3290e+000
615 0 +2.971770485e-002 +1.835497177e+002 +1.835497177e+002 +1.2129e-001 -3.8954e+000 -2.4190e+000
841 0 +1.806774099e-002 +1.835380677e+002 +1.835380677e+002 +2.9280e-002 -3.8662e+000 -2.4334e+000
879 0 +1.107961133e-002 +1.835310796e+002 +1.835310796e+002 -5.2227e-002 -4.0368e+000 -2.3672e+000
940 0 +5.844537198e-003 +1.835258445e+002 +1.835258445e+002 +3.6679e-002 -3.9826e+000 -2.3068e+000
1006 0 +5.450865017e-003 +1.835254509e+002 +1.835254509e+002 +2.7932e-002 -3.9931e+000 -2.3157e+000
1240 0 +4.238373900e-003 +1.835242384e+002 +1.835242384e+002 -2.9463e-003 -3.9837e+000 -2.3805e+000
1241 0 +2.870034134e-003 +1.835228700e+002 +1.835228700e+002 +1.1876e-002 -3.9831e+000 -2.3295e+000
1269 0 +2.741454039e-003 +1.835227415e+002 +1.835227415e+002 +2.6421e-002 -3.9497e+000 -2.3152e+000
1441 0 +2.330961816e-003 +1.835223310e+002 +1.835223310e+002 +2.4208e-002 -3.9473e+000 -2.3203e+000
1479 0 +8.037706489e-004 +1.835208038e+002 +1.835208038e+002 -1.5566e-002 -3.9651e+000 -2.3198e+000
1498 0 +4.042269490e-004 +1.835204042e+002 +1.835204042e+002 -2.8697e-002 -3.9278e+000 -2.3217e+000
1546 0 +2.538312736e-004 +1.835202538e+002 +1.835202538e+002 -1.8626e-002 -3.9442e+000 -2.3190e+000
1692 0 +2.282169617e-004 +1.835202282e+002 +1.835202282e+002 -3.1891e-002 -3.9449e+000 -2.3238e+000
1900 0 +1.270543143e-004 +1.835201271e+002 +1.835201271e+002 -2.3458e-002 -3.9306e+000 -2.3331e+000
2079 0 +3.929020562e-005 +1.835200393e+002 +1.835200393e+002 -1.5702e-002 -3.9400e+000 -2.3358e+000
2098 0 +3.120746442e-005 +1.835200312e+002 +1.835200312e+002 -2.2423e-002 -3.9416e+000 -2.3289e+000
2279 0 +1.085416335e-005 +1.835200109e+002 +1.835200109e+002 -1.8571e-002 -3.9428e+000 -2.3349e+000
2481 0 +9.954737976e-006 +1.835200100e+002 +1.835200100e+002 -1.9784e-002 -3.9435e+000 -2.3327e+000
2579 0 +9.127240190e-006 +1.835200091e+002 +1.835200091e+002 -1.9122e-002 -3.9420e+000 -2.3327e+000
2668 0 +2.691758510e-006 +1.835200027e+002 +1.835200027e+002 -2.2662e-002 -3.9410e+000 -2.3333e+000
2722 0 +2.167683789e-006 +1.835200022e+002 +1.835200022e+002 -2.1670e-002 -3.9405e+000 -2.3334e+000
2792 0 +2.274400401e-007 +1.835200002e+002 +1.835200002e+002 -2.1840e-002 -3.9420e+000 -2.3342e+000
3246 0 +1.457842700e-007 +1.835200001e+002 +1.835200001e+002 -2.1911e-002 -3.9414e+000 -2.3345e+000
3247 0 +1.232946545e-007 +1.835200001e+002 +1.835200001e+002 -2.1830e-002 -3.9419e+000 -2.3344e+000
3440 0 +1.031795023e-007 +1.835200001e+002 +1.835200001e+002 -2.1482e-002 -3.9417e+000 -2.3341e+000
3464 0 +8.690139452e-008 +1.835200001e+002 +1.835200001e+002 -2.1838e-002 -3.9415e+000 -2.3342e+000
3693 0 +4.247925744e-008 +1.835200000e+002 +1.835200000e+002 -2.1793e-002 -3.9415e+000 -2.3344e+000
3770 0 +1.344753287e-008 +1.835200000e+002 +1.835200000e+002 -2.1714e-002 -3.9416e+000 -2.3344e+000
4010 0 +1.098396751e-008 +1.835200000e+002 +1.835200000e+002 -2.1685e-002 -3.9417e+000 -2.3344e+000
4205 0 +8.090097481e-009 +1.835200000e+002 +1.835200000e+002 -2.1599e-002 -3.9417e+000 -2.3345e+000
7422 0 +0.000000000e+000 +1.835200000e+002 +1.835200000e+002 -2.1600e-002 -3.9416e+000 -2.3344e+000
% f evaluations | g evaluations | best noise-free fitness - Fopt (-5.938400000000e+002) + sum g_i+ | measured fitness | best measured fitness or single-digit g-values | x1 | x2...
1 0 +6.938939520e+000 -5.869010605e+002 -5.869010605e+002 +0.0000e+000 +0.0000e+000 +0.0000e+000
9 0 +5.348523737e+000 -5.884914763e+002 -5.884914763e+002 -1.0937e+000 -6.0276e-001 -1.0663e+000
14 0 +3.523163398e+000 -5.903168366e+002 -5.903168366e+002 -3.1357e+000 +5.9852e-001 +2.2891e+000
143 0 +2.683818653e+000 -5.911561813e+002 -5.911561813e+002 -1.8660e+000 +1.2812e+000 +1.4553e+000
168 0 +2.043779710e+000 -5.917962203e+002 -5.917962203e+002 -2.6284e+000 -1.6900e-001 -8.3190e-001
181 0 +3.834440621e-001 -5.934565559e+002 -5.934565559e+002 -2.0320e+000 -1.7774e-001 +4.2923e-001
254 0 +3.705466735e-001 -5.934694533e+002 -5.934694533e+002 -2.0011e+000 +3.1715e-002 +3.6352e-001
271 0 +1.741076615e-001 -5.936658923e+002 -5.936658923e+002 -2.8166e+000 -2.1726e-001 +6.9830e-001
324 0 +1.461271763e-001 -5.936938728e+002 -5.936938728e+002 -2.5707e+000 +4.6844e-001 +6.5085e-001
368 0 +7.788417698e-002 -5.937621158e+002 -5.937621158e+002 -2.6165e+000 +2.8273e-001 +7.7253e-001
464 0 +4.963131956e-002 -5.937903687e+002 -5.937903687e+002 -2.7150e+000 +2.1893e-001 +4.5809e-001
668 0 +2.383304711e-002 -5.938161670e+002 -5.938161670e+002 -2.6918e+000 +1.3658e-001 +4.8766e-001
768 0 +1.663423606e-002 -5.938233658e+002 -5.938233658e+002 -2.6710e+000 +1.7384e-001 +5.6512e-001
800 0 +8.412594451e-004 -5.938391587e+002 -5.938391587e+002 -2.5417e+000 +9.7492e-002 +5.6489e-001
1121 0 +6.012739969e-004 -5.938393987e+002 -5.938393987e+002 -2.5559e+000 +9.1680e-002 +5.5184e-001
1543 0 +2.985915061e-004 -5.938397014e+002 -5.938397014e+002 -2.5655e+000 +1.0487e-001 +5.5887e-001
1654 0 +2.868305362e-004 -5.938397132e+002 -5.938397132e+002 -2.5576e+000 +9.9401e-002 +5.6117e-001
1742 0 +1.264259561e-004 -5.938398736e+002 -5.938398736e+002 -2.5628e+000 +8.6809e-002 +5.6726e-001
1831 0 +1.191387834e-004 -5.938398809e+002 -5.938398809e+002 -2.5618e+000 +8.8349e-002 +5.6730e-001
2154 0 +1.139483982e-004 -5.938398861e+002 -5.938398861e+002 -2.5707e+000 +1.0469e-001 +5.7461e-001
2218 0 +8.816523405e-005 -5.938399118e+002 -5.938399118e+002 -2.5754e+000 +1.0180e-001 +5.7169e-001
2277 0 +8.131364268e-005 -5.938399187e+002 -5.938399187e+002 -2.5753e+000 +9.4206e-002 +5.6498e-001
2280 0 +2.797934656e-005 -5.938399720e+002 -5.938399720e+002 -2.5688e+000 +9.9582e-002 +5.7268e-001
2332 0 +5.187134889e-006 -5.938399948e+002 -5.938399948e+002 -2.5687e+000 +9.4579e-002 +5.6993e-001
2677 0 +2.626534979e-006 -5.938399974e+002 -5.938399974e+002 -2.5698e+000 +9.5313e-002 +5.7068e-001
2680 0 +2.071818926e-006 -5.938399979e+002 -5.938399979e+002 -2.5703e+000 +9.4034e-002 +5.7321e-001
2864 0 +9.250495623e-007 -5.938399991e+002 -5.938399991e+002 -2.5697e+000 +9.3640e-002 +5.7259e-001
2932 0 +7.772845265e-007 -5.938399992e+002 -5.938399992e+002 -2.5691e+000 +9.4873e-002 +5.7252e-001
2934 0 +7.173921404e-007 -5.938399993e+002 -5.938399993e+002 -2.5704e+000 +9.4332e-002 +5.7208e-001
2977 0 +1.050325409e-007 -5.938399999e+002 -5.938399999e+002 -2.5696e+000 +9.4659e-002 +5.7181e-001
3177 0 +7.074720543e-008 -5.938399999e+002 -5.938399999e+002 -2.5698e+000 +9.4587e-002 +5.7201e-001
3264 0 +5.952063020e-008 -5.938399999e+002 -5.938399999e+002 -2.5697e+000 +9.4227e-002 +5.7187e-001
3334 0 +4.094306405e-008 -5.938400000e+002 -5.938400000e+002 -2.5695e+000 +9.4242e-002 +5.7204e-001
3580 0 +3.674551863e-008 -5.938400000e+002 -5.938400000e+002 -2.5697e+000 +9.4507e-002 +5.7188e-001
3664 0 +2.713397862e-008 -5.938400000e+002 -5.938400000e+002 -2.5696e+000 +9.4410e-002 +5.7184e-001
3690 0 +1.480566425e-008 -5.938400000e+002 -5.938400000e+002 -2.5695e+000 +9.4375e-002 +5.7205e-001
4080 0 +3.099899004e-009 -5.938400000e+002 -5.938400000e+002 -2.5696e+000 +9.4397e-002 +5.7194e-001
7062 0 +0.000000000e+000 -5.938400000e+002 -5.938400000e+002 -2.5696e+000 +9.4400e-002 +5.7200e-001
% f evaluations | g evaluations | best noise-free fitness - Fopt (-1.000000000000e+003) + sum g_i+ | measured fitness | best measured fitness or single-digit g-values | x1 | x2...
1 0 +4.421888064e+001 -9.557811194e+002 -9.557811194e+002 +0.0000e+000 +0.0000e+000 +0.0000e+000
5 0 +2.453658103e+000 -9.975463419e+002 -9.975463419e+002 -3.4071e+000 +2.3527e+000 -3.9365e+000
48 0 +3.998590796e-001 -9.996001409e+002 -9.996001409e+002 -3.9379e+000 +3.2424e+000 -3.6863e+000
161 0 +3.914478648e-001 -9.996085521e+002 -9.996085521e+002 -4.1253e+000 +3.9245e+000 -3.2678e+000
239 0 +3.581348925e-001 -9.996418651e+002 -9.996418651e+002 -3.6886e+000 +4.4292e+000 -3.8660e+000
406 0 +2.457876273e-001 -9.997542124e+002 -9.997542124e+002 -3.4191e+000 +4.1067e+000 -3.8601e+000
489 0 +1.758743509e-001 -9.998241256e+002 -9.998241256e+002 -3.5264e+000 +3.7678e+000 -3.5602e+000
603 0 +1.662106093e-001 -9.998337894e+002 -9.998337894e+002 -3.7061e+000 +3.8779e+000 -4.2047e+000
623 0 +9.195659946e-002 -9.999080434e+002 -9.999080434e+002 -4.1067e+000 +3.7142e+000 -3.7637e+000
715 0 +5.498763663e-002 -9.999450124e+002 -9.999450124e+002 -4.0452e+000 +3.7404e+000 -3.7822e+000
832 0 +1.279456740e-002 -9.999872054e+002 -9.999872054e+002 -3.8653e+000 +3.7749e+000 -3.7426e+000
1131 0 +9.964336485e-003 -9.999900357e+002 -9.999900357e+002 -3.8988e+000 +3.8259e+000 -3.7432e+000
1192 0 +5.747512285e-003 -9.999942525e+002 -9.999942525e+002 -3.8361e+000 +3.7933e+000 -3.7752e+000
1422 0 +3.231213971e-003 -9.999967688e+002 -9.999967688e+002 -3.8178e+000 +3.9026e+000 -3.8113e+000
1496 0 +1.003906625e-003 -9.999989961e+002 -9.999989961e+002 -3.8162e+000 +3.8624e+000 -3.8352e+000
1518 0 +7.944633146e-004 -9.999992055e+002 -9.999992055e+002 -3.8297e+000 +3.8391e+000 -3.8422e+000
1539 0 +4.107409237e-004 -9.999995893e+002 -9.999995893e+002 -3.8285e+000 +3.8520e+000 -3.8356e+000
1543 0 +1.477557108e-004 -9.999998522e+002 -9.999998522e+002 -3.8455e+000 +3.8646e+000 -3.8198e+000
1743 0 +1.229164668e-004 -9.999998771e+002 -9.999998771e+002 -3.8448e+000 +3.8635e+000 -3.8191e+000
1921 0 +8.315958610e-005 -9.999999168e+002 -9.999999168e+002 -3.8352e+000 +3.8551e+000 -3.8180e+000
2057 0 +2.881532851e-005 -9.999999712e+002 -9.999999712e+002 -3.8387e+000 +3.8533e+000 -3.8188e+000
2244 0 +5.502496720e-006 -9.999999945e+002 -9.999999945e+002 -3.8425e+000 +3.8510e+000 -3.8229e+000
2331 0 +4.698270573e-006 -9.999999953e+002 -9.999999953e+002 -3.8441e+000 +3.8509e+000 -3.8220e+000
2631 0 +3.066072850e-006 -9.999999969e+002 -9.999999969e+002 -3.8448e+000 +3.8521e+000 -3.8214e+000
2658 0 +8.621622101e-007 -9.999999991e+002 -9.999999991e+002 -3.8425e+000 +3.8532e+000 -3.8220e+000
2905 0 +2.775243502e-008 -1.000000000e+003 -1.000000000e+003 -3.8432e+000 +3.8527e+000 -3.8217e+000
3548 0 +2.450838110e-008 -1.000000000e+003 -1.000000000e+003 -3.8432e+000 +3.8527e+000 -3.8217e+000
3562 0 +8.722963685e-009 -1.000000000e+003 -1.000000000e+003 -3.8432e+000 +3.8529e+000 -3.8217e+000
7176 0 +0.000000000e+000 -1.000000000e+003 -1.000000000e+003 -3.8432e+000 +3.8528e+000 -3.8216e+000
% f evaluations | g evaluations | best noise-free fitness - Fopt (-2.531000000000e+001) + sum g_i+ | measured fitness | best measured fitness or single-digit g-values | x1 | x2...
1 0 +2.524051712e+001 -6.948288000e-002 -6.948288000e-002 +0.0000e+000 +0.0000e+000 +0.0000e+000
3 0 +3.201030513e+000 -2.210896949e+001 -2.210896949e+001 +2.7130e+000 +2.3808e+000 +1.9941e+000
17 0 +1.342649902e+000 -2.396735010e+001 -2.396735010e+001 +3.6395e+000 +3.2043e+000 +1.9508e+000
179 0 +1.776060791e-001 -2.513239392e+001 -2.513239392e+001 +3.8457e+000 +3.5180e+000 +6.6492e-001
507 0 +3.008103572e-002 -2.527991896e+001 -2.527991896e+001 +3.4892e+000 +3.5383e+000 +1.0249e+000
620 0 +1.139596712e-002 -2.529860403e+001 -2.529860403e+001 +3.5330e+000 +3.5123e+000 +7.6999e-001
741 0 +3.817520890e-004 -2.530961825e+001 -2.530961825e+001 +3.4674e+000 +3.5444e+000 +8.6847e-001
1242 0 +3.695429657e-004 -2.530963046e+001 -2.530963046e+001 +3.4552e+000 +3.5454e+000 +8.4758e-001
1302 0 +2.560453702e-004 -2.530974395e+001 -2.530974395e+001 +3.4674e+000 +3.5456e+000 +8.6230e-001
1449 0 +1.195934325e-004 -2.530988041e+001 -2.530988041e+001 +3.4622e+000 +3.5395e+000 +8.5830e-001
1636 0 +4.737907749e-005 -2.530995262e+001 -2.530995262e+001 +3.4669e+000 +3.5384e+000 +8.5634e-001
1844 0 +2.347689444e-005 -2.530997652e+001 -2.530997652e+001 +3.4640e+000 +3.5332e+000 +8.5227e-001
2022 0 +2.216916560e-005 -2.530997783e+001 -2.530997783e+001 +3.4697e+000 +3.5287e+000 +8.5074e-001
2422 0 +2.081990528e-005 -2.530997918e+001 -2.530997918e+001 +3.4713e+000 +3.5292e+000 +8.5154e-001
2424 0 +1.761095340e-005 -2.530998239e+001 -2.530998239e+001 +3.4724e+000 +3.5306e+000 +8.5238e-001
2455 0 +1.638407749e-005 -2.530998362e+001 -2.530998362e+001 +3.4698e+000 +3.5348e+000 +8.4943e-001
2607 0 +3.063256113e-006 -2.530999694e+001 -2.530999694e+001 +3.4684e+000 +3.5345e+000 +8.5241e-001
2611 0 +1.765870675e-006 -2.530999823e+001 -2.530999823e+001 +3.4693e+000 +3.5330e+000 +8.5160e-001
2727 0 +1.628312688e-006 -2.530999837e+001 -2.530999837e+001 +3.4686e+000 +3.5334e+000 +8.5169e-001
2811 0 +8.306856714e-008 -2.530999992e+001 -2.530999992e+001 +3.4690e+000 +3.5329e+000 +8.5296e-001
3222 0 +2.970327628e-008 -2.530999997e+001 -2.530999997e+001 +3.4687e+000 +3.5329e+000 +8.5283e-001
3522 0 +1.036348607e-008 -2.530999999e+001 -2.530999999e+001 +3.4688e+000 +3.5329e+000 +8.5284e-001
3722 0 +9.195559869e-009 -2.530999999e+001 -2.530999999e+001 +3.4689e+000 +3.5328e+000 +8.5285e-001
7664 0 +0.000000000e+000 -2.531000000e+001 -2.531000000e+001 +3.4688e+000 +3.5328e+000 +8.5280e-001
% f evaluations | g evaluations | best noise-free fitness - Fopt (2.228000000000e+001) + sum g_i+ | measured fitness | best measured fitness or single-digit g-values | x1 | x2...
1 0 +8.471248640e+000 +3.075124864e+001 +3.075124864e+001 +0.0000e+000 +0.0000e+000 +0.0000e+000
34 0 +3.233900378e+000 +2.551390038e+001 +2.551390038e+001 +3.3421e-001 -6.5526e-001 -9.2010e-001
196 0 +1.192445154e+000 +2.347244515e+001 +2.347244515e+001 +1.3028e+000 -9.1178e-001 -2.4789e+000
202 0 +1.005341821e-001 +2.238053418e+001 +2.238053418e+001 +1.2139e+000 -1.5751e+000 -1.9640e+000
634 0 +1.320850910e-002 +2.229320851e+001 +2.229320851e+001 +1.4836e+000 -1.7097e+000 -1.8824e+000
993 0 +8.602815143e-003 +2.228860282e+001 +2.228860282e+001 +1.4334e+000 -1.7217e+000 -1.8933e+000
1011 0 +5.212326526e-003 +2.228521233e+001 +2.228521233e+001 +1.4788e+000 -1.7694e+000 -1.8498e+000
1075 0 +9.541162585e-004 +2.228095412e+001 +2.228095412e+001 +1.4093e+000 -1.7808e+000 -1.8520e+000
1225 0 +6.828668717e-004 +2.228068287e+001 +2.228068287e+001 +1.4109e+000 -1.7828e+000 -1.8470e+000
1309 0 +5.256360391e-004 +2.228052564e+001 +2.228052564e+001 +1.3952e+000 -1.7824e+000 -1.8352e+000
1407 0 +5.530005613e-005 +2.228005530e+001 +2.228005530e+001 +1.4139e+000 -1.7817e+000 -1.8271e+000
1942 0 +2.486379283e-005 +2.228002486e+001 +2.228002486e+001 +1.4121e+000 -1.7746e+000 -1.8260e+000
2030 0 +2.177508021e-005 +2.228002178e+001 +2.228002178e+001 +1.4102e+000 -1.7758e+000 -1.8179e+000
2189 0 +1.201321998e-005 +2.228001201e+001 +2.228001201e+001 +1.4104e+000 -1.7762e+000 -1.8192e+000
2320 0 +5.503956437e-006 +2.228000550e+001 +2.228000550e+001 +1.4105e+000 -1.7767e+000 -1.8210e+000
2411 0 +1.413211450e-006 +2.228000141e+001 +2.228000141e+001 +1.4116e+000 -1.7766e+000 -1.8216e+000
2789 0 +1.277260385e-006 +2.228000128e+001 +2.228000128e+001 +1.4117e+000 -1.7768e+000 -1.8214e+000
2920 0 +9.928810165e-007 +2.228000099e+001 +2.228000099e+001 +1.4118e+000 -1.7769e+000 -1.8216e+000
3003 0 +8.559527558e-007 +2.228000086e+001 +2.228000086e+001 +1.4119e+000 -1.7770e+000 -1.8216e+000
3008 0 +1.125480971e-007 +2.228000011e+001 +2.228000011e+001 +1.4126e+000 -1.7770e+000 -1.8218e+000
3320 0 +6.085146964e-008 +2.228000006e+001 +2.228000006e+001 +1.4127e+000 -1.7770e+000 -1.8217e+000
3607 0 +3.347900801e-008 +2.228000003e+001 +2.228000003e+001 +1.4127e+000 -1.7767e+000 -1.8216e+000
3807 0 +2.459643866e-008 +2.228000002e+001 +2.228000002e+001 +1.4126e+000 -1.7768e+000 -1.8216e+000
3859 0 +1.914347791e-008 +2.228000002e+001 +2.228000002e+001 +1.4128e+000 -1.7769e+000 -1.8217e+000
3989 0 +8.001347140e-009 +2.228000001e+001 +2.228000001e+001 +1.4127e+000 -1.7768e+000 -1.8217e+000
8351 0 +0.000000000e+000 +2.228000000e+001 +2.228000000e+001 +1.4128e+000 -1.7768e+000 -1.8216e+000
% f evaluations | g evaluations | best noise-free fitness - Fopt (3.561400000000e+002) + sum g_i+ | measured fitness | best measured fitness or single-digit g-values | x1 | x2...
1 0 +1.491695936e+001 +3.710569594e+002 +3.710569594e+002 +0.0000e+000 +0.0000e+000 +0.0000e+000
5 0 +1.249579597e+001 +3.686357960e+002 +3.686357960e+002 +2.3407e-001 +2.7765e+000 -3.2242e+000
6 0 +1.081238570e+001 +3.669523857e+002 +3.669523857e+002 -4.4154e-001 -3.2080e+000 -3.5935e+000
7 0 +9.427878872e+000 +3.655678789e+002 +3.655678789e+002 +2.9531e+000 +1.3958e+000 -1.6654e+000
9 0 +8.558284953e+000 +3.646982850e+002 +3.646982850e+002 -1.4231e+000 -6.0557e-001 -4.0364e+000
38 0 +5.072310585e+000 +3.612123106e+002 +3.612123106e+002 +2.6809e-001 +1.2014e+000 -2.7156e+000
52 0 +3.158249763e+000 +3.592982498e+002 +3.592982498e+002 +2.5853e+000 -1.0373e+000 -4.8126e+000
108 0 +2.319553864e+000 +3.584595539e+002 +3.584595539e+002 +1.0632e-001 +1.7621e-001 -3.5335e+000
135 0 +7.625135741e-001 +3.569025136e+002 +3.569025136e+002 +1.4585e+000 -1.3837e+000 -3.6948e+000
427 0 +2.730882004e-001 +3.564130882e+002 +3.564130882e+002 +1.1327e+000 -8.4196e-001 -3.2799e+000
517 0 +1.470806967e-001 +3.562870807e+002 +3.562870807e+002 +1.8173e+000 -6.5658e-001 -3.5069e+000
608 0 +3.593321776e-002 +3.561759332e+002 +3.561759332e+002 +1.4722e+000 -7.1248e-001 -3.5149e+000
717 0 +3.413411204e-002 +3.561741341e+002 +3.561741341e+002 +1.4062e+000 -6.9776e-001 -3.4990e+000
747 0 +2.901925589e-002 +3.561690193e+002 +3.561690193e+002 +1.6067e+000 -6.0151e-001 -3.5039e+000
807 0 +2.413092582e-002 +3.561641309e+002 +3.561641309e+002 +1.5681e+000 -5.6931e-001 -3.6381e+000
904 0 +6.992755132e-003 +3.561469928e+002 +3.561469928e+002 +1.4144e+000 -5.7806e-001 -3.4905e+000
1030 0 +6.314238576e-003 +3.561463142e+002 +3.561463142e+002 +1.4029e+000 -5.6685e-001 -3.4993e+000
1140 0 +3.135583415e-003 +3.561431356e+002 +3.561431356e+002 +1.4760e+000 -5.0154e-001 -3.4898e+000
1200 0 +1.708368327e-003 +3.561417084e+002 +3.561417084e+002 +1.4321e+000 -5.5277e-001 -3.5528e+000
1249 0 +1.056332421e-003 +3.561410563e+002 +3.561410563e+002 +1.4600e+000 -5.5035e-001 -3.5576e+000
1348 0 +8.235072621e-004 +3.561408235e+002 +3.561408235e+002 +1.4833e+000 -5.2383e-001 -3.5234e+000
1400 0 +7.220401261e-004 +3.561407220e+002 +3.561407220e+002 +1.4478e+000 -5.4387e-001 -3.5533e+000
1507 0 +1.896970007e-004 +3.561401897e+002 +3.561401897e+002 +1.4707e+000 -5.1963e-001 -3.5411e+000
1650 0 +1.575078686e-004 +3.561401575e+002 +3.561401575e+002 +1.4476e+000 -5.1990e-001 -3.5335e+000
1891 0 +1.100593328e-004 +3.561401101e+002 +3.561401101e+002 +1.4513e+000 -5.3248e-001 -3.5368e+000
2007 0 +5.610516212e-005 +3.561400561e+002 +3.561400561e+002 +1.4533e+000 -5.2843e-001 -3.5335e+000
2351 0 +3.773951295e-005 +3.561400377e+002 +3.561400377e+002 +1.4544e+000 -5.2943e-001 -3.5370e+000
2427 0 +3.432370136e-005 +3.561400343e+002 +3.561400343e+002 +1.4536e+000 -5.2799e-001 -3.5367e+000
2489 0 +7.910297995e-006 +3.561400079e+002 +3.561400079e+002 +1.4556e+000 -5.2508e-001 -3.5374e+000
2566 0 +6.238833748e-006 +3.561400062e+002 +3.561400062e+002 +1.4594e+000 -5.2655e-001 -3.5361e+000
2715 0 +4.263942230e-006 +3.561400043e+002 +3.561400043e+002 +1.4593e+000 -5.2627e-001 -3.5365e+000
2832 0 +3.296188197e-006 +3.561400033e+002 +3.561400033e+002 +1.4592e+000 -5.2628e-001 -3.5369e+000
2838 0 +3.215738616e-006 +3.561400032e+002 +3.561400032e+002 +1.4584e+000 -5.2640e-001 -3.5368e+000
2945 0 +1.706750766e-006 +3.561400017e+002 +3.561400017e+002 +1.4585e+000 -5.2351e-001 -3.5378e+000
3084 0 +7.021577630e-007 +3.561400007e+002 +3.561400007e+002 +1.4590e+000 -5.2525e-001 -3.5380e+000
3345 0 +6.852924912e-007 +3.561400007e+002 +3.561400007e+002 +1.4588e+000 -5.2547e-001 -3.5378e+000
3405 0 +4.446129083e-007 +3.561400004e+002 +3.561400004e+002 +1.4590e+000 -5.2459e-001 -3.5379e+000
3473 0 +3.782774911e-007 +3.561400004e+002 +3.561400004e+002 +1.4580e+000 -5.2529e-001 -3.5376e+000
3581 0 +2.765295335e-007 +3.561400003e+002 +3.561400003e+002 +1.4580e+000 -5.2507e-001 -3.5377e+000
3605 0 +8.388656170e-008 +3.561400001e+002 +3.561400001e+002 +1.4582e+000 -5.2462e-001 -3.5377e+000
3800 0 +8.176772326e-008 +3.561400001e+002 +3.561400001e+002 +1.4586e+000 -5.2477e-001 -3.5374e+000
3905 0 +8.041411093e-009 +3.561400000e+002 +3.561400000e+002 +1.4583e+000 -5.2479e-001 -3.5376e+000
7342 0 +0.000000000e+000 +3.561400000e+002 +3.561400000e+002 +1.4584e+000 -5.2480e-001 -3.5376e+000
% f evaluations | g evaluations | best noise-free fitness - Fopt (-4.757000000000e+002) + sum g_i+ | measured fitness | best measured fitness or single-digit g-values | x1 | x2...
1 0 +1.522825600e+001 -4.604717440e+002 -4.604717440e+002 +0.0000e+000 +0.0000e+000 +0.0000e+000
2 0 +9.923401342e+000 -4.657765987e+002 -4.657765987e+002 +9.5949e-001 -2.8438e+000 +4.7689e+000
3 0 +3.591652047e+000 -4.721083480e+002 -4.721083480e+002 -2.6519e+000 -9.0046e-001 +4.0371e+000
97 0 +2.771463814e+000 -4.729285362e+002 -4.729285362e+002 -9.4898e-001 +1.1817e+000 +3.4490e+000
111 0 +1.766954153e+000 -4.739330458e+002 -4.739330458e+002 -1.2493e+000 -7.9025e-001 +5.0000e+000
206 0 +1.641025769e+000 -4.740589742e+002 -4.740589742e+002 -4.8291e-001 -2.2050e-001 +5.0000e+000
261 0 +1.501316246e+000 -4.741986838e+002 -4.741986838e+002 -9.7584e-001 -3.4890e-001 +5.0000e+000
377 0 +1.359368704e+000 -4.743406313e+002 -4.743406313e+002 -9.0454e-001 -5.4527e-001 +4.9463e+000
386 0 +6.157156111e-001 -4.750842844e+002 -4.750842844e+002 -1.0736e+000 +3.0131e-001 +3.7612e+000
468 0 +2.949523506e-001 -4.754050476e+002 -4.754050476e+002 -3.8231e-001 -3.7232e-001 +4.0868e+000
561 0 +1.861785649e-001 -4.755138214e+002 -4.755138214e+002 -5.4737e-001 -1.7487e-001 +3.6026e+000
623 0 +1.111472573e-002 -4.756888853e+002 -4.756888853e+002 -7.9223e-001 -5.3407e-001 +3.7471e+000
844 0 +5.531279687e-003 -4.756944687e+002 -4.756944687e+002 -8.2216e-001 -4.7539e-001 +3.7202e+000
1108 0 +4.767142862e-003 -4.756952329e+002 -4.756952329e+002 -8.5609e-001 -3.8357e-001 +3.7669e+000
1118 0 +4.401781671e-003 -4.756955982e+002 -4.756955982e+002 -8.6449e-001 -4.3535e-001 +3.7314e+000
1260 0 +4.108245583e-003 -4.756958918e+002 -4.756958918e+002 -8.0987e-001 -3.9852e-001 +3.7466e+000
1280 0 +2.429468350e-003 -4.756975705e+002 -4.756975705e+002 -8.3427e-001 -4.4426e-001 +3.7381e+000
1285 0 +2.386422362e-003 -4.756976136e+002 -4.756976136e+002 -8.6632e-001 -4.3261e-001 +3.7571e+000
1396 0 +8.167265918e-004 -4.756991833e+002 -4.756991833e+002 -8.1373e-001 -4.6770e-001 +3.7854e+000
1408 0 +4.688327983e-004 -4.756995312e+002 -4.756995312e+002 -8.1225e-001 -4.3138e-001 +3.7843e+000
1439 0 +1.041127182e-004 -4.756998959e+002 -4.756998959e+002 -8.2848e-001 -4.3476e-001 +3.7914e+000
1631 0 +5.191196948e-005 -4.756999481e+002 -4.756999481e+002 -8.3421e-001 -4.4229e-001 +3.7819e+000
1996 0 +2.597405859e-005 -4.756999740e+002 -4.756999740e+002 -8.3099e-001 -4.4676e-001 +3.7832e+000
2212 0 +1.108866945e-005 -4.756999889e+002 -4.756999889e+002 -8.2796e-001 -4.4437e-001 +3.7843e+000
2429 0 +2.090048042e-006 -4.756999979e+002 -4.756999979e+002 -8.2976e-001 -4.4427e-001 +3.7858e+000
2565 0 +4.688745321e-007 -4.756999995e+002 -4.756999995e+002 -8.2959e-001 -4.4381e-001 +3.7865e+000
3018 0 +1.857819711e-007 -4.756999998e+002 -4.756999998e+002 -8.2976e-001 -4.4385e-001 +3.7868e+000
3118 0 +1.415438078e-007 -4.756999999e+002 -4.756999999e+002 -8.2925e-001 -4.4386e-001 +3.7872e+000
3318 0 +7.350712394e-008 -4.756999999e+002 -4.756999999e+002 -8.2944e-001 -4.4386e-001 +3.7870e+000
3329 0 +2.451491810e-008 -4.757000000e+002 -4.757000000e+002 -8.2953e-001 -4.4391e-001 +3.7871e+000
3632 0 +1.940128413e-008 -4.757000000e+002 -4.757000000e+002 -8.2958e-001 -4.4403e-001 +3.7873e+000
3695 0 +1.439451580e-008 -4.757000000e+002 -4.757000000e+002 -8.2965e-001 -4.4403e-001 +3.7871e+000
3756 0 +1.013222573e-008 -4.757000000e+002 -4.757000000e+002 -8.2950e-001 -4.4400e-001 +3.7872e+000
3964 0 +5.436902484e-009 -4.757000000e+002 -4.757000000e+002 -8.2967e-001 -4.4401e-001 +3.7872e+000
6685 0 +0.000000000e+000 -4.757000000e+002 -4.757000000e+002 -8.2960e-001 -4.4400e-001 +3.7872e+000
% f evaluations | g evaluations | best noise-free fitness - Fopt (-1.000000000000e+003) + sum g_i+ | measured fitness | best measured fitness or single-digit g-values | x1 | x2...
1 0 +3.942506816e+001 -9.605749318e+002 -9.605749318e+002 +0.0000e+000 +0.0000e+000 +0.0000e+000
2 0 +3.331046639e+001 -9.666895336e+002 -9.666895336e+002 +6.5009e-001 +2.3948e+000 +1.7938e-001
5 0 +7.531909382e+000 -9.924680906e+002 -9.924680906e+002 -2.2643e+000 +4.8425e+000 +2.0438e+000
16 0 +6.722779967e+000 -9.932772200e+002 -9.932772200e+002 -3.1077e+000 +1.0735e+000 +4.8219e+000
55 0 +4.712096046e+000 -9.952879040e+002 -9.952879040e+002 -2.7184e+000 +2.7026e+000 +1.9569e+000
93 0 +2.562190837e+000 -9.974378092e+002 -9.974378092e+002 -4.3956e+000 +1.8361e+000 +3.7926e+000
108 0 +1.991489182e+000 -9.980085108e+002 -9.980085108e+002 -2.4802e+000 +2.9911e+000 +3.3666e+000
117 0 +1.719828701e+000 -9.982801713e+002 -9.982801713e+002 -3.6816e+000 +4.3991e+000 +4.4706e+000
177 0 +3.067188800e-001 -9.996932811e+002 -9.996932811e+002 -3.8757e+000 +3.5195e+000 +4.2448e+000
475 0 +2.127403700e-001 -9.997872596e+002 -9.997872596e+002 -3.4879e+000 +3.0614e+000 +3.9476e+000
507 0 +4.121109578e-002 -9.999587889e+002 -9.999587889e+002 -3.7036e+000 +3.4766e+000 +3.6465e+000
849 0 +2.498552034e-002 -9.999750145e+002 -9.999750145e+002 -3.7829e+000 +3.3949e+000 +3.8715e+000
988 0 +8.340848131e-003 -9.999916592e+002 -9.999916592e+002 -3.7355e+000 +3.3784e+000 +3.7077e+000
991 0 +4.997631396e-003 -9.999950024e+002 -9.999950024e+002 -3.7752e+000 +3.3426e+000 +3.7946e+000
1118 0 +4.085940911e-003 -9.999959141e+002 -9.999959141e+002 -3.7676e+000 +3.3463e+000 +3.7804e+000
1328 0 +3.754624452e-003 -9.999962454e+002 -9.999962454e+002 -3.8448e+000 +3.3651e+000 +3.7407e+000
1329 0 +2.282984174e-003 -9.999977170e+002 -9.999977170e+002 -3.7580e+000 +3.3157e+000 +3.7162e+000
1404 0 +1.848872550e-003 -9.999981511e+002 -9.999981511e+002 -3.8118e+000 +3.3262e+000 +3.7745e+000
1508 0 +1.121843858e-003 -9.999988782e+002 -9.999988782e+002 -3.8050e+000 +3.3413e+000 +3.7598e+000
1527 0 +3.051034945e-004 -9.999996949e+002 -9.999996949e+002 -3.7892e+000 +3.3306e+000 +3.7398e+000
1681 0 +5.997983521e-006 -9.999999940e+002 -9.999999940e+002 -3.8034e+000 +3.3213e+000 +3.7306e+000
2504 0 +3.623988846e-006 -9.999999964e+002 -9.999999964e+002 -3.8040e+000 +3.3218e+000 +3.7319e+000
2628 0 +2.982606247e-006 -9.999999970e+002 -9.999999970e+002 -3.8039e+000 +3.3217e+000 +3.7319e+000
2704 0 +1.101852035e-006 -9.999999989e+002 -9.999999989e+002 -3.8026e+000 +3.3212e+000 +3.7318e+000
2728 0 +1.065853212e-006 -9.999999989e+002 -9.999999989e+002 -3.8028e+000 +3.3208e+000 +3.7333e+000
2919 0 +6.513374728e-007 -9.999999993e+002 -9.999999993e+002 -3.8025e+000 +3.3224e+000 +3.7327e+000
3104 0 +3.821711516e-007 -9.999999996e+002 -9.999999996e+002 -3.8029e+000 +3.3213e+000 +3.7329e+000
3128 0 +1.352925665e-007 -9.999999999e+002 -9.999999999e+002 -3.8027e+000 +3.3218e+000 +3.7328e+000
3328 0 +1.147483317e-007 -9.999999999e+002 -9.999999999e+002 -3.8027e+000 +3.3216e+000 +3.7329e+000
3540 0 +7.240407740e-008 -9.999999999e+002 -9.999999999e+002 -3.8026e+000 +3.3216e+000 +3.7329e+000
3639 0 +5.861761565e-008 -9.999999999e+002 -9.999999999e+002 -3.8026e+000 +3.3216e+000 +3.7329e+000
3728 0 +5.724837138e-008 -9.999999999e+002 -9.999999999e+002 -3.8026e+000 +3.3217e+000 +3.7329e+000
3739 0 +4.415812782e-008 -1.000000000e+003 -1.000000000e+003 -3.8025e+000 +3.3217e+000 +3.7329e+000
3844 0 +4.183141300e-008 -1.000000000e+003 -1.000000000e+003 -3.8022e+000 +3.3216e+000 +3.7329e+000
3883 0 +4.250182428e-009 -1.000000000e+003 -1.000000000e+003 -3.8024e+000 +3.3216e+000 +3.7328e+000
7573 0 +0.000000000e+000 -1.000000000e+003 -1.000000000e+003 -3.8024e+000 +3.3216e+000 +3.7328e+000
% f evaluations | g evaluations | best noise-free fitness - Fopt (-4.158000000000e+001) + sum g_i+ | measured fitness | best measured fitness or single-digit g-values | x1 | x2...
1 0 +1.834012736e+001 -2.323987264e+001 -2.323987264e+001 +0.0000e+000 +0.0000e+000 +0.0000e+000
3 0 +1.130337225e+001 -3.027662775e+001 -3.027662775e+001 -2.0951e+000 +1.3380e+000 -4.4636e+000
17 0 +8.606116394e+000 -3.297388361e+001 -3.297388361e+001 +2.6998e+000 +9.9682e-001 -3.9991e+000
20 0 +3.253459537e+000 -3.832654046e+001 -3.832654046e+001 +1.6922e+000 +4.2704e+000 -3.3515e+000
105 0 +2.240344037e+000 -3.933965596e+001 -3.933965596e+001 +1.4863e+000 +3.1257e+000 -4.3106e+000
202 0 +9.739220339e-001 -4.060607797e+001 -4.060607797e+001 +1.5337e-001 +2.1619e+000 -3.6846e+000
217 0 +7.209649913e-001 -4.085903501e+001 -4.085903501e+001 +8.7308e-001 +3.5353e+000 -3.5611e+000
377 0 +5.983390527e-001 -4.098166095e+001 -4.098166095e+001 +8.4131e-001 +3.4824e+000 -2.7600e+000
383 0 +5.350026735e-001 -4.104499733e+001 -4.104499733e+001 +1.0974e+000 +2.3263e+000 -3.2271e+000
515 0 +1.050874058e-001 -4.147491259e+001 -4.147491259e+001 +9.1596e-001 +2.8708e+000 -3.0792e+000
678 0 +5.157543998e-002 -4.152842456e+001 -4.152842456e+001 +8.0575e-001 +2.8229e+000 -3.2234e+000
779 0 +4.829185405e-002 -4.153170815e+001 -4.153170815e+001 +6.8339e-001 +2.7240e+000 -2.9816e+000
803 0 +9.923547984e-003 -4.157007645e+001 -4.157007645e+001 +5.6104e-001 +2.8589e+000 -3.2301e+000
942 0 +7.617390756e-003 -4.157238261e+001 -4.157238261e+001 +5.5475e-001 +2.9072e+000 -3.1908e+000
1103 0 +6.173955448e-003 -4.157382604e+001 -4.157382604e+001 +5.6106e-001 +2.8754e+000 -3.2034e+000
1246 0 +4.620852612e-003 -4.157537915e+001 -4.157537915e+001 +5.9007e-001 +2.7965e+000 -3.1750e+000
1252 0 +3.478580498e-003 -4.157652142e+001 -4.157652142e+001 +5.8651e-001 +2.8642e+000 -3.1944e+000
1330 0 +2.721613452e-003 -4.157727839e+001 -4.157727839e+001 +5.7254e-001 +2.8232e+000 -3.1725e+000
1403 0 +2.420506844e-003 -4.157757949e+001 -4.157757949e+001 +6.0116e-001 +2.8038e+000 -3.1394e+000
1419 0 +1.895932640e-003 -4.157810407e+001 -4.157810407e+001 +5.7788e-001 +2.8660e+000 -3.1741e+000
1435 0 +8.096113624e-004 -4.157919039e+001 -4.157919039e+001 +5.7090e-001 +2.8452e+000 -3.1439e+000
1619 0 +3.973925064e-004 -4.157960261e+001 -4.157960261e+001 +5.9188e-001 +2.8716e+000 -3.1340e+000
1795 0 +4.868023294e-005 -4.157995132e+001 -4.157995132e+001 +5.9238e-001 +2.8559e+000 -3.1411e+000
1957 0 +3.267931856e-005 -4.157996732e+001 -4.157996732e+001 +5.9518e-001 +2.8542e+000 -3.1426e+000
2078 0 +3.289538391e-006 -4.157999671e+001 -4.157999671e+001 +5.9927e-001 +2.8522e+000 -3.1379e+000
2729 0 +2.289586142e-006 -4.157999771e+001 -4.157999771e+001 +5.9906e-001 +2.8526e+000 -3.1379e+000
2808 0 +2.045609364e-006 -4.157999795e+001 -4.157999795e+001 +5.9617e-001 +2.8528e+000 -3.1377e+000
3212 0 +1.278023383e-006 -4.157999872e+001 -4.157999872e+001 +5.9756e-001 +2.8521e+000 -3.1367e+000
3331 0 +1.119364327e-006 -4.157999888e+001 -4.157999888e+001 +5.9694e-001 +2.8523e+000 -3.1370e+000
3408 0 +2.350461159e-007 -4.157999976e+001 -4.157999976e+001 +5.9801e-001 +2.8527e+000 -3.1378e+000
3517 0 +1.841996280e-007 -4.157999982e+001 -4.157999982e+001 +5.9763e-001 +2.8526e+000 -3.1380e+000
3535 0 +2.694972068e-008 -4.157999997e+001 -4.157999997e+001 +5.9755e-001 +2.8527e+000 -3.1375e+000
3875 0 +8.780595806e-009 -4.157999999e+001 -4.157999999e+001 +5.9759e-001 +2.8527e+000 -3.1375e+000
7932 0 +0.000000000e+000 -4.158000000e+001 -4.158000000e+001 +5.9760e-001 +2.8528e+000 -3.1376e+000
