% f evaluations | g evaluations | best noise-free fitness - Fopt (9.294000000000e+001) + sum g_i+ | measured fitness | best measured fitness or single-digit g-values | x1 | x2...
1 0 +1.445170813e+003 +1.538110813e+003 +1.538110813e+003
790 0 +8.789608286e+002 +9.719008286e+002 +9.719008286e+002
1088 0 +8.363423608e+002 +9.292823608e+002 +9.292823608e+002
1337 0 +7.190551989e+002 +8.119951989e+002 +8.119951989e+002
2677 0 +6.788841199e+002 +7.718241199e+002 +7.718241199e+002
3943 0 +6.710138978e+002 +7.639538978e+002 +7.639538978e+002
4184 0 +6.499033143e+002 +7.428433143e+002 +7.428433143e+002
4336 0 +6.450385544e+002 +7.379785544e+002 +7.379785544e+002
5667 0 +6.206423495e+002 +7.135823495e+002 +7.135823495e+002
5858 0 +6.085588538e+002 +7.014988538e+002 +7.014988538e+002
8024 0 +6.023210000e+002 +6.952610000e+002 +6.952610000e+002
% f evaluations | g evaluations | best noise-free fitness - Fopt (3.535000000000e+001) + sum g_i+ | measured fitness | best measured fitness or single-digit g-values | x1 | x2...
1 0 +2.071631794e+003 +2.106981794e+003 +2.106981794e+003
48 0 +2.042186979e+003 +2.077536979e+003 +2.077536979e+003
86 0 +1.926306426e+003 +1.961656426e+003 +1.961656426e+003
227 0 +1.559011620e+003 +1.594361620e+003 +1.594361620e+003
277 0 +1.297956038e+003 +1.333306038e+003 +1.333306038e+003
424 0 +1.102701234e+003 +1.138051234e+003 +1.138051234e+003
622 0 +1.023001996e+003 +1.058351996e+003 +1.058351996e+003
769 0 +9.550044033e+002 +9.903544033e+002 +9.903544033e+002
822 0 +6.189208419e+002 +6.542708419e+002 +6.542708419e+002
1156 0 +5.705526941e+002 +6.059026941e+002 +6.059026941e+002
1722 0 +5.437784284e+002 +5.791284284e+002 +5.791284284e+002
2302 0 +5.303419877e+002 +5.656919877e+002 +5.656919877e+002
2456 0 +5.135259688e+002 +5.488759688e+002 +5.488759688e+002
2567 0 +4.870802883e+002 +5.224302883e+002 +5.224302883e+002
2940 0 +4.502675054e+002 +4.856175054e+002 +4.856175054e+002
3585 0 +4.316029649e+002 +4.669529649e+002 +4.669529649e+002
3787 0 +4.224964806e+002 +4.578464806e+002 +4.578464806e+002
4923 0 +3.936027749e+002 +4.289527749e+002 +4.289527749e+002
5522 0 +3.656462803e+002 +4.009962803e+002 +4.009962803e+002
6936 0 +3.246515233e+002 +3.600015233e+002 +3.600015233e+002
7361 0 +3.097930201e+002 +3.451430201e+002 +3.451430201e+002
7960 0 +3.002799378e+002 +3.356299378e+002 +3.356299378e+002
8455 0 +2.859125357e+002 +3.212625357e+002 +3.212625357e+002
9261 0 +2.812882716e+002 +3.166382716e+002 +3.166382716e+002
10036 0 +2.740003369e+002 +3.093503369e+002 +3.093503369e+002
% f evaluations | g evaluations | best noise-free fitness - Fopt (3.820000000000e+000) + sum g_i+ | measured fitness | best measured fitness or single-digit g-values | x1 | x2...
1 0 +1.397016808e+003 +1.400836808e+003 +1.400836808e+003
262 0 +1.154147924e+003 +1.157967924e+003 +1.157967924e+003
510 0 +1.126243933e+003 +1.130063933e+003 +1.130063933e+003
615 0 +1.106973943e+003 +1.110793943e+003 +1.110793943e+003
631 0 +1.054191352e+003 +1.058011352e+003 +1.058011352e+003
1209 0 +9.493757998e+002 +9.531957998e+002 +9.531957998e+002
1477 0 +8.599679870e+002 +8.637879870e+002 +8.637879870e+002
1577 0 +7.610445049e+002 +7.648645049e+002 +7.648645049e+002
1625 0 +6.192312206e+002 +6.230512206e+002 +6.230512206e+002
2080 0 +6.041980155e+002 +6.080180155e+002 +6.080180155e+002
2314 0 +5.703834035e+002 +5.742034035e+002 +5.742034035e+002
2524 0 +5.443534869e+002 +5.481734869e+002 +5.481734869e+002
3109 0 +4.674652158e+002 +4.712852158e+002 +4.712852158e+002
3380 0 +4.565435188e+002 +4.603635188e+002 +4.603635188e+002
4139 0 +4.349349874e+002 +4.387549874e+002 +4.387549874e+002
5407 0 +4.204231381e+002 +4.242431381e+002 +4.242431381e+002
7068 0 +4.130878827e+002 +4.169078827e+002 +4.169078827e+002
8068 0 +4.000849561e+002 +4.039049561e+002 +4.039049561e+002
8268 0 +3.885078223e+002 +3.923278223e+002 +3.923278223e+002
9019 0 +3.748087904e+002 +3.786287904e+002 +3.786287904e+002
% f evaluations | g evaluations | best noise-free fitness - Fopt (2.175000000000e+001) + sum g_i+ | measured fitness | best measured fitness or single-digit g-values | x1 | x2...
1 0 +1.746062931e+003 +1.767812931e+003 +1.767812931e+003
341 0 +1.682848494e+003 +1.704598494e+003 +1.704598494e+003
458 0 +1.363148664e+003 +1.384898664e+003 +1.384898664e+003
922 0 +1.242745524e+003 +1.264495524e+003 +1.264495524e+003
1312 0 +1.126192273e+003 +1.147942273e+003 +1.147942273e+003
1448 0 +1.095120995e+003 +1.116870995e+003 +1.116870995e+003
2541 0 +1.038225135e+003 +1.059975135e+003 +1.059975135e+003
2615 0 +9.065409842e+002 +9.282909842e+002 +9.282909842e+002
2738 0 +8.660809053e+002 +8.878309053e+002 +8.878309053e+002
3244 0 +8.326769100e+002 +8.544269100e+002 +8.544269100e+002
3452 0 +7.558566164e+002 +7.776066164e+002 +7.776066164e+002
5344 0 +7.211067371e+002 +7.428567371e+002 +7.428567371e+002
6337 0 +7.074673889e+002 +7.292173889e+002 +7.292173889e+002
% f evaluations | g evaluations | best noise-free fitness - Fopt (6.479000000000e+001) + sum g_i+ | measured fitness | best measured fitness or single-digit g-values | x1 | x2...
1 0 +2.323444095e+003 +2.388234095e+003 +2.388234095e+003
88 0 +1.957662554e+003 +2.022452554e+003 +2.022452554e+003
221 0 +1.808833075e+003 +1.873623075e+003 +1.873623075e+003
252 0 +1.751557285e+003 +1.816347285e+003 +1.816347285e+003
491 0 +1.645411452e+003 +1.710201452e+003 +1.710201452e+003
788 0 +1.485740708e+003 +1.550530708e+003 +1.550530708e+003
814 0 +1.275082157e+003 +1.339872157e+003 +1.339872157e+003
950 0 +1.189512515e+003 +1.254302515e+003 +1.254302515e+003
968 0 +8.033509899e+002 +8.681409899e+002 +8.681409899e+002
1474 0 +7.236487497e+002 +7.884387497e+002 +7.884387497e+002
2188 0 +6.883428904e+002 +7.531328904e+002 +7.531328904e+002
5397 0 +6.663505242e+002 +7.311405242e+002 +7.311405242e+002
5860 0 +6.277313945e+002 +6.925213945e+002 +6.925213945e+002
6279 0 +6.107060176e+002 +6.754960176e+002 +6.754960176e+002
6872 0 +5.919150861e+002 +6.567050861e+002 +6.567050861e+002
7075 0 +5.249934508e+002 +5.897834508e+002 +5.897834508e+002
7275 0 +5.094269027e+002 +5.742169027e+002 +5.742169027e+002
8179 0 +4.780366528e+002 +5.428266528e+002 +5.428266528e+002
% f evaluations | g evaluations | best noise-free fitness - Fopt (-1.000000000000e+003) + sum g_i+ | measured fitness | best measured fitness or single-digit g-values | x1 | x2...
1 0 +1.767038502e+003 +7.670385024e+002 +7.670385024e+002
208 0 +1.452714838e+003 +4.527148380e+002 +4.527148380e+002
500 0 +1.334047527e+003 +3.340475273e+002 +3.340475273e+002
962 0 +9.706414381e+002 -2.935856190e+001 -2.935856190e+001
1300 0 +9.355239119e+002 -6.447608806e+001 -6.447608806e+001
1358 0 +8.460058735e+002 -1.539941265e+002 -1.539941265e+002
1586 0 +7.977219433e+002 -2.022780567e+002 -2.022780567e+002
2058 0 +7.638907203e+002 -2.361092797e+002 -2.361092797e+002
5411 0 +7.372674945e+002 -2.627325055e+002 -2.627325055e+002
6454 0 +7.069923975e+002 -2.930076025e+002 -2.930076025e+002
6579 0 +6.787351323e+002 -3.212648677e+002 -3.212648677e+002
7019 0 +6.274700588e+002 -3.725299412e+002 -3.725299412e+002
8611 0 +6.058109469e+002 -3.941890531e+002 -3.941890531e+002
9711 0 +5.948990594e+002 -4.051009406e+002 -4.051009406e+002
% f evaluations | g evaluations | best noise-free fitness - Fopt (1.640700000000e+002) + sum g_i+ | measured fitness | best measured fitness or single-digit g-values | x1 | x2...
1 0 +2.092848971e+003 +2.256918971e+003 +2.256918971e+003
224 0 +1.493672803e+003 +1.657742803e+003 +1.657742803e+003
700 0 +1.469142440e+003 +1.633212440e+003 +1.633212440e+003
880 0 +1.322415879e+003 +1.486485879e+003 +1.486485879e+003
932 0 +1.283057070e+003 +1.447127070e+003 +1.447127070e+003
1381 0 +1.181841681e+003 +1.345911681e+003 +1.345911681e+003
1479 0 +1.174740120e+003 +1.338810120e+003 +1.338810120e+003
1841 0 +1.097370638e+003 +1.261440638e+003 +1.261440638e+003
1913 0 +1.027025832e+003 +1.191095832e+003 +1.191095832e+003
2045 0 +1.006434883e+003 +1.170504883e+003 +1.170504883e+003
2358 0 +9.963385482e+002 +1.160408548e+003 +1.160408548e+003
2606 0 +9.704902478e+002 +1.134560248e+003 +1.134560248e+003
3388 0 +9.430748777e+002 +1.107144878e+003 +1.107144878e+003
4758 0 +9.245575124e+002 +1.088627512e+003 +1.088627512e+003
5204 0 +8.555419996e+002 +1.019612000e+003 +1.019612000e+003
5404 0 +8.061528389e+002 +9.702228389e+002 +9.702228389e+002
6655 0 +7.734888928e+002 +9.375588928e+002 +9.375588928e+002
9379 0 +7.552715613e+002 +9.193415613e+002 +9.193415613e+002
9409 0 +7.393587349e+002 +9.034287349e+002 +9.034287349e+002
% f evaluations | g evaluations | best noise-free fitness - Fopt (-1.656800000000e+002) + sum g_i+ | measured fitness | best measured fitness or single-digit g-values | x1 | x2...
1 0 +1.831371966e+003 +1.665691966e+003 +1.665691966e+003
203 0 +1.661744687e+003 +1.496064687e+003 +1.496064687e+003
229 0 +1.591226398e+003 +1.425546398e+003 +1.425546398e+003
531 0 +1.459507063e+003 +1.293827063e+003 +1.293827063e+003
591 0 +1.401415195e+003 +1.235735195e+003 +1.235735195e+003
832 0 +1.339572934e+003 +1.173892934e+003 +1.173892934e+003
1032 0 +1.284606233e+003 +1.118926233e+003 +1.118926233e+003
1590 0 +1.251597154e+003 +1.085917154e+003 +1.085917154e+003
1766 0 +9.762197768e+002 +8.105397768e+002 +8.105397768e+002
2075 0 +9.288005865e+002 +7.631205865e+002 +7.631205865e+002
2951 0 +7.337231802e+002 +5.680431802e+002 +5.680431802e+002
3211 0 +6.641157704e+002 +4.984357704e+002 +4.984357704e+002
3670 0 +6.364766537e+002 +4.707966537e+002 +4.707966537e+002
4316 0 +6.258033731e+002 +4.601233731e+002 +4.601233731e+002
4540 0 +6.016102100e+002 +4.359302100e+002 +4.359302100e+002
8852 0 +5.824532261e+002 +4.167732261e+002 +4.167732261e+002
% f evaluations | g evaluations | best noise-free fitness - Fopt (9.284000000000e+001) + sum g_i+ | measured fitness | best measured fitness or single-digit g-values | x1 | x2...
1 0 +1.582206989e+003 +1.675046989e+003 +1.675046989e+003
37 0 +1.538377767e+003 +1.631217767e+003 +1.631217767e+003
266 0 +1.495576607e+003 +1.588416607e+003 +1.588416607e+003
419 0 +1.448522924e+003 +1.541362924e+003 +1.541362924e+003
423 0 +1.100409961e+003 +1.193249961e+003 +1.193249961e+003
623 0 +9.627457677e+002 +1.055585768e+003 +1.055585768e+003
1223 0 +8.875394925e+002 +9.803794925e+002 +9.803794925e+002
1262 0 +8.570567263e+002 +9.498967263e+002 +9.498967263e+002
1339 0 +6.932313187e+002 +7.860713187e+002 +7.860713187e+002
1539 0 +5.279660365e+002 +6.208060365e+002 +6.208060365e+002
1815 0 +5.103066978e+002 +6.031466978e+002 +6.031466978e+002
2215 0 +4.844319481e+002 +5.772719481e+002 +5.772719481e+002
2415 0 +4.752379205e+002 +5.680779205e+002 +5.680779205e+002
2545 0 +4.227752576e+002 +5.156152576e+002 +5.156152576e+002
6115 0 +4.148038792e+002 +5.076438792e+002 +5.076438792e+002
7910 0 +3.957092184e+002 +4.885492184e+002 +4.885492184e+002
9252 0 +3.667101629e+002 +4.595501629e+002 +4.595501629e+002
% f evaluations | g evaluations | best noise-free fitness - Fopt (-3.679200000000e+002) + sum g_i+ | measured fitness | best measured fitness or single-digit g-values | x1 | x2...
1 0 +2.239011019e+003 +1.871091019e+003 +1.871091019e+003
93 0 +1.479085512e+003 +1.111165512e+003 +1.111165512e+003
207 0 +1.286517960e+003 +9.185979602e+002 +9.185979602e+002
308 0 +1.119676503e+003 +7.517565027e+002 +7.517565027e+002
453 0 +1.050424665e+003 +6.825046646e+002 +6.825046646e+002
1142 0 +1.033923389e+003 +6.660033889e+002 +6.660033889e+002
1418 0 +9.800138588e+002 +6.120938588e+002 +6.120938588e+002
1498 0 +9.594442156e+002 +5.915242156e+002 +5.915242156e+002
1511 0 +9.422962745e+002 +5.743762745e+002 +5.743762745e+002
1619 0 +6.683968844e+002 +3.004768844e+002 +3.004768844e+002
1842 0 +6.024089579e+002 +2.344889579e+002 +2.344889579e+002
2445 0 +5.596122498e+002 +1.916922498e+002 +1.916922498e+002
3278 0 +5.426233688e+002 +1.747033688e+002 +1.747033688e+002
3313 0 +4.328260216e+002 +6.490602158e+001 +6.490602158e+001
4515 0 +4.027820726e+002 +3.486207264e+001 +3.486207264e+001
% f evaluations | g evaluations | best noise-free fitness - Fopt (4.950000000000e+001) + sum g_i+ | measured fitness | best measured fitness or single-digit g-values | x1 | x2...
1 0 +2.054225306e+003 +2.103725306e+003 +2.103725306e+003
33 0 +2.046857240e+003 +2.096357240e+003 +2.096357240e+003
48 0 +1.872774235e+003 +1.922274235e+003 +1.922274235e+003
254 0 +1.822901716e+003 +1.872401716e+003 +1.872401716e+003
359 0 +1.706403754e+003 +1.755903754e+003 +1.755903754e+003
370 0 +1.584264012e+003 +1.633764012e+003 +1.633764012e+003
475 0 +1.368857346e+003 +1.418357346e+003 +1.418357346e+003
495 0 +9.368920322e+002 +9.863920322e+002 +9.863920322e+002
821 0 +8.660587234e+002 +9.155587234e+002 +9.155587234e+002
1045 0 +8.472644703e+002 +8.967644703e+002 +8.967644703e+002
1105 0 +7.212609298e+002 +7.707609298e+002 +7.707609298e+002
1294 0 +6.842759488e+002 +7.337759488e+002 +7.337759488e+002
1405 0 +6.045958178e+002 +6.540958178e+002 +6.540958178e+002
1819 0 +5.806820121e+002 +6.301820121e+002 +6.301820121e+002
2205 0 +5.570436769e+002 +6.065436769e+002 +6.065436769e+002
2641 0 +5.416538995e+002 +5.911538995e+002 +5.911538995e+002
2937 0 +4.241375147e+002 +4.736375147e+002 +4.736375147e+002
3496 0 +3.608896545e+002 +4.103896545e+002 +4.103896545e+002
4370 0 +3.417244243e+002 +3.912244243e+002 +3.912244243e+002
4796 0 +3.384836644e+002 +3.879836644e+002 +3.879836644e+002
4992 0 +3.295798100e+002 +3.790798100e+002 +3.790798100e+002
5701 0 +3.110974610e+002 +3.605974610e+002 +3.605974610e+002
6201 0 +3.069032229e+002 +3.564032229e+002 +3.564032229e+002
8430 0 +2.731013880e+002 +3.226013880e+002 +3.226013880e+002
8877 0 +2.669796660e+002 +3.164796660e+002 +3.164796660e+002
% f evaluations | g evaluations | best noise-free fitness - Fopt (-1.277000000000e+001) + sum g_i+ | measured fitness | best measured fitness or single-digit g-values | x1 | x2...
1 0 +2.668862994e+003 +2.656092994e+003 +2.656092994e+003
17 0 +2.263305764e+003 +2.250535764e+003 +2.250535764e+003
64 0 +1.657951944e+003 +1.645181944e+003 +1.645181944e+003
264 0 +1.583644492e+003 +1.570874492e+003 +1.570874492e+003
272 0 +1.432011521e+003 +1.419241521e+003 +1.419241521e+003
322 0 +1.310474114e+003 +1.297704114e+003 +1.297704114e+003
391 0 +1.133209233e+003 +1.120439233e+003 +1.120439233e+003
488 0 +1.016495894e+003 +1.003725894e+003 +1.003725894e+003
797 0 +9.753374015e+002 +9.625674015e+002 +9.625674015e+002
809 0 +8.983377086e+002 +8.855677086e+002 +8.855677086e+002
1096 0 +8.064539873e+002 +7.936839873e+002 +7.936839873e+002
1737 0 +7.905862914e+002 +7.778162914e+002 +7.778162914e+002
1763 0 +7.500643251e+002 +7.372943251e+002 +7.372943251e+002
2411 0 +7.242376261e+002 +7.114676261e+002 +7.114676261e+002
3411 0 +6.956941014e+002 +6.829241014e+002 +6.829241014e+002
6411 0 +6.904023219e+002 +6.776323219e+002 +6.776323219e+002
9534 0 +6.505268782e+002 +6.377568782e+002 +6.377568782e+002
% f evaluations | g evaluations | best noise-free fitness - Fopt (6.365000000000e+001) + sum g_i+ | measured fitness | best measured fitness or single-digit g-values | x1 | x2...
1 0 +1.681895990e+003 +1.745545990e+003 +1.745545990e+003
255 0 +1.578725391e+003 +1.642375391e+003 +1.642375391e+003
287 0 +1.409582886e+003 +1.473232886e+003 +1.473232886e+003
470 0 +1.366190551e+003 +1.429840551e+003 +1.429840551e+003
532 0 +1.335685598e+003 +1.399335598e+003 +1.399335598e+003
664 0 +1.160814790e+003 +1.224464790e+003 +1.224464790e+003
1638 0 +1.028893218e+003 +1.092543218e+003 +1.092543218e+003
1843 0 +9.531730455e+002 +1.016823045e+003 +1.016823045e+003
2212 0 +9.013221895e+002 +9.649721895e+002 +9.649721895e+002
2295 0 +8.897404601e+002 +9.533904601e+002 +9.533904601e+002
2677 0 +8.219192870e+002 +8.855692870e+002 +8.855692870e+002
2843 0 +7.833776032e+002 +8.470276032e+002 +8.470276032e+002
3200 0 +7.239021204e+002 +7.875521204e+002 +7.875521204e+002
3543 0 +7.027987454e+002 +7.664487454e+002 +7.664487454e+002
9815 0 +6.912263967e+002 +7.548763967e+002 +7.548763967e+002
9945 0 +6.735758101e+002 +7.372258101e+002 +7.372258101e+002
% f evaluations | g evaluations | best noise-free fitness - Fopt (6.991900000000e+002) + sum g_i+ | measured fitness | best measured fitness or single-digit g-values | x1 | x2...
1 0 +1.949487639e+003 +2.648677639e+003 +2.648677639e+003
212 0 +1.493574171e+003 +2.192764171e+003 +2.192764171e+003
435 0 +7.876795391e+002 +1.486869539e+003 +1.486869539e+003
713 0 +6.787914758e+002 +1.377981476e+003 +1.377981476e+003
804 0 +6.622956643e+002 +1.361485664e+003 +1.361485664e+003
878 0 +6.039239261e+002 +1.303113926e+003 +1.303113926e+003
2604 0 +5.831773919e+002 +1.282367392e+003 +1.282367392e+003
2781 0 +5.339424892e+002 +1.233132489e+003 +1.233132489e+003
4569 0 +5.244806464e+002 +1.223670646e+003 +1.223670646e+003
4837 0 +4.730637062e+002 +1.172253706e+003 +1.172253706e+003
4872 0 +4.523963372e+002 +1.151586337e+003 +1.151586337e+003
5384 0 +4.375144818e+002 +1.136704482e+003 +1.136704482e+003
5584 0 +4.348140055e+002 +1.134004005e+003 +1.134004005e+003
6665 0 +3.862087500e+002 +1.085398750e+003 +1.085398750e+003
6796 0 +3.699406328e+002 +1.069130633e+003 +1.069130633e+003
7472 0 +3.356868455e+002 +1.034876846e+003 +1.034876846e+003
7772 0 +3.248123881e+002 +1.024002388e+003 +1.024002388e+003
% f evaluations | g evaluations | best noise-free fitness - Fopt (1.000000000000e+003) + sum g_i+ | measured fitness | best measured fitness or single-digit g-values | x1 | x2...
1 0 +2.078547280e+003 +3.078547280e+003 +3.078547280e+003
286 0 +1.981211320e+003 +2.981211320e+003 +2.981211320e+003
295 0 +1.790721063e+003 +2.790721063e+003 +2.790721063e+003
325 0 +1.776074717e+003 +2.776074717e+003 +2.776074717e+003
457 0 +1.718897486e+003 +2.718897486e+003 +2.718897486e+003
470 0 +1.639981343e+003 +2.639981343e+003 +2.639981343e+003
662 0 +1.588376368e+003 +2.588376368e+003 +2.588376368e+003
740 0 +1.253974544e+003 +2.253974544e+003 +2.253974544e+003
1048 0 +1.226838382e+003 +2.226838382e+003 +2.226838382e+003
1311 0 +1.191379440e+003 +2.191379440e+003 +2.191379440e+003
1392 0 +1.039278117e+003 +2.039278117e+003 +2.039278117e+003
1703 0 +9.136437953e+002 +1.913643795e+003 +1.913643795e+003
2460 0 +8.751187519e+002 +1.875118752e+003 +1.875118752e+003
2762 0 +8.360602333e+002 +1.836060233e+003 +1.836060233e+003
3608 0 +8.144961235e+002 +1.814496123e+003 +1.814496123e+003
3714 0 +8.110044507e+002 +1.811004451e+003 +1.811004451e+003
3878 0 +7.893626137e+002 +1.789362614e+003 +1.789362614e+003
4014 0 +7.588928322e+002 +1.758892832e+003 +1.758892832e+003
4332 0 +7.296775509e+002 +1.729677551e+003 +1.729677551e+003
4378 0 +6.820667148e+002 +1.682066715e+003 +1.682066715e+003
4948 0 +6.387427517e+002 +1.638742752e+003 +1.638742752e+003
5078 0 +6.304378844e+002 +1.630437884e+003 +1.630437884e+003
5214 0 +6.109040672e+002 +1.610904067e+003 +1.610904067e+003
6532 0 +6.009946609e+002 +1.600994661e+003 +1.600994661e+003
