% f evaluations | g evaluations | best noise-free fitness - Fopt (7.627000000000e+001) + sum g_i+ | measured fitness | best measured fitness or single-digit g-values | x1 | x2...
1 0 +5.128259773e+005 +5.129022473e+005 +5.129022473e+005 +0.0000e+000 +0.0000e+000 +0.0000e+000 +0.0000e+000 +0.0000e+000 +0.0000e+000 +0.0000e+000 +0.0000e+000 +0.0000e+000 +0.0000e+000 +0.0000e+000 +0.0000e+000 +0.0000e+000 +0.0000e+000 +0.0000e+000 +0.0000e+000 +0.0000e+000 +0.0000e+000 +0.0000e+000 +0.0000e+000
5 0 +3.147753110e+004 +3.155380110e+004 +3.155380110e+004 +3.9477e+000 +3.1858e+000 +2.2185e+000 +2.8237e+000 +7.6543e-001 +1.4321e+000 +6.3577e-003 +4.4148e+000 +3.0739e+000 +8.7264e-001 +4.4356e+000 +2.6823e+000 +4.8757e+000 +4.1030e+000 +4.4599e+000 +4.9775e+000 -2.4548e+000 -4.9531e+000 -4.3180e+000 -4.6819e+000
37 0 +4.272453233e+003 +4.348723233e+003 +4.348723233e+003 -2.6609e+000 +2.8873e+000 -8.2609e-001 +4.6083e-001 -1.5211e+000 +1.4355e-001 +1.9865e+000 +2.8609e+000 -4.9147e+000 +3.3181e+000 -5.3172e-001 +4.3980e+000 -6.6347e-002 +7.8230e-001 -1.7919e+000 -4.5936e+000 -2.3953e+000 +3.3456e+000 +3.4353e+000 -3.2818e+000
184 0 +2.308471289e+003 +2.384741289e+003 +2.384741289e+003 -5.8356e+000 +8.7939e+000 +1.4798e+000 +4.8015e+000 -4.4414e-001 +9.9051e+000 -2.9701e+000 +5.5302e+000 -8.9885e+000 +4.9522e+000 +1.2480e+000 +1.0045e+001 -5.9482e+000 +8.5877e+000 +1.2388e+000 -6.8456e+000 -7.3529e+000 +4.2388e+000 +6.6366e+000 -5.0000e+000
736 0 +9.317062058e+002 +1.007976206e+003 +1.007976206e+003 -5.7416e+000 +3.3561e+000 +4.0062e+000 +3.3462e+000 -3.5631e+000 +2.8429e+000 -3.9906e+000 +5.7794e+000 -1.0089e+001 +6.4509e+000 -2.2029e+000 +1.2844e+001 -3.6319e+000 +5.0934e+000 +4.7064e-001 -9.8623e+000 -8.9473e+000 +2.7182e+000 +3.1295e+000 +1.0208e+000
990 0 +3.648838677e+002 +4.411538677e+002 +4.411538677e+002 -1.8312e-001 +9.8241e-001 +2.7852e+000 -1.8529e+000 -2.2239e+000 -4.0720e+000 -1.7064e+000 +1.8519e+000 -3.4145e+000 +7.9355e-001 -3.2665e+000 +5.9447e+000 +3.0004e+000 -7.1495e-002 +2.5091e+000 -7.5346e+000 -4.1681e+000 -2.4144e+000 -2.2855e+000 +5.0000e+000
2008 0 +3.389458588e+002 +4.152158588e+002 +4.152158588e+002 +4.3439e-001 +1.7475e+000 +2.2853e+000 -1.4113e+000 -1.3870e+000 -2.6800e+000 -1.6792e+000 +1.8607e+000 -3.0533e+000 +5.5523e-001 -3.0032e+000 +4.9637e+000 +2.5020e+000 +7.0008e-001 +2.1521e+000 -6.0708e+000 -3.4818e+000 -2.4994e+000 -9.1930e-001 +3.4640e+000
4252 0 +2.706758867e+002 +3.469458867e+002 +3.469458867e+002 +1.6745e+000 +6.3146e-001 +1.8776e+000 -1.3734e+000 -1.7300e+000 -1.2217e+000 -8.0780e-001 -1.7518e+000 -6.2611e-001 +6.8436e-001 -3.1523e+000 +3.1281e+000 +4.0454e+000 -1.8033e+000 +2.6867e+000 -1.7407e+000 -1.8504e+000 -3.5384e+000 -1.4827e+000 +4.6409e+000
4953 0 +2.561727632e+002 +3.324427632e+002 +3.324427632e+002 +6.1562e-001 +1.5582e+000 +2.0541e+000 -9.4215e-001 -1.4803e+000 -2.7231e-001 -1.3456e+000 -4.2922e-001 -1.6968e+000 +1.1632e+000 -2.8408e+000 +3.8507e+000 +2.5843e+000 -1.9900e-001 +2.5839e+000 -2.9875e+000 -2.5367e+000 -2.6865e+000 -3.9864e-001 +4.3883e+000
7238 0 +2.453771508e+002 +3.216471508e+002 +3.216471508e+002 +1.2530e+000 +1.3657e+000 +1.8456e+000 -1.0768e+000 -1.4394e+000 -4.6289e-001 -1.0180e+000 -1.1149e+000 -1.0359e+000 +8.3467e-001 -2.8125e+000 +3.2205e+000 +3.1393e+000 -8.3409e-001 +2.6260e+000 -1.9926e+000 -1.9772e+000 -3.1377e+000 -7.8035e-001 +4.6225e+000
% f evaluations | g evaluations | best noise-free fitness - Fopt (-2.255000000000e+001) + sum g_i+ | measured fitness | best measured fitness or single-digit g-values | x1 | x2...
1 0 +1.986910607e+005 +1.986685107e+005 +1.986685107e+005 +0.0000e+000 +0.0000e+000 +0.0000e+000 +0.0000e+000 +0.0000e+000 +0.0000e+000 +0.0000e+000 +0.0000e+000 +0.0000e+000 +0.0000e+000 +0.0000e+000 +0.0000e+000 +0.0000e+000 +0.0000e+000 +0.0000e+000 +0.0000e+000 +0.0000e+000 +0.0000e+000 +0.0000e+000 +0.0000e+000
7 0 +2.377474720e+004 +2.375219720e+004 +2.375219720e+004 -1.4075e+000 +8.4116e-001 -1.7306e+000 -9.0119e-001 +3.9277e-001 +3.5063e+000 +2.4131e+000 -3.1077e+000 +4.0465e+000 -1.4033e+000 -1.7816e+000 +1.6784e+000 -4.1414e+000 -1.9510e+000 +1.7602e+000 +4.7785e+000 +3.7075e+000 -1.4071e+000 -1.5276e+000 -4.5697e+000
16 0 +1.789828730e+004 +1.787573730e+004 +1.787573730e+004 +4.6568e+000 -2.1106e-001 -1.7129e+000 +2.4219e+000 -1.9017e+000 +3.7229e+000 +4.7161e+000 +3.9744e+000 -1.7264e+000 +4.9229e+000 -1.7841e+000 +3.1274e+000 -1.2026e+000 -3.7349e-001 +1.5482e+000 +3.5947e+000 +1.2356e+000 -4.6598e+000 -2.2615e+000 -4.1720e+000
18 0 +1.357751521e+004 +1.355496521e+004 +1.355496521e+004 +4.3824e+000 -4.4890e+000 +8.6583e-002 +1.8178e+000 -3.7898e+000 +1.6968e+000 +1.5190e+000 +3.6212e+000 -2.4137e+000 -3.1838e+000 -2.2857e+000 +4.5312e+000 -3.6389e+000 +1.0431e+000 +4.6346e+000 +9.9633e-001 -1.9783e+000 -2.5581e+000 -4.8252e-001 -3.4016e+000
45 0 +2.065217669e+003 +2.042667669e+003 +2.042667669e+003 -1.7124e+000 -4.0642e+000 +4.7394e+000 -4.4749e+000 +4.2697e+000 -3.0417e+000 -8.4042e-001 -2.8379e-001 -1.7275e+000 +6.3126e-001 +1.4107e+000 -4.6477e+000 +4.0214e+000 +4.6346e-001 -1.4398e+000 -4.2231e+000 -2.7049e+000 -2.2825e+000 +4.0291e+000 +1.3481e+000
212 0 +1.528750693e+003 +1.506200693e+003 +1.506200693e+003 +9.0395e+000 -6.7262e+000 +1.3837e+001 -1.4699e+001 +9.6141e+000 +2.0342e+000 -6.9767e+000 +2.5233e+000 +1.1557e+000 -6.7566e+000 +1.3054e+000 -7.0901e+000 +1.5450e+001 -4.1278e+000 -1.6502e+000 -3.3712e+000 -3.2614e+000 +1.9140e+000 +1.0438e+001 -5.0000e+000
440 0 +7.059879474e+002 +6.834379474e+002 +6.834379474e+002 +6.9578e+000 -4.8451e+000 -3.3403e+000 -8.1250e+000 +9.0317e+000 +3.6289e+000 -3.7975e+000 +7.1226e+000 +6.3403e+000 -1.1873e+001 +4.0587e+000 +8.4010e-001 +9.7810e+000 -3.6884e+000 -2.9001e-001 -3.4656e+000 -3.7335e+000 +1.1003e-001 -3.7691e+000 -2.6391e+000
1432 0 +2.355624415e+002 +2.130124415e+002 +2.130124415e+002 -2.1345e+000 -2.4426e+000 -1.3401e+000 -1.2582e-001 +1.3607e+000 -2.8355e+000 +6.9291e-001 +2.1095e+000 +6.7440e-001 -2.2754e+000 -1.4373e+000 -2.9939e+000 +2.7778e+000 -2.2425e-001 +1.5972e+000 -1.4096e+000 -3.9429e+000 -3.3038e+000 +1.4637e+000 +1.7328e-002
1781 0 +2.231392664e+002 +2.005892664e+002 +2.005892664e+002 -1.1217e-001 -3.5953e+000 -1.7535e+000 -2.8484e+000 +3.8642e+000 -1.0558e+000 -6.7454e-001 +3.6321e+000 +2.1244e+000 -4.6536e+000 +4.5314e-001 -2.3319e+000 +4.7257e+000 -1.3218e+000 +1.0326e+000 -2.0559e+000 -3.5643e+000 -1.8167e+000 +3.4920e-001 +1.7230e-001
3236 0 +2.115077400e+002 +1.889577400e+002 +1.889577400e+002 -3.7944e+000 -3.5676e+000 +3.6299e-002 -1.1232e+000 +1.8778e+000 -3.3118e+000 +5.6422e-001 +1.8277e+000 -2.2546e-001 -6.9927e-001 -1.0325e+000 -4.5848e+000 +2.5932e+000 -3.7642e-001 +1.4756e+000 -1.5119e+000 -3.0666e+000 -2.1117e+000 +3.2234e+000 +2.2211e+000
5729 0 +1.866100930e+002 +1.640600930e+002 +1.640600930e+002 +1.6227e+000 -1.7608e-002 +1.4443e+000 -1.0753e-002 +1.8319e-001 -3.3555e-001 -8.2876e-001 -1.9302e+000 +5.1034e-001 -1.8638e+000 +2.3468e+000 -1.4107e+000 +3.3168e+000 -2.2151e+000 +3.2789e+000 -4.0959e+000 -3.8694e+000 +2.2104e+000 -8.8518e-001 +1.4592e+000
6957 0 +1.841225137e+002 +1.615725137e+002 +1.615725137e+002 -2.4710e+000 -2.8138e+000 -5.0398e-001 -7.3447e-001 +1.7393e+000 -2.4869e+000 +3.8296e-001 +1.4528e+000 +2.7846e-001 -1.4283e+000 -1.4563e-001 -3.3793e+000 +2.6170e+000 -7.2882e-001 +1.5969e+000 -2.0320e+000 -3.3514e+000 -1.5747e+000 +1.5137e+000 +1.9107e+000
8557 0 +1.703135243e+002 +1.477635243e+002 +1.477635243e+002 -1.7382e+000 -2.3523e+000 -5.7438e-001 -4.7879e-001 +1.5354e+000 -2.0647e+000 +2.6879e-001 +1.0561e+000 +4.8078e-001 -1.7356e+000 +3.6453e-001 -2.7992e+000 +2.6304e+000 -9.6609e-001 +1.7711e+000 -2.4093e+000 -3.5207e+000 -1.1344e+000 +6.9451e-001 +1.7888e+000
8823 0 +1.656251702e+002 +1.430751702e+002 +1.430751702e+002 -1.5084e+000 -2.8804e+000 +2.0412e+000 -1.6611e+000 +3.3725e+000 -1.5580e+000 +7.5483e-001 -7.5646e-001 +6.2408e-002 -1.2943e+000 -5.2566e-001 -2.6744e+000 +2.4336e+000 -8.7661e-001 +7.4803e-001 -4.1748e+000 -3.2816e+000 -1.3020e+000 +1.0771e+000 +1.5264e+000
% f evaluations | g evaluations | best noise-free fitness - Fopt (1.366000000000e+001) + sum g_i+ | measured fitness | best measured fitness or single-digit g-values | x1 | x2...
1 0 +2.811586777e+005 +2.811723377e+005 +2.811723377e+005 +0.0000e+000 +0.0000e+000 +0.0000e+000 +0.0000e+000 +0.0000e+000 +0.0000e+000 +0.0000e+000 +0.0000e+000 +0.0000e+000 +0.0000e+000 +0.0000e+000 +0.0000e+000 +0.0000e+000 +0.0000e+000 +0.0000e+000 +0.0000e+000 +0.0000e+000 +0.0000e+000 +0.0000e+000 +0.0000e+000
12 0 +2.598120818e+005 +2.598257418e+005 +2.598257418e+005 +8.9232e-001 -1.6122e+000 +4.9793e+000 +8.0002e-001 +8.4074e-001 -2.1059e+000 +3.5950e+000 -8.6183e-002 -3.7010e+000 +2.2143e+000 +3.7308e-001 +1.8179e-001 +3.3370e+000 -2.0234e+000 +3.9355e+000 +1.7585e+000 -6.4899e-001 -4.7042e+000 -2.2284e+000 +2.4904e+000
18 0 +1.450379445e+004 +1.451745445e+004 +1.451745445e+004 -1.1044e+000 +3.2349e+000 -2.9865e+000 -4.3790e+000 -1.0557e+000 -4.5067e+000 -6.5188e-001 -1.1297e+000 -4.5859e+000 +4.4002e+000 -4.8175e-001 -3.7339e-001 +2.7505e+000 -4.5769e+000 -1.8569e+000 +1.0552e+000 -3.7287e+000 -4.5865e+000 -3.6864e+000 +4.1066e+000
106 0 +1.285123015e+004 +1.286489015e+004 +1.286489015e+004 -7.3236e+000 -2.5056e+000 +6.7067e+000 -7.3336e+000 -1.3559e+000 -3.3393e+000 +5.2980e-001 +3.6639e+000 -1.7494e+000 -2.0943e+000 +4.3802e+000 +3.4373e+000 -7.4895e+000 +1.5885e+000 -3.4648e-002 -8.1745e+000 +5.4517e+000 -2.0301e-001 +4.0203e-001 +5.0000e+000
174 0 +1.134712830e+004 +1.136078830e+004 +1.136078830e+004 -9.3706e+000 +1.2982e+000 -1.7036e+000 +4.6881e-001 -8.4812e+000 -6.8757e+000 -5.8512e+000 +1.9539e+000 -4.2045e+000 +1.1337e+000 +7.2681e+000 -9.4694e+000 +5.2839e+000 +2.7664e+000 +1.4121e+000 -4.4940e-001 -6.0838e+000 -5.1378e+000 +6.6036e-001 +5.0000e+000
211 0 +1.082010980e+003 +1.095670980e+003 +1.095670980e+003 -8.5701e+000 +1.0334e+000 -2.5104e+000 +1.2695e+000 -8.0467e+000 -5.6852e+000 -5.0565e+000 +1.3191e+000 -4.2568e+000 +7.0128e-001 +6.5012e+000 -8.0574e+000 +4.7615e+000 +3.5331e+000 +1.3901e+000 -1.5533e-001 -5.3528e+000 -4.1943e+000 +1.8170e+000 +3.4844e+000
213 0 +6.578578188e+002 +6.715178188e+002 +6.715178188e+002 -1.2129e+001 +3.0470e+000 +4.5444e-001 +5.2211e+000 -8.2104e+000 -3.1856e+000 +2.2307e+000 -3.9550e-001 -1.1261e+000 -1.1393e+000 +6.0733e+000 -8.0541e+000 +6.1191e+000 +2.6582e+000 +3.5362e+000 -2.6655e+000 -7.2583e+000 -1.6612e+000 +3.2355e+000 +2.5595e+000
415 0 +6.212740851e+002 +6.349340851e+002 +6.349340851e+002 -1.7111e+000 +4.5016e+000 +1.6972e+000 -9.9954e+000 -1.4804e+000 -3.0582e+000 +5.3807e+000 -3.3350e+000 +2.2034e+000 +2.3117e-002 -5.3352e+000 +6.6624e+000 +4.5524e+000 +4.2520e+000 +7.3544e+000 +6.2789e+000 -4.6205e+000 -6.5760e+000 -4.3543e-001 +5.0000e+000
437 0 +5.310630835e+002 +5.447230835e+002 +5.447230835e+002 -1.1983e+001 +2.2217e+000 +5.5649e-001 +2.8212e+000 -5.6332e+000 -4.0930e+000 -1.1144e-002 -1.6385e+000 -2.1528e+000 -1.8319e+000 +5.8781e+000 -5.9431e+000 +4.4008e+000 +3.2844e+000 +2.3424e+000 -3.5279e+000 -6.8512e+000 -2.2700e+000 +2.4275e+000 +4.5475e+000
763 0 +4.715835189e+002 +4.852435189e+002 +4.852435189e+002 -8.9491e+000 +1.6689e+000 -5.3827e-001 +9.5083e-001 -4.4804e+000 -6.0055e+000 -3.0235e+000 -9.7255e-001 -3.1223e+000 +1.6874e-002 +4.7788e+000 -3.9526e+000 +4.2058e+000 +2.7714e+000 +4.9683e-001 -3.2354e+000 -5.3591e+000 -2.4651e+000 +1.3889e-001 +5.0000e+000
984 0 +3.538217540e+002 +3.674817540e+002 +3.674817540e+002 -7.3233e+000 +1.5964e+000 -1.1643e+000 +1.2099e+000 -4.2408e+000 -4.1174e+000 -1.6277e+000 -1.5034e+000 -2.4314e+000 -4.1318e-003 +3.8521e+000 -3.9115e+000 +3.3272e+000 +1.6339e+000 +2.3047e-001 -3.3145e+000 -5.3533e+000 -1.5644e+000 -2.0496e-001 +4.4914e+000
1625 0 +3.384975435e+002 +3.521575435e+002 +3.521575435e+002 -5.8697e+000 -1.2345e+000 +3.5054e+000 +3.8743e+000 +3.0468e+000 -2.6171e+000 -3.0485e+000 -3.6099e+000 +1.9901e+000 -3.0649e+000 +1.0925e+000 +5.4546e+000 -2.4840e+000 -1.3900e+000 +1.6816e+000 -8.5781e+000 -6.0154e+000 -4.0613e+000 -1.2977e+000 +5.0000e+000
1842 0 +2.904642050e+002 +3.041242050e+002 +3.041242050e+002 -3.7765e+000 -1.2796e+000 +3.3700e+000 +2.3358e+000 +3.6133e+000 -3.3253e+000 -4.7125e+000 -3.4154e+000 +1.4205e+000 -9.5578e-001 -8.1115e-001 +5.7989e+000 -2.5377e+000 -1.9449e+000 +1.8061e-001 -8.3505e+000 -3.5881e+000 -3.6781e+000 -2.4384e+000 +5.0000e+000
2241 0 +2.852927052e+002 +2.989527052e+002 +2.989527052e+002 -2.6504e+000 -1.3609e+000 +1.7483e+000 +1.5486e+000 +3.3612e+000 -3.6026e+000 -4.8669e+000 -3.0414e+000 +5.3690e-001 -4.6997e-001 -6.1881e-001 +5.3883e+000 -2.0876e+000 -2.0516e+000 -6.9078e-001 -7.5916e+000 -3.8189e+000 -3.4084e+000 -3.1173e+000 +4.6313e+000
2525 0 +2.724873134e+002 +2.861473134e+002 +2.861473134e+002 -4.4782e+000 -1.2351e+000 +2.8970e+000 +2.7940e+000 +3.1651e+000 -3.0907e+000 -3.9406e+000 -3.3770e+000 +1.3605e+000 -1.7741e+000 +1.9485e-001 +5.3766e+000 -2.2864e+000 -1.6580e+000 +6.1896e-001 -8.1602e+000 -4.7927e+000 -3.7457e+000 -2.0612e+000 +4.8741e+000
6035 0 +2.542082588e+002 +2.678682588e+002 +2.678682588e+002 +3.0908e-001 -3.3946e+000 +3.2474e-002 +2.9891e+000 +4.2453e+000 -2.0026e+000 -1.9096e+000 -2.2852e+000 +3.4251e+000 -2.7873e+000 +5.3189e-001 +3.9710e+000 +4.5975e-001 -2.9031e-001 -3.2971e-001 -6.5470e+000 -5.2628e-001 -2.4895e+000 -9.4432e-001 +1.1960e+000
6551 0 +2.030821954e+002 +2.167421954e+002 +2.167421954e+002 -2.9752e+000 -1.7976e+000 +6.2320e-001 +2.6885e+000 +1.8623e+000 -3.1465e+000 -2.3344e+000 -2.5158e+000 +1.2880e+000 -1.3970e+000 +8.4706e-001 +2.2442e+000 +2.4152e-001 -4.0447e-001 -1.6344e-001 -6.4216e+000 -3.0833e+000 -2.3156e+000 -1.2637e+000 +3.2552e+000
% f evaluations | g evaluations | best noise-free fitness - Fopt (9.378400000000e+002) + sum g_i+ | measured fitness | best measured fitness or single-digit g-values | x1 | x2...
1 0 +2.581107992e+006 +2.582045832e+006 +2.582045832e+006 +0.0000e+000 +0.0000e+000 +0.0000e+000 +0.0000e+000 +0.0000e+000 +0.0000e+000 +0.0000e+000 +0.0000e+000 +0.0000e+000 +0.0000e+000 +0.0000e+000 +0.0000e+000 +0.0000e+000 +0.0000e+000 +0.0000e+000 +0.0000e+000 +0.0000e+000 +0.0000e+000 +0.0000e+000 +0.0000e+000
2 0 +1.300421380e+006 +1.301359220e+006 +1.301359220e+006 +1.2997e+000 -4.8743e-001 +4.7737e+000 -1.7612e+000 -1.3784e-001 -2.5998e+000 -5.0896e-001 -2.6719e-001 +1.1849e+000 -4.7789e+000 +3.2464e+000 -4.6268e+000 +1.5691e+000 +7.4151e-001 -2.2534e+000 +3.8529e+000 -2.9957e+000 -4.1259e+000 +8.7331e-001 -7.3204e-001
5 0 +4.985296594e+005 +4.994674994e+005 +4.994674994e+005 +2.0015e-001 +1.6862e+000 +2.3975e+000 +3.2415e+000 +1.5298e+000 +3.3971e+000 +3.5252e+000 +6.6680e-001 -2.2036e+000 +1.6319e+000 -4.8494e+000 +2.7448e+000 -2.3289e+000 +2.9899e+000 -9.8473e-001 -4.4259e-001 +4.7801e+000 +1.6208e+000 -1.6692e-001 -8.4423e-001
9 0 +2.044495215e+005 +2.053873615e+005 +2.053873615e+005 +4.3917e+000 -3.3042e+000 -2.6393e+000 -1.8414e+000 +3.8408e+000 -3.8509e+000 +3.6304e+000 +2.9103e+000 +3.2517e+000 -3.7796e+000 -7.6193e-001 -3.8788e+000 -1.0782e+000 +4.6858e+000 +2.6512e+000 +4.7488e+000 -3.7905e+000 -3.4157e+000 -1.6155e+000 +4.0929e+000
38 0 +6.066321788e+004 +6.160105788e+004 +6.160105788e+004 +2.4237e+000 +4.6749e+000 +4.4348e+000 +2.5721e+000 +1.3652e+000 -2.8928e+000 -4.8392e+000 +2.9477e+000 -4.2429e+000 +1.8238e+000 +1.3448e+000 -4.6205e-001 -1.4194e+000 -4.0384e+000 +4.1022e+000 +2.4276e+000 +3.1052e+000 +2.5556e+000 -1.6939e+000 -2.6074e+000
52 0 +1.597866761e+004 +1.691650761e+004 +1.691650761e+004 -1.0861e+000 +3.5435e+000 +4.0987e-001 +3.7172e+000 +4.3407e+000 +3.9855e+000 -2.3610e+000 +1.2931e-001 -3.4176e+000 +4.9674e+000 +3.2714e+000 -1.5432e-001 +1.3827e-002 +1.2237e+000 -1.2204e+000 -3.1019e-001 -3.7409e+000 -1.0719e+000 +3.4430e+000 +9.8713e-001
139 0 +9.542849202e+002 +1.892124920e+003 +1.892124920e+003 +4.9612e-001 +4.5557e+000 -5.7477e+000 +4.5075e-001 +4.7050e+000 +8.6608e+000 -3.7099e+000 -3.2974e-001 +4.4594e+000 +4.8075e+000 -3.1550e+000 -5.5534e+000 -7.4901e+000 -4.1280e+000 -3.0434e+000 +2.9849e+000 -4.9037e+000 +3.4479e+000 +2.7448e+000 +5.0000e+000
519 0 +8.972753433e+002 +1.835115343e+003 +1.835115343e+003 -6.1174e+000 -3.0261e+000 -2.6794e+000 +4.6680e+000 +3.7869e+000 -2.1321e+000 +9.1424e+000 -8.2438e+000 -3.9845e+000 -4.7896e+000 +3.6145e+000 -2.4074e+000 +7.3371e+000 -9.7813e-001 +2.4867e+000 -7.1050e+000 +4.2899e+000 -1.2132e+001 +1.9083e-001 +5.0000e+000
752 0 +7.861110862e+002 +1.723951086e+003 +1.723951086e+003 -4.3716e+000 -5.0453e-001 -3.2718e+000 +2.8895e+000 +5.5228e+000 +4.4110e-002 +5.4536e+000 -8.0339e+000 -5.5129e+000 -5.2473e+000 +7.3867e+000 -1.2091e+000 +6.6301e+000 +1.4966e+000 +1.6517e+000 -7.4677e+000 +8.8005e-001 -8.8727e+000 +6.7658e-001 +3.1401e+000
1071 0 +4.656056058e+002 +1.403445606e+003 +1.403445606e+003 +6.3400e-001 +4.8566e+000 -4.9956e+000 +6.9110e-001 +5.6099e+000 +8.6492e+000 -2.7056e+000 -5.0440e-001 +4.9859e+000 +5.3510e+000 -3.9280e+000 -6.4840e+000 -5.9187e+000 -3.5800e+000 -3.4096e+000 +3.6233e+000 -2.5729e+000 +4.3208e+000 +2.2761e+000 +3.2605e+000
1097 0 +4.283695940e+002 +1.366209594e+003 +1.366209594e+003 -3.5429e+000 +1.7668e+000 -4.6611e+000 +4.0905e+000 +5.8736e+000 +2.7116e+000 +4.7843e+000 -6.2592e+000 +6.9148e-001 +6.2921e-001 +2.0922e+000 -4.1731e+000 +2.3226e+000 -2.9769e+000 +1.1114e+000 -4.8689e+000 -4.8737e-001 -7.2710e+000 +1.9120e+000 +4.1395e+000
2353 0 +4.224373030e+002 +1.360277303e+003 +1.360277303e+003 -1.4438e+000 +3.9933e-001 -5.0328e+000 +2.6525e+000 +5.2823e+000 +1.6936e+000 +2.4322e+000 -5.8447e+000 -8.9542e-002 -1.8526e+000 +7.9457e-001 -2.7532e+000 +1.0120e-001 -3.1835e+000 +2.4182e+000 -1.4961e+000 +1.0714e+000 -4.3319e+000 -6.0364e-001 +3.3598e+000
2668 0 +3.030565151e+002 +1.240896515e+003 +1.240896515e+003 -7.0149e-001 +5.7032e-001 -4.4815e+000 +1.4068e+000 +4.6782e+000 +1.2587e+000 +6.3866e-001 -5.2837e+000 -4.1147e-001 -2.1651e+000 +1.2557e+000 -1.7285e+000 -1.1291e+000 -2.8734e+000 +1.8527e+000 +1.0797e-001 +9.7199e-001 -2.3138e+000 -1.0487e+000 +3.2559e+000
3101 0 +2.987714411e+002 +1.236611441e+003 +1.236611441e+003 -1.4106e+000 +3.3086e-001 -4.7264e+000 +3.4523e-001 +5.2910e+000 +1.1390e+000 -3.1842e-001 -4.7909e+000 +6.5497e-001 -1.6960e+000 +1.6883e+000 -5.0788e-001 -1.1923e+000 -3.1476e+000 -1.0504e-001 +5.7448e-001 -9.6124e-001 -1.8175e+000 -8.3696e-001 +2.2331e+000
4068 0 +2.533291674e+002 +1.191169167e+003 +1.191169167e+003 -1.2836e+000 +3.2173e-001 -4.8035e+000 +3.5349e-001 +5.2899e+000 +1.2241e+000 -3.9647e-001 -4.7353e+000 +7.0161e-001 -1.7037e+000 +1.4735e+000 -5.8097e-001 -1.3463e+000 -3.2197e+000 +1.0307e-003 +7.0730e-001 -9.2290e-001 -1.6943e+000 -9.1736e-001 +2.2342e+000
7571 0 +2.385742775e+002 +1.176414277e+003 +1.176414277e+003 -6.8951e-001 +1.8794e+000 -4.8765e+000 +5.1986e-001 +5.4320e+000 +3.7445e+000 -1.0816e+000 -3.3484e+000 +2.1554e+000 +7.1259e-001 -2.9878e-001 -2.6109e+000 -2.7903e+000 -3.3458e+000 -1.1798e+000 +1.5945e+000 -1.4925e+000 +2.3323e-001 +2.0810e-001 +2.6298e+000
% f evaluations | g evaluations | best noise-free fitness - Fopt (-7.872000000000e+001) + sum g_i+ | measured fitness | best measured fitness or single-digit g-values | x1 | x2...
1 0 +3.474398233e+006 +3.474319513e+006 +3.474319513e+006 +0.0000e+000 +0.0000e+000 +0.0000e+000 +0.0000e+000 +0.0000e+000 +0.0000e+000 +0.0000e+000 +0.0000e+000 +0.0000e+000 +0.0000e+000 +0.0000e+000 +0.0000e+000 +0.0000e+000 +0.0000e+000 +0.0000e+000 +0.0000e+000 +0.0000e+000 +0.0000e+000 +0.0000e+000 +0.0000e+000
2 0 +4.482394304e+004 +4.474522304e+004 +4.474522304e+004 +3.2565e+000 +3.1534e+000 +4.4570e+000 +3.6829e+000 -2.6120e+000 +2.4099e-001 +2.1187e+000 -2.5550e+000 +1.6799e+000 +3.8683e+000 -4.7446e+000 -1.8700e+000 +2.2868e+000 +3.0932e+000 -2.5052e+000 -3.0686e+000 +4.9550e+000 -3.9120e+000 +2.1054e+000 +2.5909e+000
33 0 +8.484743007e+003 +8.406023007e+003 +8.406023007e+003 +3.1421e+000 +2.0709e+000 +1.1272e+000 +2.1714e+000 -3.9447e+000 +1.6333e-001 +3.6969e+000 -1.0978e+000 -3.6215e+000 +3.1820e+000 +3.3456e+000 -2.8246e-001 -8.1799e-001 -2.4377e-001 +1.9886e+000 -4.5530e+000 +4.3366e+000 -1.6220e+000 +1.2784e+000 +4.9538e-001
55 0 +8.607124206e+002 +7.819924206e+002 +7.819924206e+002 -3.7984e+000 +3.9927e+000 -1.9557e+000 +2.6653e+000 -3.9787e+000 -2.7817e+000 -4.1967e+000 -2.3292e-001 +1.4631e+000 +3.5584e+000 +7.0847e-001 +5.3969e-001 +3.4551e-001 -9.5192e-001 +3.4130e+000 -2.2494e-002 +1.4837e+000 +4.3638e-001 +3.3370e+000 +4.6520e-001
325 0 +4.911702536e+002 +4.124502536e+002 +4.124502536e+002 -4.8474e+000 +3.7390e+000 -2.4330e+000 +2.2009e+000 -4.2449e+000 -3.9406e+000 -5.0831e+000 -2.0632e-001 +1.6434e+000 +2.6083e+000 +4.4191e-001 +8.7770e-001 +6.1352e-001 -1.6189e+000 +3.4054e+000 -9.2415e-001 +1.8589e+000 -1.1468e-001 +3.3592e+000 +1.0427e+000
763 0 +2.592846309e+002 +1.805646309e+002 +1.805646309e+002 -4.8241e+000 +3.7408e+000 -2.4684e+000 +2.1371e+000 -4.2069e+000 -3.8961e+000 -5.1046e+000 -1.3228e-001 +1.5822e+000 +2.6335e+000 +4.1850e-001 +8.9556e-001 +6.6721e-001 -1.5702e+000 +3.4146e+000 -9.0380e-001 +1.8157e+000 -9.8004e-002 +3.2962e+000 +1.0176e+000
2002 0 +2.560181514e+002 +1.772981514e+002 +1.772981514e+002 -3.6483e+000 +3.6409e+000 -1.5011e+000 +2.4057e+000 -4.0127e+000 -3.2837e+000 -4.0767e+000 -5.1568e-001 +1.5417e+000 +2.8146e+000 -2.9038e-001 +4.5361e-001 +7.9421e-001 -9.5186e-001 +2.6266e+000 -1.1749e+000 +2.1852e+000 -5.1929e-001 +3.1210e+000 +1.7410e+000
2509 0 +2.474255829e+002 +1.687055829e+002 +1.687055829e+002 +6.3033e-001 -1.0464e+000 -3.1415e+000 +2.3115e+000 +4.0108e+000 -3.4581e+000 -5.7412e+000 -9.7249e-001 -6.5397e-001 +1.0845e-001 -8.4196e-001 -9.1330e-002 +5.0521e-001 +6.6245e-001 -1.4418e+000 -6.4122e+000 +2.0153e+000 -1.6190e+000 -3.1880e-001 -5.9519e-001
3629 0 +2.424915287e+002 +1.637715287e+002 +1.637715287e+002 -1.1693e+000 +7.6695e-001 -2.6598e+000 +2.2114e+000 +4.6531e-001 -3.5768e+000 -5.1993e+000 -5.1808e-001 +7.7871e-002 +1.4307e+000 -5.4638e-001 +1.3343e-001 +5.1150e-001 +5.0585e-002 +2.1217e-001 -4.4021e+000 +2.2377e+000 -9.4861e-001 +1.2479e+000 +3.2143e-001
3829 0 +1.847407738e+002 +1.060207738e+002 +1.060207738e+002 -1.6208e+000 +1.2539e+000 -2.4795e+000 +2.2377e+000 -3.7810e-001 -3.5608e+000 -5.0262e+000 -4.7524e-001 +3.1570e-001 +1.7145e+000 -4.8326e-001 +1.9880e-001 +5.5419e-001 -1.1663e-001 +6.3262e-001 -3.8526e+000 +2.2715e+000 -8.3219e-001 +1.6279e+000 +5.7822e-001
9353 0 +1.309373137e+002 +5.221731368e+001 +5.221731368e+001 -1.0572e+000 +1.7427e+000 -1.2551e+000 +2.2537e+000 -1.4913e+000 -3.2853e+000 -2.7125e+000 +4.3323e-001 +6.5043e-001 +2.0154e+000 -4.9190e-002 +5.8382e-001 +4.1829e-001 -6.5717e-001 +2.4388e-001 -3.2545e+000 +1.5363e+000 +2.6544e-001 +2.0256e+000 +1.5297e+000
% f evaluations | g evaluations | best noise-free fitness - Fopt (-4.151000000000e+001) + sum g_i+ | measured fitness | best measured fitness or single-digit g-values | x1 | x2...
1 0 +1.324554082e+007 +1.324549931e+007 +1.324549931e+007 +0.0000e+000 +0.0000e+000 +0.0000e+000 +0.0000e+000 +0.0000e+000 +0.0000e+000 +0.0000e+000 +0.0000e+000 +0.0000e+000 +0.0000e+000 +0.0000e+000 +0.0000e+000 +0.0000e+000 +0.0000e+000 +0.0000e+000 +0.0000e+000 +0.0000e+000 +0.0000e+000 +0.0000e+000 +0.0000e+000
2 0 +5.918270209e+006 +5.918228699e+006 +5.918228699e+006 -3.7827e+000 -5.6961e-001 +6.3879e-001 -1.9512e+000 +2.8181e+000 -3.7018e+000 +2.3129e+000 -6.8623e-001 -4.4091e+000 -9.8668e-001 -3.8983e+000 +2.0177e+000 +1.5271e+000 +3.4847e-001 +2.2803e+000 +3.9448e+000 -3.4751e+000 -2.1677e+000 -2.7051e+000 +1.8578e+000
3 0 +1.322904163e+005 +1.322489063e+005 +1.322489063e+005 +1.5992e+000 +1.9249e+000 -4.6325e+000 -4.0527e+000 -7.1863e-001 +3.8928e+000 -4.3835e-003 +2.7853e+000 -4.5792e+000 -1.5848e+000 -4.1771e+000 +6.8535e-001 -2.7706e+000 -2.0642e+000 -3.1093e+000 -4.0301e+000 -3.6787e+000 -3.3701e+000 -1.4784e+000 -3.9081e+000
16 0 +5.406460310e+004 +5.402309310e+004 +5.402309310e+004 +4.9759e+000 -3.9897e+000 +4.6654e+000 -2.6335e+000 +3.7325e+000 -1.2604e-001 -8.6995e-001 -2.8647e+000 -8.3907e-001 +4.4237e+000 -2.2683e+000 -1.5338e+000 +2.8702e+000 -2.4931e+000 +2.7980e+000 +2.2602e+000 -6.3111e-001 -4.3250e+000 -4.3028e+000 +4.2438e+000
67 0 +4.378932371e+004 +4.374781371e+004 +4.374781371e+004 +3.9921e+000 +4.9363e+000 +3.0967e+000 +1.0046e+000 -4.5594e+000 +3.4783e+000 -2.3499e+000 +1.2342e+000 -1.1185e+000 -2.3707e+000 +1.8561e+000 +8.4144e-001 +3.8107e+000 -1.5619e-001 +8.1307e-001 -4.9027e+000 +5.0115e-001 -1.9336e-001 -2.5460e+000 +3.0157e-001
72 0 +1.184624541e+003 +1.143114541e+003 +1.143114541e+003 +1.5878e+000 +2.0320e-001 -5.9769e-001 +4.4806e+000 -2.7825e+000 +2.6513e+000 +4.2970e+000 +4.6133e+000 +9.4996e-001 +1.4342e-001 -4.7922e+000 -9.9906e-001 +5.1323e-001 +4.7934e+000 -9.5965e-001 -1.5551e+000 -9.2668e-001 +2.4304e-001 -3.0590e+000 +4.9140e+000
933 0 +1.046017300e+003 +1.004507300e+003 +1.004507300e+003 +2.3712e+000 +4.5090e-002 +2.7254e-001 +5.1135e+000 -1.2813e+000 +2.4748e+000 +2.0542e+000 +2.0642e+000 +9.9267e-001 -5.5712e-001 -3.3505e+000 -7.6028e-001 -2.3517e-001 +5.1595e+000 -1.1346e+000 -3.0006e+000 -1.7939e+000 -5.4516e-001 -2.4280e+000 +5.0000e+000
1201 0 +7.617600353e+002 +7.202500353e+002 +7.202500353e+002 +2.5686e+000 +4.3980e-002 +6.5211e-001 +4.8434e+000 -9.9528e-001 +1.8524e+000 +1.8910e+000 +1.2629e+000 +9.1292e-001 -2.7781e-001 -3.4313e+000 +5.9888e-002 +7.2037e-002 +4.9122e+000 -7.2811e-001 -3.4630e+000 -1.4194e+000 -4.6716e-001 -1.8185e+000 +5.0000e+000
1284 0 +4.367705585e+002 +3.952605585e+002 +3.952605585e+002 -5.0788e-001 -2.9543e+000 +9.8043e-001 +6.3858e+000 +2.0569e+000 +1.3354e+000 +1.7914e+000 +1.3012e-001 +4.7706e+000 +1.3597e+000 -2.8158e+000 +3.1434e+000 -2.1831e+000 +3.4482e+000 +1.8503e+000 -5.6715e+000 +1.0960e+000 -1.4684e+000 -1.6976e+000 +1.9912e+000
1488 0 +4.014587025e+002 +3.599487025e+002 +3.599487025e+002 -6.0673e-001 -3.8894e+000 +1.2485e+000 +5.8026e+000 +2.3532e+000 +1.3240e+000 +2.6617e+000 +1.7332e-001 +4.7589e+000 +9.8881e-001 -2.5503e+000 +3.4072e+000 -2.4743e+000 +3.6820e+000 +2.7104e+000 -5.2079e+000 +9.1989e-001 -1.9139e+000 -1.5816e+000 +1.9868e+000
1903 0 +3.734495593e+002 +3.319395593e+002 +3.319395593e+002 -5.6816e-001 -3.8455e+000 +1.2312e+000 +5.8149e+000 +2.2770e+000 +1.3331e+000 +2.6890e+000 +2.4199e-001 +4.7048e+000 +9.8409e-001 -2.5813e+000 +3.3551e+000 -2.4298e+000 +3.6988e+000 +2.6569e+000 -5.1530e+000 +9.0578e-001 -1.8690e+000 -1.6021e+000 +2.0193e+000
3650 0 +3.527230497e+002 +3.112130497e+002 +3.112130497e+002 +2.6056e-003 -2.2008e+000 -2.5612e-001 +5.1639e+000 +5.2455e-001 +2.1814e+000 +2.3248e+000 +2.2246e+000 +1.6731e+000 +4.3834e-002 -3.1276e+000 +1.1002e+000 -1.9558e+000 +4.4594e+000 +1.0761e-001 -3.8019e+000 -1.8324e-001 +8.3283e-002 -3.1685e+000 +2.7269e+000
4735 0 +3.009400473e+002 +2.594300473e+002 +2.594300473e+002 +3.2484e-002 -2.0569e+000 -3.8661e-001 +5.0961e+000 +4.1632e-001 +2.2464e+000 +2.2222e+000 +2.3303e+000 +1.4031e+000 -4.2931e-002 -3.1506e+000 +9.2926e-001 -1.9444e+000 +4.5278e+000 -1.3662e-001 -3.7391e+000 -2.7097e-001 +2.7848e-001 -3.3235e+000 +2.7775e+000
4935 0 +2.899520801e+002 +2.484420801e+002 +2.484420801e+002 +5.3928e-002 -2.0623e+000 -4.0596e-001 +5.1283e+000 +4.1897e-001 +2.2445e+000 +2.2264e+000 +2.3028e+000 +1.4038e+000 -3.4348e-002 -3.1638e+000 +9.3279e-001 -1.9237e+000 +4.5398e+000 -1.4147e-001 -3.7422e+000 -2.9357e-001 +2.6609e-001 -3.3340e+000 +2.7737e+000
6792 0 +2.276147027e+002 +1.861047027e+002 +1.861047027e+002 +3.6826e-001 -1.4953e+000 -8.4198e-001 +2.5830e+000 +2.5503e-002 +1.3534e+000 +8.8880e-001 +2.4356e+000 +2.2989e+000 +5.0043e-001 -1.6781e+000 +1.1792e+000 -3.9914e-002 +2.4989e+000 -5.7830e-001 -2.3750e+000 -1.5864e+000 -2.9442e-001 -3.3615e+000 +1.9251e+000
6954 0 +2.048884371e+002 +1.633784371e+002 +1.633784371e+002 +4.4959e-001 -1.2737e+000 -1.0163e+000 +2.9026e+000 -7.0107e-001 +8.2132e-001 +1.0087e+000 +2.7002e+000 +2.2871e+000 +1.1657e+000 -2.3738e+000 +1.3792e+000 +6.3243e-001 +1.7660e+000 -1.7498e+000 -1.1725e+000 -2.6435e+000 -9.0938e-001 -3.3855e+000 +2.0383e+000
9392 0 +1.791580587e+002 +1.376480587e+002 +1.376480587e+002 +4.0830e-001 -1.3894e+000 -9.2563e-001 +2.7377e+000 -3.2560e-001 +1.0963e+000 +9.4606e-001 +2.5628e+000 +2.2943e+000 +8.2192e-001 -2.0138e+000 +1.2765e+000 +2.8393e-001 +2.1462e+000 -1.1427e+000 -1.7955e+000 -2.0966e+000 -5.9193e-001 -3.3730e+000 +1.9798e+000
% f evaluations | g evaluations | best noise-free fitness - Fopt (1.320700000000e+002) + sum g_i+ | measured fitness | best measured fitness or single-digit g-values | x1 | x2...
1 0 +8.972161278e+006 +8.972293348e+006 +8.972293348e+006 +0.0000e+000 +0.0000e+000 +0.0000e+000 +0.0000e+000 +0.0000e+000 +0.0000e+000 +0.0000e+000 +0.0000e+000 +0.0000e+000 +0.0000e+000 +0.0000e+000 +0.0000e+000 +0.0000e+000 +0.0000e+000 +0.0000e+000 +0.0000e+000 +0.0000e+000 +0.0000e+000 +0.0000e+000 +0.0000e+000
3 0 +2.399812182e+006 +2.399944252e+006 +2.399944252e+006 -2.5989e+000 -2.3265e+000 +3.9727e+000 +4.0867e+000 -2.2071e+000 +2.7085e+000 +6.7110e-001 +2.1970e+000 +2.7061e+000 +3.4088e+000 -2.7856e+000 -2.4763e+000 +1.3562e+000 +2.4692e+000 +8.0708e-001 -4.0335e+000 -1.0686e+000 +2.2055e-001 -4.1290e+000 -1.1829e+000
10 0 +3.301821527e+004 +3.315028527e+004 +3.315028527e+004 +4.7491e+000 +3.0693e+000 -3.5861e-001 +4.4813e+000 +2.4712e+000 -8.5472e-001 +1.7175e+000 -9.7657e-001 -3.3679e+000 +4.6406e+000 -6.0201e-001 +1.3124e+000 -4.6538e+000 -1.8578e-001 -3.5564e+000 +2.6374e+000 -2.6143e+000 -3.8428e-001 -1.9740e+000 -6.6899e-001
12 0 +2.897524443e+004 +2.910731443e+004 +2.910731443e+004 -2.5594e+000 +1.7825e+000 -3.5565e+000 +4.7004e+000 +1.6007e+000 -1.8196e+000 -4.3691e+000 -2.8040e-001 +8.4329e-002 +4.9597e+000 +2.5430e+000 +4.7799e+000 +3.9699e+000 -5.7031e-001 +3.3136e+000 +1.5862e+000 +4.9387e+000 -2.9859e+000 -6.3362e-001 -4.4564e+000
42 0 +2.436468358e+004 +2.449675358e+004 +2.449675358e+004 +1.0180e+000 +2.5860e+000 +8.3246e-001 +4.7675e+000 -4.2374e+000 -1.9273e+000 -2.1772e+000 -4.7165e+000 -2.9308e+000 -1.9370e+000 -4.3672e+000 +2.5507e-001 -2.3281e+000 +3.1156e+000 -3.2201e+000 -2.7290e+000 -1.0112e+000 -1.7483e+000 +3.4140e+000 -7.6849e-001
63 0 +5.607616191e+002 +6.928316191e+002 +6.928316191e+002 -4.0539e+000 -1.1557e+000 -3.5809e-001 +4.6267e+000 +3.0405e+000 -1.7440e+000 -3.9448e+000 -3.9487e+000 +4.7298e+000 +9.6875e-001 +1.0959e+000 -1.4761e+000 -3.9371e+000 +2.7496e+000 -2.4789e+000 +2.6686e+000 +4.3596e+000 +1.2067e+000 -4.8033e+000 +4.3713e+000
592 0 +4.939467600e+002 +6.260167600e+002 +6.260167600e+002 +2.5880e+000 +1.7987e+000 +6.5078e+000 +5.7941e+000 -2.6826e+000 +4.4996e+000 -1.0441e+000 -8.3462e-002 +1.1456e+000 +2.9856e-002 +4.7053e+000 -3.9528e+000 +5.0528e+000 +3.7990e+000 -4.4214e+000 -3.1934e+000 +5.1262e-001 -1.9112e+000 -1.7247e+000 +4.5273e-001
1231 0 +4.047702054e+002 +5.368402054e+002 +5.368402054e+002 +2.1799e+000 +1.5812e+000 +6.0817e+000 +5.7283e+000 -2.2360e+000 +4.0853e+000 -1.3092e+000 -3.0084e-001 +1.4463e+000 +4.9789e-002 +4.4556e+000 -3.8007e+000 +4.4638e+000 +3.6926e+000 -4.2551e+000 -2.7252e+000 +7.6876e-001 -1.6530e+000 -1.8845e+000 +7.6068e-001
1877 0 +3.961868357e+002 +5.282568357e+002 +5.282568357e+002 -1.6872e+000 +8.1765e-001 +3.6299e+000 +5.1434e+000 +4.0540e-002 +2.5281e+000 -3.0958e-003 +5.9913e-001 +3.5666e+000 -1.0999e+000 +5.2525e+000 -1.4337e+000 +1.4225e+000 +3.2024e+000 -3.3734e+000 -1.7753e+000 +1.9669e+000 -1.3629e+000 -4.0668e+000 +1.1479e+000
2114 0 +2.985897355e+002 +4.306597355e+002 +4.306597355e+002 -3.2226e+000 -6.2268e-001 +2.9414e-001 +4.3189e+000 +2.2015e+000 -4.2367e-001 -2.1101e+000 -3.3811e+000 +3.1576e+000 +1.3383e+000 +2.9466e+000 -1.3558e+000 -2.3230e+000 +2.4782e+000 -2.8521e+000 +1.0460e+000 +3.1586e+000 +7.3729e-001 -4.2908e+000 -2.5800e+000
2340 0 +2.891556682e+002 +4.212256682e+002 +4.212256682e+002 -3.5137e+000 +1.0156e+000 -3.2704e-001 +3.2085e+000 +2.5084e+000 -1.5366e+000 -2.7819e+000 -2.9130e+000 +4.3818e+000 +1.8611e+000 +3.8133e+000 +5.1591e-001 -2.1413e+000 +2.3966e+000 -1.9322e+000 +6.9795e-002 +1.6154e+000 -5.2137e-001 -3.8427e+000 -6.7456e-001
2435 0 +2.440003157e+002 +3.760703157e+002 +3.760703157e+002 -1.7180e+000 -4.2170e-002 +1.6067e+000 +4.5624e+000 +1.2473e+000 +1.2120e-001 -3.3410e+000 -2.9688e+000 +3.2106e+000 +1.3794e+000 +2.0292e+000 -2.1844e+000 -8.7083e-001 +2.9853e+000 -2.9090e+000 +9.0578e-001 +2.9290e+000 +5.2697e-001 -3.3229e+000 +1.8254e+000
7824 0 +2.239117707e+002 +3.559817707e+002 +3.559817707e+002 -1.4759e+000 +2.1051e-001 +1.3737e+000 +4.0307e+000 +9.5126e-002 +1.0132e+000 -3.6250e+000 -1.2765e+000 +2.4695e+000 +4.7240e-001 +1.4978e+000 -3.3815e+000 -3.6096e-001 +2.2103e+000 -3.0812e+000 +1.4208e+000 +7.4048e-001 +7.9503e-002 -4.5189e+000 +1.9678e+000
% f evaluations | g evaluations | best noise-free fitness - Fopt (9.725000000000e+001) + sum g_i+ | measured fitness | best measured fitness or single-digit g-values | x1 | x2...
1 0 +7.291738861e+006 +7.291836111e+006 +7.291836111e+006 +0.0000e+000 +0.0000e+000 +0.0000e+000 +0.0000e+000 +0.0000e+000 +0.0000e+000 +0.0000e+000 +0.0000e+000 +0.0000e+000 +0.0000e+000 +0.0000e+000 +0.0000e+000 +0.0000e+000 +0.0000e+000 +0.0000e+000 +0.0000e+000 +0.0000e+000 +0.0000e+000 +0.0000e+000 +0.0000e+000
8 0 +5.406434066e+006 +5.406531316e+006 +5.406531316e+006 +1.8529e+000 +4.7622e+000 -1.0150e+000 +1.5409e+000 +3.3631e+000 -3.1687e+000 -1.3433e+000 +4.5967e+000 +4.4255e+000 -1.7958e+000 +1.8885e+000 -4.5562e+000 +6.6013e-001 -4.3838e+000 -4.3886e+000 +4.4886e+000 +3.8508e+000 -2.6791e+000 +4.7851e+000 +2.7220e+000
9 0 +4.976763007e+006 +4.976860257e+006 +4.976860257e+006 -2.8085e+000 -1.8117e+000 +3.0371e+000 +4.8687e+000 +1.8381e+000 +2.0478e+000 +5.8551e-001 +2.3068e+000 -2.5111e+000 +6.2497e-001 +1.7733e+000 -1.4896e+000 -2.8065e+000 -1.0724e+000 +1.1369e+000 -3.2281e+000 +3.5383e+000 -3.1927e+000 -3.4410e+000 -4.6147e+000
14 0 +2.763729967e+006 +2.763827217e+006 +2.763827217e+006 -1.5479e+000 -1.1287e+000 -3.7059e+000 -2.0439e+000 +3.0355e+000 +4.7275e+000 -4.4448e+000 +4.3402e+000 -4.6690e+000 -4.2704e+000 -3.6958e+000 -2.0370e+000 +3.0319e+000 -4.0344e-001 +2.9205e+000 +3.1744e+000 +3.7249e-001 +1.4140e+000 -9.6291e-001 +4.7182e+000
16 0 +8.561388867e+005 +8.562361367e+005 +8.562361367e+005 -1.7533e-001 +3.8450e+000 -1.3248e+000 -5.3472e-001 +2.4052e+000 +1.0814e+000 -5.5605e-001 -4.0804e+000 +1.9616e+000 +2.7892e+000 -2.0997e+000 -2.6937e+000 +3.6071e+000 +1.3066e+000 +4.8346e+000 -4.0812e+000 -3.1655e+000 +8.7843e-001 +3.4532e+000 +1.6300e+000
36 0 +5.036043996e+003 +5.133293996e+003 +5.133293996e+003 -1.4403e+000 -3.3795e-001 -1.9838e+000 -2.0443e+000 +3.9172e-001 +4.4061e+000 +2.0153e+000 -1.1448e+000 +3.3548e+000 -2.2773e+000 -8.6609e-001 +4.2184e+000 +3.8716e+000 +4.0748e+000 -2.7802e+000 -2.7432e-001 +1.9092e+000 +3.1665e-001 -9.0012e-001 +2.0918e+000
115 0 +1.874648139e+003 +1.971898139e+003 +1.971898139e+003 -2.7239e+000 +5.4586e+000 -4.9551e-001 -2.4366e+000 -1.7366e+000 +8.7552e+000 +4.0736e+000 -2.4785e+000 -1.6958e+000 +1.9401e+000 -7.1102e-001 +1.4542e+000 +7.2661e+000 -1.9222e+000 -4.4551e+000 +2.8662e+000 +1.0258e+000 +3.5320e+000 +3.2135e+000 +5.0000e+000
555 0 +3.873801862e+002 +4.846301862e+002 +4.846301862e+002 +1.2591e+000 -2.1034e+000 +3.0262e+000 -1.7168e+000 +2.1221e+000 -8.1984e-001 -3.1401e+000 -1.8903e+000 +3.0165e-001 +3.7799e+000 +3.3437e+000 -4.8317e-001 +6.2108e+000 -4.9231e-001 +1.2682e+000 +2.2000e+000 +3.0025e+000 -1.6965e+000 +6.6706e-001 +5.0000e+000
1427 0 +3.115033834e+002 +4.087533834e+002 +4.087533834e+002 +1.4559e+000 -2.5083e+000 +3.2282e+000 -1.7074e+000 +2.3599e+000 -1.3619e+000 -3.5554e+000 -1.8574e+000 +4.1916e-001 +3.8783e+000 +3.5465e+000 -5.9197e-001 +6.1129e+000 -4.2163e-001 +1.5885e+000 +2.1738e+000 +3.1158e+000 -1.9825e+000 +4.9143e-001 +5.0000e+000
1690 0 +2.851259105e+002 +3.823759105e+002 +3.823759105e+002 +8.8286e-001 -1.3936e+000 +2.7469e+000 -1.7781e+000 +1.8286e+000 +4.7330e-002 -2.5221e+000 -1.9354e+000 +1.5083e-001 +3.6048e+000 +2.9721e+000 -2.7637e-001 +6.2997e+000 -6.3723e-001 +7.8408e-001 +2.2415e+000 +2.8643e+000 -1.2018e+000 +9.0159e-001 +4.8885e+000
2204 0 +2.647854356e+002 +3.620354356e+002 +3.620354356e+002 -9.0544e-001 +1.2788e-001 +4.2385e+000 -5.8503e+000 +4.8964e-001 +5.1610e+000 +2.9107e+000 -6.3344e+000 -2.6054e+000 -1.4922e+000 -2.2763e+000 +1.0156e+000 +1.2486e+000 +3.3988e+000 -2.3162e+000 -1.6256e+000 +4.8765e+000 +3.2963e+000 -2.8478e+000 +4.1205e+000
3205 0 +2.434336815e+002 +3.406836815e+002 +3.406836815e+002 -4.0327e-001 -3.8752e-001 +3.8723e+000 -4.8014e+000 +8.5863e-001 +3.7710e+000 +1.4300e+000 -5.1996e+000 -1.9009e+000 -1.9675e-001 -8.5760e-001 +6.8533e-001 +2.5247e+000 +2.4154e+000 -1.4820e+000 -6.4879e-001 +4.3714e+000 +2.0689e+000 -1.9028e+000 +4.2450e+000
3959 0 +2.021527743e+002 +2.994027743e+002 +2.994027743e+002 -3.7020e-001 -3.9888e-001 +3.7617e+000 -4.5331e+000 +9.1067e-001 +3.5578e+000 +1.1645e+000 -4.9243e+000 -1.7781e+000 +1.1709e-001 -5.8801e-001 +6.0360e-001 +2.8303e+000 +2.1282e+000 -1.3005e+000 -3.8593e-001 +4.2279e+000 +1.8760e+000 -1.6836e+000 +4.3051e+000
5434 0 +1.828119195e+002 +2.800619195e+002 +2.800619195e+002 -4.8741e-001 -5.0801e-001 +3.3845e+000 -4.1481e+000 +8.5876e-001 +3.0081e+000 +8.8834e-001 -4.3123e+000 -1.1788e+000 +7.2867e-001 +9.9873e-002 +3.7341e-001 +3.4822e+000 +1.5496e+000 -8.8866e-001 +4.1174e-001 +3.7722e+000 +1.5203e+000 -7.5874e-001 +3.7466e+000
7740 0 +1.786241200e+002 +2.758741200e+002 +2.758741200e+002 -4.5237e-001 -3.3945e-001 +3.5572e+000 -4.3548e+000 +8.5843e-001 +3.4495e+000 +1.1429e+000 -4.6511e+000 -1.5663e+000 +3.3086e-001 -3.7573e-001 +5.3454e-001 +3.1250e+000 +1.8565e+000 -1.2245e+000 -6.5620e-002 +4.0117e+000 +1.7657e+000 -1.3128e+000 +4.1374e+000
7994 0 +1.776670764e+002 +2.749170764e+002 +2.749170764e+002 -4.6515e-001 -9.2120e-001 +3.8615e+000 -4.8784e+000 +1.1510e+000 +3.1305e+000 +8.5479e-001 -4.7554e+000 -1.5838e+000 -2.6610e-001 -6.5564e-001 +5.8720e-001 +2.6353e+000 +2.6480e+000 -1.0047e+000 -6.2526e-001 +4.5394e+000 +1.3855e+000 -1.8627e+000 +4.2279e+000
% f evaluations | g evaluations | best noise-free fitness - Fopt (-2.033000000000e+001) + sum g_i+ | measured fitness | best measured fitness or single-digit g-values | x1 | x2...
1 0 +2.520617376e+006 +2.520597046e+006 +2.520597046e+006 +0.0000e+000 +0.0000e+000 +0.0000e+000 +0.0000e+000 +0.0000e+000 +0.0000e+000 +0.0000e+000 +0.0000e+000 +0.0000e+000 +0.0000e+000 +0.0000e+000 +0.0000e+000 +0.0000e+000 +0.0000e+000 +0.0000e+000 +0.0000e+000 +0.0000e+000 +0.0000e+000 +0.0000e+000 +0.0000e+000
4 0 +9.970121687e+005 +9.969918387e+005 +9.969918387e+005 +8.4021e-001 +2.6522e+000 +1.6360e+000 +1.6287e+000 -4.8082e+000 +4.5914e+000 +4.1011e+000 -2.3433e+000 -2.7405e-001 +1.0243e+000 +2.1284e+000 -4.9884e-001 -1.2017e+000 -2.4520e+000 -3.1083e+000 -4.0824e+000 +4.8151e+000 -3.9793e+000 +3.8400e+000 -6.4211e-001
9 0 +4.269520998e+004 +4.267487998e+004 +4.267487998e+004 +5.2695e-001 +2.0320e-002 -2.7713e+000 -4.2074e+000 +9.4560e-001 +1.3730e+000 -4.5556e+000 +3.9412e+000 +4.1678e+000 +1.8968e+000 -4.8270e+000 -2.3418e+000 -1.2104e+000 -2.6897e+000 +2.6096e+000 +1.9261e+000 -3.0883e+000 +3.2643e+000 -5.1639e-001 +9.7886e-001
14 0 +3.156683265e+004 +3.154650265e+004 +3.154650265e+004 +4.4593e+000 +5.0163e-002 +6.4045e-001 +2.1335e+000 -3.1897e+000 +1.3403e+000 +2.6832e+000 +3.7633e+000 +1.7403e+000 +1.6663e+000 +1.8067e+000 -4.6520e+000 -1.4190e+000 +5.8631e-001 +4.9951e+000 -8.2395e-001 -3.9280e-001 -2.8550e+000 +4.1039e+000 -1.2412e+000
28 0 +1.726185220e+003 +1.705855220e+003 +1.705855220e+003 -4.6636e+000 +2.9986e+000 -3.1576e+000 +4.6211e+000 +2.2424e-001 -4.1742e+000 -4.4416e+000 -3.4312e+000 +3.4051e+000 -2.4124e+000 -1.8702e+000 -6.7862e-001 +2.9992e+000 -1.3130e+000 +4.8342e+000 -3.2228e+000 +4.2832e+000 +1.2575e+000 -2.7495e+000 -1.9261e-001
52 0 +3.612850137e+002 +3.409550137e+002 +3.409550137e+002 +4.8305e+000 +1.4582e+000 +4.3137e+000 +3.0269e+000 +3.0477e+000 -1.0228e+000 -4.6207e+000 +3.2602e+000 +1.0330e+000 +4.7326e+000 -3.7759e+000 -2.1892e+000 -1.7935e+000 +3.7426e+000 +4.2735e-002 -4.0653e+000 -1.1285e+000 +3.7577e+000 +1.6332e+000 -3.9616e+000
646 0 +2.365505755e+002 +2.162205755e+002 +2.162205755e+002 +3.6042e+000 -3.4334e-001 +4.1473e+000 +3.4287e+000 +3.1464e+000 -6.9142e-001 -3.5162e+000 +2.4927e+000 -5.5830e-001 +4.6673e+000 -3.5809e+000 -1.2275e+000 -2.1752e+000 +4.2113e+000 -7.1067e-001 -3.0621e+000 -1.5965e+000 +2.9858e+000 +1.3773e+000 -3.2720e+000
2463 0 +1.782185713e+002 +1.578885713e+002 +1.578885713e+002 +5.4780e+000 +1.7796e+000 +4.2107e+000 +3.7200e+000 +1.9306e+000 -8.9214e-001 -3.8383e+000 +3.2254e+000 +1.5724e+000 +3.7357e+000 -3.3590e+000 -2.0052e+000 -1.5951e+000 +3.4414e+000 +1.5204e-001 -2.5989e+000 +4.2440e-001 +2.8559e+000 +1.1417e+000 -3.8865e+000
2746 0 +1.386418689e+002 +1.183118689e+002 +1.183118689e+002 +4.1824e+000 +3.7568e-001 +4.3379e+000 +3.5914e+000 +2.8004e+000 -9.9203e-001 -3.6566e+000 +2.9160e+000 +1.8813e-001 +4.2820e+000 -3.6318e+000 -1.7402e+000 -2.0192e+000 +4.0414e+000 -5.1527e-001 -2.9058e+000 -7.8202e-001 +3.0681e+000 +1.1549e+000 -3.4315e+000
5335 0 +1.011127069e+002 +8.078270694e+001 +8.078270694e+001 +4.8284e+000 +1.2361e+000 +2.8776e+000 +2.0352e+000 +8.6551e-001 -1.6095e-001 -3.9684e+000 +4.0947e+000 +6.3508e-001 +5.0911e+000 -3.5311e+000 -1.0056e+000 -1.8951e+000 +3.6059e+000 -5.5152e-001 -2.8127e+000 -1.3147e-001 +1.1544e+000 -3.3990e-001 -2.8037e+000
% f evaluations | g evaluations | best noise-free fitness - Fopt (9.431000000000e+001) + sum g_i+ | measured fitness | best measured fitness or single-digit g-values | x1 | x2...
1 0 +2.607148424e+006 +2.607242734e+006 +2.607242734e+006 +0.0000e+000 +0.0000e+000 +0.0000e+000 +0.0000e+000 +0.0000e+000 +0.0000e+000 +0.0000e+000 +0.0000e+000 +0.0000e+000 +0.0000e+000 +0.0000e+000 +0.0000e+000 +0.0000e+000 +0.0000e+000 +0.0000e+000 +0.0000e+000 +0.0000e+000 +0.0000e+000 +0.0000e+000 +0.0000e+000
3 0 +1.788910547e+006 +1.789004857e+006 +1.789004857e+006 +3.2361e+000 +3.5036e+000 +7.0473e-001 +2.2140e+000 +2.2844e+000 +4.6684e+000 -2.2821e+000 -3.6794e+000 +4.0654e+000 +1.9658e+000 +4.4700e+000 +6.6778e-001 -2.4527e+000 -2.0630e+000 -3.4830e+000 -1.9183e+000 +2.4502e+000 -3.1227e-002 -6.8662e-002 -1.7498e+000
5 0 +4.898488698e+004 +4.907919698e+004 +4.907919698e+004 -1.3533e+000 -2.0052e+000 -6.5226e-002 +3.4659e+000 -5.0417e-001 +3.3893e+000 -3.5680e+000 +2.6587e+000 -8.2037e-001 +7.7100e-001 +2.1937e+000 +4.7606e+000 +1.1594e+000 +7.6296e-001 -3.6166e+000 +7.3387e-001 +6.5756e-001 -3.6611e+000 +5.6609e-001 +6.6166e-001
25 0 +2.294556687e+004 +2.303987687e+004 +2.303987687e+004 +1.3033e+000 +2.2844e+000 -2.6447e+000 +1.1765e+000 -4.5471e+000 -4.5341e+000 -2.7342e+000 +2.2428e+000 -2.7699e+000 +2.0895e+000 +1.7510e+000 +9.1679e-001 +3.9441e+000 +4.3936e+000 -1.7761e+000 -4.4294e+000 +2.2127e+000 +2.4784e+000 -1.9589e+000 -3.8518e-001
36 0 +5.224614154e+003 +5.318924154e+003 +5.318924154e+003 -2.7677e-001 -4.3135e-001 +1.9354e+000 +3.2275e+000 +3.3229e+000 -2.7539e+000 -2.2980e+000 -7.3012e-001 +9.4792e-001 -3.4286e+000 -3.3141e+000 -9.3663e-001 -1.0660e+000 +4.0868e+000 -5.4635e-001 +4.1496e+000 +3.9533e+000 -2.6002e+000 -3.1001e+000 -5.2626e-001
65 0 +8.301364482e+002 +9.244464482e+002 +9.244464482e+002 +4.7284e+000 -2.6623e+000 +2.0993e+000 -2.0894e+000 -9.1431e-001 -6.3174e-001 +1.2365e+000 +2.0974e+000 -1.1972e+000 -4.0563e+000 +4.8365e+000 -3.4069e+000 +2.7143e+000 -2.5841e-002 +1.1003e+000 -1.0441e+000 +4.5431e+000 +3.7744e-001 -2.2826e+000 +4.1262e+000
401 0 +3.110122495e+002 +4.053222495e+002 +4.053222495e+002 +3.4136e+000 -2.3259e+000 +9.6213e-001 -4.3995e-001 -7.6676e-001 +9.6556e-001 +1.3899e+000 +9.0521e-001 +3.0153e-001 -3.3783e+000 +3.1966e+000 -2.3879e+000 +1.9016e+000 -7.7017e-001 +7.7088e-002 -1.4941e+000 +3.7763e+000 +5.5978e-001 -1.6613e+000 +5.0000e+000
973 0 +2.554905312e+002 +3.498005312e+002 +3.498005312e+002 +2.9703e+000 -2.8043e+000 +2.7330e+000 -5.5668e-001 -7.4887e-001 -6.1316e-001 +2.0947e+000 +1.3739e+000 -4.5521e-001 -5.4276e+000 +2.2602e+000 -1.1868e+000 +5.2382e-001 -4.7294e-001 +1.0108e+000 -6.2598e-001 +4.4121e+000 -1.2787e-001 -2.5135e+000 +5.0000e+000
1783 0 +2.333038244e+002 +3.276138244e+002 +3.276138244e+002 +2.0575e+000 -2.3244e+000 +3.1530e+000 -2.1583e-001 -5.1314e-001 -1.1085e+000 +2.0750e+000 +1.7921e+000 -9.6686e-001 -6.4084e+000 +3.9099e-001 -3.7436e-001 -4.6668e-001 +9.6139e-002 +1.5350e+000 +4.5071e-001 +4.0067e+000 -1.9511e-001 -2.7868e+000 +4.1095e+000
5584 0 +2.216915742e+002 +3.160015742e+002 +3.160015742e+002 +2.1955e+000 -2.1758e+000 +2.8492e+000 -1.8353e-001 -4.9070e-001 -6.9886e-001 +1.7133e+000 +1.8639e+000 -1.1813e+000 -6.1268e+000 +5.4808e-001 -6.7630e-001 -1.1086e-001 +1.2462e-001 +1.4588e+000 +3.0820e-001 +3.8007e+000 -2.6455e-002 -2.5569e+000 +4.1375e+000
9899 0 +2.186140704e+002 +3.129240704e+002 +3.129240704e+002 +2.0709e+000 -2.0038e+000 +2.7825e+000 -7.1712e-002 -4.2602e-001 -6.0229e-001 +1.5190e+000 +1.9816e+000 -1.3205e+000 -6.2266e+000 +2.0427e-001 -6.1089e-001 -2.0605e-001 +2.8113e-001 +1.4840e+000 +4.9398e-001 +3.6639e+000 +5.0029e-002 -2.5433e+000 +4.2728e+000
% f evaluations | g evaluations | best noise-free fitness - Fopt (-1.436900000000e+002) + sum g_i+ | measured fitness | best measured fitness or single-digit g-values | x1 | x2...
1 0 +3.053032814e+004 +3.038663814e+004 +3.038663814e+004 +0.0000e+000 +0.0000e+000 +0.0000e+000 +0.0000e+000 +0.0000e+000 +0.0000e+000 +0.0000e+000 +0.0000e+000 +0.0000e+000 +0.0000e+000 +0.0000e+000 +0.0000e+000 +0.0000e+000 +0.0000e+000 +0.0000e+000 +0.0000e+000 +0.0000e+000 +0.0000e+000 +0.0000e+000 +0.0000e+000
39 0 +2.271410543e+004 +2.257041543e+004 +2.257041543e+004 +6.9938e-001 -2.4649e+000 +3.4913e+000 +3.7807e+000 -1.6376e+000 -2.8756e+000 -4.3230e+000 -4.9462e+000 -1.5581e+000 -3.7094e+000 +4.8848e+000 +3.6274e+000 +1.5191e+000 -1.8634e+000 -4.4351e+000 +2.4677e+000 +1.8119e+000 +4.9108e+000 -2.3079e+000 -3.4450e+000
46 0 +2.358617569e+003 +2.214927569e+003 +2.214927569e+003 -3.8846e+000 -3.8896e+000 +2.0670e-001 +4.0963e+000 -3.9274e+000 +4.3414e-001 +7.1426e-001 -2.5238e+000 -2.0136e+000 -3.9351e+000 -2.9916e+000 -4.7006e+000 -1.9581e+000 -3.4577e-001 +2.6482e+000 -4.3606e+000 -3.1077e+000 +4.3572e+000 -9.8800e-001 +2.9058e+000
49 0 +3.756851113e+002 +2.319951113e+002 +2.319951113e+002 +1.1467e+000 -3.5813e+000 -1.8227e+000 -2.2875e+000 +4.4144e+000 -2.9638e+000 -5.9412e-001 -1.8099e+000 +2.9160e+000 +1.0211e+000 +4.7614e+000 -3.4289e+000 -4.5109e+000 +4.9045e+000 +1.3993e+000 +2.9492e-001 +2.2997e-002 +4.1757e+000 +4.7041e+000 +9.8188e-001
473 0 +1.777507949e+002 +3.406079489e+001 +3.406079489e+001 -2.6655e+000 -1.1629e+000 -1.2022e+000 -3.7655e+000 -7.5331e-001 -4.0242e+000 -3.5279e+000 -2.1432e+000 +2.1163e+000 -4.0207e-001 -3.9006e+000 +3.4976e+000 +2.2522e+000 +1.1390e+000 -4.6043e+000 -3.4842e+000 -3.0947e+000 +4.4145e+000 +1.1573e+000 -1.0591e+000
858 0 +1.655184812e+002 +2.182848119e+001 +2.182848119e+001 -1.8313e+000 -1.2682e+000 -8.6077e-001 -2.8665e+000 +8.9942e-001 -1.0333e+000 -3.9926e+000 -3.4185e+000 +4.3447e+000 -2.1143e-001 -3.2153e+000 -1.4113e-001 +1.3740e+000 +3.0350e+000 -3.2581e+000 -2.3802e+000 -1.2871e+000 +3.3279e+000 +2.9085e+000 +2.1871e-001
1929 0 +1.523038879e+002 +8.613887923e+000 +8.613887923e+000 -1.6455e+000 -1.3255e+000 -8.0188e-001 -2.6446e+000 +1.1578e+000 -6.9487e-001 -3.8197e+000 -3.4845e+000 +4.5142e+000 -7.0053e-002 -2.7687e+000 -6.8178e-001 +1.0919e+000 +3.1933e+000 -2.9479e+000 -2.1337e+000 -1.0614e+000 +3.2276e+000 +3.1436e+000 +3.8732e-001
4210 0 +1.489015990e+002 +5.211598970e+000 +5.211598970e+000 -1.8102e+000 -1.2867e+000 -8.6304e-001 -2.8250e+000 +8.9068e-001 -1.1216e+000 -3.8540e+000 -3.3388e+000 +4.2278e+000 -1.4644e-001 -3.0382e+000 -8.6605e-002 +1.2961e+000 +2.9371e+000 -3.2086e+000 -2.3482e+000 -1.3320e+000 +3.3676e+000 +2.8776e+000 +1.9342e-001
6413 0 +1.382516996e+002 -5.438300353e+000 -5.438300353e+000 -1.7625e+000 -1.1559e+000 -9.6274e-001 -2.9981e+000 +8.4975e-001 -1.0731e+000 -3.7803e+000 -3.1254e+000 +4.2715e+000 -2.7873e-001 -3.0874e+000 +3.3838e-002 +1.1641e+000 +3.0243e+000 -2.9885e+000 -2.1775e+000 -1.4035e+000 +3.3407e+000 +2.9304e+000 +1.9225e-001
7489 0 +1.367563997e+002 -6.933600305e+000 -6.933600305e+000 -1.7690e+000 -1.2545e+000 -8.7628e-001 -2.8609e+000 +8.4541e-001 -1.1763e+000 -3.7996e+000 -3.2562e+000 +4.2273e+000 -1.5599e-001 -2.9882e+000 -5.6999e-002 +1.2592e+000 +2.9214e+000 -3.1806e+000 -2.2997e+000 -1.3774e+000 +3.3435e+000 +2.9174e+000 +1.7339e-001
7938 0 +1.348178733e+002 -8.872126712e+000 -8.872126712e+000 -2.0430e+000 -1.1959e+000 -1.0666e+000 -2.7041e+000 +3.9315e-001 -2.8304e+000 -2.5893e+000 -2.1158e+000 +4.2496e+000 -3.2361e-001 -2.0391e+000 +2.8043e-001 +1.1081e+000 +2.8945e+000 -2.5922e+000 -1.4747e+000 -1.5167e+000 +3.2368e+000 +3.4689e+000 +1.4685e-001
8038 0 +1.235003764e+002 -2.018962363e+001 -2.018962363e+001 -1.9870e+000 -1.1452e+000 -1.0717e+000 -2.8229e+000 +4.9625e-001 -2.3657e+000 -2.8739e+000 -2.3122e+000 +4.2792e+000 -3.6558e-001 -2.3457e+000 +2.6629e-001 +1.1050e+000 +2.9543e+000 -2.6205e+000 -1.5935e+000 -1.5015e+000 +3.2615e+000 +3.3339e+000 +1.6513e-001
% f evaluations | g evaluations | best noise-free fitness - Fopt (-3.533800000000e+002) + sum g_i+ | measured fitness | best measured fitness or single-digit g-values | x1 | x2...
1 0 +6.023261575e+006 +6.022908195e+006 +6.022908195e+006 +0.0000e+000 +0.0000e+000 +0.0000e+000 +0.0000e+000 +0.0000e+000 +0.0000e+000 +0.0000e+000 +0.0000e+000 +0.0000e+000 +0.0000e+000 +0.0000e+000 +0.0000e+000 +0.0000e+000 +0.0000e+000 +0.0000e+000 +0.0000e+000 +0.0000e+000 +0.0000e+000 +0.0000e+000 +0.0000e+000
4 0 +4.573482552e+006 +4.573129172e+006 +4.573129172e+006 +4.1135e+000 +3.8325e+000 -2.6378e+000 +2.0520e-001 +1.4509e-001 +3.3536e+000 +6.8279e-001 -3.7969e+000 +3.1719e+000 +4.3669e+000 -8.0033e-001 +1.3891e+000 +7.9883e-001 +8.0528e-002 -1.7036e+000 -4.6061e+000 +1.6342e-001 +4.5518e+000 +5.9318e-001 +8.5541e-001
8 0 +2.032017518e+005 +2.028483718e+005 +2.028483718e+005 -1.7939e+000 -2.2765e+000 -3.2636e+000 +2.9555e+000 +1.8384e+000 -9.2610e-001 -7.7743e-001 -1.6283e+000 +1.6061e+000 -8.7857e-001 -4.4841e+000 +2.1949e+000 -1.3483e+000 +2.4958e+000 -1.0790e+000 -4.1893e+000 +4.6821e+000 -3.8717e-001 -2.4135e+000 -2.3776e+000
13 0 +5.093241369e+004 +5.057903369e+004 +5.057903369e+004 -1.0522e+000 -8.5957e-001 +3.0188e+000 +3.5737e+000 +2.2210e+000 +1.5626e+000 +3.4210e+000 -4.5227e+000 -1.0291e+000 +9.8511e-001 -3.9401e+000 +2.3223e+000 -3.0239e+000 -3.6253e+000 -1.0564e+000 +2.5319e+000 -2.6746e+000 -3.7064e+000 +2.6552e+000 +4.6044e+000
19 0 +3.984836662e+002 +4.510366617e+001 +4.510366617e+001 -3.4120e+000 -2.7874e-001 -1.2538e+000 -2.3610e+000 +1.9696e+000 +2.9955e+000 +4.7606e+000 -2.1894e+000 -1.6841e-001 -2.2085e+000 -2.0634e+000 +4.2106e+000 -8.4478e-001 +1.6169e+000 +4.2956e+000 +1.4587e+000 +3.3904e-001 +4.6320e+000 +2.7693e+000 -2.7209e+000
983 0 +3.536636128e+002 +2.836127986e-001 +2.836127986e-001 -1.8610e+000 -6.8798e-001 -1.0431e+000 -2.5269e+000 +2.1217e+000 +2.7042e+000 +2.8474e+000 -1.1865e+000 +2.8788e-003 -2.7278e+000 -1.0772e+000 +3.9254e+000 +3.9373e-001 +5.4143e-001 +3.7409e+000 +1.6385e+000 +1.1658e+000 +4.1811e+000 +2.7715e+000 +8.6181e-002
1292 0 +1.249349405e+002 -2.284450595e+002 -2.284450595e+002 -2.6460e+000 +1.1913e-001 -1.0355e+000 -1.6931e+000 +1.5037e+000 +2.9883e+000 +2.3917e+000 -2.2088e+000 -1.3528e-001 -2.3355e+000 -6.1282e-001 +2.9594e+000 +8.7476e-001 +7.8287e-001 +3.1248e+000 +7.5762e-001 +1.3117e+000 +4.0270e+000 +2.4101e+000 -9.8286e-001
4196 0 +9.576151218e+001 -2.576184878e+002 -2.576184878e+002 -2.6391e+000 +1.3086e-001 -1.0707e+000 -1.6559e+000 +1.4841e+000 +2.9877e+000 +2.2494e+000 -2.1614e+000 -1.5528e-001 -2.3851e+000 -5.6278e-001 +2.9697e+000 +9.8196e-001 +7.6761e-001 +3.0824e+000 +7.4949e-001 +1.3736e+000 +3.9485e+000 +2.4345e+000 -9.3032e-001
8322 0 +9.370952211e+001 -2.596704779e+002 -2.596704779e+002 -2.6524e+000 +1.6390e-001 -1.0723e+000 -1.6206e+000 +1.4604e+000 +3.0026e+000 +2.1782e+000 -2.1789e+000 -1.5250e-001 -2.3880e+000 -5.2330e-001 +2.9208e+000 +1.0331e+000 +7.6005e-001 +3.0425e+000 +7.0225e-001 +1.4083e+000 +3.9268e+000 +2.4231e+000 -9.0668e-001
% f evaluations | g evaluations | best noise-free fitness - Fopt (-2.910000000000e+000) + sum g_i+ | measured fitness | best measured fitness or single-digit g-values | x1 | x2...
1 0 +6.972187557e+005 +6.972158457e+005 +6.972158457e+005 +0.0000e+000 +0.0000e+000 +0.0000e+000 +0.0000e+000 +0.0000e+000 +0.0000e+000 +0.0000e+000 +0.0000e+000 +0.0000e+000 +0.0000e+000 +0.0000e+000 +0.0000e+000 +0.0000e+000 +0.0000e+000 +0.0000e+000 +0.0000e+000 +0.0000e+000 +0.0000e+000 +0.0000e+000 +0.0000e+000
4 0 +8.851894398e+003 +8.848984398e+003 +8.848984398e+003 +3.8267e+000 -4.3686e+000 -4.6940e-001 -1.8467e+000 -2.9802e+000 +1.3032e+000 +4.1958e+000 +5.2476e-001 +1.6178e+000 -4.9540e+000 +3.1690e+000 -2.8728e+000 +1.6680e+000 +3.5663e+000 -4.3586e+000 -2.5285e+000 -4.4557e-001 -3.9047e+000 +1.8043e+000 -4.5995e+000
44 0 +1.240110690e+003 +1.237200690e+003 +1.237200690e+003 -4.3680e+000 +4.4388e+000 +1.1921e+000 -3.5569e+000 -1.2501e-001 -3.6765e+000 -2.7579e+000 -5.8475e-001 -4.1195e+000 +1.6350e+000 -2.9677e+000 +3.0887e+000 -4.0201e+000 -3.0513e+000 +2.5990e+000 +2.2821e+000 -3.5048e+000 +2.4982e+000 -1.9061e+000 -1.2858e+000
88 0 +1.090840636e+003 +1.087930636e+003 +1.087930636e+003 -9.8798e-001 +8.0215e-002 +1.6963e+000 +1.1142e+000 +3.2536e+000 -3.4323e+000 +3.5675e+000 -1.6184e+000 +4.9726e+000 -3.6537e+000 -1.3141e-001 +4.8374e+000 +3.2324e+000 +1.9504e+000 +4.4802e+000 -2.6467e+000 -6.6221e-001 +1.1727e+000 -3.1674e+000 -2.0547e+000
243 0 +9.027359330e+002 +8.998259330e+002 +8.998259330e+002 +4.9769e+000 -5.9654e+000 -6.6544e+000 +5.6799e-001 +6.6982e+000 +5.9162e+000 +8.5467e-001 -9.4175e+000 +3.0705e+000 -5.6147e+000 -2.7734e+000 +7.4435e+000 +2.4585e+000 -9.3162e+000 +3.5808e+000 -3.8709e+000 +8.7493e+000 -7.9707e+000 -7.4762e+000 +5.2684e-001
483 0 +3.540560926e+002 +3.511460926e+002 +3.511460926e+002 +5.3805e+000 -4.5535e+000 -4.3470e+000 -8.0638e-001 +3.7884e+000 +1.2177e+000 +1.6554e+000 -7.3789e+000 -2.1451e+000 -4.4497e+000 +1.4349e+000 +4.1239e+000 -2.0716e+000 -2.3603e+000 -4.5780e-001 -1.1461e+000 +2.0644e+000 -3.0110e+000 -4.7652e+000 -5.0000e+000
990 0 +2.935757397e+002 +2.906657397e+002 +2.906657397e+002 +5.2848e+000 -4.5261e+000 -4.2334e+000 -8.4732e-001 +3.7022e+000 +9.3805e-001 +1.6374e+000 -7.2153e+000 -2.1746e+000 -4.4392e+000 +1.6040e+000 +3.9553e+000 -2.1940e+000 -2.0282e+000 -5.3870e-001 -1.0964e+000 +1.9338e+000 -2.8533e+000 -4.7684e+000 -5.0000e+000
3208 0 +2.841471308e+002 +2.812371308e+002 +2.812371308e+002 +5.2015e+000 -4.5707e+000 -4.1128e+000 -7.5376e-001 +3.7010e+000 +9.0067e-001 +1.6615e+000 -7.1741e+000 -2.0370e+000 -4.5073e+000 +1.7053e+000 +3.9686e+000 -2.1633e+000 -1.8490e+000 -4.8128e-001 -1.0596e+000 +1.8406e+000 -2.8618e+000 -4.8475e+000 -5.0000e+000
4508 0 +2.674146644e+002 +2.645046644e+002 +2.645046644e+002 +5.2131e+000 -4.5538e+000 -4.1355e+000 -7.8571e-001 +3.6926e+000 +8.7967e-001 +1.6522e+000 -7.1667e+000 -2.0775e+000 -4.4861e+000 +1.6924e+000 +3.9466e+000 -2.1837e+000 -1.8658e+000 -5.0504e-001 -1.0667e+000 +1.8559e+000 -2.8422e+000 -4.8252e+000 -5.0000e+000
5331 0 +2.388107462e+002 +2.359007462e+002 +2.359007462e+002 +1.4203e+000 -1.3469e+000 -2.3478e+000 -3.7827e-001 +1.2629e+000 -3.0372e+000 -1.8367e-001 -5.1390e+000 -2.0217e+000 -5.1328e+000 +4.1027e+000 +1.9483e+000 -1.6884e+000 +4.3996e-001 -6.0189e-001 -1.9462e+000 -5.7735e-001 +7.6685e-001 -2.9520e+000 -5.0000e+000
5731 0 +2.301539861e+002 +2.272439861e+002 +2.272439861e+002 +1.4068e+000 -1.3364e+000 -2.3406e+000 -3.7690e-001 +1.2541e+000 -3.0512e+000 -1.8978e-001 -5.1314e+000 -2.0204e+000 -5.1348e+000 +4.1120e+000 +1.9413e+000 -1.6859e+000 +4.4960e-001 -6.0213e-001 -1.9481e+000 -5.8687e-001 +7.7971e-001 -2.9462e+000 -5.0000e+000
6611 0 +2.162772237e+002 +2.133672237e+002 +2.133672237e+002 +2.4001e+000 -2.1463e+000 -2.7886e+000 -4.6808e-001 +1.8912e+000 -2.0178e+000 +3.1448e-001 -5.6474e+000 -2.0421e+000 -4.9299e+000 +3.4522e+000 +2.4799e+000 -1.7943e+000 -1.6892e-001 -5.9155e-001 -1.7140e+000 +4.5264e-002 -1.5214e-001 -3.4407e+000 -5.0000e+000
7403 0 +2.135870873e+002 +2.106770873e+002 +2.106770873e+002 +1.5547e+000 -2.1424e+000 -2.7489e+000 -3.5661e-001 +1.5074e+000 -2.0231e+000 +2.1584e-001 -5.5605e+000 -1.5977e+000 -5.1348e+000 +3.5197e+000 +2.2913e+000 -1.7728e+000 -1.5807e-001 -1.0777e+000 -1.8619e+000 +1.3674e-001 -6.7433e-001 -2.7952e+000 -5.0000e+000
% f evaluations | g evaluations | best noise-free fitness - Fopt (-2.970000000000e+000) + sum g_i+ | measured fitness | best measured fitness or single-digit g-values | x1 | x2...
1 0 +4.404907600e+006 +4.404904630e+006 +4.404904630e+006 +0.0000e+000 +0.0000e+000 +0.0000e+000 +0.0000e+000 +0.0000e+000 +0.0000e+000 +0.0000e+000 +0.0000e+000 +0.0000e+000 +0.0000e+000 +0.0000e+000 +0.0000e+000 +0.0000e+000 +0.0000e+000 +0.0000e+000 +0.0000e+000 +0.0000e+000 +0.0000e+000 +0.0000e+000 +0.0000e+000
2 0 +2.310739194e+006 +2.310736224e+006 +2.310736224e+006 -1.6315e+000 +2.1142e+000 +3.8484e-001 -4.9902e-001 +3.7615e+000 -4.9436e+000 -2.4926e+000 -8.1009e-001 +1.2690e+000 -4.0356e+000 +1.8958e+000 -3.6292e-001 -1.3431e+000 -3.6354e+000 -9.7333e-001 -4.1100e+000 +2.6359e+000 -4.7700e+000 -4.5878e+000 +2.5411e+000
4 0 +5.075581658e+005 +5.075551958e+005 +5.075551958e+005 -2.8281e+000 +4.0946e+000 -1.5263e+000 +1.5007e-001 -8.8407e-001 -4.0345e+000 -3.7009e+000 -4.1325e+000 +4.4681e+000 +3.4010e+000 -3.6145e+000 -2.0468e+000 -5.1401e-001 +1.3254e+000 +3.9789e-001 -3.7155e+000 +2.2533e+000 -3.6220e+000 +4.0975e+000 -3.0601e+000
6 0 +1.339817588e+005 +1.339787888e+005 +1.339787888e+005 -3.8521e+000 -9.8645e-001 +2.7227e+000 -4.9725e-001 -3.8086e+000 -4.3244e+000 +2.9302e+000 -4.5364e+000 +1.0306e-001 +3.5675e-001 +6.9156e-001 -1.6794e+000 +1.4501e+000 -1.5999e+000 +1.6738e+000 +1.4609e+000 +2.7740e+000 -4.5031e+000 -1.7131e+000 -1.1544e+000
8 0 +6.821123504e+004 +6.820826504e+004 +6.820826504e+004 -3.8054e+000 -1.6010e-001 -9.1666e-001 -4.1939e-001 +3.1410e+000 -2.7576e+000 +4.1334e+000 -3.6985e+000 +1.7706e+000 +1.6532e+000 -1.9958e+000 -4.2468e+000 +1.8689e+000 +4.2839e+000 -2.3159e+000 -5.3178e-001 +2.3336e+000 -3.4248e+000 -3.8097e-001 -2.5153e+000
9 0 +3.082626806e+004 +3.082329806e+004 +3.082329806e+004 -2.5650e+000 +2.1563e+000 +1.0507e+000 -4.2561e+000 +4.0970e+000 -4.4664e+000 -2.2401e+000 +2.5510e+000 +3.2883e+000 +2.2661e+000 -3.0381e+000 -4.9403e+000 +3.4012e+000 +1.5129e+000 +2.0800e+000 -1.2760e+000 +4.1581e-001 -4.0215e+000 -1.9117e+000 +1.1521e+000
36 0 +1.241069294e+003 +1.238099294e+003 +1.238099294e+003 +5.7722e-001 -4.7925e+000 -1.3032e+000 -5.8524e-001 -3.2996e+000 -4.9072e+000 -1.1740e+000 -2.8565e+000 -3.2221e+000 -8.2807e-002 -1.0990e+000 +3.5610e+000 -4.3736e+000 -2.5069e+000 -9.7065e-001 +3.4663e+000 +5.5331e-001 +3.4215e+000 +8.1564e-001 -2.2499e+000
37 0 +6.343007538e+002 +6.313307538e+002 +6.313307538e+002 -3.1470e+000 -2.9562e+000 -4.2079e+000 +1.3113e+000 +2.5911e+000 +1.4006e+000 +3.3873e+000 -1.9987e+000 +2.0651e-001 +1.6515e+000 -2.5144e+000 +3.8099e+000 -4.4418e+000 +3.7476e+000 -4.4516e+000 +3.5612e+000 -3.3583e+000 -4.8291e+000 +2.8537e+000 +4.6382e-001
904 0 +2.524555536e+002 +2.494855536e+002 +2.494855536e+002 -2.6608e+000 +2.9954e+000 -1.7778e+000 +2.7953e-001 -1.2088e-001 -2.9614e+000 -2.4428e+000 -3.5205e+000 +3.8848e+000 +2.8608e+000 -3.5738e+000 -1.1816e+000 -1.0688e+000 +1.4617e+000 -5.1554e-001 -2.4784e+000 +1.2664e+000 -4.0019e+000 +3.9938e+000 -5.0000e+000
1906 0 +2.010458595e+002 +1.980758595e+002 +1.980758595e+002 -2.6618e+000 +2.9375e+000 -1.6687e+000 +3.2355e-001 -1.7408e-001 -3.0234e+000 -2.4274e+000 -3.5576e+000 +3.8195e+000 +2.8155e+000 -3.4695e+000 -1.2822e+000 -1.0431e+000 +1.3822e+000 -4.0227e-001 -2.5243e+000 +1.2792e+000 -4.0063e+000 +3.8775e+000 -5.0000e+000
2866 0 +1.992061071e+002 +1.962361071e+002 +1.962361071e+002 -2.7543e+000 +2.7811e+000 -1.8197e+000 +3.9071e-001 -1.8473e-002 -2.9256e+000 -2.1808e+000 -3.3719e+000 +3.7306e+000 +2.7788e+000 -3.5223e+000 -9.9935e-001 -1.1933e+000 +1.4705e+000 -6.1829e-001 -2.3453e+000 +9.1818e-001 -4.1077e+000 +3.9128e+000 -5.0000e+000
5139 0 +1.611246366e+002 +1.581546366e+002 +1.581546366e+002 -2.8935e+000 +1.8476e+000 -1.9605e+000 +1.0083e+000 -1.1936e-002 -2.5897e+000 -2.4556e+000 -3.6648e+000 +3.3236e+000 +2.6918e+000 -3.5782e+000 -5.1765e-001 -8.6142e-001 +1.9373e+000 -1.3150e+000 -2.1842e+000 +2.5882e-001 -4.5996e+000 +3.5204e+000 -5.0000e+000
6300 0 +1.571188717e+002 +1.541488717e+002 +1.541488717e+002 -2.9035e+000 +1.8806e+000 -1.9666e+000 +9.7949e-001 -5.6097e-003 -2.5957e+000 -2.4056e+000 -3.6432e+000 +3.3408e+000 +2.7006e+000 -3.5697e+000 -5.1940e-001 -9.1686e-001 +1.9250e+000 -1.3062e+000 -2.1709e+000 +2.7786e-001 -4.5853e+000 +3.5635e+000 -5.0000e+000
% f evaluations | g evaluations | best noise-free fitness - Fopt (2.996300000000e+002) + sum g_i+ | measured fitness | best measured fitness or single-digit g-values | x1 | x2...
1 0 +1.874219812e+006 +1.874519442e+006 +1.874519442e+006 +0.0000e+000 +0.0000e+000 +0.0000e+000 +0.0000e+000 +0.0000e+000 +0.0000e+000 +0.0000e+000 +0.0000e+000 +0.0000e+000 +0.0000e+000 +0.0000e+000 +0.0000e+000 +0.0000e+000 +0.0000e+000 +0.0000e+000 +0.0000e+000 +0.0000e+000 +0.0000e+000 +0.0000e+000 +0.0000e+000
7 0 +8.303178824e+005 +8.306175124e+005 +8.306175124e+005 +3.6127e+000 +1.5575e-001 -1.2375e+000 -1.4365e+000 +1.1379e-001 +2.5450e+000 +1.8043e+000 +3.6388e+000 -5.9150e-001 -1.9683e+000 -4.6539e+000 +2.9689e+000 +2.5139e+000 -1.7081e+000 +3.2540e+000 -6.3799e-001 -4.0359e+000 +4.6248e+000 -4.5695e+000 +2.8573e+000
8 0 +7.652279064e+005 +7.655275364e+005 +7.655275364e+005 +1.2499e+000 +5.5345e-002 -1.2963e+000 +2.7007e+000 -2.1918e+000 +1.4485e+000 +7.1983e-001 +3.0888e+000 +2.0868e+000 -1.3961e+000 +4.4279e+000 -4.8625e+000 -3.1243e+000 -9.9062e-002 -4.3319e+000 +3.6919e+000 -2.8923e+000 -6.8814e-001 -1.4531e+000 +3.9125e+000
10 0 +4.876304246e+005 +4.879300546e+005 +4.879300546e+005 -3.2395e+000 -2.2501e+000 +3.5719e-002 -3.4433e+000 +1.9516e+000 +2.1721e+000 -1.5144e+000 +3.8710e+000 +3.3582e+000 +2.4535e+000 +2.5264e-001 -5.0993e-001 -9.1539e-001 -9.6695e-001 +3.2036e+000 +4.9431e+000 +2.7710e+000 +1.7926e+000 -4.6431e-001 +2.7906e-001
18 0 +1.259548735e+005 +1.262545035e+005 +1.262545035e+005 +3.9567e+000 +2.7262e+000 +2.7252e+000 -3.2905e+000 +2.3286e+000 +1.0452e-001 -3.3739e+000 +2.6105e+000 -4.4268e+000 -1.4891e+000 -7.3502e-001 +2.2162e-001 +3.6058e+000 -2.3429e+000 -4.5341e+000 -2.4652e+000 +2.5087e+000 +5.6775e-002 -3.2842e-001 +2.5328e+000
23 0 +5.284982604e+003 +5.584612604e+003 +5.584612604e+003 -4.6165e+000 -8.6299e-002 +4.7558e+000 -3.2801e+000 +4.5299e-001 -2.2603e+000 -4.2259e-001 -3.5789e+000 -1.5844e-001 -3.6020e+000 +4.2886e-001 -2.4956e+000 +2.5280e+000 +2.3113e+000 -1.6874e+000 -2.4752e+000 -2.0424e+000 +4.5177e+000 +3.6154e+000 -4.1238e+000
76 0 +1.018376965e+003 +1.318006965e+003 +1.318006965e+003 -4.3471e+000 +4.8073e+000 +2.3125e+000 +8.7250e-001 +1.4120e+000 +4.3741e+000 +1.3256e+000 +4.7153e+000 +4.2162e-001 +2.5331e+000 +2.1668e+000 -1.8510e+000 +3.7115e+000 +4.4277e-001 -2.3368e+000 -3.3979e+000 +4.9259e+000 -1.4051e+000 +1.4173e+000 +3.8914e+000
347 0 +9.986158438e+002 +1.298245844e+003 +1.298245844e+003 -4.2397e+000 +5.1032e+000 +2.1176e+000 +7.5100e-001 +1.3837e+000 +4.3796e+000 +1.3027e+000 +4.6380e+000 +2.3932e-001 +2.5260e+000 +2.4584e+000 -1.9204e+000 +3.8170e+000 +5.4085e-001 -2.4143e+000 -3.3822e+000 +5.0337e+000 -1.4359e+000 +1.3789e+000 +5.0000e+000
349 0 +4.011954255e+002 +7.008254255e+002 +7.008254255e+002 -5.4438e+000 +5.6278e+000 +1.7558e+000 +2.5207e+000 +2.0926e+000 +5.7817e+000 +4.6173e-001 +6.6923e+000 -1.3029e+000 +2.5333e+000 +1.0649e+000 -2.7011e+000 +5.9237e+000 -1.8288e-001 -4.0712e+000 -3.5437e+000 +4.1393e+000 -1.6801e+000 +2.2046e+000 +5.0000e+000
595 0 +3.438570952e+002 +6.434870952e+002 +6.434870952e+002 -4.6383e+000 +5.5399e+000 +8.0715e-001 +2.5269e+000 +1.1908e+000 +4.9575e+000 -2.9730e-001 +6.5463e+000 -1.1104e+000 +1.9440e+000 +8.6544e-001 -2.5147e+000 +5.5408e+000 -4.2269e-001 -3.9191e+000 -3.4948e+000 +3.9200e+000 -1.8104e+000 +2.2803e+000 +3.2355e+000
1458 0 +2.905110684e+002 +5.901410684e+002 +5.901410684e+002 -3.3457e+000 +5.0682e+000 +1.4226e+000 +1.2553e+000 +6.2868e-001 +3.7662e+000 -1.1950e+000 +5.1072e+000 -2.2784e+000 +1.5737e+000 +3.8796e-001 -2.6799e+000 +3.7446e+000 -7.3756e-001 -4.4519e+000 -3.3166e+000 +3.7648e+000 -6.9838e-001 +3.0123e+000 +2.8185e+000
2761 0 +2.592724762e+002 +5.589024762e+002 +5.589024762e+002 -4.4088e+000 +4.2166e+000 -1.2774e+000 +3.0501e+000 +7.8798e-001 +5.0776e+000 -2.6460e+000 +6.5777e+000 -9.7695e-001 +4.8873e-001 +5.2040e-001 -1.7152e+000 +7.1691e+000 -9.2194e-001 -3.0788e+000 -1.7042e+000 +3.1600e+000 -3.9553e+000 -5.0534e-002 +5.0000e+000
4217 0 +2.538447099e+002 +5.534747099e+002 +5.534747099e+002 -1.4548e+000 +2.6763e+000 +2.1521e+000 +1.8649e+000 -3.6264e-001 +4.9691e+000 -1.8901e+000 +3.3232e+000 -2.4361e+000 +8.7033e-001 -2.2809e-001 -1.3024e+000 +4.4649e+000 +8.5953e-002 -4.3167e+000 -1.5912e-001 +1.1533e+000 -3.1226e+000 +9.5863e-001 +2.6798e+000
4617 0 +2.317014410e+002 +5.313314410e+002 +5.313314410e+002 -1.8760e+000 +3.0927e+000 +2.0185e+000 +1.9026e+000 -1.4540e-001 +4.9251e+000 -1.6539e+000 +3.7346e+000 -2.2919e+000 +1.0373e+000 -8.0740e-002 -1.4977e+000 +4.5292e+000 +9.2276e-003 -4.2920e+000 -6.6229e-001 +1.5617e+000 -2.8564e+000 +1.2110e+000 +2.7520e+000
5553 0 +2.289088111e+002 +5.285388111e+002 +5.285388111e+002 -1.7053e+000 +3.2129e+000 +1.4352e+000 +2.6913e+000 -2.2163e-001 +4.7192e+000 -2.1603e+000 +3.9288e+000 -2.4487e+000 +9.7434e-001 -5.4141e-001 -2.0507e+000 +5.1557e+000 -2.3503e-001 -3.6241e+000 -5.7867e-001 +1.2031e+000 -2.6441e+000 +3.3354e-001 +3.2522e+000
6407 0 +2.224972312e+002 +5.221272312e+002 +5.221272312e+002 -1.2092e+000 +2.5051e+000 +1.9018e+000 +1.6685e+000 -3.5962e-001 +4.6826e+000 -1.8572e+000 +3.4101e+000 -2.5156e+000 +6.2174e-001 -4.3555e-001 -1.0747e+000 +4.3872e+000 -2.1419e-001 -3.9657e+000 -3.0975e-001 +1.0316e+000 -2.9279e+000 +6.1843e-001 +2.3493e+000
8417 0 +2.175459959e+002 +5.171759959e+002 +5.171759959e+002 -1.1934e+000 +2.5176e+000 +1.8753e+000 +1.8140e+000 -3.8940e-001 +4.7094e+000 -1.9557e+000 +3.3883e+000 -2.5352e+000 +6.4246e-001 -4.7670e-001 -1.1786e+000 +4.4865e+000 -1.8804e-001 -3.9326e+000 -2.2665e-001 +9.6577e-001 -2.9540e+000 +5.2873e-001 +2.4820e+000
9139 0 +2.137133012e+002 +5.133433012e+002 +5.133433012e+002 -8.5832e-001 +2.1504e+000 +2.0897e+000 +1.4192e+000 -5.2569e-001 +4.7034e+000 -1.9302e+000 +3.0358e+000 -2.6203e+000 +4.5090e-001 -4.8561e-001 -8.0915e-001 +4.1784e+000 -1.6155e-001 -4.1122e+000 -3.7718e-004 +8.2322e-001 -3.1373e+000 +5.7927e-001 +2.1328e+000
9486 0 +1.930978951e+002 +4.927278951e+002 +4.927278951e+002 -4.8940e-001 +2.7106e+000 +8.4623e-001 +7.2765e-001 -1.8612e-001 +4.2763e+000 -2.2838e+000 +3.7810e+000 -2.5151e+000 -7.3258e-001 -7.0784e-001 -5.9329e-001 +4.0967e+000 -2.2969e-001 -4.2562e+000 -4.9693e-001 -1.2667e-001 -2.9877e+000 +6.8426e-001 +1.8066e+000
