% f evaluations | g evaluations | best noise-free fitness - Fopt (1.000000000000e+003) + sum g_i+ | measured fitness | best measured fitness or single-digit g-values | x1 | x2...
1 0 +7.992635762e+001 +1.079926358e+003 +1.079926358e+003 +0.0000e+000 +0.0000e+000
2 0 +3.527449865e+001 +1.035274499e+003 +1.035274499e+003 -3.9278e+000 +2.9731e+000
13 0 +1.374939059e+001 +1.013749391e+003 +1.013749391e+003 -4.6242e+000 +3.4481e+000
72 0 +1.955686509e+000 +1.001955687e+003 +1.001955687e+003 -3.4176e+000 +2.8669e+000
1375 0 +1.649934751e+000 +1.001649935e+003 +1.001649935e+003 -3.3970e+000 +2.8385e+000
2368 0 +7.483160135e-001 +1.000748316e+003 +1.000748316e+003 -3.0495e+000 +3.0200e+000
2907 0 +5.199686436e-001 +1.000519969e+003 +1.000519969e+003 -3.0986e+000 +3.0267e+000
4360 0 +1.970932333e-001 +1.000197093e+003 +1.000197093e+003 -3.0727e+000 +3.0013e+000
5668 0 +1.242258629e-001 +1.000124226e+003 +1.000124226e+003 -3.0778e+000 +3.0160e+000
6397 0 +5.877766168e-002 +1.000058778e+003 +1.000058778e+003 -3.0421e+000 +2.9911e+000
6468 0 +1.984976600e-002 +1.000019850e+003 +1.000019850e+003 -3.0538e+000 +2.9965e+000
6560 0 +1.228974160e-002 +1.000012290e+003 +1.000012290e+003 -3.0505e+000 +2.9994e+000
7097 0 +8.791616087e-003 +1.000008792e+003 +1.000008792e+003 -3.0532e+000 +2.9973e+000
% f evaluations | g evaluations | best noise-free fitness - Fopt (7.003000000000e+001) + sum g_i+ | measured fitness | best measured fitness or single-digit g-values | x1 | x2...
1 0 +8.195243526e+001 +1.519824353e+002 +1.519824353e+002 +0.0000e+000 +0.0000e+000
2 0 +1.223024769e+001 +8.226024769e+001 +8.226024769e+001 -1.4768e+000 -2.9619e+000
58 0 +5.428823256e+000 +7.545882326e+001 +7.545882326e+001 -7.5368e-001 -2.4808e+000
281 0 +2.302998379e+000 +7.233299838e+001 +7.233299838e+001 +9.9609e-002 -2.7615e+000
1275 0 +1.089510588e+000 +7.111951059e+001 +7.111951059e+001 -8.0838e-001 -2.5299e+000
2291 0 +1.773149499e-001 +7.020731495e+001 +7.020731495e+001 -8.6515e-001 -2.4987e+000
2723 0 +1.337566127e-001 +7.016375661e+001 +7.016375661e+001 -8.7428e-001 -2.4861e+000
3504 0 +6.867191620e-002 +7.009867192e+001 +7.009867192e+001 -8.3728e-001 -2.4961e+000
4424 0 +4.848115254e-002 +7.007848115e+001 +7.007848115e+001 -8.6418e-001 -2.4921e+000
5049 0 +2.747048941e-002 +7.005747049e+001 +7.005747049e+001 -8.6190e-001 -2.4918e+000
6749 0 +1.438309974e-002 +7.004438310e+001 +7.004438310e+001 -8.5790e-001 -2.4925e+000
7627 0 +2.554135308e-003 +7.003255414e+001 +7.003255414e+001 -8.5373e-001 -2.4947e+000
10038 0 +1.335821822e-003 +7.003133582e+001 +7.003133582e+001 -8.5288e-001 -2.4952e+000
% f evaluations | g evaluations | best noise-free fitness - Fopt (-4.822000000000e+001) + sum g_i+ | measured fitness | best measured fitness or single-digit g-values | x1 | x2...
1 0 +5.461267923e+001 +6.392679229e+000 +6.392679229e+000 +0.0000e+000 +0.0000e+000
6 0 +5.188602566e+001 +3.666025663e+000 +3.666025663e+000 +8.9310e-002 -3.8097e-001
13 0 +9.741657287e+000 -3.847834271e+001 -3.847834271e+001 -8.4986e-001 -2.6451e+000
346 0 +8.124542707e+000 -4.009545729e+001 -4.009545729e+001 -1.1084e+000 -3.6352e+000
594 0 +3.761783763e+000 -4.445821624e+001 -4.445821624e+001 -2.2194e+000 -1.2053e+000
805 0 +1.181590435e+000 -4.703840957e+001 -4.703840957e+001 -1.8159e+000 -1.0776e+000
1162 0 +9.512906570e-001 -4.726870934e+001 -4.726870934e+001 -1.8631e+000 -1.0151e+000
2964 0 +1.170892009e-001 -4.810291080e+001 -4.810291080e+001 -1.8361e+000 -1.0297e+000
3983 0 +9.827625942e-002 -4.812172374e+001 -4.812172374e+001 -1.8343e+000 -1.0187e+000
4032 0 +6.984516582e-002 -4.815015483e+001 -4.815015483e+001 -1.8431e+000 -9.8816e-001
4585 0 +4.453643238e-002 -4.817546357e+001 -4.817546357e+001 -1.8429e+000 -1.0201e+000
5164 0 +1.931734400e-002 -4.820068266e+001 -4.820068266e+001 -1.8385e+000 -1.0150e+000
6934 0 +9.715116517e-003 -4.821028488e+001 -4.821028488e+001 -1.8404e+000 -1.0045e+000
7379 0 +8.002784826e-003 -4.821199722e+001 -4.821199722e+001 -1.8403e+000 -1.0102e+000
8983 0 +3.740854105e-004 -4.821962591e+001 -4.821962591e+001 -1.8419e+000 -1.0083e+000
% f evaluations | g evaluations | best noise-free fitness - Fopt (2.547000000000e+001) + sum g_i+ | measured fitness | best measured fitness or single-digit g-values | x1 | x2...
1 0 +1.792634651e+002 +2.047334651e+002 +2.047334651e+002 +0.0000e+000 +0.0000e+000
3 0 +6.418444206e+001 +8.965444206e+001 +8.965444206e+001 -2.1716e+000 -4.0232e-001
8 0 +6.303106322e+001 +8.850106322e+001 +8.850106322e+001 -7.7658e-001 -1.5281e+000
12 0 +3.468920159e+001 +6.015920159e+001 +6.015920159e+001 -3.5667e+000 +1.5003e-002
16 0 +2.273144334e+001 +4.820144334e+001 +4.820144334e+001 -4.8238e+000 -2.7946e+000
51 0 +1.972633393e+001 +4.519633393e+001 +4.519633393e+001 -2.1433e+000 -1.9151e+000
187 0 +1.856076885e+001 +4.403076885e+001 +4.403076885e+001 -3.3682e+000 -3.0171e-001
229 0 +1.733101928e+001 +4.280101928e+001 +4.280101928e+001 -4.2977e+000 -1.5635e+000
296 0 +1.536222104e+001 +4.083222104e+001 +4.083222104e+001 -2.8725e+000 -4.0655e+000
364 0 +4.397563844e+000 +2.986756384e+001 +2.986756384e+001 -3.6088e+000 -3.0487e+000
1106 0 +3.939261913e+000 +2.940926191e+001 +2.940926191e+001 -3.7779e+000 -1.9960e+000
1644 0 +2.426969197e-001 +2.571269692e+001 +2.571269692e+001 -3.7964e+000 -1.8856e+000
3418 0 +1.350523660e-001 +2.560505237e+001 +2.560505237e+001 -3.7938e+000 -1.9146e+000
4826 0 +1.040099390e-001 +2.557400994e+001 +2.557400994e+001 -3.7798e+000 -1.9274e+000
5555 0 +1.350063180e-002 +2.548350063e+001 +2.548350063e+001 -3.7805e+000 -1.9184e+000
8049 0 +6.937485674e-003 +2.547693749e+001 +2.547693749e+001 -3.7811e+000 -1.9157e+000
% f evaluations | g evaluations | best noise-free fitness - Fopt (-1.008100000000e+002) + sum g_i+ | measured fitness | best measured fitness or single-digit g-values | x1 | x2...
1 0 +2.170272634e+001 -7.910727366e+001 -7.910727366e+001 +0.0000e+000 +0.0000e+000
5 0 +7.814868695e+000 -9.299513131e+001 -9.299513131e+001 -3.5851e-001 +5.3075e-002
149 0 +5.954822860e+000 -9.485517714e+001 -9.485517714e+001 +8.8684e-001 -4.0531e-001
381 0 +3.420967976e+000 -9.738903202e+001 -9.738903202e+001 +7.0178e-001 +7.2194e-001
551 0 +1.357123720e+000 -9.945287628e+001 -9.945287628e+001 +1.0729e+000 +5.2859e-001
1864 0 +8.389900374e-001 -9.997100996e+001 -9.997100996e+001 +9.4393e-001 +4.7616e-001
2064 0 +6.962776217e-001 -1.001137224e+002 -1.001137224e+002 +9.5136e-001 +4.8524e-001
2514 0 +6.027518927e-002 -1.007497248e+002 -1.007497248e+002 +9.8133e-001 +4.7881e-001
3164 0 +3.441670457e-002 -1.007755833e+002 -1.007755833e+002 +9.9300e-001 +4.9306e-001
4564 0 +1.269949655e-002 -1.007973005e+002 -1.007973005e+002 +9.8713e-001 +4.8369e-001
5909 0 +7.014730237e-003 -1.008029853e+002 -1.008029853e+002 +9.8634e-001 +4.8586e-001
6309 0 +6.867408446e-003 -1.008031326e+002 -1.008031326e+002 +9.8638e-001 +4.8574e-001
6509 0 +6.658174672e-003 -1.008033418e+002 -1.008033418e+002 +9.8657e-001 +4.8518e-001
7457 0 +4.440980150e-003 -1.008055590e+002 -1.008055590e+002 +9.9561e-001 +4.9029e-001
7509 0 +4.339523732e-003 -1.008056605e+002 -1.008056605e+002 +9.8962e-001 +4.8554e-001
7609 0 +1.153106231e-003 -1.008088469e+002 -1.008088469e+002 +9.9140e-001 +4.8859e-001
7809 0 +3.555484705e-004 -1.008096445e+002 -1.008096445e+002 +9.9072e-001 +4.8743e-001
% f evaluations | g evaluations | best noise-free fitness - Fopt (-3.531300000000e+002) + sum g_i+ | measured fitness | best measured fitness or single-digit g-values | x1 | x2...
1 0 +1.540274923e+001 -3.377272508e+002 -3.377272508e+002 +0.0000e+000 +0.0000e+000
200 0 +1.009027714e+001 -3.430397229e+002 -3.430397229e+002 +5.0637e-001 -4.1894e-001
781 0 +8.815662121e+000 -3.443143379e+002 -3.443143379e+002 -1.8868e+000 +1.4214e+000
1315 0 +6.777740819e+000 -3.463522592e+002 -3.463522592e+002 -7.4377e-001 +6.6472e-001
1394 0 +5.532774889e+000 -3.475972251e+002 -3.475972251e+002 -3.5586e+000 +1.0841e+000
1947 0 +2.755027813e+000 -3.503749722e+002 -3.503749722e+002 -8.2505e-001 +3.8293e-001
2482 0 +8.237615787e-002 -3.530476238e+002 -3.530476238e+002 -2.1761e+000 +5.0401e-001
8951 0 +4.881311985e-002 -3.530811869e+002 -3.530811869e+002 -2.1898e+000 +4.9412e-001
9551 0 +1.043957992e-002 -3.531195604e+002 -3.531195604e+002 -2.1732e+000 +4.9672e-001
% f evaluations | g evaluations | best noise-free fitness - Fopt (8.716000000000e+001) + sum g_i+ | measured fitness | best measured fitness or single-digit g-values | x1 | x2...
1 0 +4.469498063e+001 +1.318549806e+002 +1.318549806e+002 +0.0000e+000 +0.0000e+000
15 0 +1.634398709e+001 +1.035039871e+002 +1.035039871e+002 +4.6142e+000 -5.2438e-001
36 0 +8.557284816e+000 +9.571728482e+001 +9.571728482e+001 +3.5460e+000 -3.2319e-001
80 0 +6.103054010e+000 +9.326305401e+001 +9.326305401e+001 +3.2284e+000 -1.8636e-001
546 0 +2.034755068e+000 +8.919475507e+001 +8.919475507e+001 +1.2898e+000 +1.8657e+000
2560 0 +1.600459873e+000 +8.876045987e+001 +8.876045987e+001 +2.8237e+000 +4.1655e-001
3266 0 +1.379977101e-001 +8.729799771e+001 +8.729799771e+001 +1.9444e+000 +1.0021e+000
5175 0 +1.335885819e-001 +8.729358858e+001 +8.729358858e+001 +1.9786e+000 +9.7125e-001
5875 0 +4.910303097e-002 +8.720910303e+001 +8.720910303e+001 +1.9595e+000 +9.8848e-001
7843 0 +2.704633858e-002 +8.718704634e+001 +8.718704634e+001 +1.9638e+000 +9.8646e-001
9206 0 +2.435287187e-002 +8.718435287e+001 +8.718435287e+001 +1.9678e+000 +9.8389e-001
% f evaluations | g evaluations | best noise-free fitness - Fopt (-3.475000000000e+001) + sum g_i+ | measured fitness | best measured fitness or single-digit g-values | x1 | x2...
1 0 +5.615167573e+001 +2.140167573e+001 +2.140167573e+001 +0.0000e+000 +0.0000e+000
4 0 +1.410631219e+001 -2.064368781e+001 -2.064368781e+001 +1.7403e+000 +2.0747e+000
136 0 +8.788290486e+000 -2.596170951e+001 -2.596170951e+001 +2.7523e+000 +2.9208e+000
266 0 +7.748229684e+000 -2.700177032e+001 -2.700177032e+001 +4.1077e+000 +3.5755e+000
681 0 +5.185593812e+000 -2.956440619e+001 -2.956440619e+001 +7.7798e-001 +1.6268e+000
810 0 +4.796255798e+000 -2.995374420e+001 -2.995374420e+001 +3.1111e+000 +2.6724e+000
1685 0 +4.060659838e+000 -3.068934016e+001 -3.068934016e+001 +1.6620e+000 +2.4036e+000
1766 0 +2.181873697e+000 -3.256812630e+001 -3.256812630e+001 +2.1097e+000 +1.8741e+000
2307 0 +1.145374938e+000 -3.360462506e+001 -3.360462506e+001 +2.0526e+000 +1.8696e+000
3700 0 +6.669685168e-001 -3.408303148e+001 -3.408303148e+001 +2.2752e+000 +2.3379e+000
4464 0 +5.073479251e-001 -3.424265207e+001 -3.424265207e+001 +2.2884e+000 +2.3462e+000
5969 0 +1.092856402e-001 -3.464071436e+001 -3.464071436e+001 +2.3270e+000 +2.3532e+000
7230 0 +2.884746608e-002 -3.472115253e+001 -3.472115253e+001 +2.3250e+000 +2.3642e+000
8690 0 +2.548698327e-002 -3.472451302e+001 -3.472451302e+001 +2.3278e+000 +2.3581e+000
8830 0 +1.191845823e-002 -3.473808154e+001 -3.473808154e+001 +2.3242e+000 +2.3597e+000
% f evaluations | g evaluations | best noise-free fitness - Fopt (-1.000000000000e+003) + sum g_i+ | measured fitness | best measured fitness or single-digit g-values | x1 | x2...
1 0 +2.626200362e+002 -7.373799638e+002 -7.373799638e+002 +0.0000e+000 +0.0000e+000
2 0 +3.608826078e+001 -9.639117392e+002 -9.639117392e+002 -4.5505e+000 -3.7253e+000
19 0 +1.753311221e+001 -9.824668878e+002 -9.824668878e+002 -4.9320e+000 -3.2711e+000
57 0 +1.188350055e+001 -9.881164995e+002 -9.881164995e+002 -1.6668e+000 -4.6985e+000
86 0 +2.665522656e+000 -9.973344773e+002 -9.973344773e+002 -2.9745e+000 -3.8639e+000
1261 0 +2.558114602e+000 -9.974418854e+002 -9.974418854e+002 -3.0362e+000 -3.7674e+000
1432 0 +1.654159847e+000 -9.983458402e+002 -9.983458402e+002 -3.0052e+000 -3.8475e+000
2543 0 +1.296198693e+000 -9.987038013e+002 -9.987038013e+002 -3.0076e+000 -3.8393e+000
3032 0 +1.202896473e+000 -9.987971035e+002 -9.987971035e+002 -3.0016e+000 -3.8353e+000
4443 0 +1.081484650e+000 -9.989185154e+002 -9.989185154e+002 -3.0336e+000 -3.8088e+000
5543 0 +1.020122296e+000 -9.989798777e+002 -9.989798777e+002 -3.0241e+000 -3.8187e+000
5572 0 +1.951962401e-001 -9.998048038e+002 -9.998048038e+002 -3.7724e+000 -3.2076e+000
9181 0 +4.154259211e-002 -9.999584574e+002 -9.999584574e+002 -3.7612e+000 -3.2361e+000
9581 0 +3.314321334e-002 -9.999668568e+002 -9.999668568e+002 -3.7610e+000 -3.2353e+000
% f evaluations | g evaluations | best noise-free fitness - Fopt (-9.247000000000e+001) + sum g_i+ | measured fitness | best measured fitness or single-digit g-values | x1 | x2...
1 0 +3.454277857e+001 -5.792722143e+001 -5.792722143e+001 +0.0000e+000 +0.0000e+000
2 0 +3.772169918e+000 -8.869783008e+001 -8.869783008e+001 +2.9943e+000 -2.3488e-001
1034 0 +2.562158188e+000 -8.990784181e+001 -8.990784181e+001 +2.9430e+000 -2.3882e-001
1249 0 +1.081307249e+000 -9.138869275e+001 -9.138869275e+001 +2.9036e+000 -2.2924e-001
2149 0 +9.762813821e-001 -9.149371862e+001 -9.149371862e+001 +2.8089e+000 -2.1248e-001
2239 0 +2.063565348e-001 -9.226364347e+001 -9.226364347e+001 +2.8596e+000 -2.1608e-001
2830 0 +9.253292009e-002 -9.237746708e+001 -9.237746708e+001 +2.8737e+000 -2.0196e-001
3230 0 +2.602374782e-002 -9.244397625e+001 -9.244397625e+001 +2.8767e+000 -2.0475e-001
4386 0 +2.389487925e-002 -9.244610512e+001 -9.244610512e+001 +2.8927e+000 -2.0948e-001
5396 0 +1.505109908e-002 -9.245494890e+001 -9.245494890e+001 +2.8913e+000 -2.0737e-001
5949 0 +1.102256471e-003 -9.246889774e+001 -9.246889774e+001 +2.8824e+000 -2.0725e-001
7396 0 +4.431399176e-004 -9.246955686e+001 -9.246955686e+001 +2.8839e+000 -2.0801e-001
8796 0 +3.051161565e-004 -9.246969488e+001 -9.246969488e+001 +2.8812e+000 -2.0818e-001
% f evaluations | g evaluations | best noise-free fitness - Fopt (-2.153000000000e+002) + sum g_i+ | measured fitness | best measured fitness or single-digit g-values | x1 | x2...
1 0 +7.987740390e+001 -1.354225961e+002 -1.354225961e+002 +0.0000e+000 +0.0000e+000
3 0 +6.341304518e+001 -1.518869548e+002 -1.518869548e+002 -1.0275e+000 +1.1583e+000
9 0 +1.106854349e+001 -2.042314565e+002 -2.042314565e+002 -3.3889e+000 +4.3996e+000
21 0 +1.058581513e+001 -2.047141849e+002 -2.047141849e+002 -2.5074e+000 +1.4308e+000
47 0 +6.748381259e+000 -2.085516187e+002 -2.085516187e+002 -3.5740e+000 +2.9476e+000
515 0 +5.662511795e+000 -2.096374882e+002 -2.096374882e+002 -3.5291e+000 +2.7585e+000
699 0 +4.961077743e+000 -2.103389223e+002 -2.103389223e+002 -2.9623e+000 +3.3291e+000
704 0 +1.044982020e+000 -2.142550180e+002 -2.142550180e+002 -3.0850e+000 +4.4641e+000
4249 0 +1.022999509e+000 -2.142770005e+002 -2.142770005e+002 -3.0799e+000 +4.4657e+000
% f evaluations | g evaluations | best noise-free fitness - Fopt (-5.449000000000e+001) + sum g_i+ | measured fitness | best measured fitness or single-digit g-values | x1 | x2...
1 0 +3.654902350e+001 -1.794097650e+001 -1.794097650e+001 +0.0000e+000 +0.0000e+000
2 0 +3.295180524e+001 -2.153819476e+001 -2.153819476e+001 -3.4384e-001 -1.9952e-001
9 0 +6.193399720e+000 -4.829660028e+001 -4.829660028e+001 +2.1454e+000 -4.7962e-001
49 0 +4.649793695e+000 -4.984020631e+001 -4.984020631e+001 +2.0581e+000 -5.0521e-001
243 0 +4.150686274e+000 -5.033931373e+001 -5.033931373e+001 +3.3305e+000 -1.1216e+000
961 0 +3.823059809e+000 -5.066694019e+001 -5.066694019e+001 +1.9928e+000 -9.9178e-001
1376 0 +3.347992507e+000 -5.114200749e+001 -5.114200749e+001 +2.6764e+000 -1.2069e+000
1632 0 +7.696933116e-001 -5.372030669e+001 -5.372030669e+001 +3.3270e+000 -1.1625e+000
1894 0 +6.192862792e-001 -5.387071372e+001 -5.387071372e+001 +3.3408e+000 -1.1645e+000
3263 0 +5.170534746e-001 -5.397294653e+001 -5.397294653e+001 +3.3440e+000 -1.1804e+000
4120 0 +2.843769455e-001 -5.420562305e+001 -5.420562305e+001 +3.3820e+000 -1.1940e+000
4363 0 +2.471469130e-001 -5.424285309e+001 -5.424285309e+001 +3.3652e+000 -1.1693e+000
5305 0 +9.049136829e-002 -5.439950863e+001 -5.439950863e+001 +3.3691e+000 -1.1759e+000
7637 0 +1.834804682e-003 -5.448816520e+001 -5.448816520e+001 +3.3905e+000 -1.1831e+000
% f evaluations | g evaluations | best noise-free fitness - Fopt (5.049000000000e+001) + sum g_i+ | measured fitness | best measured fitness or single-digit g-values | x1 | x2...
1 0 +7.497864917e+001 +1.254686492e+002 +1.254686492e+002 +0.0000e+000 +0.0000e+000
4 0 +2.993760429e+001 +8.042760429e+001 +8.042760429e+001 +3.4076e+000 -4.0109e-001
18 0 +2.448670297e+001 +7.497670297e+001 +7.497670297e+001 +9.1276e-001 -1.2650e+000
39 0 +9.893118188e+000 +6.038311819e+001 +6.038311819e+001 +1.7611e+000 -3.6047e-001
402 0 +7.222716019e+000 +5.771271602e+001 +5.771271602e+001 +4.0224e+000 -6.6585e-001
516 0 +4.182550412e+000 +5.467255041e+001 +5.467255041e+001 +3.6476e+000 -4.7844e-001
605 0 +1.459196591e+000 +5.194919659e+001 +5.194919659e+001 +4.5249e+000 +7.9747e-002
1457 0 +1.115010814e+000 +5.160501081e+001 +5.160501081e+001 +3.3728e+000 +1.0879e-001
1865 0 +7.545080894e-001 +5.124450809e+001 +5.124450809e+001 +3.5077e+000 -1.8030e-001
2009 0 +5.490196728e-001 +5.103901967e+001 +5.103901967e+001 +3.5355e+000 -1.6600e-001
3629 0 +5.578805460e-002 +5.054578805e+001 +5.054578805e+001 +3.5866e+000 -1.7041e-001
5029 0 +4.913405546e-002 +5.053913406e+001 +5.053913406e+001 +3.5734e+000 -1.7285e-001
6642 0 +1.923122837e-003 +5.049192312e+001 +5.049192312e+001 +3.5790e+000 -1.6694e-001
% f evaluations | g evaluations | best noise-free fitness - Fopt (-3.641300000000e+002) + sum g_i+ | measured fitness | best measured fitness or single-digit g-values | x1 | x2...
1 0 +1.611847417e+001 -3.480115258e+002 -3.480115258e+002 +0.0000e+000 +0.0000e+000
2 0 +1.233553136e+001 -3.517944686e+002 -3.517944686e+002 -4.9379e+000 -1.4600e+000
6 0 +9.986792611e+000 -3.541432074e+002 -3.541432074e+002 -1.7739e+000 -2.9503e-001
34 0 +9.391354236e+000 -3.547386458e+002 -3.547386458e+002 -1.5285e+000 -5.4596e-001
412 0 +7.096102551e+000 -3.570338974e+002 -3.570338974e+002 -2.3577e+000 -1.1026e-002
447 0 +3.480991203e+000 -3.606490088e+002 -3.606490088e+002 -3.7137e+000 -5.5669e-001
1024 0 +2.540547707e+000 -3.615894523e+002 -3.615894523e+002 -4.2077e+000 -3.4043e-001
1336 0 +1.192312772e+000 -3.629376872e+002 -3.629376872e+002 -2.8336e+000 -4.2602e-001
4839 0 +1.162880025e+000 -3.629671200e+002 -3.629671200e+002 -2.8330e+000 -4.2274e-001
6503 0 +1.097910162e+000 -3.630320898e+002 -3.630320898e+002 -3.8157e+000 -5.8607e-001
6703 0 +4.820227853e-001 -3.636479772e+002 -3.636479772e+002 -3.7409e+000 -5.8302e-001
7315 0 +2.344010121e-001 -3.638955990e+002 -3.638955990e+002 -3.7279e+000 -5.9898e-001
8915 0 +2.061967875e-001 -3.639238032e+002 -3.639238032e+002 -3.7299e+000 -5.9944e-001
% f evaluations | g evaluations | best noise-free fitness - Fopt (1.592700000000e+002) + sum g_i+ | measured fitness | best measured fitness or single-digit g-values | x1 | x2...
1 0 +2.520237974e+001 +1.844723797e+002 +1.844723797e+002 +0.0000e+000 +0.0000e+000
3 0 +1.322211217e+001 +1.724921122e+002 +1.724921122e+002 -6.0139e-002 -1.8785e-001
56 0 +9.071164319e+000 +1.683411643e+002 +1.683411643e+002 -8.5557e-001 -2.9103e-001
82 0 +7.602269651e+000 +1.668722697e+002 +1.668722697e+002 -3.3736e+000 -2.9655e+000
250 0 +5.618450779e+000 +1.648884508e+002 +1.648884508e+002 -2.5922e+000 -2.7064e+000
1051 0 +4.224064027e+000 +1.634940640e+002 +1.634940640e+002 -3.1480e+000 -2.3202e+000
1115 0 +2.038502149e+000 +1.613085021e+002 +1.613085021e+002 -1.8114e+000 -1.9632e+000
2531 0 +1.841554797e+000 +1.611115548e+002 +1.611115548e+002 -1.7828e+000 -1.8850e+000
2932 0 +1.477213468e+000 +1.607472135e+002 +1.607472135e+002 -1.7466e+000 -1.8704e+000
3176 0 +3.023998275e-001 +1.595723998e+002 +1.595723998e+002 -1.6689e+000 -1.4343e+000
3332 0 +1.911431240e-001 +1.594611431e+002 +1.594611431e+002 -1.6783e+000 -1.4461e+000
4017 0 +1.263122837e-001 +1.593963123e+002 +1.593963123e+002 -1.6804e+000 -1.4521e+000
5132 0 +1.100116196e-001 +1.593800116e+002 +1.593800116e+002 -1.6827e+000 -1.4605e+000
5406 0 +1.057813172e-001 +1.593757813e+002 +1.593757813e+002 -1.6644e+000 -1.4373e+000
5532 0 +3.134940801e-002 +1.593013494e+002 +1.593013494e+002 -1.6642e+000 -1.4512e+000
6024 0 +2.736673097e-002 +1.592973667e+002 +1.592973667e+002 -1.6600e+000 -1.4392e+000
6476 0 +8.531338877e-003 +1.592785313e+002 +1.592785313e+002 -1.6692e+000 -1.4499e+000
6482 0 +1.824308665e-004 +1.592701824e+002 +1.592701824e+002 -1.6642e+000 -1.4468e+000
6932 0 +7.698801326e-005 +1.592700770e+002 +1.592700770e+002 -1.6639e+000 -1.4466e+000
