% f evaluations | g evaluations | best noise-free fitness - Fopt (1.000000000000e+003) + sum g_i+ | measured fitness | best measured fitness or single-digit g-values | x1 | x2...
1 0 +3.071729850e+002 +1.307172985e+003 +1.307172985e+003 +0.0000e+000 +0.0000e+000 +0.0000e+000 +0.0000e+000 +0.0000e+000 +0.0000e+000 +0.0000e+000 +0.0000e+000 +0.0000e+000 +0.0000e+000
70 0 +2.363582604e+002 +1.236358260e+003 +1.236358260e+003 -1.1435e+000 +1.9999e+000 -1.6670e-001 +3.6230e-004 -7.0401e-001 -2.1791e+000 -6.9131e-001 +1.6321e-001 +2.3292e-001 +2.2524e+000
90 0 +2.041831333e+002 +1.204183133e+003 +1.204183133e+003 +2.4644e+000 +4.0082e+000 +7.0707e-001 +1.6010e+000 -2.5344e-001 -1.8266e+000 -1.6141e+000 +1.4532e-002 -1.9383e+000 -9.5017e-001
217 0 +1.688122539e+002 +1.168812254e+003 +1.168812254e+003 +1.6371e+000 +2.9793e+000 +9.9898e-001 +1.8242e+000 +1.3449e-001 -2.0735e+000 -1.2411e+000 +2.8720e-001 -1.8844e+000 -9.8189e-001
267 0 +1.428638077e+002 +1.142863808e+003 +1.142863808e+003 +1.4467e+000 +2.6911e+000 +4.2534e-001 +1.6111e+000 -2.2416e-002 -1.9596e+000 -2.1674e+000 -1.3648e+000 -1.4392e+000 -1.6202e+000
631 0 +1.144059803e+002 +1.114405980e+003 +1.114405980e+003 -7.8037e-001 +2.8797e+000 -5.9327e-001 +2.3712e+000 +1.6237e+000 -3.6043e+000 -8.8352e-001 -1.2168e+000 -1.5257e+000 -2.7667e+000
4028 0 +1.087021912e+002 +1.108702191e+003 +1.108702191e+003 -1.1905e+000 +2.4572e+000 +1.6597e+000 +3.1934e+000 +2.4036e-001 -3.8540e+000 -2.1805e+000 -1.3920e-001 -2.4167e+000 -2.1618e+000
4244 0 +1.003834705e+002 +1.100383471e+003 +1.100383471e+003 -5.8846e-001 +3.5445e+000 +6.3111e-001 +3.6665e+000 +1.3550e+000 -3.3145e+000 -1.1907e+000 -4.1987e-001 -2.0646e+000 -3.0864e+000
4287 0 +9.209630492e+001 +1.092096305e+003 +1.092096305e+003 -1.3597e+000 +2.4790e+000 +2.3991e+000 +3.9170e+000 -4.0274e-001 -4.1660e+000 -2.6024e+000 +3.1026e-001 -2.4475e+000 -1.8012e+000
4726 0 +8.261618510e+001 +1.082616185e+003 +1.082616185e+003 -2.7936e+000 +2.1748e+000 +2.5973e+000 +4.4964e+000 +5.6248e-001 -3.2652e+000 -1.2193e+000 -2.2524e+000 -2.5326e+000 -2.5996e+000
4863 0 +7.196480290e+001 +1.071964803e+003 +1.071964803e+003 -2.5952e+000 +2.1874e+000 +2.3526e+000 +4.3376e+000 +2.8073e-001 -3.7087e+000 -1.8351e+000 -1.2525e+000 -2.4224e+000 -2.2116e+000
6625 0 +7.078165124e+001 +1.070781651e+003 +1.070781651e+003 -1.9430e+000 +2.8589e+000 +2.0109e+000 +4.0630e+000 +9.5245e-001 -3.5029e+000 -2.9107e+000 -3.9275e-001 -1.3427e+000 -2.2093e+000
% f evaluations | g evaluations | best noise-free fitness - Fopt (7.003000000000e+001) + sum g_i+ | measured fitness | best measured fitness or single-digit g-values | x1 | x2...
1 0 +3.532304115e+002 +4.232604115e+002 +4.232604115e+002 +0.0000e+000 +0.0000e+000 +0.0000e+000 +0.0000e+000 +0.0000e+000 +0.0000e+000 +0.0000e+000 +0.0000e+000 +0.0000e+000 +0.0000e+000
20 0 +3.440638247e+002 +4.140938247e+002 +4.140938247e+002 +2.9936e-001 +2.0881e-001 -4.2580e+000 +1.9159e+000 +5.7794e-001 -2.5372e+000 -2.4477e+000 -3.6404e+000 +5.3539e-001 -3.7840e+000
24 0 +2.446692643e+002 +3.146992643e+002 +3.146992643e+002 +2.9639e+000 -1.1942e-001 -1.7167e+000 -9.2822e-001 -1.2177e+000 -3.0806e+000 +1.2139e+000 -1.6895e+000 -1.8529e+000 -3.4655e-001
228 0 +2.206786191e+002 +2.907086191e+002 +2.907086191e+002 -2.5065e-001 -2.7556e+000 -2.3777e+000 -1.5425e+000 -3.1952e+000 -3.5192e+000 +2.2715e+000 -6.2915e-001 -1.9142e+000 -1.9609e-001
346 0 +1.724739801e+002 +2.425039801e+002 +2.425039801e+002 -3.2420e+000 -3.5023e+000 -2.1545e+000 -2.2437e+000 -3.6715e+000 -3.6195e+000 +2.3867e+000 -7.3841e-001 -5.5593e+000 +1.6794e+000
434 0 +1.561871501e+002 +2.262171501e+002 +2.262171501e+002 -2.3922e+000 -3.1618e+000 -2.3656e+000 -1.6963e+000 -2.9075e+000 -3.2159e+000 +1.8495e+000 -1.2444e+000 -4.5527e+000 +1.5880e+000
732 0 +1.367424826e+002 +2.067724826e+002 +2.067724826e+002 -1.9264e+000 -3.0649e+000 -2.5276e+000 -1.4471e+000 -2.5177e+000 -3.1111e+000 +1.6398e+000 -1.4819e+000 -4.1439e+000 +9.5762e-002
846 0 +1.279779863e+002 +1.980079863e+002 +1.980079863e+002 -1.9370e+000 -3.0790e+000 -2.5465e+000 -1.4215e+000 -2.4882e+000 -3.0795e+000 +1.6017e+000 -1.5196e+000 -4.1205e+000 +6.9720e-002
2056 0 +1.229895682e+002 +1.930195682e+002 +1.930195682e+002 -1.4073e+000 -2.8065e+000 -2.2829e+000 -1.8785e+000 -1.8608e+000 -3.1856e+000 +1.4212e+000 -9.0605e-001 -3.2106e+000 +2.0454e-001
2349 0 +1.140901154e+002 +1.841201154e+002 +1.841201154e+002 -1.1512e+000 -2.8153e+000 -3.0761e+000 -1.7358e+000 -2.7298e+000 -3.2362e+000 +1.1197e+000 -6.9952e-001 -4.1441e+000 +1.0517e+000
2531 0 +5.976322982e+001 +1.297932298e+002 +1.297932298e+002 -8.0058e-001 -3.6510e+000 -3.6209e+000 -1.3484e+000 -1.1239e+000 -4.3785e+000 +2.9442e-001 +1.4720e-001 -3.1493e+000 +1.8599e+000
4629 0 +4.957495639e+001 +1.196049564e+002 +1.196049564e+002 -8.1035e-001 -3.5494e+000 -3.4396e+000 -1.2906e+000 -1.1467e+000 -4.3876e+000 +4.8461e-001 +6.4859e-002 -3.3079e+000 +1.9022e+000
7854 0 +4.177419469e+001 +1.118041947e+002 +1.118041947e+002 -9.6724e-001 -3.6325e+000 -3.4679e+000 -1.2911e+000 -1.3900e+000 -4.3907e+000 +4.8373e-001 +2.5703e-002 -3.5558e+000 +1.9080e+000
7974 0 +4.040672378e+001 +1.104367238e+002 +1.104367238e+002 -8.8202e-001 -3.5821e+000 -3.4610e+000 -1.3131e+000 -1.2297e+000 -4.3637e+000 +4.7258e-001 +4.9917e-002 -3.3804e+000 +1.8967e+000
9546 0 +3.873068468e+001 +1.087606847e+002 +1.087606847e+002 -9.0201e-001 -3.6029e+000 -3.4686e+000 -1.3193e+000 -1.2282e+000 -4.3719e+000 +4.6825e-001 +5.6772e-002 -3.3929e+000 +1.8949e+000
% f evaluations | g evaluations | best noise-free fitness - Fopt (-4.822000000000e+001) + sum g_i+ | measured fitness | best measured fitness or single-digit g-values | x1 | x2...
1 0 +6.524062290e+002 +6.041862290e+002 +6.041862290e+002 +0.0000e+000 +0.0000e+000 +0.0000e+000 +0.0000e+000 +0.0000e+000 +0.0000e+000 +0.0000e+000 +0.0000e+000 +0.0000e+000 +0.0000e+000
4 0 +6.253358496e+002 +5.771158496e+002 +5.771158496e+002 -2.7284e+000 -2.2050e+000 +3.7673e+000 +3.0916e+000 +1.2609e+000 +2.9135e+000 +2.4503e+000 -5.9067e-002 -2.2066e+000 +2.2266e+000
14 0 +2.205881604e+002 +1.723681604e+002 +1.723681604e+002 -2.7294e-002 -2.0395e+000 -1.7140e-001 -1.9720e+000 -7.6351e-001 +3.9832e+000 -4.8157e+000 -3.5495e+000 -3.6291e+000 +3.6554e+000
96 0 +1.816221666e+002 +1.334021666e+002 +1.334021666e+002 -2.6747e+000 +1.7658e+000 -8.7119e-001 +7.3035e-001 -3.0448e+000 +3.2410e+000 -3.1163e+000 +3.0275e+000 -3.4627e+000 +3.5844e+000
217 0 +1.692602389e+002 +1.210402389e+002 +1.210402389e+002 -1.0831e+000 +9.0160e-001 -1.5141e+000 +2.5119e+000 -4.6704e+000 +4.2885e+000 -2.2962e+000 +2.4893e+000 -3.1980e+000 +5.0000e+000
352 0 +1.148097277e+002 +6.658972773e+001 +6.658972773e+001 -2.4877e+000 +2.0609e+000 -3.3201e+000 +3.6922e-001 -1.5710e+000 +2.5110e+000 -4.4407e+000 +3.8760e+000 -3.1336e+000 +5.0000e+000
640 0 +1.103528338e+002 +6.213283383e+001 +6.213283383e+001 -2.3878e+000 +1.9783e+000 -3.3988e+000 +9.2492e-002 -1.7653e+000 +2.8150e+000 -4.6245e+000 +3.4457e+000 -2.8011e+000 +5.0000e+000
1113 0 +1.013631100e+002 +5.314311004e+001 +5.314311004e+001 -2.7505e+000 +1.1056e+000 -2.6735e+000 +3.4691e-001 -2.2451e+000 +2.0042e+000 -3.8758e+000 +3.3510e+000 -2.2579e+000 +4.1679e+000
1284 0 +9.574957307e+001 +4.752957307e+001 +4.752957307e+001 -2.6299e+000 +9.3389e-001 -2.2012e+000 +1.2119e+000 -2.1592e+000 +2.9985e+000 -3.2452e+000 +3.0032e+000 -2.7807e+000 +4.1323e+000
1645 0 +7.613590284e+001 +2.791590284e+001 +2.791590284e+001 -2.7246e+000 +8.2921e-001 -1.9115e+000 +1.1731e+000 -2.2837e+000 +3.1954e+000 -3.4641e+000 +2.9286e+000 -2.8018e+000 +4.2854e+000
2740 0 +7.147301351e+001 +2.325301351e+001 +2.325301351e+001 -2.5197e+000 +1.4959e+000 -2.8152e+000 +3.1778e-001 -2.0781e+000 +3.0485e+000 -4.3750e+000 +3.1038e+000 -2.6444e+000 +4.8672e+000
3954 0 +7.062492319e+001 +2.240492319e+001 +2.240492319e+001 -2.5153e+000 +1.4941e+000 -2.8182e+000 +3.2334e-001 -2.0760e+000 +3.0496e+000 -4.3642e+000 +3.1102e+000 -2.6496e+000 +4.8601e+000
4016 0 +6.647417310e+001 +1.825417310e+001 +1.825417310e+001 -2.5094e+000 +1.3839e+000 -2.7957e+000 +3.6722e-001 -2.0585e+000 +2.9230e+000 -4.3594e+000 +3.0591e+000 -2.6480e+000 +4.7994e+000
4516 0 +6.275444588e+001 +1.453444588e+001 +1.453444588e+001 -2.5093e+000 +1.4182e+000 -2.8103e+000 +3.4667e-001 -2.0609e+000 +2.9523e+000 -4.3717e+000 +3.0725e+000 -2.6459e+000 +4.8028e+000
4724 0 +6.027150944e+001 +1.205150944e+001 +1.205150944e+001 -2.4929e+000 +1.4616e+000 -2.7784e+000 +3.3936e-001 -2.1108e+000 +2.9768e+000 -4.3332e+000 +3.0854e+000 -2.7219e+000 +4.7971e+000
4916 0 +6.024935353e+001 +1.202935353e+001 +1.202935353e+001 -2.5051e+000 +1.4522e+000 -2.8119e+000 +3.3098e-001 -2.0753e+000 +2.9782e+000 -4.3702e+000 +3.0848e+000 -2.6638e+000 +4.8036e+000
8326 0 +5.810348941e+001 +9.883489406e+000 +9.883489406e+000 -2.4961e+000 +1.4480e+000 -2.7981e+000 +3.4759e-001 -2.0900e+000 +2.9779e+000 -4.3471e+000 +3.0806e+000 -2.6833e+000 +4.8052e+000
8754 0 +5.753530570e+001 +9.315305700e+000 +9.315305700e+000 -2.4970e+000 +1.4568e+000 -2.8015e+000 +3.4191e-001 -2.0897e+000 +2.9862e+000 -4.3504e+000 +3.0844e+000 -2.6823e+000 +4.7916e+000
10080 0 +5.403159753e+001 +5.811597531e+000 +5.811597531e+000 -2.4692e+000 +1.4697e+000 -2.8277e+000 +3.6219e-001 -2.1159e+000 +2.9771e+000 -4.3147e+000 +3.0948e+000 -2.6614e+000 +4.7969e+000
% f evaluations | g evaluations | best noise-free fitness - Fopt (2.547000000000e+001) + sum g_i+ | measured fitness | best measured fitness or single-digit g-values | x1 | x2...
1 0 +3.185738813e+002 +3.440438813e+002 +3.440438813e+002 +0.0000e+000 +0.0000e+000 +0.0000e+000 +0.0000e+000 +0.0000e+000 +0.0000e+000 +0.0000e+000 +0.0000e+000 +0.0000e+000 +0.0000e+000
42 0 +3.129056991e+002 +3.383756991e+002 +3.383756991e+002 -1.6746e+000 -3.4445e-001 +3.0417e+000 -2.3662e+000 -1.3383e-001 -2.0911e+000 -3.2627e+000 -4.0142e-002 +4.9579e+000 +2.6297e+000
203 0 +2.461910767e+002 +2.716610767e+002 +2.716610767e+002 -2.8793e+000 +9.1549e-001 -2.3976e+000 -1.3636e-001 -2.2079e+000 -1.8045e+000 -1.2256e+000 +2.7284e-001 +1.8148e+000 +1.1104e+000
298 0 +1.199879135e+002 +1.454579135e+002 +1.454579135e+002 -2.4783e+000 -1.6652e+000 +1.0062e+000 -2.8184e+000 -2.6916e+000 -2.8671e+000 -1.7291e+000 +6.7939e-001 +2.3509e+000 -4.5081e-001
992 0 +1.169691906e+002 +1.424391906e+002 +1.424391906e+002 -2.8384e+000 +5.0286e-002 +3.3018e-001 -2.2923e+000 -9.9966e-001 +8.5633e-002 -4.1703e-001 -1.2933e-001 +2.9470e+000 +1.5762e+000
1201 0 +9.468279099e+001 +1.201527910e+002 +1.201527910e+002 -3.2021e+000 -5.8532e-001 +1.5795e-001 -2.0362e+000 -2.7340e+000 +7.0652e-001 +9.2719e-001 +2.0114e-001 +2.3798e+000 -3.2755e-002
1684 0 +8.571389471e+001 +1.111838947e+002 +1.111838947e+002 -2.9778e+000 -1.8738e+000 -6.9654e-001 -2.1525e+000 -2.0698e+000 +1.1799e-002 +8.7686e-002 +2.4350e-001 +3.0553e+000 +3.0720e-001
1941 0 +8.335916079e+001 +1.088291608e+002 +1.088291608e+002 -3.4506e+000 -2.0546e+000 -1.8354e-001 -1.6940e+000 -3.4686e+000 -1.2254e+000 +8.4944e-001 +4.6014e-001 +2.9561e+000 -8.6374e-001
2001 0 +8.041133467e+001 +1.058813347e+002 +1.058813347e+002 -2.7820e+000 -1.6773e+000 +7.8596e-002 -2.4087e+000 -2.6801e+000 -9.9525e-001 -4.8636e-001 +5.1220e-001 +2.2875e+000 -5.7648e-001
2322 0 +7.324885133e+001 +9.871885133e+001 +9.871885133e+001 -2.7726e+000 -1.6048e+000 +1.0108e-001 -2.4061e+000 -2.5852e+000 -8.9079e-001 -4.8925e-001 +4.8282e-001 +2.2991e+000 -4.9418e-001
4882 0 +6.153127013e+001 +8.700127013e+001 +8.700127013e+001 -3.7502e+000 -1.5487e+000 +1.4500e-002 -2.2037e+000 -1.2391e+000 -1.9963e-001 +1.9518e-001 +2.7660e-001 +2.4732e+000 +7.5515e-001
5835 0 +6.004092222e+001 +8.551092222e+001 +8.551092222e+001 -3.7555e+000 -1.5385e+000 +4.9642e-002 -2.1898e+000 -1.2287e+000 -2.1504e-001 +1.7743e-001 +2.7852e-001 +2.4713e+000 +7.6059e-001
5964 0 +5.512821755e+001 +8.059821755e+001 +8.059821755e+001 -4.0355e+000 -7.9890e-001 +8.8337e-002 -2.1859e+000 -2.1331e+000 -1.7449e-001 +2.0783e-001 +6.9914e-001 +2.8390e+000 -6.6887e-001
6643 0 +4.970471845e+001 +7.517471845e+001 +7.517471845e+001 -4.0051e+000 -7.9914e-001 +1.0354e-001 -2.1465e+000 -2.1844e+000 -1.9103e-001 +1.8052e-001 +6.8163e-001 +2.8806e+000 -6.9585e-001
7508 0 +4.819325013e+001 +7.366325013e+001 +7.366325013e+001 -4.0259e+000 -8.4744e-001 +9.3094e-002 -2.1185e+000 -2.2183e+000 -1.9267e-001 +1.7379e-001 +6.4601e-001 +2.9651e+000 -5.6839e-001
7708 0 +4.313979586e+001 +6.860979586e+001 +6.860979586e+001 -4.0599e+000 -8.1552e-001 +9.0776e-002 -2.1065e+000 -2.3010e+000 -1.9448e-001 +1.7343e-001 +6.6119e-001 +3.0342e+000 -6.0995e-001
8108 0 +4.257311803e+001 +6.804311803e+001 +6.804311803e+001 -4.0535e+000 -8.2151e-001 +9.1211e-002 -2.1087e+000 -2.2854e+000 -1.9414e-001 +1.7350e-001 +6.5834e-001 +3.0212e+000 -6.0214e-001
9842 0 +3.826969332e+001 +6.373969332e+001 +6.373969332e+001 -4.0597e+000 -8.3794e-001 +5.5372e-002 -2.1617e+000 -2.3914e+000 -2.8414e-001 +2.6473e-001 +6.2432e-001 +2.9956e+000 -5.8344e-001
9908 0 +3.644114196e+001 +6.191114196e+001 +6.191114196e+001 -4.0579e+000 -8.3574e-001 +6.1747e-002 -2.1526e+000 -2.3709e+000 -2.6822e-001 +2.4864e-001 +6.3000e-001 +2.9986e+000 -5.8583e-001
10042 0 +3.614165136e+001 +6.161165136e+001 +6.161165136e+001 -4.0566e+000 -8.3139e-001 +7.0691e-002 -2.1393e+000 -2.3451e+000 -2.4572e-001 +2.2582e-001 +6.3861e-001 +3.0056e+000 -5.9082e-001
% f evaluations | g evaluations | best noise-free fitness - Fopt (-1.008100000000e+002) + sum g_i+ | measured fitness | best measured fitness or single-digit g-values | x1 | x2...
1 0 +1.920731690e+002 +9.126316903e+001 +9.126316903e+001 +0.0000e+000 +0.0000e+000 +0.0000e+000 +0.0000e+000 +0.0000e+000 +0.0000e+000 +0.0000e+000 +0.0000e+000 +0.0000e+000 +0.0000e+000
296 0 +1.351176477e+002 +3.430764771e+001 +3.430764771e+001 +8.6424e-001 -1.0702e+000 -2.3987e+000 +5.4649e-001 +2.5812e+000 +3.4211e+000 +2.1224e+000 -1.3506e+000 -1.9673e+000 +5.1548e-001
1104 0 +1.329128277e+002 +3.210282771e+001 +3.210282771e+001 +1.0137e+000 -1.0283e+000 -2.1687e+000 +7.1857e-001 +2.9387e+000 +3.4507e+000 +2.0817e+000 -1.4186e+000 -2.1387e+000 +5.0867e-001
1106 0 +1.301252384e+002 +2.931523844e+001 +2.931523844e+001 -1.4233e-001 -1.1080e+000 -2.6619e+000 +3.2076e-001 +2.2028e+000 +2.2907e+000 +1.6537e+000 -6.2752e-001 -2.4642e+000 +2.2665e-001
1176 0 +1.189173315e+002 +1.810733150e+001 +1.810733150e+001 +1.1392e+000 +4.9146e-001 -1.1980e-002 -2.9560e-001 +3.7491e+000 +2.5265e+000 +2.4075e+000 +2.5105e-001 -2.0723e+000 -8.4000e-002
1243 0 +1.132613672e+002 +1.245136715e+001 +1.245136715e+001 +9.6678e-001 +1.8984e-001 -1.9136e-001 +5.1371e-001 +3.1545e+000 +3.8020e+000 +1.2555e+000 -7.5765e-001 -1.8991e+000 +4.2235e-001
1265 0 +1.047798308e+002 +3.969830845e+000 +3.969830845e+000 +1.0536e+000 +1.6563e-001 -3.7790e-001 -1.9452e-001 +3.7293e+000 +2.8537e+000 +2.4479e+000 -1.2721e-001 -2.0409e+000 -5.2044e-002
1269 0 +9.262035288e+001 -8.189647119e+000 -8.189647119e+000 +2.3863e+000 +1.5222e-001 -1.2055e+000 +1.9930e-001 +2.6574e+000 +2.0958e+000 +1.4518e+000 -6.0535e-002 -2.5155e+000 -7.1731e-001
1473 0 +8.525839109e+001 -1.555160891e+001 -1.555160891e+001 +1.6373e+000 +9.5663e-001 +2.5628e-001 -1.0018e-001 +3.7728e+000 +1.5632e+000 +1.6083e+000 +9.8737e-001 -2.5546e+000 -6.6269e-001
1727 0 +5.549466251e+001 -4.531533749e+001 -4.531533749e+001 +1.5945e+000 +1.0293e+000 +3.9991e-001 -1.3013e-001 +3.8524e+000 +1.5936e+000 +1.7175e+000 +1.0227e+000 -2.4854e+000 -6.6026e-001
3833 0 +4.809591949e+001 -5.271408051e+001 -5.271408051e+001 +1.4603e+000 +9.4400e-001 +3.4942e-001 -2.2164e-001 +3.8842e+000 +1.6679e+000 +1.7877e+000 +9.7043e-001 -2.4226e+000 -7.7250e-001
3927 0 +4.658942615e+001 -5.422057385e+001 -5.422057385e+001 +1.4550e+000 +9.5099e-001 +3.6186e-001 -2.1188e-001 +3.8880e+000 +1.6622e+000 +1.7947e+000 +9.7463e-001 -2.4128e+000 -7.7624e-001
4184 0 +4.566482530e+001 -5.514517470e+001 -5.514517470e+001 +1.5118e+000 +9.8484e-001 +3.8163e-001 -1.7944e-001 +3.8769e+000 +1.6338e+000 +1.7619e+000 +9.9746e-001 -2.4461e+000 -7.2293e-001
6711 0 +4.210237356e+001 -5.870762644e+001 -5.870762644e+001 +1.4788e+000 +1.0109e+000 +4.4741e-001 -1.3405e-001 +3.9007e+000 +1.6105e+000 +1.7676e+000 +1.0215e+000 -2.4192e+000 -7.5478e-001
6759 0 +4.156918313e+001 -5.924081687e+001 -5.924081687e+001 +1.5721e+000 +1.0128e+000 +3.8879e-001 -1.7314e-001 +3.8809e+000 +1.6625e+000 +1.7819e+000 +9.8238e-001 -2.4218e+000 -7.1022e-001
7285 0 +4.021026273e+001 -6.059973727e+001 -6.059973727e+001 +1.5320e+000 +9.8254e-001 +4.2581e-001 -2.1231e-001 +3.8828e+000 +1.6670e+000 +1.8030e+000 +9.8667e-001 -2.4022e+000 -7.5222e-001
7611 0 +3.959963019e+001 -6.121036981e+001 -6.121036981e+001 +1.4979e+000 +9.9043e-001 +4.4220e-001 -1.8015e-001 +3.8931e+000 +1.6424e+000 +1.7860e+000 +1.0047e+000 -2.4099e+000 -7.5823e-001
7928 0 +3.835375968e+001 -6.245624032e+001 -6.245624032e+001 +1.5645e+000 +1.0514e+000 +4.9207e-001 -2.1726e-001 +3.9137e+000 +1.6422e+000 +1.7602e+000 +9.9819e-001 -2.4140e+000 -7.4813e-001
9075 0 +3.424631753e+001 -6.656368247e+001 -6.656368247e+001 +1.5677e+000 +1.0502e+000 +4.1769e-001 -2.1833e-001 +3.8899e+000 +1.6570e+000 +1.7224e+000 +9.9715e-001 -2.3824e+000 -8.5029e-001
9511 0 +3.203567693e+001 -6.877432307e+001 -6.877432307e+001 +1.5516e+000 +1.0489e+000 +4.2631e-001 -2.0467e-001 +3.8975e+000 +1.6533e+000 +1.7134e+000 +1.0039e+000 -2.3947e+000 -8.3644e-001
9627 0 +3.139915236e+001 -6.941084764e+001 -6.941084764e+001 +1.5522e+000 +1.0477e+000 +4.3964e-001 -2.1009e-001 +3.9017e+000 +1.6519e+000 +1.7208e+000 +1.0027e+000 -2.4014e+000 -8.1750e-001
9727 0 +3.066852764e+001 -7.014147236e+001 -7.014147236e+001 +1.5395e+000 +1.0549e+000 +4.6587e-001 -1.7670e-001 +3.9117e+000 +1.6396e+000 +1.7307e+000 +1.0111e+000 -2.4050e+000 -7.8778e-001
% f evaluations | g evaluations | best noise-free fitness - Fopt (-3.531300000000e+002) + sum g_i+ | measured fitness | best measured fitness or single-digit g-values | x1 | x2...
1 0 +2.885280905e+002 -6.460190953e+001 -6.460190953e+001 +0.0000e+000 +0.0000e+000 +0.0000e+000 +0.0000e+000 +0.0000e+000 +0.0000e+000 +0.0000e+000 +0.0000e+000 +0.0000e+000 +0.0000e+000
31 0 +2.739017042e+002 -7.922829579e+001 -7.922829579e+001 -4.8398e+000 +3.5832e-001 -1.6268e+000 -1.1659e+000 +2.4078e+000 +3.8374e+000 +5.6256e-001 +2.3054e+000 +4.1571e+000 +2.7233e+000
63 0 +2.632117397e+002 -8.991826028e+001 -8.991826028e+001 -1.2088e+000 -4.3562e+000 +5.5000e-001 -4.3628e+000 +1.0966e+000 +1.1738e+000 -5.7931e-002 +9.5671e-001 +4.2958e+000 +1.4756e+000
73 0 +2.594649440e+002 -9.366505601e+001 -9.366505601e+001 +2.8118e+000 -5.2556e-001 +2.2507e-001 -1.0349e+000 -2.7441e+000 +2.3801e+000 +1.0617e-001 +2.6774e+000 +1.9964e+000 -3.0536e-001
76 0 +2.094462338e+002 -1.436837662e+002 -1.436837662e+002 -2.3591e+000 -3.5167e+000 +9.3245e-001 -3.2762e+000 -2.5929e+000 -2.0145e+000 +2.4818e-001 +1.5134e+000 +7.3904e-001 +3.8683e+000
219 0 +1.959107399e+002 -1.572192601e+002 -1.572192601e+002 -1.9743e-001 -1.0477e+000 -3.5563e-001 -3.5089e+000 -3.7507e+000 -2.5358e-001 -3.9662e-001 -1.0418e-001 +2.8641e+000 +4.3492e+000
240 0 +1.622588753e+002 -1.908711247e+002 -1.908711247e+002 -1.6451e+000 -2.8542e+000 +6.9304e-001 -3.5710e+000 -2.6187e+000 -2.1866e+000 +3.5237e-001 +1.1722e+000 +1.3216e+000 +1.2046e+000
767 0 +1.522098346e+002 -2.009201654e+002 -2.009201654e+002 -2.5493e+000 -7.6038e-001 -2.0163e+000 -3.8164e+000 -2.1318e+000 -2.2565e+000 -1.0656e+000 +7.9929e-001 +8.9366e-001 +2.6230e-001
794 0 +1.419518524e+002 -2.111781476e+002 -2.111781476e+002 -1.5101e+000 -2.7338e+000 +6.9368e-001 -3.5700e+000 -2.4517e+000 -2.3638e+000 +5.8696e-002 +1.2873e+000 +1.1316e+000 +1.1895e+000
853 0 +1.244269066e+002 -2.287030934e+002 -2.287030934e+002 -6.9829e-001 -1.3338e+000 +6.0258e-001 -2.4291e+000 -2.5954e+000 -1.7079e+000 -1.7766e+000 +2.0453e+000 +1.4947e+000 +6.8391e-001
1066 0 +1.202765862e+002 -2.328534138e+002 -2.328534138e+002 -6.3903e-001 -1.4565e+000 +8.3129e-001 -2.5505e+000 -2.6312e+000 -1.6529e+000 -1.3315e+000 +2.1263e+000 +1.4446e+000 +6.3261e-001
1068 0 +1.033073388e+002 -2.498226612e+002 -2.498226612e+002 -3.3012e+000 -1.6541e+000 -1.5245e+000 -3.3121e+000 -6.2371e-001 -2.1463e+000 -2.5067e+000 +1.2021e+000 +1.8044e+000 +2.0727e+000
1872 0 +9.471942872e+001 -2.584105713e+002 -2.584105713e+002 -3.1713e+000 -1.7093e+000 -1.4301e+000 -3.3115e+000 -6.5353e-001 -2.0423e+000 -2.3364e+000 +1.1151e+000 +1.8185e+000 +2.1391e+000
2474 0 +8.962079267e+001 -2.635092073e+002 -2.635092073e+002 -2.7777e+000 -1.9931e+000 -1.2029e+000 -3.7083e+000 -5.5832e-001 -2.1242e+000 -1.3303e+000 +1.4651e+000 +1.0547e+000 +2.5418e+000
3099 0 +8.795153999e+001 -2.651784600e+002 -2.651784600e+002 -3.5951e+000 -1.6585e+000 -2.6511e+000 -3.2829e+000 -2.5214e-001 -1.6410e+000 -2.4462e+000 +1.3520e+000 +1.4356e+000 +2.5341e+000
3482 0 +8.487444217e+001 -2.682555578e+002 -2.682555578e+002 -3.2901e+000 +1.9343e-001 -2.4001e+000 -5.0670e+000 -2.3698e+000 -2.2987e-001 +7.1911e-001 +2.3667e+000 +3.2435e+000 +2.9304e+000
3670 0 +7.645393899e+001 -2.766760610e+002 -2.766760610e+002 -3.4260e+000 -4.2297e-001 -2.3919e+000 -4.2240e+000 -1.6477e+000 -5.2558e-001 -1.8928e-001 +1.9641e+000 +1.9954e+000 +2.9307e+000
5144 0 +7.205756787e+001 -2.810724321e+002 -2.810724321e+002 -2.9077e+000 -9.2187e-001 -1.5902e+000 -4.2648e+000 -1.6081e+000 -1.2632e+000 -5.3417e-001 +1.6814e+000 +1.8781e+000 +2.6295e+000
5742 0 +6.934183980e+001 -2.837881602e+002 -2.837881602e+002 -3.0408e+000 -7.2819e-001 -1.8853e+000 -4.3859e+000 -1.7118e+000 -1.0842e+000 -5.4366e-001 +1.7345e+000 +2.0418e+000 +2.6914e+000
5782 0 +5.137987648e+001 -3.017501235e+002 -3.017501235e+002 -2.7937e+000 -3.6592e-001 -1.3443e+000 -4.5396e+000 -2.2515e+000 -8.3030e-001 +2.8112e-001 +1.7871e+000 +2.1429e+000 +2.6936e+000
7226 0 +4.808726378e+001 -3.050427362e+002 -3.050427362e+002 -2.7706e+000 -3.6213e-001 -1.3318e+000 -4.5782e+000 -2.2771e+000 -7.4223e-001 +3.2602e-001 +1.8799e+000 +2.1280e+000 +2.7251e+000
8982 0 +4.753431754e+001 -3.055956825e+002 -3.055956825e+002 -2.7811e+000 -3.9557e-001 -1.3519e+000 -4.5587e+000 -2.2353e+000 -7.6580e-001 +2.7469e-001 +1.8739e+000 +2.1090e+000 +2.7228e+000
9211 0 +4.635321358e+001 -3.067767864e+002 -3.067767864e+002 -2.7661e+000 -3.8345e-001 -1.3273e+000 -4.5718e+000 -2.2489e+000 -7.4021e-001 +3.0500e-001 +1.8789e+000 +2.1105e+000 +2.7267e+000
% f evaluations | g evaluations | best noise-free fitness - Fopt (8.716000000000e+001) + sum g_i+ | measured fitness | best measured fitness or single-digit g-values | x1 | x2...
1 0 +3.272544691e+002 +4.144144691e+002 +4.144144691e+002 +0.0000e+000 +0.0000e+000 +0.0000e+000 +0.0000e+000 +0.0000e+000 +0.0000e+000 +0.0000e+000 +0.0000e+000 +0.0000e+000 +0.0000e+000
2 0 +2.792324044e+002 +3.663924044e+002 +3.663924044e+002 +4.9984e+000 +3.7105e+000 -3.6014e+000 +1.5246e+000 +6.0222e-001 +3.8485e+000 -7.2345e-001 +6.9862e-001 -2.3755e+000 +1.8737e+000
44 0 +2.541044763e+002 +3.412644763e+002 +3.412644763e+002 +4.4590e+000 +2.0928e+000 -4.4367e+000 +3.2910e+000 +1.1780e+000 -1.0553e+000 -3.8438e+000 +2.7047e+000 -2.8391e+000 -1.1893e+000
78 0 +2.345196330e+002 +3.216796330e+002 +3.216796330e+002 +2.1724e+000 -7.8993e-001 +1.6273e+000 +4.2357e+000 +2.8290e+000 -1.3418e+000 -2.7746e+000 +3.8325e+000 -3.8317e+000 +3.7655e-001
262 0 +2.343319738e+002 +3.214919738e+002 +3.214919738e+002 +1.5117e+000 -1.0856e+000 +6.9451e-001 +2.9697e+000 +1.5279e+000 -1.8452e+000 -2.5114e+000 +3.6107e+000 -4.1651e+000 -5.3888e-001
338 0 +1.966454993e+002 +2.838054993e+002 +2.838054993e+002 +5.7657e-001 -1.0695e-001 +6.3132e-001 +3.2881e+000 +6.6956e-001 -1.5493e+000 -3.4102e+000 +3.2882e+000 -2.1111e+000 +1.0631e-002
525 0 +1.305250579e+002 +2.176850579e+002 +2.176850579e+002 +3.0468e+000 +5.7219e-001 -1.3913e+000 +3.9002e+000 +1.3478e+000 -1.6941e-001 +4.6929e-001 +1.2472e+000 +9.0907e-001 +2.5379e-001
1136 0 +1.262127502e+002 +2.133727502e+002 +2.133727502e+002 +2.3070e+000 +4.0083e-001 -4.0904e-001 +3.8225e+000 +1.8512e-001 -3.3599e-001 -1.3272e+000 +2.3620e+000 -1.1227e+000 -4.6313e-002
1242 0 +1.255383500e+002 +2.126983500e+002 +2.126983500e+002 +2.5211e+000 +5.2232e-001 -4.7097e-001 +2.8590e+000 +1.7479e+000 -4.8129e-001 -7.4843e-001 +2.4205e+000 -2.1207e-001 -1.2818e-001
1249 0 +1.099882173e+002 +1.971482173e+002 +1.971482173e+002 +2.2590e+000 -1.1016e-001 -1.3399e+000 +3.2043e+000 +2.3326e-001 -1.2596e+000 -7.8610e-001 +2.8470e+000 -5.2386e-001 +1.5334e-001
1412 0 +1.042755403e+002 +1.914355403e+002 +1.914355403e+002 +3.1372e+000 +1.6154e+000 -2.0385e+000 +3.3041e+000 +1.6715e+000 -9.1906e-002 -5.7904e-001 +2.0498e+000 -6.6599e-001 +7.4504e-002
1678 0 +9.658671211e+001 +1.837467121e+002 +1.837467121e+002 +2.0831e+000 +1.0332e+000 -1.5590e+000 +2.4199e+000 +2.4876e-001 -4.9269e-001 +4.3567e-001 +2.6921e+000 -1.4507e+000 +8.7609e-001
1852 0 +9.444776012e+001 +1.816077601e+002 +1.816077601e+002 +1.5577e+000 +2.1214e-001 -1.0617e+000 +2.2676e+000 -3.0025e-002 -1.2359e+000 +3.4339e-002 +2.7456e+000 -1.4019e+000 +8.0090e-001
2044 0 +9.182319415e+001 +1.789831942e+002 +1.789831942e+002 +2.8462e+000 +9.7040e-001 -1.8057e+000 +3.1510e+000 +8.8962e-001 -6.3849e-001 +2.2140e-001 +1.9843e+000 -8.4437e-001 -3.3908e-001
2346 0 +7.107267092e+001 +1.582326709e+002 +1.582326709e+002 +3.0453e+000 +1.0625e+000 -1.9948e+000 +3.3437e+000 +9.4670e-001 -5.7183e-001 +4.0106e-001 +1.7571e+000 -5.7857e-001 -3.7240e-001
3151 0 +6.810661915e+001 +1.552666192e+002 +1.552666192e+002 +2.9713e+000 +4.6331e-001 -1.6230e+000 +3.6403e+000 +7.8590e-001 -9.0614e-001 -1.0485e-001 +1.6524e+000 -1.6886e-001 -4.0847e-001
3877 0 +6.662330979e+001 +1.537833098e+002 +1.537833098e+002 +1.8176e+000 +1.1612e+000 -1.4564e+000 +1.0832e+000 +1.8005e-001 -5.3402e-001 -2.2156e-001 +3.6425e+000 -2.2899e+000 +6.7717e-001
4278 0 +5.611757694e+001 +1.432775769e+002 +1.432775769e+002 +3.5266e+000 +1.5229e+000 -2.2655e+000 +3.8034e+000 +8.5040e-001 -5.3407e-001 +6.3099e-001 +1.3377e+000 -2.0465e-001 -3.4370e-001
5260 0 +4.814096328e+001 +1.353009633e+002 +1.353009633e+002 +3.3250e+000 +1.4631e+000 -2.2917e+000 +3.8384e+000 +7.2761e-001 -5.6642e-001 +5.7916e-001 +1.5274e+000 -3.8993e-001 -3.1879e-001
5360 0 +3.858885338e+001 +1.257488534e+002 +1.257488534e+002 +3.4176e+000 +1.4912e+000 -2.2812e+000 +3.8221e+000 +7.8286e-001 -5.5169e-001 +6.0415e-001 +1.4406e+000 -3.0526e-001 -3.3024e-001
9010 0 +3.764760345e+001 +1.248076035e+002 +1.248076035e+002 +3.4550e+000 +1.4917e+000 -2.2864e+000 +3.8586e+000 +7.8383e-001 -5.4872e-001 +6.2617e-001 +1.3998e+000 -2.7350e-001 -3.4037e-001
9860 0 +3.655598371e+001 +1.237159837e+002 +1.237159837e+002 +3.4443e+000 +1.4933e+000 -2.2899e+000 +3.8567e+000 +7.4898e-001 -5.5884e-001 +6.0500e-001 +1.4409e+000 -3.2994e-001 -3.4170e-001
% f evaluations | g evaluations | best noise-free fitness - Fopt (-3.475000000000e+001) + sum g_i+ | measured fitness | best measured fitness or single-digit g-values | x1 | x2...
1 0 +6.336600325e+002 +5.989100325e+002 +5.989100325e+002 +0.0000e+000 +0.0000e+000 +0.0000e+000 +0.0000e+000 +0.0000e+000 +0.0000e+000 +0.0000e+000 +0.0000e+000 +0.0000e+000 +0.0000e+000
4 0 +4.946542511e+002 +4.599042511e+002 +4.599042511e+002 +3.6540e+000 +2.3531e+000 +2.0081e+000 +2.6158e+000 +3.9074e+000 -8.3702e-001 +3.2999e+000 +3.0838e+000 -4.5759e+000 -3.5043e+000
19 0 +3.451856778e+002 +3.104356778e+002 +3.104356778e+002 -3.1836e-001 +1.4915e+000 +5.1443e-001 -6.0367e-001 +1.3163e+000 -4.3338e+000 +1.9545e+000 -7.7288e-001 +9.0394e-001 -1.5165e-001
70 0 +2.979219502e+002 +2.631719502e+002 +2.631719502e+002 -2.7621e+000 +2.8542e+000 +3.0205e+000 +3.4673e+000 -2.0877e+000 -1.3035e+000 +3.8773e+000 -4.5758e+000 -4.7768e+000 +6.9845e-001
241 0 +2.646943574e+002 +2.299443574e+002 +2.299443574e+002 -1.8198e+000 +2.5700e+000 +1.8347e+000 +4.1843e+000 -3.1612e+000 -4.4523e-001 +1.0318e+000 -2.6172e+000 -4.9951e+000 -2.8338e-001
275 0 +2.511607559e+002 +2.164107559e+002 +2.164107559e+002 -2.4462e+000 +2.2974e+000 +3.1266e+000 +1.9589e+000 -8.3895e-001 -1.4043e+000 +4.6374e+000 -3.5344e+000 -5.1626e+000 +1.4396e+000
292 0 +1.966350165e+002 +1.618850165e+002 +1.618850165e+002 -2.4304e+000 +1.9632e+000 +3.0254e+000 +3.0763e+000 -7.1820e-001 -2.4961e+000 +3.0419e+000 -3.6835e+000 -3.8798e+000 +4.8819e+000
515 0 +1.875339895e+002 +1.527839895e+002 +1.527839895e+002 -2.3032e+000 +2.6247e+000 +3.7872e+000 +2.6303e+000 -1.5289e+000 -1.5418e+000 +3.1045e+000 -4.5229e+000 -4.2190e+000 +4.8585e+000
538 0 +1.519535318e+002 +1.172035318e+002 +1.172035318e+002 -1.3008e+000 +3.4260e+000 +2.8598e+000 +4.8058e+000 -1.8444e+000 -2.8863e+000 +2.2869e+000 -4.2638e+000 -4.3927e+000 +3.6572e+000
627 0 +1.357803978e+002 +1.010303978e+002 +1.010303978e+002 -1.0325e+000 +3.2530e+000 +2.7706e+000 +4.6390e+000 -1.9658e+000 -2.8271e+000 +1.9339e+000 -4.1997e+000 -3.9358e+000 +5.0000e+000
1185 0 +1.246197877e+002 +8.986978775e+001 +8.986978775e+001 -1.0311e+000 +2.7138e+000 +2.6827e+000 +3.6916e+000 -1.9448e+000 -2.9403e+000 +1.7993e+000 -3.6684e+000 -3.2392e+000 +5.0000e+000
1262 0 +1.207963462e+002 +8.604634623e+001 +8.604634623e+001 -1.1534e+000 +2.9628e+000 +2.5025e+000 +4.2777e+000 -1.9599e+000 -2.5000e+000 +1.8671e+000 -3.8555e+000 -3.6633e+000 +4.1815e+000
1319 0 +9.109751458e+001 +5.634751458e+001 +5.634751458e+001 -1.2475e+000 +2.9923e+000 +2.5880e+000 +4.3164e+000 -1.9768e+000 -2.4688e+000 +1.9877e+000 -3.9505e+000 -3.7992e+000 +4.0864e+000
4804 0 +8.528938659e+001 +5.053938659e+001 +5.053938659e+001 -1.0676e+000 +2.7921e+000 +2.6086e+000 +4.3473e+000 -1.9722e+000 -2.6152e+000 +1.9489e+000 -4.1194e+000 -3.7986e+000 +4.0772e+000
5122 0 +8.153881582e+001 +4.678881582e+001 +4.678881582e+001 -1.1028e+000 +2.8230e+000 +2.6130e+000 +4.3490e+000 -1.9853e+000 -2.5894e+000 +1.9574e+000 -4.0733e+000 -3.7884e+000 +4.0848e+000
5609 0 +8.051932787e+001 +4.576932787e+001 +4.576932787e+001 -1.1547e+000 +2.8746e+000 +2.5757e+000 +4.2588e+000 -1.9014e+000 -2.5213e+000 +1.9427e+000 -4.0851e+000 -3.7682e+000 +4.0521e+000
6176 0 +7.581016747e+001 +4.106016747e+001 +4.106016747e+001 -1.1161e+000 +2.8301e+000 +2.5845e+000 +4.3295e+000 -1.9971e+000 -2.5553e+000 +1.9650e+000 -4.0965e+000 -3.7777e+000 +4.0574e+000
6516 0 +7.097968001e+001 +3.622968001e+001 +3.622968001e+001 -1.6932e+000 +3.1132e+000 +1.2859e+000 +4.1582e+000 -3.0786e+000 -3.7719e+000 +1.4724e+000 -3.7751e+000 -4.2672e+000 +3.9812e+000
7609 0 +7.031864097e+001 +3.556864097e+001 +3.556864097e+001 -1.7075e+000 +3.1279e+000 +1.2792e+000 +4.1439e+000 -3.0660e+000 -3.7621e+000 +1.4694e+000 -3.7684e+000 -4.2659e+000 +3.9787e+000
% f evaluations | g evaluations | best noise-free fitness - Fopt (-1.000000000000e+003) + sum g_i+ | measured fitness | best measured fitness or single-digit g-values | x1 | x2...
1 0 +3.064735575e+002 -6.935264425e+002 -6.935264425e+002 +0.0000e+000 +0.0000e+000 +0.0000e+000 +0.0000e+000 +0.0000e+000 +0.0000e+000 +0.0000e+000 +0.0000e+000 +0.0000e+000 +0.0000e+000
21 0 +2.651383654e+002 -7.348616346e+002 -7.348616346e+002 -7.6411e-001 -3.7999e+000 +2.0034e+000 +4.9226e-002 -9.4118e-001 -1.6352e-001 +4.5755e-002 +2.5202e+000 -3.0579e+000 -1.8349e+000
87 0 +2.586632548e+002 -7.413367452e+002 -7.413367452e+002 -4.1529e+000 -4.5601e+000 +4.8354e-001 -1.5509e+000 +1.7279e+000 +2.4189e+000 -1.6140e+000 +9.9158e-001 +4.7968e+000 -4.7837e+000
215 0 +1.331050266e+002 -8.668949734e+002 -8.668949734e+002 -3.0417e+000 -2.8485e+000 +3.6805e-001 -1.4553e+000 -5.0413e-002 -5.6974e-001 -2.9998e-001 +1.1377e+000 +2.7176e+000 -2.3531e+000
791 0 +1.276245988e+002 -8.723754012e+002 -8.723754012e+002 -2.3543e+000 -2.3869e+000 -7.0634e-002 -1.4907e+000 -5.1628e-001 -7.3647e-001 -1.2679e-001 +1.1931e+000 +1.6064e+000 -2.1849e+000
922 0 +1.115218095e+002 -8.884781905e+002 -8.884781905e+002 -2.3012e+000 -2.2891e+000 -9.4358e-001 -9.6530e-001 -3.8705e-001 -2.5215e+000 +8.5171e-001 +2.1144e+000 +1.7190e+000 -1.7146e+000
1033 0 +1.063903958e+002 -8.936096042e+002 -8.936096042e+002 -1.8541e+000 -3.9791e+000 +6.7289e-001 -2.5627e+000 -1.7420e+000 -1.7064e+000 +9.0427e-001 +2.4919e+000 +1.6319e+000 -2.7382e+000
1530 0 +8.703541527e+001 -9.129645847e+002 -9.129645847e+002 -2.1934e+000 -4.6056e+000 +1.0386e+000 -2.4668e+000 -1.6187e+000 -2.1337e+000 +6.2579e-001 +3.1857e+000 +1.5640e+000 -2.7674e+000
2092 0 +8.510654854e+001 -9.148934515e+002 -9.148934515e+002 -2.1832e+000 -4.6053e+000 +1.0327e+000 -2.4584e+000 -1.6105e+000 -2.1267e+000 +6.1567e-001 +3.1738e+000 +1.5917e+000 -2.7634e+000
2360 0 +6.990558318e+001 -9.300944168e+002 -9.300944168e+002 -2.1628e+000 -4.5391e+000 +1.0060e+000 -2.4765e+000 -1.6079e+000 -2.1157e+000 +6.2792e-001 +3.1459e+000 +1.5701e+000 -2.7634e+000
3530 0 +6.886047577e+001 -9.311395242e+002 -9.311395242e+002 -2.1603e+000 -4.5434e+000 +1.0066e+000 -2.4753e+000 -1.6087e+000 -2.1136e+000 +6.2677e-001 +3.1440e+000 +1.5776e+000 -2.7631e+000
3724 0 +6.539107458e+001 -9.346089254e+002 -9.346089254e+002 -2.1894e+000 -4.5507e+000 +1.0235e+000 -2.4831e+000 -1.6046e+000 -2.0852e+000 +6.4160e-001 +3.1226e+000 +1.5953e+000 -2.7602e+000
4337 0 +6.274019130e+001 -9.372598087e+002 -9.372598087e+002 -2.2075e+000 -4.5349e+000 +9.2923e-001 -2.6006e+000 -1.7185e+000 -2.1604e+000 +6.3951e-001 +3.1632e+000 +1.6389e+000 -2.7511e+000
5460 0 +5.822583531e+001 -9.417741647e+002 -9.417741647e+002 -2.1588e+000 -4.6023e+000 +9.8714e-001 -2.5105e+000 -1.6794e+000 -2.0804e+000 +6.5757e-001 +3.1182e+000 +1.6525e+000 -2.7760e+000
5697 0 +5.268641721e+001 -9.473135828e+002 -9.473135828e+002 -2.1697e+000 -4.5989e+000 +9.8618e-001 -2.5122e+000 -1.6826e+000 -2.0844e+000 +6.5488e-001 +3.1293e+000 +1.6405e+000 -2.8027e+000
6735 0 +5.185126066e+001 -9.481487393e+002 -9.481487393e+002 -2.1547e+000 -4.5138e+000 +9.3702e-001 -2.5212e+000 -1.6768e+000 -2.0814e+000 +6.5447e-001 +3.1069e+000 +1.6139e+000 -2.8709e+000
7036 0 +4.238538197e+001 -9.576146180e+002 -9.576146180e+002 -2.1841e+000 -4.5309e+000 +9.4194e-001 -2.4850e+000 -1.6612e+000 -2.0632e+000 +6.1754e-001 +3.1182e+000 +1.6460e+000 -2.8114e+000
8155 0 +4.149151520e+001 -9.585084848e+002 -9.585084848e+002 -2.1847e+000 -4.5650e+000 +9.7328e-001 -2.5061e+000 -1.6741e+000 -2.0419e+000 +6.0908e-001 +3.1140e+000 +1.6451e+000 -2.8414e+000
% f evaluations | g evaluations | best noise-free fitness - Fopt (-9.247000000000e+001) + sum g_i+ | measured fitness | best measured fitness or single-digit g-values | x1 | x2...
1 0 +3.754195373e+002 +2.829495373e+002 +2.829495373e+002 +0.0000e+000 +0.0000e+000 +0.0000e+000 +0.0000e+000 +0.0000e+000 +0.0000e+000 +0.0000e+000 +0.0000e+000 +0.0000e+000 +0.0000e+000
26 0 +3.080923601e+002 +2.156223601e+002 +2.156223601e+002 +1.7957e+000 +2.6419e+000 +3.6688e-001 -7.2915e-001 -2.4970e+000 -4.5990e+000 +3.3326e+000 +7.2081e-001 +2.6756e-002 -3.7824e+000
37 0 +2.370000272e+002 +1.445300272e+002 +1.445300272e+002 +2.1727e+000 -2.7547e-001 +4.5761e+000 +1.4484e+000 -1.2372e-002 -2.2430e-001 +1.9103e+000 +2.0180e-002 -1.9986e+000 +5.7708e-001
232 0 +2.315620101e+002 +1.390920101e+002 +1.390920101e+002 +1.2442e+000 +8.8236e-003 +4.9248e+000 +8.4870e-001 -2.4846e+000 +1.1654e+000 +1.5908e+000 -1.1704e+000 +7.1593e-001 -1.6888e+000
239 0 +1.472633299e+002 +5.479332986e+001 +5.479332986e+001 +2.2242e+000 -4.4287e-001 +1.1040e-001 -1.4430e+000 -2.3821e+000 -2.5261e+000 -5.0730e-001 +2.5097e-001 +2.2558e+000 +1.4543e+000
312 0 +1.347683093e+002 +4.229830930e+001 +4.229830930e+001 +2.0296e+000 +2.3492e-002 +2.0328e+000 -1.0286e+000 -4.7746e-001 -3.0430e+000 +7.6459e-001 +7.7601e-001 +1.4579e+000 +2.1707e+000
380 0 +9.874920274e+001 +6.279202742e+000 +6.279202742e+000 +3.8134e+000 -7.5933e-001 +3.7603e+000 +3.7664e-002 -1.3887e-001 -2.4583e+000 +2.5217e+000 +2.9308e+000 -1.2484e+000 +1.1191e+000
508 0 +8.977347674e+001 -2.696523265e+000 -2.696523265e+000 +3.5885e+000 +7.8659e-003 +3.2672e+000 -9.2966e-001 -1.9134e-001 -1.5230e+000 +1.0057e+000 +1.3852e+000 -3.2767e-001 +1.1972e+000
583 0 +6.970578123e+001 -2.276421877e+001 -2.276421877e+001 +3.3515e+000 -2.1177e-001 +4.2235e+000 +6.1102e-002 -3.4369e-001 -2.3389e+000 +2.5013e+000 +2.5037e+000 -9.2021e-001 +1.0351e+000
755 0 +6.052676051e+001 -3.194323949e+001 -3.194323949e+001 +3.6287e+000 -2.5031e-001 +4.2363e+000 -1.0912e-001 -4.6145e-001 -2.3882e+000 +2.3829e+000 +2.5802e+000 -5.5581e-001 +1.1039e+000
1789 0 +6.015073979e+001 -3.231926021e+001 -3.231926021e+001 +3.6047e+000 -1.8478e-001 +4.2746e+000 -1.2053e-001 -4.3986e-001 -2.4123e+000 +2.4450e+000 +2.6330e+000 -5.8834e-001 +1.0653e+000
1953 0 +5.067102995e+001 -4.179897005e+001 -4.179897005e+001 +3.6490e+000 -2.0170e-001 +4.2965e+000 -9.1801e-002 -4.6965e-001 -2.4038e+000 +2.4902e+000 +2.6723e+000 -5.5702e-001 +1.0783e+000
5490 0 +4.987360578e+001 -4.259639422e+001 -4.259639422e+001 +3.7213e+000 -1.6593e-001 +4.3201e+000 -1.0528e-001 -4.4333e-001 -2.4253e+000 +2.5026e+000 +2.7046e+000 -5.5124e-001 +1.0804e+000
6823 0 +3.666192418e+001 -5.580807582e+001 -5.580807582e+001 +3.7481e+000 -8.5430e-002 +4.2559e+000 -1.3064e-001 -4.0492e-001 -2.3993e+000 +2.5450e+000 +2.6802e+000 -5.1336e-001 +1.1375e+000
7372 0 +3.411425139e+001 -5.835574861e+001 -5.835574861e+001 +3.6946e+000 -5.6347e-002 +4.2556e+000 -1.3711e-001 -4.6214e-001 -2.3965e+000 +2.5484e+000 +2.6587e+000 -5.0612e-001 +1.1593e+000
8507 0 +3.374976481e+001 -5.872023519e+001 -5.872023519e+001 +3.7105e+000 -7.1687e-002 +4.2486e+000 -1.2685e-001 -4.4656e-001 -2.4022e+000 +2.5361e+000 +2.6639e+000 -5.0662e-001 +1.1480e+000
9007 0 +3.301972281e+001 -5.945027719e+001 -5.945027719e+001 +3.7074e+000 -7.8908e-002 +4.2389e+000 -1.2083e-001 -4.4888e-001 -2.4045e+000 +2.5254e+000 +2.6596e+000 -5.0605e-001 +1.1402e+000
% f evaluations | g evaluations | best noise-free fitness - Fopt (-2.153000000000e+002) + sum g_i+ | measured fitness | best measured fitness or single-digit g-values | x1 | x2...
1 0 +5.117247593e+002 +2.964247593e+002 +2.964247593e+002 +0.0000e+000 +0.0000e+000 +0.0000e+000 +0.0000e+000 +0.0000e+000 +0.0000e+000 +0.0000e+000 +0.0000e+000 +0.0000e+000 +0.0000e+000
18 0 +4.248473633e+002 +2.095473633e+002 +2.095473633e+002 -4.4536e+000 -1.1533e+000 +3.0953e+000 -6.1315e-001 -2.3028e+000 -4.6189e+000 +6.6487e-001 -2.1426e+000 +3.2538e-001 -9.6878e-001
22 0 +3.363680761e+002 +1.210680761e+002 +1.210680761e+002 -5.1346e-001 +1.5044e+000 +1.5571e+000 -4.4065e+000 +3.6630e+000 -4.2627e+000 -2.8145e+000 -2.6831e+000 -6.1937e-001 +3.2864e+000
27 0 +2.735893326e+002 +5.828933258e+001 +5.828933258e+001 -3.6411e+000 +3.2297e+000 +2.0995e+000 +2.1629e+000 +4.3603e-001 -2.7686e+000 -5.5810e-001 +1.4953e+000 -7.6292e-002 +3.5292e+000
48 0 +2.323435659e+002 +1.704356595e+001 +1.704356595e+001 -2.1005e+000 -8.0095e-001 -2.0347e+000 +6.7657e-001 +3.1952e+000 -2.4378e+000 -9.1629e-001 +1.0066e+000 -3.5891e+000 +4.1637e-001
61 0 +2.095058118e+002 -5.794188188e+000 -5.794188188e+000 -3.0872e+000 +3.3900e+000 +6.3294e-001 -4.5412e+000 +2.8937e+000 -4.3904e+000 -3.6577e+000 +1.0101e+000 +6.0719e-001 +2.1266e+000
212 0 +1.877626502e+002 -2.753734975e+001 -2.753734975e+001 -2.7181e+000 +2.9671e+000 +1.4515e+000 -3.0102e+000 +2.8383e+000 -3.3479e+000 -3.8033e+000 +1.0450e+000 -2.4113e-001 +1.4563e+000
233 0 +1.712335458e+002 -4.406645417e+001 -4.406645417e+001 -2.1819e+000 +9.7852e-001 +2.2489e+000 -1.8247e+000 +1.8678e+000 -3.5762e+000 -1.1130e+000 +1.2440e+000 +5.1592e-001 -1.9931e+000
259 0 +1.533183995e+002 -6.198160053e+001 -6.198160053e+001 -1.8600e+000 +8.6129e-001 +1.8614e+000 -1.1812e+000 +2.9212e+000 -2.8921e+000 -2.9207e+000 +1.0443e+000 -1.8203e+000 +2.1747e+000
384 0 +1.431140349e+002 -7.218596510e+001 -7.218596510e+001 -2.0728e+000 +1.4712e+000 +1.0237e+000 -2.1690e+000 +2.8677e+000 -4.0763e+000 -3.8957e+000 +6.1706e-001 -6.8557e-001 +1.5261e+000
479 0 +9.821195088e+001 -1.170880491e+002 -1.170880491e+002 -1.5420e+000 +1.5682e+000 +1.3864e+000 -1.5096e+000 +2.4213e+000 -3.1476e+000 -3.8661e+000 +1.1378e+000 -7.6860e-001 +1.8812e+000
2706 0 +9.478670814e+001 -1.205132919e+002 -1.205132919e+002 -1.5057e+000 +1.5677e+000 +1.3766e+000 -1.4854e+000 +2.4027e+000 -3.1444e+000 -3.8584e+000 +1.1628e+000 -7.6912e-001 +1.8174e+000
5632 0 +9.252530330e+001 -1.227746967e+002 -1.227746967e+002 -1.5216e+000 +1.5496e+000 +1.4118e+000 -1.4915e+000 +2.4352e+000 -3.1340e+000 -3.8344e+000 +1.1530e+000 -7.9374e-001 +1.8355e+000
8964 0 +9.026964130e+001 -1.250303587e+002 -1.250303587e+002 -1.5167e+000 +1.5478e+000 +1.3907e+000 -1.4794e+000 +2.4126e+000 -3.1414e+000 -3.8257e+000 +1.1625e+000 -7.8942e-001 +1.8616e+000
% f evaluations | g evaluations | best noise-free fitness - Fopt (-5.449000000000e+001) + sum g_i+ | measured fitness | best measured fitness or single-digit g-values | x1 | x2...
1 0 +2.155978129e+002 +1.611078129e+002 +1.611078129e+002 +0.0000e+000 +0.0000e+000 +0.0000e+000 +0.0000e+000 +0.0000e+000 +0.0000e+000 +0.0000e+000 +0.0000e+000 +0.0000e+000 +0.0000e+000
100 0 +1.605631193e+002 +1.060731193e+002 +1.060731193e+002 +3.5285e+000 +3.6535e-001 +1.0947e+000 -1.7864e+000 +1.6203e+000 +2.3058e+000 -2.4340e+000 -1.2450e+000 -1.7029e+000 -1.6953e+000
209 0 +1.361534518e+002 +8.166345183e+001 +8.166345183e+001 +3.5412e+000 -4.5274e+000 +1.6988e+000 -4.1043e+000 +1.6612e+000 +8.9100e-001 -1.7677e+000 +5.6365e-001 +1.1229e+000 -1.0384e+000
515 0 +1.348553287e+002 +8.036532865e+001 +8.036532865e+001 +1.9510e+000 -1.1024e+000 +1.2006e+000 -1.5266e+000 +7.9920e-001 +5.9825e-001 -3.3383e+000 +1.3017e+000 +1.5342e+000 +2.6895e-002
641 0 +1.178926217e+002 +6.340262172e+001 +6.340262172e+001 +1.8194e+000 -1.0404e+000 +1.0740e+000 -1.3600e+000 +6.5392e-001 +6.4560e-001 -3.1406e+000 +1.4952e+000 +1.7292e+000 +3.1634e-002
711 0 +1.114653271e+002 +5.697532713e+001 +5.697532713e+001 +3.1342e+000 -3.7987e+000 +1.5356e+000 -3.5252e+000 +1.1601e+000 +6.9475e-001 -1.6718e+000 +8.0710e-001 +6.8099e-001 -2.2138e+000
1599 0 +9.187193203e+001 +3.738193203e+001 +3.738193203e+001 +2.7799e+000 -1.9361e+000 +1.1317e+000 -2.3167e+000 +1.2343e+000 +9.0573e-001 -2.4121e+000 +8.5451e-001 +9.3987e-001 -5.1376e-001
2226 0 +8.737850083e+001 +3.288850083e+001 +3.288850083e+001 +3.4205e+000 -6.0778e-001 +5.9185e-001 -9.8465e-001 +8.3360e-001 +7.7226e-001 -1.2250e+000 -3.7433e-001 +1.0935e+000 -4.8156e-001
2702 0 +8.259943732e+001 +2.810943732e+001 +2.810943732e+001 +3.4504e+000 -6.1444e-001 +5.6902e-001 -9.4940e-001 +8.3166e-001 +7.6290e-001 -1.1797e+000 -4.1528e-001 +1.1045e+000 -4.8233e-001
3088 0 +7.753656107e+001 +2.304656107e+001 +2.304656107e+001 +3.4640e+000 -6.0348e-001 +5.7433e-001 -9.4381e-001 +8.1449e-001 +7.5689e-001 -1.1537e+000 -4.3876e-001 +1.0961e+000 -4.7973e-001
5035 0 +7.398009700e+001 +1.949009700e+001 +1.949009700e+001 +3.4750e+000 -5.7548e-001 +5.8899e-001 -9.3072e-001 +7.6586e-001 +7.7067e-001 -1.1520e+000 -4.2224e-001 +1.1164e+000 -4.7457e-001
7458 0 +7.107116066e+001 +1.658116066e+001 +1.658116066e+001 +3.4774e+000 -6.5392e-001 +5.0204e-001 -8.9384e-001 +6.7121e-001 +6.5633e-001 -9.9623e-001 -3.5520e-001 +1.1943e+000 -3.6499e-001
7923 0 +6.899683823e+001 +1.450683823e+001 +1.450683823e+001 +3.5099e+000 -6.8336e-001 +5.4071e-001 -9.2139e-001 +6.9307e-001 +7.0764e-001 -1.0430e+000 -3.9162e-001 +1.1105e+000 -4.0423e-001
8560 0 +6.303885484e+001 +8.548854842e+000 +8.548854842e+000 +3.4448e+000 -6.5961e-001 +4.8741e-001 -8.6946e-001 +6.5696e-001 +6.4860e-001 -9.9114e-001 -4.3007e-001 +1.1010e+000 -3.6940e-001
% f evaluations | g evaluations | best noise-free fitness - Fopt (5.049000000000e+001) + sum g_i+ | measured fitness | best measured fitness or single-digit g-values | x1 | x2...
1 0 +2.418755890e+002 +2.923655890e+002 +2.923655890e+002 +0.0000e+000 +0.0000e+000 +0.0000e+000 +0.0000e+000 +0.0000e+000 +0.0000e+000 +0.0000e+000 +0.0000e+000 +0.0000e+000 +0.0000e+000
38 0 +2.147907456e+002 +2.652807456e+002 +2.652807456e+002 +2.7098e+000 +7.1181e-001 +4.0470e+000 -1.0892e+000 +3.3280e-001 -1.0978e+000 +6.4627e-002 -2.1041e+000 +6.3802e-001 +4.1536e+000
221 0 +1.812111099e+002 +2.317011099e+002 +2.317011099e+002 +2.6767e+000 +2.6496e-001 +3.9739e+000 -1.1714e+000 +1.1867e+000 -1.5615e+000 -3.9212e-001 -1.8189e+000 +6.3505e-001 +4.0231e+000
245 0 +1.694795394e+002 +2.199695394e+002 +2.199695394e+002 +2.5535e+000 -3.4528e-001 +2.6661e+000 +3.0838e-001 +9.4111e-002 -1.6383e+000 -1.3846e-001 -2.3505e+000 -1.0487e+000 +4.2956e+000
353 0 +1.537384008e+002 +2.042284008e+002 +2.042284008e+002 +2.4937e+000 +2.4299e-001 +2.2913e+000 -1.4300e+000 +7.1572e-001 -1.0120e+000 +2.1395e-001 -1.6541e+000 -1.6696e+000 -2.6030e-001
433 0 +1.106991903e+002 +1.611891903e+002 +1.611891903e+002 +1.9728e+000 +6.2163e-001 +1.8349e+000 -1.8108e+000 +1.1255e+000 -7.6411e-001 +4.9773e-001 -1.3606e+000 -2.4878e+000 +3.5364e+000
781 0 +1.064477787e+002 +1.569377787e+002 +1.569377787e+002 +2.2989e+000 +9.7087e-001 +1.7240e+000 -1.5917e+000 +7.5890e-001 -6.2948e-001 +4.5445e-001 -1.1067e+000 -3.2942e+000 +2.5809e+000
1674 0 +8.942537083e+001 +1.399153708e+002 +1.399153708e+002 +2.2964e+000 +6.8793e-001 +3.5478e+000 +5.8667e-001 +1.3316e+000 -3.8930e-001 +1.6743e+000 +1.1703e-001 -1.4698e+000 +2.8680e+000
2305 0 +8.874288208e+001 +1.392328821e+002 +1.392328821e+002 +2.4564e+000 +9.5292e-001 +2.9901e+000 -3.0608e-001 +1.5164e+000 -1.5578e-001 +1.5833e+000 +3.2953e-001 -2.2222e+000 +2.6921e+000
2805 0 +8.486745151e+001 +1.353574515e+002 +1.353574515e+002 +2.2223e+000 +6.3720e-001 +3.0655e+000 +8.0411e-002 +1.1577e+000 -5.6484e-001 +9.5102e-001 -5.7569e-001 -1.3359e+000 +3.1981e+000
4066 0 +8.027249105e+001 +1.307624911e+002 +1.307624911e+002 +3.2963e+000 +7.6085e-001 +1.8642e+000 +1.1840e+000 +3.8835e+000 -1.4331e+000 +1.1793e+000 -1.8955e+000 -1.5777e+000 +2.9083e+000
4182 0 +7.160091474e+001 +1.220909147e+002 +1.220909147e+002 +3.5021e+000 +5.1233e-001 +1.7641e+000 -1.5001e+000 +4.0290e+000 -4.5154e-001 +1.6973e+000 -2.9204e+000 -1.7607e+000 +3.6346e+000
4717 0 +6.485242699e+001 +1.153424270e+002 +1.153424270e+002 +2.9947e+000 +1.0221e+000 +2.0137e+000 -3.7676e-001 +4.0119e+000 -5.8383e-001 +1.3929e+000 -2.8634e+000 -1.9727e+000 +2.9427e+000
5778 0 +6.196431645e+001 +1.124543165e+002 +1.124543165e+002 +3.1711e+000 +5.1826e-001 +1.6289e+000 -1.3180e-001 +4.3137e+000 -8.3443e-001 +1.3465e+000 -2.7026e+000 -2.0514e+000 +3.4236e+000
7241 0 +5.446219212e+001 +1.049521921e+002 +1.049521921e+002 +2.9999e+000 +7.1504e-001 +2.3234e+000 +2.0543e-001 +3.5403e+000 -6.0695e-001 +1.5901e+000 -1.4081e+000 -1.9290e+000 +3.5222e+000
7677 0 +5.214688867e+001 +1.026368887e+002 +1.026368887e+002 +3.0324e+000 +8.8323e-001 +2.0256e+000 -1.3780e-001 +3.9795e+000 -7.0853e-001 +1.3561e+000 -2.5505e+000 -1.9088e+000 +3.1350e+000
9837 0 +4.778683840e+001 +9.827683840e+001 +9.827683840e+001 +3.1221e+000 +7.0745e-001 +2.0011e+000 +6.6822e-002 +3.9664e+000 -6.3075e-001 +1.6025e+000 -1.9797e+000 -2.0084e+000 +4.6547e+000
% f evaluations | g evaluations | best noise-free fitness - Fopt (-3.641300000000e+002) + sum g_i+ | measured fitness | best measured fitness or single-digit g-values | x1 | x2...
1 0 +3.420922698e+002 -2.203773022e+001 -2.203773022e+001 +0.0000e+000 +0.0000e+000 +0.0000e+000 +0.0000e+000 +0.0000e+000 +0.0000e+000 +0.0000e+000 +0.0000e+000 +0.0000e+000 +0.0000e+000
29 0 +3.236720518e+002 -4.045794823e+001 -4.045794823e+001 +4.7894e+000 -3.7470e+000 -4.3257e+000 -4.9851e-002 +2.4576e+000 -3.5209e+000 -6.5445e-001 +1.0899e+000 -4.3867e+000 -2.6140e+000
32 0 +2.821621862e+002 -8.196781383e+001 -8.196781383e+001 -4.5406e+000 +4.8313e-001 +4.8673e+000 -2.7537e+000 +2.8558e+000 -4.1667e+000 -2.7224e+000 -3.4015e+000 -6.5491e-001 -4.0396e+000
97 0 +2.705231443e+002 -9.360685571e+001 -9.360685571e+001 -6.6217e-001 -8.9189e-001 -1.8724e+000 +2.6146e+000 -2.7873e+000 -4.8742e+000 +1.3229e+000 +1.1029e+000 -2.3712e+000 -2.4126e+000
207 0 +1.963501003e+002 -1.677798997e+002 -1.677798997e+002 -1.9282e-001 -1.8687e+000 +4.6487e-001 +2.3849e+000 +2.6669e-001 -3.7404e+000 +1.6697e-001 +1.5486e+000 -2.8513e+000 -3.0265e+000
304 0 +1.935418326e+002 -1.705881674e+002 -1.705881674e+002 -9.2922e-001 -1.6171e+000 -4.8969e-001 +6.7350e-001 +2.3415e+000 -1.1769e+000 +1.6119e+000 -1.9869e+000 -2.5466e+000 -2.6073e+000
453 0 +1.423997339e+002 -2.217302661e+002 -2.217302661e+002 -7.3155e-001 -1.1237e+000 -1.1840e+000 -7.3901e-001 +1.4926e+000 -4.6891e-001 +1.3601e+000 -4.1641e-001 -2.5574e-002 -2.4487e+000
590 0 +1.377733094e+002 -2.263566906e+002 -2.263566906e+002 -1.1002e+000 -1.3420e+000 -1.6093e+000 -7.5349e-001 +3.3041e+000 -1.4207e+000 +8.5799e-001 -1.7599e+000 -3.5058e-001 -4.5479e+000
637 0 +1.011083349e+002 -2.630216651e+002 -2.630216651e+002 -1.9296e+000 -4.1019e-001 -1.3109e+000 -1.0548e+000 +1.2056e+000 -9.8395e-001 +1.1449e+000 -6.0175e-001 -2.6304e-002 -2.9607e+000
2050 0 +9.720290036e+001 -2.669270996e+002 -2.669270996e+002 -3.0978e+000 -6.3036e-001 -5.4610e-001 -2.0198e+000 +2.5471e+000 -1.7251e+000 +2.0923e+000 -2.5401e+000 +8.7778e-001 -2.1972e+000
2865 0 +9.075353994e+001 -2.733764601e+002 -2.733764601e+002 -2.9146e+000 -4.8620e-001 -4.9725e-001 -2.1426e+000 +2.6978e+000 -1.7140e+000 +1.9479e+000 -2.3325e+000 +7.4614e-001 -2.1309e+000
3388 0 +8.879237784e+001 -2.753376222e+002 -2.753376222e+002 -2.0047e+000 -6.2537e-001 -1.1674e+000 -4.9018e-001 +1.1198e+000 -1.5883e+000 +1.3702e+000 -4.5476e-001 -1.7139e-001 -2.5942e+000
3550 0 +8.446269161e+001 -2.796673084e+002 -2.796673084e+002 -2.6422e+000 -6.3646e-001 -8.2162e-001 -1.3026e+000 +1.8661e+000 -1.6961e+000 +1.7843e+000 -1.6069e+000 +4.2060e-001 -2.3817e+000
4981 0 +7.492753983e+001 -2.892024602e+002 -2.892024602e+002 -2.7519e+000 -6.7969e-001 -8.7277e-001 -1.3444e+000 +1.9508e+000 -1.6473e+000 +1.7792e+000 -1.6187e+000 +4.7911e-001 -2.3545e+000
5009 0 +7.212489370e+001 -2.920051063e+002 -2.920051063e+002 -2.7616e+000 -6.8101e-001 -8.4590e-001 -1.3805e+000 +1.9730e+000 -1.6780e+000 +1.7998e+000 -1.6851e+000 +5.1970e-001 -2.3374e+000
6189 0 +7.045705110e+001 -2.936729489e+002 -2.936729489e+002 -2.7828e+000 -6.9091e-001 -8.2800e-001 -1.3864e+000 +1.9887e+000 -1.7078e+000 +1.8113e+000 -1.6972e+000 +5.2125e-001 -2.3267e+000
6632 0 +6.520174611e+001 -2.989282539e+002 -2.989282539e+002 -2.7813e+000 -6.7273e-001 -8.1657e-001 -1.3954e+000 +2.0004e+000 -1.7212e+000 +1.7869e+000 -1.7309e+000 +5.2733e-001 -2.3361e+000
6969 0 +5.912195674e+001 -3.050080433e+002 -3.050080433e+002 -3.1752e+000 -7.3562e-001 -1.7796e-001 -2.3394e+000 +2.4904e+000 -2.5959e+000 +1.4718e+000 -1.6822e+000 +2.9909e-001 -1.9572e+000
7532 0 +5.718592070e+001 -3.069440793e+002 -3.069440793e+002 -3.1990e+000 -7.7553e-001 -1.4385e-001 -2.4606e+000 +2.5099e+000 -2.6060e+000 +1.5210e+000 -1.6142e+000 +2.8341e-001 -1.8887e+000
8389 0 +4.934535885e+001 -3.147846412e+002 -3.147846412e+002 -3.1037e+000 -7.2867e-001 -2.1509e-001 -2.4593e+000 +2.4363e+000 -2.4958e+000 +1.4073e+000 -1.4967e+000 +2.2873e-001 -1.9437e+000
8913 0 +4.137399585e+001 -3.227560042e+002 -3.227560042e+002 -3.1491e+000 -7.7626e-001 -1.6103e-001 -2.4528e+000 +2.4593e+000 -2.5860e+000 +1.4656e+000 -1.5281e+000 +2.4289e-001 -1.9071e+000
9289 0 +3.981170811e+001 -3.243182919e+002 -3.243182919e+002 -3.1217e+000 -7.5708e-001 -1.9977e-001 -2.4228e+000 +2.4367e+000 -2.5281e+000 +1.4556e+000 -1.5227e+000 +2.4662e-001 -1.9327e+000
% f evaluations | g evaluations | best noise-free fitness - Fopt (1.592700000000e+002) + sum g_i+ | measured fitness | best measured fitness or single-digit g-values | x1 | x2...
1 0 +4.308385903e+002 +5.901085903e+002 +5.901085903e+002 +0.0000e+000 +0.0000e+000 +0.0000e+000 +0.0000e+000 +0.0000e+000 +0.0000e+000 +0.0000e+000 +0.0000e+000 +0.0000e+000 +0.0000e+000
25 0 +4.171994161e+002 +5.764694161e+002 +5.764694161e+002 -2.1457e+000 +1.5559e+000 +2.7079e+000 -6.2731e-001 +2.0554e+000 +3.3991e+000 -2.9064e+000 -1.5481e+000 -1.2598e+000 +2.8562e+000
83 0 +3.582098511e+002 +5.174798511e+002 +5.174798511e+002 -4.2035e+000 +4.0942e+000 +5.4530e-001 +2.1279e+000 +1.6788e-001 +5.8982e-001 +4.0309e+000 -2.2485e+000 +4.6382e+000 +2.1305e+000
243 0 +2.898073471e+002 +4.490773471e+002 +4.490773471e+002 -3.0464e+000 +4.3038e+000 +3.2294e+000 -2.2337e+000 -6.5826e-001 +2.0493e+000 +1.3154e+000 +8.9337e-001 +5.4224e+000 +4.7127e+000
299 0 +2.880215804e+002 +4.472915804e+002 +4.472915804e+002 -2.8736e+000 +1.4278e+000 +3.2132e-001 +1.4083e+000 -2.2415e+000 +7.0187e-002 +2.1386e+000 +2.8848e-001 +1.3179e+000 +7.3906e-001
330 0 +2.303960412e+002 +3.896660412e+002 +3.896660412e+002 -2.7554e+000 +3.0757e+000 +1.5046e-001 +1.2792e+000 -9.1447e-001 +1.8965e-002 +2.4288e+000 -8.0909e-001 +2.6535e+000 +1.0603e+000
583 0 +2.180040573e+002 +3.772740573e+002 +3.772740573e+002 -3.9126e+000 +1.1437e+000 -4.1142e-001 -5.6945e-001 -2.1802e+000 +1.4456e+000 +2.0076e+000 -2.4058e+000 +1.2131e+000 -8.9356e-001
648 0 +1.925607150e+002 +3.518307150e+002 +3.518307150e+002 -2.9488e+000 +1.5869e+000 +3.9402e-001 +2.6134e-001 -1.7076e+000 +1.9386e+000 +1.0411e+000 -1.8355e+000 +6.9362e-001 -1.3017e+000
805 0 +1.673520963e+002 +3.266220963e+002 +3.266220963e+002 -2.5596e+000 +8.1493e-001 +1.3940e+000 -1.4110e+000 -1.7683e+000 +1.9106e+000 -4.5224e-002 -3.5150e+000 +1.8015e+000 -2.0717e+000
1043 0 +1.442894051e+002 +3.035594051e+002 +3.035594051e+002 -1.0939e+000 +1.8930e+000 +2.6554e+000 -1.9219e+000 -1.4390e+000 +1.4430e+000 -1.8653e+000 -1.7467e+000 +2.3200e+000 -1.5938e+000
1116 0 +1.041534427e+002 +2.634234427e+002 +2.634234427e+002 -1.7702e+000 +1.1217e+000 +3.0395e+000 -2.5510e+000 -1.5263e+000 +2.1598e+000 -1.5681e+000 -2.3645e+000 +2.2257e+000 -2.0562e+000
2774 0 +9.426094655e+001 +2.535309465e+002 +2.535309465e+002 -2.9443e+000 +3.9109e-001 +3.8118e+000 -2.9779e-001 -1.1863e+000 +2.1814e+000 -9.8635e-001 -3.9540e-001 +3.4307e+000 -1.7303e+000
3156 0 +7.205149636e+001 +2.313214964e+002 +2.313214964e+002 -2.2687e+000 +5.8202e-001 +3.2128e+000 -1.8305e+000 -1.2814e+000 +2.3128e+000 -1.4458e+000 -1.7291e+000 +2.6891e+000 -1.9026e+000
5365 0 +6.816079853e+001 +2.274307985e+002 +2.274307985e+002 -2.2297e+000 +5.7414e-001 +3.2328e+000 -1.8769e+000 -1.2566e+000 +2.3174e+000 -1.4577e+000 -1.7537e+000 +2.7828e+000 -1.8921e+000
7125 0 +6.648915215e+001 +2.257591522e+002 +2.257591522e+002 -2.2511e+000 +5.6468e-001 +3.2199e+000 -1.8683e+000 -1.2850e+000 +2.3249e+000 -1.4528e+000 -1.7481e+000 +2.7606e+000 -1.9116e+000
8524 0 +6.502081141e+001 +2.242908114e+002 +2.242908114e+002 -2.2545e+000 +5.6586e-001 +3.2028e+000 -1.8793e+000 -1.2951e+000 +2.3238e+000 -1.4436e+000 -1.7427e+000 +2.7394e+000 -1.9113e+000
9650 0 +6.392128889e+001 +2.231912889e+002 +2.231912889e+002 -2.2782e+000 +5.6867e-001 +3.2178e+000 -1.8828e+000 -1.2796e+000 +2.3377e+000 -1.4402e+000 -1.7264e+000 +2.7375e+000 -1.9290e+000
9990 0 +6.254574753e+001 +2.218157475e+002 +2.218157475e+002 -2.2621e+000 +5.6632e-001 +3.1789e+000 -1.8874e+000 -1.2937e+000 +2.3317e+000 -1.4339e+000 -1.7522e+000 +2.7030e+000 -1.9322e+000
