% f evaluations | g evaluations | best noise-free fitness - Fopt (-9.210000000000e+000) + sum g_i+ | measured fitness | best measured fitness or single-digit g-values | x1 | x2...
1 0 +7.899082053e+002 +7.806982053e+002 +7.806982053e+002
2 0 +7.223953630e+002 +7.131853630e+002 +7.131853630e+002
5 0 +6.716455240e+002 +6.624355240e+002 +6.624355240e+002
19 0 +6.046053545e+002 +5.953953545e+002 +5.953953545e+002
127 0 +5.905453229e+002 +5.813353229e+002 +5.813353229e+002
129 0 +5.364857081e+002 +5.272757081e+002 +5.272757081e+002
139 0 +5.181196989e+002 +5.089096989e+002 +5.089096989e+002
201 0 +5.047676074e+002 +4.955576074e+002 +4.955576074e+002
207 0 +4.552105720e+002 +4.460005720e+002 +4.460005720e+002
239 0 +3.393352411e+002 +3.301252411e+002 +3.301252411e+002
311 0 +2.954567440e+002 +2.862467440e+002 +2.862467440e+002
407 0 +2.025744253e+002 +1.933644253e+002 +1.933644253e+002
609 0 +1.948279175e+002 +1.856179175e+002 +1.856179175e+002
659 0 +1.887681629e+002 +1.795581629e+002 +1.795581629e+002
672 0 +1.854546420e+002 +1.762446420e+002 +1.762446420e+002
713 0 +1.737565414e+002 +1.645465414e+002 +1.645465414e+002
763 0 +1.588849331e+002 +1.496749331e+002 +1.496749331e+002
808 0 +1.560217218e+002 +1.468117218e+002 +1.468117218e+002
863 0 +1.507092202e+002 +1.414992202e+002 +1.414992202e+002
909 0 +1.355446133e+002 +1.263346133e+002 +1.263346133e+002
1009 0 +1.189527143e+002 +1.097427143e+002 +1.097427143e+002
1098 0 +1.017319077e+002 +9.252190774e+001 +9.252190774e+001
1102 0 +9.146416285e+001 +8.225416285e+001 +8.225416285e+001
1210 0 +7.650602589e+001 +6.729602589e+001 +6.729602589e+001
1287 0 +6.512173572e+001 +5.591173572e+001 +5.591173572e+001
1320 0 +6.255678822e+001 +5.334678822e+001 +5.334678822e+001
1362 0 +5.815053458e+001 +4.894053458e+001 +4.894053458e+001
1434 0 +4.323531915e+001 +3.402531915e+001 +3.402531915e+001
1555 0 +3.667313632e+001 +2.746313632e+001 +2.746313632e+001
1731 0 +2.684721437e+001 +1.763721437e+001 +1.763721437e+001
1968 0 +2.524371549e+001 +1.603371549e+001 +1.603371549e+001
2384 0 +2.244650036e+001 +1.323650036e+001 +1.323650036e+001
2567 0 +1.530548095e+001 +6.095480953e+000 +6.095480953e+000
2647 0 +1.253425648e+001 +3.324256480e+000 +3.324256480e+000
3361 0 +7.810351223e+000 -1.399648777e+000 -1.399648777e+000
3468 0 +7.406593444e+000 -1.803406556e+000 -1.803406556e+000
3525 0 +5.654672304e+000 -3.555327696e+000 -3.555327696e+000
3586 0 +5.195268056e+000 -4.014731944e+000 -4.014731944e+000
3661 0 +4.468877568e+000 -4.741122432e+000 -4.741122432e+000
3678 0 +3.929554516e+000 -5.280445484e+000 -5.280445484e+000
3792 0 +2.194512336e+000 -7.015487664e+000 -7.015487664e+000
4094 0 +1.988085449e+000 -7.221914551e+000 -7.221914551e+000
4378 0 +1.914127385e+000 -7.295872615e+000 -7.295872615e+000
5200 0 +1.787539244e+000 -7.422460756e+000 -7.422460756e+000
5277 0 +5.983811682e-001 -8.611618832e+000 -8.611618832e+000
5336 0 +3.832596564e-001 -8.826740344e+000 -8.826740344e+000
5750 0 +1.992014723e-001 -9.010798528e+000 -9.010798528e+000
5841 0 +1.664472637e-001 -9.043552736e+000 -9.043552736e+000
5947 0 +0.000000000e+000 -9.210000000e+000 -9.210000000e+000
% f evaluations | g evaluations | best noise-free fitness - Fopt (6.559900000000e+002) + sum g_i+ | measured fitness | best measured fitness or single-digit g-values | x1 | x2...
1 0 +7.899082053e+002 +1.445898205e+003 +1.445898205e+003
2 0 +6.505995566e+002 +1.306589557e+003 +1.306589557e+003
36 0 +6.301369795e+002 +1.286126980e+003 +1.286126980e+003
112 0 +6.155874463e+002 +1.271577446e+003 +1.271577446e+003
118 0 +5.313155727e+002 +1.187305573e+003 +1.187305573e+003
201 0 +4.910335442e+002 +1.147023544e+003 +1.147023544e+003
218 0 +4.673473746e+002 +1.123337375e+003 +1.123337375e+003
240 0 +4.536189027e+002 +1.109608903e+003 +1.109608903e+003
303 0 +4.314973166e+002 +1.087487317e+003 +1.087487317e+003
444 0 +3.801773723e+002 +1.036167372e+003 +1.036167372e+003
507 0 +3.529310276e+002 +1.008921028e+003 +1.008921028e+003
575 0 +3.391572298e+002 +9.951472298e+002 +9.951472298e+002
602 0 +3.235791645e+002 +9.795691645e+002 +9.795691645e+002
623 0 +3.079686272e+002 +9.639586272e+002 +9.639586272e+002
658 0 +2.859515096e+002 +9.419415096e+002 +9.419415096e+002
677 0 +2.765915297e+002 +9.325815297e+002 +9.325815297e+002
719 0 +2.420564539e+002 +8.980464539e+002 +8.980464539e+002
819 0 +2.237025463e+002 +8.796925463e+002 +8.796925463e+002
945 0 +2.175585884e+002 +8.735485884e+002 +8.735485884e+002
1009 0 +1.952605014e+002 +8.512505014e+002 +8.512505014e+002
1194 0 +1.857092683e+002 +8.416992683e+002 +8.416992683e+002
1276 0 +1.758224486e+002 +8.318124486e+002 +8.318124486e+002
1380 0 +1.642574729e+002 +8.202474729e+002 +8.202474729e+002
1505 0 +1.491432778e+002 +8.051332778e+002 +8.051332778e+002
1642 0 +1.438828172e+002 +7.998728172e+002 +7.998728172e+002
1716 0 +1.401395905e+002 +7.961295905e+002 +7.961295905e+002
1778 0 +1.348968058e+002 +7.908868058e+002 +7.908868058e+002
1845 0 +1.344395375e+002 +7.904295375e+002 +7.904295375e+002
1969 0 +1.308461734e+002 +7.868361734e+002 +7.868361734e+002
1974 0 +1.283609647e+002 +7.843509647e+002 +7.843509647e+002
2124 0 +1.220019286e+002 +7.779919286e+002 +7.779919286e+002
2269 0 +1.180761677e+002 +7.740661677e+002 +7.740661677e+002
2466 0 +1.170537949e+002 +7.730437949e+002 +7.730437949e+002
2511 0 +1.146167074e+002 +7.706067074e+002 +7.706067074e+002
2537 0 +1.110561696e+002 +7.670461696e+002 +7.670461696e+002
2616 0 +1.075020045e+002 +7.634920045e+002 +7.634920045e+002
2732 0 +1.063809492e+002 +7.623709492e+002 +7.623709492e+002
2755 0 +1.032367976e+002 +7.592267976e+002 +7.592267976e+002
2816 0 +1.020398500e+002 +7.580298500e+002 +7.580298500e+002
2866 0 +9.926821736e+001 +7.552582174e+002 +7.552582174e+002
2956 0 +9.564342827e+001 +7.516334283e+002 +7.516334283e+002
3122 0 +9.417449188e+001 +7.501644919e+002 +7.501644919e+002
3225 0 +9.225696912e+001 +7.482469691e+002 +7.482469691e+002
3437 0 +8.760276269e+001 +7.435927627e+002 +7.435927627e+002
3442 0 +8.619839408e+001 +7.421883941e+002 +7.421883941e+002
3561 0 +8.478656915e+001 +7.407765692e+002 +7.407765692e+002
3632 0 +8.290985572e+001 +7.388998557e+002 +7.388998557e+002
3999 0 +7.798765921e+001 +7.339776592e+002 +7.339776592e+002
4055 0 +7.728402367e+001 +7.332740237e+002 +7.332740237e+002
4123 0 +7.499970651e+001 +7.309897065e+002 +7.309897065e+002
4323 0 +7.335390950e+001 +7.293439095e+002 +7.293439095e+002
4768 0 +6.922318258e+001 +7.252131826e+002 +7.252131826e+002
4823 0 +6.887636808e+001 +7.248663681e+002 +7.248663681e+002
4832 0 +6.738212299e+001 +7.233721230e+002 +7.233721230e+002
4860 0 +6.452293248e+001 +7.205129325e+002 +7.205129325e+002
5024 0 +6.236606389e+001 +7.183560639e+002 +7.183560639e+002
5250 0 +6.010798605e+001 +7.160979860e+002 +7.160979860e+002
5873 0 +5.744193232e+001 +7.134319323e+002 +7.134319323e+002
5904 0 +5.456085135e+001 +7.105508513e+002 +7.105508513e+002
7287 0 +5.368775376e+001 +7.096777538e+002 +7.096777538e+002
7418 0 +5.219667544e+001 +7.081866754e+002 +7.081866754e+002
7616 0 +5.093970981e+001 +7.069297098e+002 +7.069297098e+002
7716 0 +5.009219570e+001 +7.060821957e+002 +7.060821957e+002
7950 0 +4.751949432e+001 +7.035094943e+002 +7.035094943e+002
8012 0 +4.485791479e+001 +7.008479148e+002 +7.008479148e+002
8112 0 +3.797383090e+001 +6.939638309e+002 +6.939638309e+002
8212 0 +3.537793341e+001 +6.913679334e+002 +6.913679334e+002
8412 0 +3.406315177e+001 +6.900531518e+002 +6.900531518e+002
8812 0 +3.347954234e+001 +6.894695423e+002 +6.894695423e+002
9594 0 +3.227123566e+001 +6.882612357e+002 +6.882612357e+002
9995 0 +3.142535409e+001 +6.874153541e+002 +6.874153541e+002
% f evaluations | g evaluations | best noise-free fitness - Fopt (6.671000000000e+001) + sum g_i+ | measured fitness | best measured fitness or single-digit g-values | x1 | x2...
1 0 +7.899082053e+002 +8.566182053e+002 +8.566182053e+002
3 0 +7.691598645e+002 +8.358698645e+002 +8.358698645e+002
5 0 +7.355225815e+002 +8.022325815e+002 +8.022325815e+002
6 0 +6.985389851e+002 +7.652489851e+002 +7.652489851e+002
12 0 +6.462129593e+002 +7.129229593e+002 +7.129229593e+002
59 0 +6.299618537e+002 +6.966718537e+002 +6.966718537e+002
108 0 +5.768040315e+002 +6.435140315e+002 +6.435140315e+002
112 0 +5.444834717e+002 +6.111934717e+002 +6.111934717e+002
173 0 +5.241478947e+002 +5.908578947e+002 +5.908578947e+002
246 0 +5.049693684e+002 +5.716793684e+002 +5.716793684e+002
287 0 +4.968213994e+002 +5.635313994e+002 +5.635313994e+002
310 0 +4.895120354e+002 +5.562220354e+002 +5.562220354e+002
322 0 +4.440266251e+002 +5.107366251e+002 +5.107366251e+002
325 0 +4.325273138e+002 +4.992373138e+002 +4.992373138e+002
357 0 +4.235736045e+002 +4.902836045e+002 +4.902836045e+002
360 0 +3.855019891e+002 +4.522119891e+002 +4.522119891e+002
420 0 +3.159532327e+002 +3.826632327e+002 +3.826632327e+002
520 0 +2.663477336e+002 +3.330577336e+002 +3.330577336e+002
609 0 +2.556193405e+002 +3.223293405e+002 +3.223293405e+002
706 0 +2.239948786e+002 +2.907048786e+002 +2.907048786e+002
715 0 +2.201785779e+002 +2.868885779e+002 +2.868885779e+002
740 0 +1.985456518e+002 +2.652556518e+002 +2.652556518e+002
873 0 +1.850110801e+002 +2.517210801e+002 +2.517210801e+002
1096 0 +1.688079099e+002 +2.355179099e+002 +2.355179099e+002
1793 0 +1.641319706e+002 +2.308419706e+002 +2.308419706e+002
2011 0 +1.599937602e+002 +2.267037602e+002 +2.267037602e+002
2279 0 +1.577878953e+002 +2.244978953e+002 +2.244978953e+002
2417 0 +1.486204078e+002 +2.153304078e+002 +2.153304078e+002
2836 0 +1.473018911e+002 +2.140118911e+002 +2.140118911e+002
2914 0 +1.415534806e+002 +2.082634806e+002 +2.082634806e+002
2936 0 +1.408720565e+002 +2.075820565e+002 +2.075820565e+002
3298 0 +1.357790289e+002 +2.024890289e+002 +2.024890289e+002
3936 0 +1.340184619e+002 +2.007284619e+002 +2.007284619e+002
4124 0 +1.300430988e+002 +1.967530988e+002 +1.967530988e+002
4236 0 +1.286150135e+002 +1.953250135e+002 +1.953250135e+002
4462 0 +1.236428499e+002 +1.903528499e+002 +1.903528499e+002
4624 0 +1.202948394e+002 +1.870048394e+002 +1.870048394e+002
4841 0 +1.185769480e+002 +1.852869480e+002 +1.852869480e+002
5015 0 +1.157179274e+002 +1.824279274e+002 +1.824279274e+002
5125 0 +1.124142265e+002 +1.791242265e+002 +1.791242265e+002
5284 0 +1.114212035e+002 +1.781312035e+002 +1.781312035e+002
6306 0 +1.096260481e+002 +1.763360481e+002 +1.763360481e+002
6898 0 +1.059821263e+002 +1.726921263e+002 +1.726921263e+002
6984 0 +1.020049773e+002 +1.687149773e+002 +1.687149773e+002
7084 0 +9.977408064e+001 +1.664840806e+002 +1.664840806e+002
7170 0 +9.728149098e+001 +1.639914910e+002 +1.639914910e+002
7225 0 +9.303183764e+001 +1.597418376e+002 +1.597418376e+002
7325 0 +8.664964065e+001 +1.533596406e+002 +1.533596406e+002
7524 0 +8.301264577e+001 +1.497226458e+002 +1.497226458e+002
7644 0 +7.977683248e+001 +1.464868325e+002 +1.464868325e+002
7899 0 +7.509228148e+001 +1.418022815e+002 +1.418022815e+002
7973 0 +7.054823254e+001 +1.372582325e+002 +1.372582325e+002
8414 0 +6.542164097e+001 +1.321316410e+002 +1.321316410e+002
8525 0 +6.091318768e+001 +1.276231877e+002 +1.276231877e+002
8732 0 +5.872555481e+001 +1.254355548e+002 +1.254355548e+002
9119 0 +5.595558327e+001 +1.226655833e+002 +1.226655833e+002
9825 0 +5.461715770e+001 +1.213271577e+002 +1.213271577e+002
% f evaluations | g evaluations | best noise-free fitness - Fopt (9.416700000000e+002) + sum g_i+ | measured fitness | best measured fitness or single-digit g-values | x1 | x2...
1 0 +7.899082053e+002 +1.731578205e+003 +1.731578205e+003
4 0 +6.562600107e+002 +1.597930011e+003 +1.597930011e+003
31 0 +5.703780090e+002 +1.512048009e+003 +1.512048009e+003
144 0 +4.824551771e+002 +1.424125177e+003 +1.424125177e+003
245 0 +4.250535114e+002 +1.366723511e+003 +1.366723511e+003
260 0 +3.741307564e+002 +1.315800756e+003 +1.315800756e+003
261 0 +3.510841844e+002 +1.292754184e+003 +1.292754184e+003
303 0 +2.771112457e+002 +1.218781246e+003 +1.218781246e+003
336 0 +2.746872689e+002 +1.216357269e+003 +1.216357269e+003
354 0 +2.211311021e+002 +1.162801102e+003 +1.162801102e+003
478 0 +2.186509701e+002 +1.160320970e+003 +1.160320970e+003
518 0 +1.843600896e+002 +1.126030090e+003 +1.126030090e+003
637 0 +1.678209126e+002 +1.109490913e+003 +1.109490913e+003
706 0 +1.522774290e+002 +1.093947429e+003 +1.093947429e+003
762 0 +1.459912248e+002 +1.087661225e+003 +1.087661225e+003
827 0 +1.411031687e+002 +1.082773169e+003 +1.082773169e+003
906 0 +1.348712813e+002 +1.076541281e+003 +1.076541281e+003
909 0 +1.282679027e+002 +1.069937903e+003 +1.069937903e+003
959 0 +1.196004920e+002 +1.061270492e+003 +1.061270492e+003
1013 0 +1.173571547e+002 +1.059027155e+003 +1.059027155e+003
1106 0 +1.050157138e+002 +1.046685714e+003 +1.046685714e+003
1235 0 +1.014294434e+002 +1.043099443e+003 +1.043099443e+003
1242 0 +8.119946751e+001 +1.022869468e+003 +1.022869468e+003
1407 0 +7.746656397e+001 +1.019136564e+003 +1.019136564e+003
1607 0 +6.702097720e+001 +1.008690977e+003 +1.008690977e+003
1650 0 +6.368795919e+001 +1.005357959e+003 +1.005357959e+003
1824 0 +6.275592278e+001 +1.004425923e+003 +1.004425923e+003
2057 0 +6.105087511e+001 +1.002720875e+003 +1.002720875e+003
2120 0 +5.809735508e+001 +9.997673551e+002 +9.997673551e+002
2190 0 +5.748396773e+001 +9.991539677e+002 +9.991539677e+002
2952 0 +5.290034672e+001 +9.945703467e+002 +9.945703467e+002
3111 0 +5.177541304e+001 +9.934454130e+002 +9.934454130e+002
3215 0 +5.093549671e+001 +9.926054967e+002 +9.926054967e+002
3315 0 +4.983568978e+001 +9.915056898e+002 +9.915056898e+002
3842 0 +4.884381719e+001 +9.905138172e+002 +9.905138172e+002
4561 0 +4.768387051e+001 +9.893538705e+002 +9.893538705e+002
4856 0 +4.631937580e+001 +9.879893758e+002 +9.879893758e+002
4913 0 +4.531247555e+001 +9.869824755e+002 +9.869824755e+002
4950 0 +4.424323796e+001 +9.859132380e+002 +9.859132380e+002
5778 0 +4.312891092e+001 +9.847989109e+002 +9.847989109e+002
6851 0 +4.091524494e+001 +9.825852449e+002 +9.825852449e+002
6908 0 +3.967106436e+001 +9.813410644e+002 +9.813410644e+002
6940 0 +3.868341296e+001 +9.803534130e+002 +9.803534130e+002
7128 0 +3.674907385e+001 +9.784190739e+002 +9.784190739e+002
7178 0 +3.585174353e+001 +9.775217435e+002 +9.775217435e+002
7228 0 +3.499910456e+001 +9.766691046e+002 +9.766691046e+002
7278 0 +3.466149681e+001 +9.763314968e+002 +9.763314968e+002
7328 0 +3.261578260e+001 +9.742857826e+002 +9.742857826e+002
7640 0 +3.205424861e+001 +9.737242486e+002 +9.737242486e+002
7865 0 +3.137735809e+001 +9.730473581e+002 +9.730473581e+002
7929 0 +3.071062834e+001 +9.723806283e+002 +9.723806283e+002
8017 0 +2.889266683e+001 +9.705626668e+002 +9.705626668e+002
8264 0 +2.740557976e+001 +9.690755798e+002 +9.690755798e+002
8596 0 +2.687607535e+001 +9.685460754e+002 +9.685460754e+002
8659 0 +2.610210582e+001 +9.677721058e+002 +9.677721058e+002
8707 0 +2.522534480e+001 +9.668953448e+002 +9.668953448e+002
8710 0 +2.180174652e+001 +9.634717465e+002 +9.634717465e+002
8840 0 +2.130478747e+001 +9.629747875e+002 +9.629747875e+002
8860 0 +1.450666649e+001 +9.561766665e+002 +9.561766665e+002
8959 0 +1.250913437e+001 +9.541791344e+002 +9.541791344e+002
8960 0 +9.282790377e+000 +9.509527904e+002 +9.509527904e+002
9011 0 +8.775208719e+000 +9.504452087e+002 +9.504452087e+002
9060 0 +4.581301874e+000 +9.462513019e+002 +9.462513019e+002
9065 0 +4.184259037e+000 +9.458542590e+002 +9.458542590e+002
9111 0 +0.000000000e+000 +9.416700000e+002 +9.416700000e+002
% f evaluations | g evaluations | best noise-free fitness - Fopt (-3.745000000000e+001) + sum g_i+ | measured fitness | best measured fitness or single-digit g-values | x1 | x2...
1 0 +7.899082053e+002 +7.524582053e+002 +7.524582053e+002
5 0 +6.852863055e+002 +6.478363055e+002 +6.478363055e+002
14 0 +6.527484157e+002 +6.152984157e+002 +6.152984157e+002
31 0 +6.361831800e+002 +5.987331800e+002 +5.987331800e+002
43 0 +5.846067558e+002 +5.471567558e+002 +5.471567558e+002
167 0 +5.582951271e+002 +5.208451271e+002 +5.208451271e+002
231 0 +5.303262264e+002 +4.928762264e+002 +4.928762264e+002
249 0 +4.986208504e+002 +4.611708504e+002 +4.611708504e+002
280 0 +4.670432333e+002 +4.295932333e+002 +4.295932333e+002
315 0 +4.177562591e+002 +3.803062591e+002 +3.803062591e+002
320 0 +3.908359692e+002 +3.533859692e+002 +3.533859692e+002
402 0 +3.858599186e+002 +3.484099186e+002 +3.484099186e+002
435 0 +3.724737403e+002 +3.350237403e+002 +3.350237403e+002
502 0 +3.464060209e+002 +3.089560209e+002 +3.089560209e+002
544 0 +3.027512889e+002 +2.653012889e+002 +2.653012889e+002
580 0 +2.723904569e+002 +2.349404569e+002 +2.349404569e+002
603 0 +2.676504176e+002 +2.302004176e+002 +2.302004176e+002
704 0 +2.478861902e+002 +2.104361902e+002 +2.104361902e+002
880 0 +2.432515213e+002 +2.058015213e+002 +2.058015213e+002
901 0 +2.385592659e+002 +2.011092659e+002 +2.011092659e+002
938 0 +2.279849168e+002 +1.905349168e+002 +1.905349168e+002
962 0 +2.189028080e+002 +1.814528080e+002 +1.814528080e+002
1036 0 +2.125007249e+002 +1.750507249e+002 +1.750507249e+002
1039 0 +2.068708059e+002 +1.694208059e+002 +1.694208059e+002
1055 0 +2.034342187e+002 +1.659842187e+002 +1.659842187e+002
1103 0 +1.907634632e+002 +1.533134632e+002 +1.533134632e+002
1281 0 +1.808715816e+002 +1.434215816e+002 +1.434215816e+002
1334 0 +1.712081576e+002 +1.337581576e+002 +1.337581576e+002
1409 0 +1.682083283e+002 +1.307583283e+002 +1.307583283e+002
1604 0 +1.657100039e+002 +1.282600039e+002 +1.282600039e+002
1741 0 +1.537650135e+002 +1.163150135e+002 +1.163150135e+002
1886 0 +1.470672418e+002 +1.096172418e+002 +1.096172418e+002
2026 0 +1.440510626e+002 +1.066010626e+002 +1.066010626e+002
2101 0 +1.379354771e+002 +1.004854771e+002 +1.004854771e+002
2487 0 +1.335351466e+002 +9.608514656e+001 +9.608514656e+001
2549 0 +1.230456012e+002 +8.559560123e+001 +8.559560123e+001
2617 0 +1.194531769e+002 +8.200317690e+001 +8.200317690e+001
2737 0 +1.155893657e+002 +7.813936575e+001 +7.813936575e+001
2773 0 +1.134547044e+002 +7.600470438e+001 +7.600470438e+001
2917 0 +1.100155439e+002 +7.256554389e+001 +7.256554389e+001
2918 0 +1.046082318e+002 +6.715823184e+001 +6.715823184e+001
3018 0 +9.839322405e+001 +6.094322405e+001 +6.094322405e+001
3117 0 +9.193035289e+001 +5.448035289e+001 +5.448035289e+001
3217 0 +9.058727712e+001 +5.313727712e+001 +5.313727712e+001
3218 0 +8.618581687e+001 +4.873581687e+001 +4.873581687e+001
3417 0 +8.080736248e+001 +4.335736248e+001 +4.335736248e+001
3603 0 +7.259162403e+001 +3.514162403e+001 +3.514162403e+001
3605 0 +6.022914819e+001 +2.277914819e+001 +2.277914819e+001
3725 0 +5.747554551e+001 +2.002554551e+001 +2.002554551e+001
3993 0 +5.093847792e+001 +1.348847792e+001 +1.348847792e+001
4145 0 +4.937156570e+001 +1.192156570e+001 +1.192156570e+001
4359 0 +4.844021610e+001 +1.099021610e+001 +1.099021610e+001
4752 0 +4.733403958e+001 +9.884039578e+000 +9.884039578e+000
4842 0 +4.576908682e+001 +8.319086820e+000 +8.319086820e+000
4880 0 +4.141314914e+001 +3.963149136e+000 +3.963149136e+000
4904 0 +3.818554607e+001 +7.355460701e-001 +7.355460701e-001
5047 0 +3.152188167e+001 -5.928118334e+000 -5.928118334e+000
5136 0 +2.999400021e+001 -7.455999785e+000 -7.455999785e+000
5188 0 +2.795792354e+001 -9.492076461e+000 -9.492076461e+000
5260 0 +2.683092296e+001 -1.061907704e+001 -1.061907704e+001
5460 0 +2.624413247e+001 -1.120586753e+001 -1.120586753e+001
5549 0 +2.563113134e+001 -1.181886866e+001 -1.181886866e+001
5560 0 +2.466327333e+001 -1.278672667e+001 -1.278672667e+001
5658 0 +2.366610703e+001 -1.378389297e+001 -1.378389297e+001
7692 0 +2.309837751e+001 -1.435162249e+001 -1.435162249e+001
7749 0 +2.268184528e+001 -1.476815472e+001 -1.476815472e+001
7752 0 +2.172927340e+001 -1.572072660e+001 -1.572072660e+001
8659 0 +2.126634341e+001 -1.618365659e+001 -1.618365659e+001
% f evaluations | g evaluations | best noise-free fitness - Fopt (-6.639000000000e+001) + sum g_i+ | measured fitness | best measured fitness or single-digit g-values | x1 | x2...
1 0 +7.899082053e+002 +7.235182053e+002 +7.235182053e+002
3 0 +6.549252725e+002 +5.885352725e+002 +5.885352725e+002
35 0 +6.053027267e+002 +5.389127267e+002 +5.389127267e+002
106 0 +5.932802027e+002 +5.268902027e+002 +5.268902027e+002
156 0 +5.107584926e+002 +4.443684926e+002 +4.443684926e+002
190 0 +4.894686977e+002 +4.230786977e+002 +4.230786977e+002
199 0 +4.779733498e+002 +4.115833498e+002 +4.115833498e+002
225 0 +4.199512290e+002 +3.535612290e+002 +3.535612290e+002
290 0 +3.785035162e+002 +3.121135162e+002 +3.121135162e+002
307 0 +2.636519829e+002 +1.972619829e+002 +1.972619829e+002
314 0 +2.342582503e+002 +1.678682503e+002 +1.678682503e+002
353 0 +1.860867363e+002 +1.196967363e+002 +1.196967363e+002
589 0 +1.619326833e+002 +9.554268332e+001 +9.554268332e+001
614 0 +1.582132487e+002 +9.182324872e+001 +9.182324872e+001
628 0 +1.450005570e+002 +7.861055700e+001 +7.861055700e+001
656 0 +1.436738545e+002 +7.728385450e+001 +7.728385450e+001
678 0 +1.390394360e+002 +7.264943600e+001 +7.264943600e+001
750 0 +1.310708757e+002 +6.468087568e+001 +6.468087568e+001
764 0 +8.013367106e+001 +1.374367106e+001 +1.374367106e+001
825 0 +7.942084287e+001 +1.303084287e+001 +1.303084287e+001
849 0 +6.651565310e+001 +1.256531012e-001 +1.256531012e-001
985 0 +6.245790527e+001 -3.932094727e+000 -3.932094727e+000
1118 0 +5.998362893e+001 -6.406371075e+000 -6.406371075e+000
1190 0 +5.619159436e+001 -1.019840564e+001 -1.019840564e+001
1225 0 +5.386886842e+001 -1.252113158e+001 -1.252113158e+001
1240 0 +5.309059277e+001 -1.329940723e+001 -1.329940723e+001
1390 0 +5.170005707e+001 -1.468994293e+001 -1.468994293e+001
1412 0 +5.060894674e+001 -1.578105326e+001 -1.578105326e+001
1427 0 +4.932575136e+001 -1.706424864e+001 -1.706424864e+001
1523 0 +4.722070250e+001 -1.916929750e+001 -1.916929750e+001
1531 0 +3.884314353e+001 -2.754685647e+001 -2.754685647e+001
1640 0 +3.711514650e+001 -2.927485350e+001 -2.927485350e+001
1846 0 +3.433656772e+001 -3.205343228e+001 -3.205343228e+001
1913 0 +3.128842730e+001 -3.510157270e+001 -3.510157270e+001
1930 0 +2.917228575e+001 -3.721771425e+001 -3.721771425e+001
2038 0 +2.679901319e+001 -3.959098681e+001 -3.959098681e+001
2228 0 +2.555668270e+001 -4.083331730e+001 -4.083331730e+001
2343 0 +1.908268720e+001 -4.730731280e+001 -4.730731280e+001
2530 0 +1.888941838e+001 -4.750058162e+001 -4.750058162e+001
2588 0 +1.841733373e+001 -4.797266627e+001 -4.797266627e+001
2788 0 +1.811868525e+001 -4.827131475e+001 -4.827131475e+001
2939 0 +1.739567406e+001 -4.899432594e+001 -4.899432594e+001
2971 0 +1.665965735e+001 -4.973034265e+001 -4.973034265e+001
3073 0 +1.639703610e+001 -4.999296390e+001 -4.999296390e+001
3148 0 +1.559499047e+001 -5.079500953e+001 -5.079500953e+001
3327 0 +1.378260548e+001 -5.260739452e+001 -5.260739452e+001
4451 0 +1.343510332e+001 -5.295489668e+001 -5.295489668e+001
4527 0 +1.295392763e+001 -5.343607237e+001 -5.343607237e+001
4652 0 +1.118051776e+001 -5.520948224e+001 -5.520948224e+001
4791 0 +8.652094004e+000 -5.773790600e+001 -5.773790600e+001
4847 0 +7.970541130e+000 -5.841945887e+001 -5.841945887e+001
4934 0 +5.795034073e+000 -6.059496593e+001 -6.059496593e+001
5047 0 +4.343697423e+000 -6.204630258e+001 -6.204630258e+001
5148 0 +2.968290439e+000 -6.342170956e+001 -6.342170956e+001
5188 0 +6.914430972e-001 -6.569855690e+001 -6.569855690e+001
5248 0 +0.000000000e+000 -6.639000000e+001 -6.639000000e+001
% f evaluations | g evaluations | best noise-free fitness - Fopt (-2.260100000000e+002) + sum g_i+ | measured fitness | best measured fitness or single-digit g-values | x1 | x2...
1 0 +7.899082053e+002 +5.638982053e+002 +5.638982053e+002
5 0 +6.633552030e+002 +4.373452030e+002 +4.373452030e+002
23 0 +6.595497767e+002 +4.335397767e+002 +4.335397767e+002
63 0 +6.108310298e+002 +3.848210298e+002 +3.848210298e+002
67 0 +5.952179397e+002 +3.692079397e+002 +3.692079397e+002
112 0 +5.745476211e+002 +3.485376211e+002 +3.485376211e+002
118 0 +5.454412719e+002 +3.194312719e+002 +3.194312719e+002
122 0 +4.165456127e+002 +1.905356127e+002 +1.905356127e+002
226 0 +3.878093250e+002 +1.617993250e+002 +1.617993250e+002
249 0 +3.771430927e+002 +1.511330927e+002 +1.511330927e+002
269 0 +3.418515817e+002 +1.158415817e+002 +1.158415817e+002
303 0 +2.895528914e+002 +6.354289141e+001 +6.354289141e+001
406 0 +2.753930668e+002 +4.938306678e+001 +4.938306678e+001
449 0 +2.621827337e+002 +3.617273368e+001 +3.617273368e+001
606 0 +2.478551430e+002 +2.184514299e+001 +2.184514299e+001
615 0 +2.338720246e+002 +7.862024635e+000 +7.862024635e+000
671 0 +2.227880824e+002 -3.221917642e+000 -3.221917642e+000
710 0 +2.179885025e+002 -8.021497499e+000 -8.021497499e+000
750 0 +2.027585629e+002 -2.325143713e+001 -2.325143713e+001
845 0 +1.924943148e+002 -3.351568518e+001 -3.351568518e+001
895 0 +1.819268287e+002 -4.408317129e+001 -4.408317129e+001
972 0 +1.640778492e+002 -6.193215080e+001 -6.193215080e+001
1026 0 +1.618986605e+002 -6.411133951e+001 -6.411133951e+001
1057 0 +1.491645717e+002 -7.684542835e+001 -7.684542835e+001
1137 0 +1.423727168e+002 -8.363728316e+001 -8.363728316e+001
1245 0 +1.402964263e+002 -8.571357371e+001 -8.571357371e+001
1313 0 +1.376000611e+002 -8.840993894e+001 -8.840993894e+001
1436 0 +1.347129425e+002 -9.129705750e+001 -9.129705750e+001
1502 0 +1.298241483e+002 -9.618585175e+001 -9.618585175e+001
1513 0 +1.146990296e+002 -1.113109704e+002 -1.113109704e+002
1609 0 +9.587212243e+001 -1.301378776e+002 -1.301378776e+002
1882 0 +9.525086899e+001 -1.307591310e+002 -1.307591310e+002
1910 0 +8.672567981e+001 -1.392843202e+002 -1.392843202e+002
2008 0 +8.029793122e+001 -1.457120688e+002 -1.457120688e+002
2081 0 +7.534118156e+001 -1.506688184e+002 -1.506688184e+002
2176 0 +7.048209182e+001 -1.555279082e+002 -1.555279082e+002
2224 0 +6.821744441e+001 -1.577925556e+002 -1.577925556e+002
2265 0 +6.513206349e+001 -1.608779365e+002 -1.608779365e+002
2267 0 +5.906483695e+001 -1.669451630e+002 -1.669451630e+002
2378 0 +5.567990261e+001 -1.703300974e+002 -1.703300974e+002
2401 0 +5.326242719e+001 -1.727475728e+002 -1.727475728e+002
2492 0 +4.470613240e+001 -1.813038676e+002 -1.813038676e+002
2565 0 +4.381629836e+001 -1.821937016e+002 -1.821937016e+002
2631 0 +3.608249783e+001 -1.899275022e+002 -1.899275022e+002
2781 0 +2.986914852e+001 -1.961408515e+002 -1.961408515e+002
3133 0 +2.895867591e+001 -1.970513241e+002 -1.970513241e+002
3218 0 +2.586177173e+001 -2.001482283e+002 -2.001482283e+002
3494 0 +2.519254945e+001 -2.008174506e+002 -2.008174506e+002
3517 0 +2.478958798e+001 -2.012204120e+002 -2.012204120e+002
3603 0 +2.433387171e+001 -2.016761283e+002 -2.016761283e+002
3649 0 +2.133779478e+001 -2.046722052e+002 -2.046722052e+002
3703 0 +2.086098053e+001 -2.051490195e+002 -2.051490195e+002
3723 0 +1.926629048e+001 -2.067437095e+002 -2.067437095e+002
3795 0 +1.743730004e+001 -2.085727000e+002 -2.085727000e+002
3844 0 +1.429163133e+001 -2.117183687e+002 -2.117183687e+002
3918 0 +1.059695862e+001 -2.154130414e+002 -2.154130414e+002
4174 0 +9.175359552e+000 -2.168346404e+002 -2.168346404e+002
4349 0 +8.733551833e+000 -2.172764482e+002 -2.172764482e+002
4520 0 +7.768027084e+000 -2.182419729e+002 -2.182419729e+002
4595 0 +7.624089525e+000 -2.183859105e+002 -2.183859105e+002
4628 0 +6.035618221e+000 -2.199743818e+002 -2.199743818e+002
4699 0 +4.750759051e+000 -2.212592409e+002 -2.212592409e+002
4720 0 +4.308999091e+000 -2.217010009e+002 -2.217010009e+002
4769 0 +2.704243302e+000 -2.233057567e+002 -2.233057567e+002
4942 0 +2.546821158e+000 -2.234631788e+002 -2.234631788e+002
4975 0 +2.137595789e+000 -2.238724042e+002 -2.238724042e+002
5028 0 +2.040922737e+000 -2.239690773e+002 -2.239690773e+002
5320 0 +1.912455162e+000 -2.240975448e+002 -2.240975448e+002
5340 0 +1.752384498e+000 -2.242576155e+002 -2.242576155e+002
5393 0 +1.303937564e+000 -2.247060624e+002 -2.247060624e+002
5640 0 +1.216146490e+000 -2.247938535e+002 -2.247938535e+002
5812 0 +0.000000000e+000 -2.260100000e+002 -2.260100000e+002
% f evaluations | g evaluations | best noise-free fitness - Fopt (1.000000000000e+003) + sum g_i+ | measured fitness | best measured fitness or single-digit g-values | x1 | x2...
1 0 +7.899082053e+002 +1.789908205e+003 +1.789908205e+003
2 0 +7.688942303e+002 +1.768894230e+003 +1.768894230e+003
4 0 +7.061634419e+002 +1.706163442e+003 +1.706163442e+003
7 0 +6.830705570e+002 +1.683070557e+003 +1.683070557e+003
41 0 +6.557166796e+002 +1.655716680e+003 +1.655716680e+003
63 0 +5.427307651e+002 +1.542730765e+003 +1.542730765e+003
163 0 +4.580204388e+002 +1.458020439e+003 +1.458020439e+003
279 0 +4.436465425e+002 +1.443646543e+003 +1.443646543e+003
354 0 +3.979289029e+002 +1.397928903e+003 +1.397928903e+003
419 0 +3.820790899e+002 +1.382079090e+003 +1.382079090e+003
461 0 +3.719439363e+002 +1.371943936e+003 +1.371943936e+003
515 0 +3.117466917e+002 +1.311746692e+003 +1.311746692e+003
621 0 +3.076961201e+002 +1.307696120e+003 +1.307696120e+003
673 0 +2.954536848e+002 +1.295453685e+003 +1.295453685e+003
748 0 +2.933864625e+002 +1.293386462e+003 +1.293386462e+003
750 0 +2.746125420e+002 +1.274612542e+003 +1.274612542e+003
812 0 +2.605986195e+002 +1.260598619e+003 +1.260598619e+003
849 0 +2.504802187e+002 +1.250480219e+003 +1.250480219e+003
989 0 +2.395940857e+002 +1.239594086e+003 +1.239594086e+003
1005 0 +2.255954653e+002 +1.225595465e+003 +1.225595465e+003
1008 0 +2.228163798e+002 +1.222816380e+003 +1.222816380e+003
1013 0 +1.869582750e+002 +1.186958275e+003 +1.186958275e+003
1104 0 +1.801757495e+002 +1.180175750e+003 +1.180175750e+003
1137 0 +1.744722713e+002 +1.174472271e+003 +1.174472271e+003
1164 0 +1.669747246e+002 +1.166974725e+003 +1.166974725e+003
1311 0 +1.526755370e+002 +1.152675537e+003 +1.152675537e+003
1526 0 +1.356165398e+002 +1.135616540e+003 +1.135616540e+003
1643 0 +1.342304133e+002 +1.134230413e+003 +1.134230413e+003
1804 0 +1.225052105e+002 +1.122505210e+003 +1.122505210e+003
1810 0 +1.145408710e+002 +1.114540871e+003 +1.114540871e+003
2105 0 +1.106429995e+002 +1.110642999e+003 +1.110642999e+003
2278 0 +1.087403225e+002 +1.108740323e+003 +1.108740323e+003
2329 0 +1.001559294e+002 +1.100155929e+003 +1.100155929e+003
2356 0 +9.390236972e+001 +1.093902370e+003 +1.093902370e+003
2508 0 +9.268123202e+001 +1.092681232e+003 +1.092681232e+003
2694 0 +8.840981222e+001 +1.088409812e+003 +1.088409812e+003
2753 0 +8.213942314e+001 +1.082139423e+003 +1.082139423e+003
2829 0 +7.870413462e+001 +1.078704135e+003 +1.078704135e+003
2880 0 +7.386340926e+001 +1.073863409e+003 +1.073863409e+003
2969 0 +5.277035179e+001 +1.052770352e+003 +1.052770352e+003
3180 0 +5.102607505e+001 +1.051026075e+003 +1.051026075e+003
3204 0 +4.677901969e+001 +1.046779020e+003 +1.046779020e+003
3450 0 +4.546274341e+001 +1.045462743e+003 +1.045462743e+003
3451 0 +4.419738538e+001 +1.044197385e+003 +1.044197385e+003
3508 0 +4.300929673e+001 +1.043009297e+003 +1.043009297e+003
3552 0 +4.242630338e+001 +1.042426303e+003 +1.042426303e+003
3724 0 +4.141451803e+001 +1.041414518e+003 +1.041414518e+003
3956 0 +3.964255978e+001 +1.039642560e+003 +1.039642560e+003
4566 0 +3.672006896e+001 +1.036720069e+003 +1.036720069e+003
4676 0 +3.550712065e+001 +1.035507121e+003 +1.035507121e+003
4695 0 +3.485645196e+001 +1.034856452e+003 +1.034856452e+003
4724 0 +3.319427879e+001 +1.033194279e+003 +1.033194279e+003
4853 0 +3.282188524e+001 +1.032821885e+003 +1.032821885e+003
4936 0 +2.742842624e+001 +1.027428426e+003 +1.027428426e+003
5363 0 +2.682593468e+001 +1.026825935e+003 +1.026825935e+003
5520 0 +2.549032851e+001 +1.025490329e+003 +1.025490329e+003
5620 0 +2.453387950e+001 +1.024533880e+003 +1.024533880e+003
5749 0 +1.642936611e+001 +1.016429366e+003 +1.016429366e+003
5847 0 +1.383019728e+001 +1.013830197e+003 +1.013830197e+003
5906 0 +1.300352475e+001 +1.013003525e+003 +1.013003525e+003
5920 0 +7.406853965e+000 +1.007406854e+003 +1.007406854e+003
5924 0 +3.183571973e+000 +1.003183572e+003 +1.003183572e+003
6006 0 +0.000000000e+000 +1.000000000e+003 +1.000000000e+003
% f evaluations | g evaluations | best noise-free fitness - Fopt (-1.830200000000e+002) + sum g_i+ | measured fitness | best measured fitness or single-digit g-values | x1 | x2...
1 0 +7.899082053e+002 +6.068882053e+002 +6.068882053e+002
2 0 +6.887660922e+002 +5.057460922e+002 +5.057460922e+002
14 0 +6.684826746e+002 +4.854626746e+002 +4.854626746e+002
18 0 +5.996893992e+002 +4.166693992e+002 +4.166693992e+002
111 0 +5.840818968e+002 +4.010618968e+002 +4.010618968e+002
141 0 +5.557138576e+002 +3.726938576e+002 +3.726938576e+002
142 0 +5.049596090e+002 +3.219396090e+002 +3.219396090e+002
208 0 +4.765456886e+002 +2.935256886e+002 +2.935256886e+002
248 0 +4.484900739e+002 +2.654700739e+002 +2.654700739e+002
256 0 +4.013303158e+002 +2.183103158e+002 +2.183103158e+002
319 0 +3.955699869e+002 +2.125499869e+002 +2.125499869e+002
322 0 +3.837388287e+002 +2.007188287e+002 +2.007188287e+002
340 0 +3.781024219e+002 +1.950824219e+002 +1.950824219e+002
348 0 +3.261976747e+002 +1.431776747e+002 +1.431776747e+002
420 0 +3.111181033e+002 +1.280981033e+002 +1.280981033e+002
426 0 +2.381813490e+002 +5.516134900e+001 +5.516134900e+001
516 0 +2.232871023e+002 +4.026710233e+001 +4.026710233e+001
608 0 +2.120368914e+002 +2.901689141e+001 +2.901689141e+001
648 0 +1.973503694e+002 +1.433036936e+001 +1.433036936e+001
711 0 +1.905469737e+002 +7.526973750e+000 +7.526973750e+000
748 0 +1.901013988e+002 +7.081398781e+000 +7.081398781e+000
773 0 +1.603549287e+002 -2.266507132e+001 -2.266507132e+001
816 0 +1.528645704e+002 -3.015542960e+001 -3.015542960e+001
838 0 +1.400069947e+002 -4.301300530e+001 -4.301300530e+001
948 0 +1.343471266e+002 -4.867287336e+001 -4.867287336e+001
967 0 +1.250037903e+002 -5.801620968e+001 -5.801620968e+001
1013 0 +1.148163305e+002 -6.820366950e+001 -6.820366950e+001
1032 0 +1.084628030e+002 -7.455719702e+001 -7.455719702e+001
1107 0 +9.452799572e+001 -8.849200428e+001 -8.849200428e+001
1313 0 +9.078662518e+001 -9.223337482e+001 -9.223337482e+001
1402 0 +8.609909227e+001 -9.692090773e+001 -9.692090773e+001
1680 0 +8.385230125e+001 -9.916769875e+001 -9.916769875e+001
1787 0 +8.181806240e+001 -1.012019376e+002 -1.012019376e+002
1909 0 +7.805031683e+001 -1.049696832e+002 -1.049696832e+002
2015 0 +7.758350134e+001 -1.054364987e+002 -1.054364987e+002
2220 0 +7.426639874e+001 -1.087536013e+002 -1.087536013e+002
2419 0 +7.057458119e+001 -1.124454188e+002 -1.124454188e+002
2683 0 +6.407529747e+001 -1.189447025e+002 -1.189447025e+002
2840 0 +5.606288186e+001 -1.269571181e+002 -1.269571181e+002
2967 0 +5.292607088e+001 -1.300939291e+002 -1.300939291e+002
3040 0 +5.141788686e+001 -1.316021131e+002 -1.316021131e+002
3199 0 +5.103745807e+001 -1.319825419e+002 -1.319825419e+002
4088 0 +4.937511905e+001 -1.336448809e+002 -1.336448809e+002
4603 0 +4.864456730e+001 -1.343754327e+002 -1.343754327e+002
4913 0 +4.770799306e+001 -1.353120069e+002 -1.353120069e+002
5940 0 +4.605550865e+001 -1.369644914e+002 -1.369644914e+002
6418 0 +4.543934422e+001 -1.375806558e+002 -1.375806558e+002
6467 0 +4.437601820e+001 -1.386439818e+002 -1.386439818e+002
6595 0 +4.331019753e+001 -1.397098025e+002 -1.397098025e+002
6805 0 +4.231892348e+001 -1.407010765e+002 -1.407010765e+002
8836 0 +4.166261547e+001 -1.413573845e+002 -1.413573845e+002
9107 0 +4.056083608e+001 -1.424591639e+002 -1.424591639e+002
9708 0 +3.938974080e+001 -1.436302592e+002 -1.436302592e+002
9973 0 +3.879323945e+001 -1.442267606e+002 -1.442267606e+002
% f evaluations | g evaluations | best noise-free fitness - Fopt (-1.026200000000e+002) + sum g_i+ | measured fitness | best measured fitness or single-digit g-values | x1 | x2...
1 0 +7.899082053e+002 +6.872882053e+002 +6.872882053e+002
7 0 +7.846382841e+002 +6.820182841e+002 +6.820182841e+002
8 0 +6.581167026e+002 +5.554967026e+002 +5.554967026e+002
25 0 +6.156180952e+002 +5.129980952e+002 +5.129980952e+002
106 0 +5.986180816e+002 +4.959980816e+002 +4.959980816e+002
113 0 +4.903347990e+002 +3.877147990e+002 +3.877147990e+002
133 0 +4.771427894e+002 +3.745227894e+002 +3.745227894e+002
213 0 +4.468330720e+002 +3.442130720e+002 +3.442130720e+002
230 0 +3.779629750e+002 +2.753429750e+002 +2.753429750e+002
302 0 +3.686771447e+002 +2.660571447e+002 +2.660571447e+002
327 0 +3.149335239e+002 +2.123135239e+002 +2.123135239e+002
341 0 +3.006810468e+002 +1.980610468e+002 +1.980610468e+002
402 0 +2.944462491e+002 +1.918262491e+002 +1.918262491e+002
442 0 +2.871605700e+002 +1.845405700e+002 +1.845405700e+002
555 0 +2.692642998e+002 +1.666442998e+002 +1.666442998e+002
603 0 +2.390649767e+002 +1.364449767e+002 +1.364449767e+002
716 0 +2.221213058e+002 +1.195013058e+002 +1.195013058e+002
720 0 +2.145591444e+002 +1.119391444e+002 +1.119391444e+002
793 0 +2.074880981e+002 +1.048680981e+002 +1.048680981e+002
867 0 +1.902305194e+002 +8.761051941e+001 +8.761051941e+001
965 0 +1.666654641e+002 +6.404546405e+001 +6.404546405e+001
1072 0 +1.621032245e+002 +5.948322446e+001 +5.948322446e+001
1117 0 +1.519998394e+002 +4.937983940e+001 +4.937983940e+001
1220 0 +1.509393805e+002 +4.831938047e+001 +4.831938047e+001
1312 0 +1.345020506e+002 +3.188205060e+001 +3.188205060e+001
1355 0 +1.223665135e+002 +1.974651353e+001 +1.974651353e+001
1408 0 +1.150952790e+002 +1.247527897e+001 +1.247527897e+001
1515 0 +1.036701313e+002 +1.050131308e+000 +1.050131308e+000
1578 0 +1.000611254e+002 -2.558874617e+000 -2.558874617e+000
1606 0 +9.306848430e+001 -9.551515699e+000 -9.551515699e+000
1621 0 +8.522092842e+001 -1.739907158e+001 -1.739907158e+001
1721 0 +7.634273293e+001 -2.627726707e+001 -2.627726707e+001
1763 0 +6.775646455e+001 -3.486353545e+001 -3.486353545e+001
1833 0 +6.729249363e+001 -3.532750637e+001 -3.532750637e+001
1835 0 +6.459066327e+001 -3.802933673e+001 -3.802933673e+001
1870 0 +6.087526636e+001 -4.174473364e+001 -4.174473364e+001
2021 0 +6.003815267e+001 -4.258184733e+001 -4.258184733e+001
2033 0 +5.885000993e+001 -4.376999007e+001 -4.376999007e+001
2115 0 +5.536675930e+001 -4.725324070e+001 -4.725324070e+001
2155 0 +4.583240924e+001 -5.678759076e+001 -5.678759076e+001
2320 0 +3.955914535e+001 -6.306085465e+001 -6.306085465e+001
2421 0 +3.837833074e+001 -6.424166926e+001 -6.424166926e+001
2433 0 +3.544122575e+001 -6.717877425e+001 -6.717877425e+001
2518 0 +3.419535414e+001 -6.842464586e+001 -6.842464586e+001
2533 0 +3.224516331e+001 -7.037483669e+001 -7.037483669e+001
2599 0 +2.967580347e+001 -7.294419653e+001 -7.294419653e+001
2821 0 +2.430995645e+001 -7.831004355e+001 -7.831004355e+001
2915 0 +2.383968505e+001 -7.878031495e+001 -7.878031495e+001
2921 0 +2.183836169e+001 -8.078163831e+001 -8.078163831e+001
3023 0 +2.063793159e+001 -8.198206841e+001 -8.198206841e+001
3050 0 +1.972324919e+001 -8.289675081e+001 -8.289675081e+001
3234 0 +1.771556801e+001 -8.490443199e+001 -8.490443199e+001
3644 0 +1.714290383e+001 -8.547709617e+001 -8.547709617e+001
4202 0 +1.689092693e+001 -8.572907307e+001 -8.572907307e+001
4558 0 +1.614720599e+001 -8.647279401e+001 -8.647279401e+001
4878 0 +1.528794759e+001 -8.733205241e+001 -8.733205241e+001
5246 0 +1.470050501e+001 -8.791949499e+001 -8.791949499e+001
5393 0 +1.362554291e+001 -8.899445709e+001 -8.899445709e+001
5456 0 +1.316699402e+001 -8.945300598e+001 -8.945300598e+001
5593 0 +1.248282127e+001 -9.013717873e+001 -9.013717873e+001
5721 0 +1.164655515e+001 -9.097344485e+001 -9.097344485e+001
5909 0 +1.115332368e+001 -9.146667632e+001 -9.146667632e+001
6027 0 +9.057430399e+000 -9.356256960e+001 -9.356256960e+001
6109 0 +7.028741917e+000 -9.559125808e+001 -9.559125808e+001
6177 0 +6.546998426e+000 -9.607300157e+001 -9.607300157e+001
6183 0 +5.203180533e+000 -9.741681947e+001 -9.741681947e+001
6277 0 +2.438639822e+000 -1.001813602e+002 -1.001813602e+002
6315 0 +9.484558487e-001 -1.016715442e+002 -1.016715442e+002
6321 0 +0.000000000e+000 -1.026200000e+002 -1.026200000e+002
% f evaluations | g evaluations | best noise-free fitness - Fopt (9.953000000000e+001) + sum g_i+ | measured fitness | best measured fitness or single-digit g-values | x1 | x2...
1 0 +7.899082053e+002 +8.894382053e+002 +8.894382053e+002
4 0 +7.480602435e+002 +8.475902435e+002 +8.475902435e+002
7 0 +7.210056321e+002 +8.205356321e+002 +8.205356321e+002
9 0 +6.370334470e+002 +7.365634470e+002 +7.365634470e+002
14 0 +5.553866604e+002 +6.549166604e+002 +6.549166604e+002
150 0 +3.203025929e+002 +4.198325929e+002 +4.198325929e+002
251 0 +2.899297883e+002 +3.894597883e+002 +3.894597883e+002
306 0 +2.839261189e+002 +3.834561189e+002 +3.834561189e+002
315 0 +2.675480104e+002 +3.670780104e+002 +3.670780104e+002
327 0 +2.622129483e+002 +3.617429483e+002 +3.617429483e+002
336 0 +2.503640490e+002 +3.498940490e+002 +3.498940490e+002
337 0 +2.426723540e+002 +3.422023540e+002 +3.422023540e+002
354 0 +2.054133972e+002 +3.049433972e+002 +3.049433972e+002
412 0 +1.972582434e+002 +2.967882434e+002 +2.967882434e+002
415 0 +1.948847142e+002 +2.944147142e+002 +2.944147142e+002
420 0 +1.681988327e+002 +2.677288327e+002 +2.677288327e+002
459 0 +1.574433933e+002 +2.569733933e+002 +2.569733933e+002
490 0 +1.300957645e+002 +2.296257645e+002 +2.296257645e+002
561 0 +1.266568611e+002 +2.261868611e+002 +2.261868611e+002
601 0 +1.223150514e+002 +2.218450514e+002 +2.218450514e+002
606 0 +1.161994033e+002 +2.157294033e+002 +2.157294033e+002
612 0 +6.875020967e+001 +1.682802097e+002 +1.682802097e+002
675 0 +6.553737237e+001 +1.650673724e+002 +1.650673724e+002
711 0 +6.043619286e+001 +1.599661929e+002 +1.599661929e+002
712 0 +5.370446762e+001 +1.532344676e+002 +1.532344676e+002
727 0 +5.256662409e+001 +1.520966241e+002 +1.520966241e+002
795 0 +5.136749594e+001 +1.508974959e+002 +1.508974959e+002
845 0 +4.755881382e+001 +1.470888138e+002 +1.470888138e+002
914 0 +4.625468267e+001 +1.457846827e+002 +1.457846827e+002
917 0 +4.299629934e+001 +1.425262993e+002 +1.425262993e+002
986 0 +4.132397090e+001 +1.408539709e+002 +1.408539709e+002
1012 0 +2.828170286e+001 +1.278117029e+002 +1.278117029e+002
1105 0 +2.488883729e+001 +1.244188373e+002 +1.244188373e+002
1112 0 +1.987909351e+001 +1.194090935e+002 +1.194090935e+002
1202 0 +1.500794639e+001 +1.145379464e+002 +1.145379464e+002
1216 0 +3.503490024e-001 +9.988034900e+001 +9.988034900e+001
1302 0 +5.869605613e-002 +9.958869606e+001 +9.958869606e+001
1525 0 +0.000000000e+000 +9.953000000e+001 +9.953000000e+001
% f evaluations | g evaluations | best noise-free fitness - Fopt (1.495900000000e+002) + sum g_i+ | measured fitness | best measured fitness or single-digit g-values | x1 | x2...
1 0 +7.899082053e+002 +9.394982053e+002 +9.394982053e+002
2 0 +7.285624189e+002 +8.781524189e+002 +8.781524189e+002
4 0 +7.125804280e+002 +8.621704280e+002 +8.621704280e+002
5 0 +6.941323376e+002 +8.437223376e+002 +8.437223376e+002
15 0 +6.669859217e+002 +8.165759217e+002 +8.165759217e+002
29 0 +6.601441556e+002 +8.097341556e+002 +8.097341556e+002
37 0 +6.168919291e+002 +7.664819291e+002 +7.664819291e+002
79 0 +5.723672453e+002 +7.219572453e+002 +7.219572453e+002
208 0 +4.233997646e+002 +5.729897646e+002 +5.729897646e+002
316 0 +3.912320101e+002 +5.408220101e+002 +5.408220101e+002
330 0 +3.596147899e+002 +5.092047899e+002 +5.092047899e+002
345 0 +3.348687710e+002 +4.844587710e+002 +4.844587710e+002
418 0 +2.638229876e+002 +4.134129876e+002 +4.134129876e+002
540 0 +2.407363351e+002 +3.903263351e+002 +3.903263351e+002
557 0 +2.290096544e+002 +3.785996544e+002 +3.785996544e+002
677 0 +2.142053197e+002 +3.637953197e+002 +3.637953197e+002
762 0 +2.061200983e+002 +3.557100983e+002 +3.557100983e+002
794 0 +1.928326422e+002 +3.424226422e+002 +3.424226422e+002
862 0 +1.767148590e+002 +3.263048590e+002 +3.263048590e+002
866 0 +1.546217303e+002 +3.042117303e+002 +3.042117303e+002
934 0 +1.474850429e+002 +2.970750429e+002 +2.970750429e+002
953 0 +1.240307832e+002 +2.736207832e+002 +2.736207832e+002
1108 0 +1.160615578e+002 +2.656515578e+002 +2.656515578e+002
1283 0 +1.113442123e+002 +2.609342123e+002 +2.609342123e+002
1565 0 +1.090359875e+002 +2.586259875e+002 +2.586259875e+002
1917 0 +1.009910638e+002 +2.505810638e+002 +2.505810638e+002
2313 0 +9.926558212e+001 +2.488555821e+002 +2.488555821e+002
2505 0 +9.751705393e+001 +2.471070539e+002 +2.471070539e+002
3026 0 +9.433102502e+001 +2.439210250e+002 +2.439210250e+002
3470 0 +9.311418863e+001 +2.427041886e+002 +2.427041886e+002
3716 0 +9.083101534e+001 +2.404210153e+002 +2.404210153e+002
4047 0 +8.749328338e+001 +2.370832834e+002 +2.370832834e+002
4279 0 +8.680599283e+001 +2.363959928e+002 +2.363959928e+002
4579 0 +8.441753268e+001 +2.340075327e+002 +2.340075327e+002
4982 0 +8.282147918e+001 +2.324114792e+002 +2.324114792e+002
5805 0 +8.102374778e+001 +2.306137478e+002 +2.306137478e+002
6166 0 +7.919546229e+001 +2.287854623e+002 +2.287854623e+002
7082 0 +7.757753939e+001 +2.271675394e+002 +2.271675394e+002
% f evaluations | g evaluations | best noise-free fitness - Fopt (-1.000000000000e+003) + sum g_i+ | measured fitness | best measured fitness or single-digit g-values | x1 | x2...
1 0 +7.899082053e+002 -2.100917947e+002 -2.100917947e+002
3 0 +6.916315750e+002 -3.083684250e+002 -3.083684250e+002
7 0 +6.390854194e+002 -3.609145806e+002 -3.609145806e+002
14 0 +6.214694277e+002 -3.785305723e+002 -3.785305723e+002
59 0 +6.103518293e+002 -3.896481707e+002 -3.896481707e+002
107 0 +5.995701466e+002 -4.004298534e+002 -4.004298534e+002
110 0 +5.174567761e+002 -4.825432239e+002 -4.825432239e+002
204 0 +4.950009662e+002 -5.049990338e+002 -5.049990338e+002
214 0 +4.777402807e+002 -5.222597193e+002 -5.222597193e+002
260 0 +4.272778910e+002 -5.727221090e+002 -5.727221090e+002
306 0 +3.969250573e+002 -6.030749427e+002 -6.030749427e+002
314 0 +3.786816514e+002 -6.213183486e+002 -6.213183486e+002
327 0 +3.522657310e+002 -6.477342690e+002 -6.477342690e+002
359 0 +3.329916833e+002 -6.670083167e+002 -6.670083167e+002
406 0 +3.169510062e+002 -6.830489938e+002 -6.830489938e+002
514 0 +3.126979277e+002 -6.873020723e+002 -6.873020723e+002
542 0 +2.858122246e+002 -7.141877754e+002 -7.141877754e+002
615 0 +2.799097229e+002 -7.200902771e+002 -7.200902771e+002
616 0 +2.606142018e+002 -7.393857982e+002 -7.393857982e+002
671 0 +2.363185736e+002 -7.636814264e+002 -7.636814264e+002
709 0 +2.304692862e+002 -7.695307138e+002 -7.695307138e+002
746 0 +2.273384011e+002 -7.726615989e+002 -7.726615989e+002
750 0 +2.221642728e+002 -7.778357272e+002 -7.778357272e+002
909 0 +2.124774686e+002 -7.875225314e+002 -7.875225314e+002
950 0 +2.086392731e+002 -7.913607269e+002 -7.913607269e+002
994 0 +2.000514158e+002 -7.999485842e+002 -7.999485842e+002
1006 0 +1.923270068e+002 -8.076729932e+002 -8.076729932e+002
1056 0 +1.844061028e+002 -8.155938972e+002 -8.155938972e+002
1113 0 +1.817334094e+002 -8.182665906e+002 -8.182665906e+002
1121 0 +1.775142535e+002 -8.224857465e+002 -8.224857465e+002
1220 0 +1.715716079e+002 -8.284283921e+002 -8.284283921e+002
1227 0 +1.653750675e+002 -8.346249325e+002 -8.346249325e+002
1310 0 +1.528606560e+002 -8.471393440e+002 -8.471393440e+002
1383 0 +1.467304573e+002 -8.532695427e+002 -8.532695427e+002
1510 0 +1.406042481e+002 -8.593957519e+002 -8.593957519e+002
1693 0 +1.331817226e+002 -8.668182774e+002 -8.668182774e+002
1715 0 +1.300015812e+002 -8.699984188e+002 -8.699984188e+002
1786 0 +1.239187437e+002 -8.760812563e+002 -8.760812563e+002
1809 0 +1.083241657e+002 -8.916758343e+002 -8.916758343e+002
2009 0 +1.061632606e+002 -8.938367394e+002 -8.938367394e+002
2043 0 +9.409263920e+001 -9.059073608e+002 -9.059073608e+002
2358 0 +8.879417406e+001 -9.112058259e+002 -9.112058259e+002
2429 0 +8.633338648e+001 -9.136666135e+002 -9.136666135e+002
2568 0 +8.424457368e+001 -9.157554263e+002 -9.157554263e+002
2620 0 +8.113359616e+001 -9.188664038e+002 -9.188664038e+002
2720 0 +7.461352565e+001 -9.253864743e+002 -9.253864743e+002
2842 0 +7.387943859e+001 -9.261205614e+002 -9.261205614e+002
2872 0 +6.660898251e+001 -9.333910175e+002 -9.333910175e+002
2996 0 +6.484252776e+001 -9.351574722e+002 -9.351574722e+002
3023 0 +5.726269522e+001 -9.427373048e+002 -9.427373048e+002
3109 0 +5.589329402e+001 -9.441067060e+002 -9.441067060e+002
3178 0 +5.256174312e+001 -9.474382569e+002 -9.474382569e+002
3199 0 +4.604237306e+001 -9.539576269e+002 -9.539576269e+002
3263 0 +4.356985987e+001 -9.564301401e+002 -9.564301401e+002
3285 0 +4.189660984e+001 -9.581033902e+002 -9.581033902e+002
3418 0 +4.156513290e+001 -9.584348671e+002 -9.584348671e+002
3502 0 +3.224419264e+001 -9.677558074e+002 -9.677558074e+002
3748 0 +2.884957950e+001 -9.711504205e+002 -9.711504205e+002
3780 0 +2.047585916e+001 -9.795241408e+002 -9.795241408e+002
3856 0 +1.600384686e+001 -9.839961531e+002 -9.839961531e+002
4039 0 +1.531919292e+001 -9.846808071e+002 -9.846808071e+002
4096 0 +9.780482502e+000 -9.902195175e+002 -9.902195175e+002
4203 0 +8.605402173e+000 -9.913945978e+002 -9.913945978e+002
4355 0 +7.057916838e+000 -9.929420832e+002 -9.929420832e+002
4539 0 +6.868172964e+000 -9.931318270e+002 -9.931318270e+002
4731 0 +6.620519090e+000 -9.933794809e+002 -9.933794809e+002
5443 0 +6.449097617e+000 -9.935509024e+002 -9.935509024e+002
6901 0 +6.173734142e+000 -9.938262659e+002 -9.938262659e+002
8574 0 +5.759790888e+000 -9.942402091e+002 -9.942402091e+002
8611 0 +5.655421682e+000 -9.943445783e+002 -9.943445783e+002
8732 0 +5.608917478e+000 -9.943910825e+002 -9.943910825e+002
8906 0 +5.065645783e+000 -9.949343542e+002 -9.949343542e+002
8974 0 +4.761463355e+000 -9.952385366e+002 -9.952385366e+002
9006 0 +4.528618814e+000 -9.954713812e+002 -9.954713812e+002
9032 0 +4.434567603e+000 -9.955654324e+002 -9.955654324e+002
9252 0 +3.634933810e+000 -9.963650662e+002 -9.963650662e+002
9952 0 +3.569456254e+000 -9.964305437e+002 -9.964305437e+002
10032 0 +3.176232857e+000 -9.968237671e+002 -9.968237671e+002
% f evaluations | g evaluations | best noise-free fitness - Fopt (-2.922000000000e+001) + sum g_i+ | measured fitness | best measured fitness or single-digit g-values | x1 | x2...
1 0 +7.899082053e+002 +7.606882053e+002 +7.606882053e+002
6 0 +7.334557691e+002 +7.042357691e+002 +7.042357691e+002
9 0 +6.997919104e+002 +6.705719104e+002 +6.705719104e+002
20 0 +6.369530853e+002 +6.077330853e+002 +6.077330853e+002
30 0 +5.726783707e+002 +5.434583707e+002 +5.434583707e+002
118 0 +4.844317284e+002 +4.552117284e+002 +4.552117284e+002
143 0 +4.772973992e+002 +4.480773992e+002 +4.480773992e+002
212 0 +4.090568933e+002 +3.798368933e+002 +3.798368933e+002
251 0 +3.755921976e+002 +3.463721976e+002 +3.463721976e+002
302 0 +3.549985437e+002 +3.257785437e+002 +3.257785437e+002
339 0 +2.986365828e+002 +2.694165828e+002 +2.694165828e+002
404 0 +2.950411165e+002 +2.658211165e+002 +2.658211165e+002
418 0 +2.713971731e+002 +2.421771731e+002 +2.421771731e+002
497 0 +2.587887858e+002 +2.295687858e+002 +2.295687858e+002
562 0 +2.552102695e+002 +2.259902695e+002 +2.259902695e+002
582 0 +1.996062418e+002 +1.703862418e+002 +1.703862418e+002
620 0 +1.976703694e+002 +1.684503694e+002 +1.684503694e+002
692 0 +1.850608297e+002 +1.558408297e+002 +1.558408297e+002
705 0 +1.791445298e+002 +1.499245298e+002 +1.499245298e+002
724 0 +1.712806676e+002 +1.420606676e+002 +1.420606676e+002
812 0 +1.629960558e+002 +1.337760558e+002 +1.337760558e+002
905 0 +1.504011590e+002 +1.211811590e+002 +1.211811590e+002
1029 0 +1.442526007e+002 +1.150326007e+002 +1.150326007e+002
1105 0 +1.401072155e+002 +1.108872155e+002 +1.108872155e+002
1183 0 +1.375060734e+002 +1.082860734e+002 +1.082860734e+002
1228 0 +1.337989725e+002 +1.045789725e+002 +1.045789725e+002
1229 0 +1.277835428e+002 +9.856354279e+001 +9.856354279e+001
1525 0 +1.222927679e+002 +9.307276788e+001 +9.307276788e+001
1711 0 +1.180901695e+002 +8.887016951e+001 +8.887016951e+001
1811 0 +1.134343717e+002 +8.421437165e+001 +8.421437165e+001
2060 0 +1.093095882e+002 +8.008958815e+001 +8.008958815e+001
2311 0 +1.062702044e+002 +7.705020441e+001 +7.705020441e+001
2561 0 +1.046529568e+002 +7.543295678e+001 +7.543295678e+001
2899 0 +1.002032675e+002 +7.098326747e+001 +7.098326747e+001
2911 0 +9.918361220e+001 +6.996361220e+001 +6.996361220e+001
3520 0 +9.719728680e+001 +6.797728680e+001 +6.797728680e+001
3811 0 +9.537217847e+001 +6.615217847e+001 +6.615217847e+001
4031 0 +9.242851787e+001 +6.320851787e+001 +6.320851787e+001
4225 0 +9.097736714e+001 +6.175736714e+001 +6.175736714e+001
4325 0 +8.579254474e+001 +5.657254474e+001 +5.657254474e+001
4521 0 +8.453004345e+001 +5.531004345e+001 +5.531004345e+001
4555 0 +8.191276178e+001 +5.269276178e+001 +5.269276178e+001
4636 0 +7.918696977e+001 +4.996696977e+001 +4.996696977e+001
4766 0 +7.649726657e+001 +4.727726657e+001 +4.727726657e+001
4840 0 +7.581420003e+001 +4.659420003e+001 +4.659420003e+001
5317 0 +7.152816085e+001 +4.230816085e+001 +4.230816085e+001
5440 0 +7.047287074e+001 +4.125287074e+001 +4.125287074e+001
5527 0 +6.877126718e+001 +3.955126718e+001 +3.955126718e+001
5542 0 +6.680907279e+001 +3.758907279e+001 +3.758907279e+001
5763 0 +6.520558208e+001 +3.598558208e+001 +3.598558208e+001
5834 0 +6.337746261e+001 +3.415746261e+001 +3.415746261e+001
5863 0 +6.175031032e+001 +3.253031032e+001 +3.253031032e+001
5866 0 +6.079237441e+001 +3.157237441e+001 +3.157237441e+001
5921 0 +5.968802460e+001 +3.046802460e+001 +3.046802460e+001
6056 0 +5.237665820e+001 +2.315665820e+001 +2.315665820e+001
6234 0 +4.932613764e+001 +2.010613764e+001 +2.010613764e+001
6411 0 +4.859327211e+001 +1.937327211e+001 +1.937327211e+001
6465 0 +4.436447356e+001 +1.514447356e+001 +1.514447356e+001
6581 0 +4.328173045e+001 +1.406173045e+001 +1.406173045e+001
6754 0 +4.126263970e+001 +1.204263970e+001 +1.204263970e+001
6910 0 +3.720852227e+001 +7.988522270e+000 +7.988522270e+000
7026 0 +3.547635626e+001 +6.256356256e+000 +6.256356256e+000
7063 0 +3.129641597e+001 +2.076415970e+000 +2.076415970e+000
7069 0 +2.761420023e+001 -1.605799768e+000 -1.605799768e+000
7163 0 +2.606529025e+001 -3.154709754e+000 -3.154709754e+000
7266 0 +2.303902824e+001 -6.180971758e+000 -6.180971758e+000
7342 0 +1.686598604e+001 -1.235401396e+001 -1.235401396e+001
7438 0 +1.487493158e+001 -1.434506842e+001 -1.434506842e+001
7442 0 +1.319529155e+001 -1.602470845e+001 -1.602470845e+001
7521 0 +1.213894136e+001 -1.708105864e+001 -1.708105864e+001
7528 0 +1.167916607e+001 -1.754083393e+001 -1.754083393e+001
7542 0 +1.039509317e+001 -1.882490683e+001 -1.882490683e+001
7573 0 +9.132611349e+000 -2.008738865e+001 -2.008738865e+001
7615 0 +5.960804423e+000 -2.325919558e+001 -2.325919558e+001
7715 0 +4.396446798e+000 -2.482355320e+001 -2.482355320e+001
7759 0 +3.050468512e+000 -2.616953149e+001 -2.616953149e+001
7892 0 +2.499357470e+000 -2.672064253e+001 -2.672064253e+001
7915 0 +0.000000000e+000 -2.922000000e+001 -2.922000000e+001
% f evaluations | g evaluations | best noise-free fitness - Fopt (-4.096000000000e+001) + sum g_i+ | measured fitness | best measured fitness or single-digit g-values | x1 | x2...
1 0 +7.899082053e+002 +7.489482053e+002 +7.489482053e+002
8 0 +7.176128843e+002 +6.766528843e+002 +6.766528843e+002
21 0 +5.691138067e+002 +5.281538067e+002 +5.281538067e+002
102 0 +5.461050349e+002 +5.051450349e+002 +5.051450349e+002
131 0 +5.003510205e+002 +4.593910205e+002 +4.593910205e+002
141 0 +4.554336612e+002 +4.144736612e+002 +4.144736612e+002
221 0 +3.835769181e+002 +3.426169181e+002 +3.426169181e+002
302 0 +3.755181854e+002 +3.345581854e+002 +3.345581854e+002
315 0 +3.126598255e+002 +2.716998255e+002 +2.716998255e+002
406 0 +2.971107135e+002 +2.561507135e+002 +2.561507135e+002
489 0 +2.776994977e+002 +2.367394977e+002 +2.367394977e+002
528 0 +2.740727859e+002 +2.331127859e+002 +2.331127859e+002
605 0 +2.628388571e+002 +2.218788571e+002 +2.218788571e+002
638 0 +2.535232012e+002 +2.125632012e+002 +2.125632012e+002
640 0 +2.499687285e+002 +2.090087285e+002 +2.090087285e+002
667 0 +2.418020266e+002 +2.008420266e+002 +2.008420266e+002
712 0 +2.223383274e+002 +1.813783274e+002 +1.813783274e+002
738 0 +2.176019838e+002 +1.766419838e+002 +1.766419838e+002
810 0 +2.054413358e+002 +1.644813358e+002 +1.644813358e+002
844 0 +2.025187331e+002 +1.615587331e+002 +1.615587331e+002
860 0 +1.676268980e+002 +1.266668980e+002 +1.266668980e+002
913 0 +1.591635904e+002 +1.182035904e+002 +1.182035904e+002
915 0 +1.539449703e+002 +1.129849703e+002 +1.129849703e+002
929 0 +1.426032532e+002 +1.016432532e+002 +1.016432532e+002
965 0 +1.395061905e+002 +9.854619045e+001 +9.854619045e+001
1010 0 +1.334369695e+002 +9.247696951e+001 +9.247696951e+001
1015 0 +1.135657758e+002 +7.260577583e+001 +7.260577583e+001
1106 0 +9.916300700e+001 +5.820300700e+001 +5.820300700e+001
1447 0 +9.028604933e+001 +4.932604933e+001 +4.932604933e+001
1530 0 +8.421781856e+001 +4.325781856e+001 +4.325781856e+001
1728 0 +8.024772173e+001 +3.928772173e+001 +3.928772173e+001
1869 0 +7.580082810e+001 +3.484082810e+001 +3.484082810e+001
1878 0 +7.216303043e+001 +3.120303043e+001 +3.120303043e+001
2019 0 +6.439110340e+001 +2.343110340e+001 +2.343110340e+001
2026 0 +6.150804486e+001 +2.054804486e+001 +2.054804486e+001
2077 0 +5.701161985e+001 +1.605161985e+001 +1.605161985e+001
2256 0 +5.416805578e+001 +1.320805578e+001 +1.320805578e+001
2305 0 +4.705924689e+001 +6.099246893e+000 +6.099246893e+000
2744 0 +4.521179984e+001 +4.251799839e+000 +4.251799839e+000
2888 0 +4.271612469e+001 +1.756124691e+000 +1.756124691e+000
2915 0 +4.244556790e+001 +1.485567899e+000 +1.485567899e+000
3326 0 +4.104973364e+001 +8.973364100e-002 +8.973364100e-002
3502 0 +3.838638448e+001 -2.573615519e+000 -2.573615519e+000
3764 0 +3.797354247e+001 -2.986457530e+000 -2.986457530e+000
4020 0 +3.711257004e+001 -3.847429958e+000 -3.847429958e+000
4262 0 +3.587908081e+001 -5.080919191e+000 -5.080919191e+000
4420 0 +3.534553364e+001 -5.614466357e+000 -5.614466357e+000
5476 0 +2.732525613e+001 -1.363474387e+001 -1.363474387e+001
5620 0 +2.627893941e+001 -1.468106059e+001 -1.468106059e+001
5798 0 +2.515769322e+001 -1.580230678e+001 -1.580230678e+001
5844 0 +2.488701863e+001 -1.607298137e+001 -1.607298137e+001
5862 0 +2.140833639e+001 -1.955166361e+001 -1.955166361e+001
5998 0 +2.031638463e+001 -2.064361537e+001 -2.064361537e+001
6040 0 +1.988783479e+001 -2.107216521e+001 -2.107216521e+001
6074 0 +1.935145397e+001 -2.160854603e+001 -2.160854603e+001
6266 0 +1.903608786e+001 -2.192391214e+001 -2.192391214e+001
6640 0 +1.813541649e+001 -2.282458351e+001 -2.282458351e+001
6758 0 +1.638222434e+001 -2.457777566e+001 -2.457777566e+001
6774 0 +1.621588656e+001 -2.474411344e+001 -2.474411344e+001
7066 0 +1.561679794e+001 -2.534320206e+001 -2.534320206e+001
7344 0 +1.546701946e+001 -2.549298054e+001 -2.549298054e+001
7581 0 +1.503354111e+001 -2.592645889e+001 -2.592645889e+001
9448 0 +1.467084019e+001 -2.628915981e+001 -2.628915981e+001
