% f evaluations | g evaluations | best noise-free fitness - Fopt (-1.694000000000e+001) + sum g_i+ | measured fitness | best measured fitness or single-digit g-values | x1 | x2...
1 0 +3.030607799e+001 +1.336607799e+001 +1.336607799e+001 +0.0000e+000 +0.0000e+000 +0.0000e+000 +0.0000e+000 +0.0000e+000 +0.0000e+000 +0.0000e+000 +0.0000e+000 +0.0000e+000 +0.0000e+000
3 0 +2.463941111e+001 +7.699411105e+000 +7.699411105e+000 +3.3077e+000 +3.0215e+000 -2.7518e+000 -1.6530e+000 -4.3653e+000 +2.7226e-001 +3.7065e-001 +2.9385e-001 +1.7021e-001 -1.9602e+000
36 0 +1.180227702e+001 -5.137722977e+000 -5.137722977e+000 +2.6232e+000 +4.5753e+000 +2.7219e+000 +3.5441e+000 +3.4881e+000 +6.3746e-001 +3.0906e+000 -7.6805e-001 +2.7781e+000 -2.0836e-001
65 0 +9.181877360e+000 -7.758122640e+000 -7.758122640e+000 +4.1477e+000 +1.0523e+000 -3.4539e+000 -2.2372e+000 +9.2958e-001 -2.4991e+000 +4.0918e+000 -2.9603e+000 +2.8829e+000 -2.8681e+000
204 0 +7.069412227e+000 -9.870587773e+000 -9.870587773e+000 +1.5881e+000 +1.5035e+000 -2.1284e+000 +6.1670e-001 +2.7578e+000 -3.1762e+000 +2.9014e+000 -3.3470e+000 -3.5748e-001 -8.2496e-001
330 0 +6.787282730e+000 -1.015271727e+001 -1.015271727e+001 +2.6784e+000 +1.8455e+000 -3.3779e+000 -7.8174e-001 +1.7668e+000 -3.8708e+000 +4.8308e+000 -3.2420e+000 +1.2061e+000 -2.7436e+000
333 0 +6.585142864e+000 -1.035485714e+001 -1.035485714e+001 +4.7742e+000 +6.0489e-001 -4.1297e+000 +1.3194e+000 +3.1733e+000 -4.0779e+000 +4.2068e+000 -4.9578e+000 +1.7713e+000 -1.9432e+000
339 0 +5.746369192e+000 -1.119363081e+001 -1.119363081e+001 +1.7301e+000 -1.1679e-001 -2.5090e-001 +9.2217e-001 +1.4020e+000 -2.8363e+000 +3.4065e+000 -8.2344e-001 -6.4417e-001 -3.2845e-001
345 0 +4.699360469e+000 -1.224063953e+001 -1.224063953e+001 +3.3579e+000 +1.5362e+000 -2.5592e+000 +5.1897e-001 +2.6073e+000 -3.7453e+000 +3.7306e+000 -1.8941e+000 -4.5664e-001 -2.0697e+000
380 0 +2.931413596e+000 -1.400858640e+001 -1.400858640e+001 +3.6325e+000 +2.0896e+000 -1.5807e+000 +1.5660e+000 +3.3704e+000 -2.3956e+000 +4.6883e+000 -5.0866e+000 +4.4680e-001 -6.5847e-001
477 0 +2.358723412e+000 -1.458127659e+001 -1.458127659e+001 +3.1701e+000 +2.1507e+000 -3.5517e+000 +2.3453e+000 +3.5983e+000 -3.5931e+000 +3.7267e+000 -4.5192e+000 -1.2724e+000 -1.3065e+000
528 0 +1.998934532e+000 -1.494106547e+001 -1.494106547e+001 +2.7965e+000 +2.2032e+000 -2.8808e+000 +1.4579e+000 +3.2916e+000 -2.7370e+000 +4.1438e+000 -3.9688e+000 -5.3204e-001 -2.3556e+000
534 0 +1.883620042e+000 -1.505637996e+001 -1.505637996e+001 +2.4357e+000 +2.2267e+000 -2.2524e+000 +1.0621e+000 +1.2263e+000 -3.5513e+000 +3.3024e+000 -2.5108e+000 +2.0618e-001 -2.5424e+000
757 0 +1.565481713e+000 -1.537451829e+001 -1.537451829e+001 +2.5447e+000 +2.4212e+000 -1.9114e+000 +1.0028e+000 +1.1030e+000 -3.7255e+000 +3.3008e+000 -2.3046e+000 +2.7837e-001 -2.4264e+000
946 0 +1.467953736e+000 -1.547204626e+001 -1.547204626e+001 +2.2939e+000 +2.4535e+000 -1.6190e+000 +1.1167e+000 +1.0720e+000 -3.7076e+000 +3.1419e+000 -2.2540e+000 +1.9163e-001 -2.3178e+000
978 0 +1.412552332e+000 -1.552744767e+001 -1.552744767e+001 +2.8323e+000 +2.0190e+000 -1.7428e+000 +1.1062e+000 +1.6780e+000 -3.0172e+000 +3.5960e+000 -2.9945e+000 +2.1883e-001 -2.8583e+000
1036 0 +1.323298596e+000 -1.561670140e+001 -1.561670140e+001 +2.8991e+000 +2.2800e+000 -1.1816e+000 +1.5247e+000 +1.9488e+000 -2.2424e+000 +3.3908e+000 -2.7716e+000 +8.6382e-001 -2.2257e+000
1111 0 +1.279264499e+000 -1.566073550e+001 -1.566073550e+001 +2.9491e+000 +2.1476e+000 -1.1054e+000 +1.4899e+000 +1.8836e+000 -2.1663e+000 +3.4147e+000 -2.8617e+000 +7.8963e-001 -2.4310e+000
1297 0 +1.192154025e+000 -1.574784597e+001 -1.574784597e+001 +2.9087e+000 +2.1808e+000 -1.5733e+000 +1.3795e+000 +1.8837e+000 -2.7072e+000 +3.4762e+000 -2.9626e+000 +7.0077e-001 -2.4166e+000
1347 0 +1.156792033e+000 -1.578320797e+001 -1.578320797e+001 +2.9044e+000 +2.1541e+000 -1.5582e+000 +1.3697e+000 +1.8811e+000 -2.6633e+000 +3.5007e+000 -2.9654e+000 +6.4485e-001 -2.4731e+000
1539 0 +1.146480129e+000 -1.579351987e+001 -1.579351987e+001 +2.9697e+000 +2.0766e+000 -1.3941e+000 +1.4445e+000 +1.3235e+000 -2.7263e+000 +3.4638e+000 -2.7524e+000 +2.7580e-001 -2.4772e+000
1587 0 +1.119582132e+000 -1.582041787e+001 -1.582041787e+001 +2.9256e+000 +2.2172e+000 -1.5971e+000 +1.3968e+000 +1.9262e+000 -2.7415e+000 +3.5037e+000 -2.9360e+000 +6.5191e-001 -2.3865e+000
1609 0 +1.078000121e+000 -1.586199988e+001 -1.586199988e+001 +2.9024e+000 +2.1504e+000 -1.5504e+000 +1.3758e+000 +1.8881e+000 -2.6500e+000 +3.4980e+000 -2.9681e+000 +6.4742e-001 -2.4660e+000
1705 0 +7.049399013e-001 -1.623506010e+001 -1.623506010e+001 +2.9172e+000 +2.1424e+000 -1.7467e+000 +1.4270e+000 +2.0017e+000 -2.7971e+000 +3.4150e+000 -3.0629e+000 +4.8296e-001 -2.3120e+000
1809 0 +6.791385072e-001 -1.626086149e+001 -1.626086149e+001 +2.9170e+000 +2.1439e+000 -1.7479e+000 +1.4239e+000 +1.9961e+000 -2.8010e+000 +3.4178e+000 -3.0592e+000 +4.8414e-001 -2.3157e+000
2251 0 +6.508286523e-001 -1.628917135e+001 -1.628917135e+001 +2.9112e+000 +2.1401e+000 -1.7456e+000 +1.4171e+000 +1.9891e+000 -2.8105e+000 +3.4256e+000 -3.0577e+000 +4.7279e-001 -2.3307e+000
2375 0 +6.438908240e-001 -1.629610918e+001 -1.629610918e+001 +2.9147e+000 +2.1304e+000 -1.7750e+000 +1.4131e+000 +1.9985e+000 -2.8134e+000 +3.4072e+000 -3.0696e+000 +4.4989e-001 -2.3250e+000
2591 0 +6.273174648e-001 -1.631268254e+001 -1.631268254e+001 +2.9106e+000 +2.1292e+000 -1.7724e+000 +1.4086e+000 +2.0073e+000 -2.8239e+000 +3.4184e+000 -3.0806e+000 +4.4581e-001 -2.3366e+000
3156 0 +6.156648732e-001 -1.632433513e+001 -1.632433513e+001 +2.9079e+000 +2.1276e+000 -1.7741e+000 +1.4092e+000 +2.0125e+000 -2.8223e+000 +3.4165e+000 -3.0842e+000 +4.4509e-001 -2.3374e+000
% f evaluations | g evaluations | best noise-free fitness - Fopt (1.881000000000e+001) + sum g_i+ | measured fitness | best measured fitness or single-digit g-values | x1 | x2...
1 0 +6.610359773e+000 +2.542035977e+001 +2.542035977e+001 +0.0000e+000 +0.0000e+000 +0.0000e+000 +0.0000e+000 +0.0000e+000 +0.0000e+000 +0.0000e+000 +0.0000e+000 +0.0000e+000 +0.0000e+000
181 0 +6.595466551e+000 +2.540546655e+001 +2.540546655e+001 +2.2829e+000 +3.0752e+000 +1.2429e+000 -2.1292e-002 +1.2489e+000 -2.3121e-001 +1.3072e+000 -3.0771e-001 +2.5489e+000 +2.9420e+000
215 0 +5.816415191e+000 +2.462641519e+001 +2.462641519e+001 +1.0657e+000 +2.3150e+000 +2.4615e+000 +1.3515e-001 +1.0953e+000 +1.6810e-001 +2.0314e+000 -1.3179e-001 +1.3274e+000 +2.6618e+000
372 0 +5.603224566e+000 +2.441322457e+001 +2.441322457e+001 +1.4582e+000 +2.4363e+000 +2.2474e+000 +3.3720e-001 +6.8018e-001 -7.9549e-002 +1.9891e+000 +1.7205e-001 +1.6695e+000 +3.5556e+000
374 0 +5.373396238e+000 +2.418339624e+001 +2.418339624e+001 +9.8600e-001 +2.1889e+000 +1.2744e+000 -5.4230e-002 +4.3661e-001 +2.4691e-001 +3.1757e-001 +6.9076e-001 -1.1991e-001 +3.5988e+000
415 0 +4.225304979e+000 +2.303530498e+001 +2.303530498e+001 +9.1032e-001 +2.6902e+000 +1.1895e+000 -1.3221e+000 +7.3495e-001 -1.2225e+000 +2.5178e-001 +1.8805e-001 +1.4113e+000 +2.5089e+000
529 0 +4.023383085e+000 +2.283338308e+001 +2.283338308e+001 +1.1416e-002 +1.9248e+000 +5.3593e-001 +9.4418e-001 +8.1681e-001 -1.9789e+000 -1.5268e+000 +3.2200e-001 +1.3045e+000 +3.3461e+000
546 0 +3.041338410e+000 +2.185133841e+001 +2.185133841e+001 +4.0486e-001 +8.0414e-001 -1.1097e+000 -1.0439e+000 -2.9393e-001 -2.8596e+000 +1.3157e+000 +3.6716e-001 +8.8858e-001 +1.2707e+000
625 0 +2.851833939e+000 +2.166183394e+001 +2.166183394e+001 +5.8516e-001 +1.5828e+000 -6.6317e-001 -1.1327e+000 +4.7631e-003 -2.6005e+000 +3.3197e-001 +5.4753e-001 +9.8876e-001 +1.5861e+000
696 0 +2.125411400e+000 +2.093541140e+001 +2.093541140e+001 -2.8174e-001 +1.2333e+000 -1.1582e+000 -7.4069e-001 +6.9390e-001 -2.9114e+000 +7.6982e-002 +9.4675e-001 +4.0069e-001 +2.3048e+000
724 0 +1.967598568e+000 +2.077759857e+001 +2.077759857e+001 -1.0433e-001 +1.3843e+000 -9.5875e-001 -6.7343e-001 +5.2904e-001 -2.7813e+000 +3.6942e-001 +8.8552e-001 +7.8385e-001 +2.1248e+000
842 0 +1.424833925e+000 +2.023483393e+001 +2.023483393e+001 +1.3884e-001 +1.7438e+000 -8.1071e-001 -6.6245e-001 +7.5616e-001 -3.6468e+000 +4.5378e-001 +8.0655e-001 +3.8127e-001 +2.3999e+000
926 0 +1.209893089e+000 +2.001989309e+001 +2.001989309e+001 -4.8358e-001 +1.5485e+000 -8.8856e-001 -2.7028e-001 +1.2502e+000 -3.2399e+000 +2.2084e-001 +6.5374e-001 +2.6474e-001 +2.2743e+000
985 0 +1.184062477e+000 +1.999406248e+001 +1.999406248e+001 -6.4484e-002 +1.8304e+000 -8.6702e-001 -7.7412e-001 +9.2677e-001 -3.1280e+000 +5.3842e-001 +8.4393e-001 +4.7797e-001 +2.0729e+000
1076 0 +1.118477724e+000 +1.992847772e+001 +1.992847772e+001 -6.3033e-002 +1.9155e+000 -8.1163e-001 -6.4936e-001 +9.7334e-001 -3.5352e+000 +3.2725e-001 +8.5185e-001 +3.7708e-001 +2.3953e+000
1096 0 +1.055503534e+000 +1.986550353e+001 +1.986550353e+001 -1.7250e-001 +1.9951e+000 -8.0393e-001 -7.5782e-001 +1.2244e+000 -3.4471e+000 +1.4657e-001 +1.0665e+000 +2.3233e-001 +2.5061e+000
1106 0 +9.997887057e-001 +1.980978871e+001 +1.980978871e+001 -2.4956e-001 +2.1966e+000 -6.9806e-001 -7.1959e-001 +1.2615e+000 -3.2411e+000 +2.2414e-001 +1.0242e+000 +2.9312e-001 +2.6546e+000
1201 0 +8.919657236e-001 +1.970196572e+001 +1.970196572e+001 +5.0785e-002 +1.8351e+000 -6.4324e-001 -8.8595e-001 +8.3864e-001 -3.0711e+000 +3.3502e-001 +8.2296e-001 +5.6796e-001 +2.1990e+000
1486 0 +8.452556610e-001 +1.965525566e+001 +1.965525566e+001 +8.8916e-002 +1.8455e+000 -6.1536e-001 -8.8936e-001 +8.8111e-001 -3.0715e+000 +3.4803e-001 +7.6785e-001 +6.0189e-001 +2.1612e+000
1654 0 +8.156638086e-001 +1.962566381e+001 +1.962566381e+001 -1.7240e-003 +1.8991e+000 -6.6820e-001 -8.3959e-001 +9.2793e-001 -3.0326e+000 +4.2501e-001 +8.3001e-001 +4.9690e-001 +2.1284e+000
1771 0 +7.901939259e-001 +1.960019393e+001 +1.960019393e+001 +2.2412e-001 +1.6265e+000 -1.0986e+000 -5.5098e-001 +8.8316e-001 -3.1967e+000 +2.4779e-001 +5.8784e-001 +4.2380e-001 +2.1194e+000
1812 0 +7.643441002e-001 +1.957434410e+001 +1.957434410e+001 +8.6068e-002 +1.7415e+000 -9.7063e-001 -6.1755e-001 +9.2189e-001 -3.1396e+000 +3.5553e-001 +6.6128e-001 +4.0348e-001 +2.0947e+000
1824 0 +6.844868911e-001 +1.949448689e+001 +1.949448689e+001 +2.0833e-001 +1.6390e+000 -1.0883e+000 -5.5835e-001 +8.7942e-001 -3.1700e+000 +2.9304e-001 +5.8998e-001 +4.1238e-001 +2.1018e+000
1834 0 +5.338541444e-001 +1.934385414e+001 +1.934385414e+001 +1.8380e-001 +1.6967e+000 -9.5472e-001 -6.4548e-001 +8.8900e-001 -3.1648e+000 +2.7769e-001 +6.4383e-001 +4.6822e-001 +2.1384e+000
1867 0 +4.862087182e-001 +1.929620872e+001 +1.929620872e+001 +2.4351e-001 +1.6818e+000 -1.0155e+000 -5.1671e-001 +8.7410e-001 -3.1229e+000 +2.0933e-001 +5.7671e-001 +4.6267e-001 +2.1845e+000
2122 0 +3.876295830e-001 +1.919762958e+001 +1.919762958e+001 +2.6185e-001 +1.7074e+000 -1.0508e+000 -4.8369e-001 +8.7933e-001 -3.1515e+000 +2.4340e-001 +5.4786e-001 +5.2052e-001 +2.2186e+000
2586 0 +3.646523908e-001 +1.917465239e+001 +1.917465239e+001 +2.6265e-001 +1.7082e+000 -1.1009e+000 -4.7064e-001 +8.6259e-001 -3.1621e+000 +2.5878e-001 +5.4362e-001 +5.2840e-001 +2.2194e+000
2615 0 +3.449998455e-001 +1.915499985e+001 +1.915499985e+001 +2.8438e-001 +1.7003e+000 -1.1204e+000 -4.5741e-001 +8.6376e-001 -3.1760e+000 +2.4625e-001 +5.2006e-001 +5.3954e-001 +2.2195e+000
2938 0 +3.300368935e-001 +1.914003689e+001 +1.914003689e+001 +2.8151e-001 +1.6968e+000 -1.1168e+000 -4.5593e-001 +8.6323e-001 -3.1704e+000 +2.4445e-001 +5.2636e-001 +5.2565e-001 +2.2156e+000
3328 0 +3.235673096e-001 +1.913356731e+001 +1.913356731e+001 +2.7860e-001 +1.6925e+000 -1.1178e+000 -4.5477e-001 +8.6105e-001 -3.1697e+000 +2.4414e-001 +5.2808e-001 +5.2042e-001 +2.2147e+000
4105 0 +3.158400076e-001 +1.912584001e+001 +1.912584001e+001 +2.7509e-001 +1.6894e+000 -1.1186e+000 -4.5377e-001 +8.6229e-001 -3.1738e+000 +2.4478e-001 +5.2738e-001 +5.2220e-001 +2.2170e+000
4362 0 +3.089912091e-001 +1.911899121e+001 +1.911899121e+001 +2.7709e-001 +1.6895e+000 -1.1158e+000 -4.5531e-001 +8.6038e-001 -3.1757e+000 +2.4408e-001 +5.2646e-001 +5.2113e-001 +2.2157e+000
% f evaluations | g evaluations | best noise-free fitness - Fopt (2.731500000000e+002) + sum g_i+ | measured fitness | best measured fitness or single-digit g-values | x1 | x2...
1 0 +2.717862980e+001 +3.003286298e+002 +3.003286298e+002 +0.0000e+000 +0.0000e+000 +0.0000e+000 +0.0000e+000 +0.0000e+000 +0.0000e+000 +0.0000e+000 +0.0000e+000 +0.0000e+000 +0.0000e+000
2 0 +2.346688046e+001 +2.966168805e+002 +2.966168805e+002 +4.0300e+000 +4.2808e+000 +1.9425e+000 -2.6954e-001 +5.6702e-001 -1.4904e+000 -5.7186e-001 -5.0841e-002 -2.0740e-001 -1.4586e+000
3 0 +1.633029423e+001 +2.894802942e+002 +2.894802942e+002 -3.6548e+000 +3.2331e+000 -4.9906e+000 +1.7624e-001 -3.3193e+000 -1.9274e-001 -6.3510e-001 -2.3712e+000 -2.8473e+000 +3.9958e+000
10 0 +7.544049803e+000 +2.806940498e+002 +2.806940498e+002 -4.1636e+000 +1.5812e+000 +2.8293e-001 +4.4692e+000 +8.4387e-001 -1.0803e+000 -8.5567e-001 +8.5364e-001 -3.8678e+000 +5.0606e-001
210 0 +6.897506574e+000 +2.800475066e+002 +2.800475066e+002 -5.0632e+000 +3.0689e+000 +3.6870e-002 +1.0397e+000 +2.5043e+000 +3.9230e-001 +5.7156e-002 +7.8739e-001 -1.7597e+000 +4.8622e-001
339 0 +6.269048705e+000 +2.794190487e+002 +2.794190487e+002 -2.9923e+000 +2.8269e+000 -1.4868e-001 +4.3068e+000 +8.7458e-001 -1.2289e+000 -2.2001e-001 -4.9221e-001 -4.1555e+000 +1.5169e+000
363 0 +5.372187373e+000 +2.785221874e+002 +2.785221874e+002 -3.6253e+000 +2.0804e+000 -9.9223e-001 +4.3054e+000 +2.4126e+000 -3.0781e-001 +1.1785e-001 +1.5985e-001 -4.5958e+000 -6.4246e-001
539 0 +4.208087025e+000 +2.773580870e+002 +2.773580870e+002 -3.2155e+000 +2.5652e+000 -4.0573e-001 +4.3345e+000 +1.3430e+000 -1.0378e+000 -1.9145e-001 -3.2023e-001 -4.3004e+000 +1.0223e+000
806 0 +3.497996723e+000 +2.766479967e+002 +2.766479967e+002 -3.6893e+000 +2.1736e+000 +2.3586e-001 +4.2782e+000 +8.2993e-002 -1.5389e+000 -8.8858e-001 -8.0664e-001 -3.6232e+000 +1.3911e+000
1103 0 +3.384037583e+000 +2.765340376e+002 +2.765340376e+002 -3.7079e+000 +2.4755e+000 -3.6243e-001 +4.1496e+000 +7.9891e-001 -1.0614e+000 -4.3091e-001 -1.8359e-001 -4.0705e+000 +1.0572e+000
1332 0 +3.152934620e+000 +2.763029346e+002 +2.763029346e+002 -3.3689e+000 +2.4455e+000 -3.4666e-001 +4.0736e+000 -3.4432e-001 -1.4837e+000 -3.1240e-001 -7.0007e-001 -3.3826e+000 +1.3221e+000
1432 0 +2.848045974e+000 +2.759980460e+002 +2.759980460e+002 -3.3397e+000 +2.4793e+000 -4.2524e-001 +4.0428e+000 -3.8414e-001 -1.4681e+000 -2.4557e-001 -6.7595e-001 -3.3579e+000 +1.3139e+000
1584 0 +2.667777558e+000 +2.758177776e+002 +2.758177776e+002 -3.2339e+000 +2.4827e+000 -4.8861e-001 +4.0545e+000 -5.0017e-001 -1.5014e+000 -1.2579e-001 -7.1443e-001 -3.2796e+000 +1.3072e+000
1832 0 +2.571233682e+000 +2.757212337e+002 +2.757212337e+002 -3.2284e+000 +2.4720e+000 -4.7093e-001 +4.0659e+000 -5.0255e-001 -1.5103e+000 -1.3144e-001 -7.2760e-001 -3.2767e+000 +1.3079e+000
2308 0 +2.560830927e+000 +2.757108309e+002 +2.757108309e+002 -3.2288e+000 +2.4752e+000 -4.7620e-001 +4.0652e+000 -4.9680e-001 -1.5057e+000 -1.2641e-001 -7.2026e-001 -3.2810e+000 +1.3046e+000
2808 0 +2.510832495e+000 +2.756608325e+002 +2.756608325e+002 -3.2120e+000 +2.4922e+000 -4.7836e-001 +4.0707e+000 -4.8521e-001 -1.4979e+000 -1.2369e-001 -7.2450e-001 -3.2930e+000 +1.3158e+000
3485 0 +2.452624472e+000 +2.756026245e+002 +2.756026245e+002 -3.2028e+000 +2.5044e+000 -4.8851e-001 +4.0697e+000 -4.7082e-001 -1.4992e+000 -1.0208e-001 -7.3125e-001 -3.3003e+000 +1.3264e+000
4704 0 +2.397726526e+000 +2.755477265e+002 +2.755477265e+002 -3.1858e+000 +2.5199e+000 -5.0071e-001 +4.0670e+000 -4.4145e-001 -1.4992e+000 -9.0202e-002 -7.3276e-001 -3.2919e+000 +1.3300e+000
% f evaluations | g evaluations | best noise-free fitness - Fopt (3.718000000000e+001) + sum g_i+ | measured fitness | best measured fitness or single-digit g-values | x1 | x2...
1 0 +1.593285058e+001 +5.311285058e+001 +5.311285058e+001 +0.0000e+000 +0.0000e+000 +0.0000e+000 +0.0000e+000 +0.0000e+000 +0.0000e+000 +0.0000e+000 +0.0000e+000 +0.0000e+000 +0.0000e+000
4 0 +9.060400310e+000 +4.624040031e+001 +4.624040031e+001 -2.1575e+000 -2.1541e+000 -2.9307e+000 +3.8433e+000 -3.2114e+000 -2.9989e+000 -3.8787e+000 +4.7231e-002 +2.2458e+000 -1.6306e+000
306 0 +6.082119889e+000 +4.326211989e+001 +4.326211989e+001 -2.2922e+000 -8.8850e-001 -1.6003e+000 +4.5422e+000 -2.7232e+000 -2.2938e+000 -4.4057e+000 -1.1991e+000 +6.0977e-001 -1.0362e+000
640 0 +5.456675991e+000 +4.263667599e+001 +4.263667599e+001 -2.2212e+000 -8.4561e-001 -1.7445e+000 +4.4029e+000 -2.6114e+000 -2.2442e+000 -4.2708e+000 -9.0129e-001 +8.2595e-001 -9.5715e-001
683 0 +4.426266345e+000 +4.160626634e+001 +4.160626634e+001 -3.4812e+000 -1.2740e+000 -6.2882e-001 +3.4753e+000 -1.6433e+000 -3.2053e+000 -3.1708e+000 -1.8433e+000 -7.0062e-001 -1.5439e-001
767 0 +4.185679444e+000 +4.136567944e+001 +4.136567944e+001 -1.7009e+000 -8.7911e-001 -1.7261e+000 +5.2071e+000 -2.5412e+000 -3.2285e+000 -3.6951e+000 -1.0705e+000 -2.8394e-001 +6.2836e-002
944 0 +4.093997052e+000 +4.127399705e+001 +4.127399705e+001 -2.6360e+000 -7.2122e-001 -8.8324e-001 +4.0697e+000 -1.8810e+000 -2.5317e+000 -3.0241e+000 -1.5281e+000 -4.2095e-001 +1.3557e-001
1047 0 +3.695711182e+000 +4.087571118e+001 +4.087571118e+001 -1.7959e+000 -6.8563e-001 -6.1854e-001 +4.5711e+000 -1.7507e+000 -2.0748e+000 -3.2320e+000 -1.6219e+000 +3.2164e-001 +2.0614e-001
1220 0 +3.418056933e+000 +4.059805693e+001 +4.059805693e+001 -1.8458e+000 -6.7097e-001 -6.3818e-001 +4.5798e+000 -1.7803e+000 -2.1374e+000 -3.2165e+000 -1.5521e+000 +3.1904e-001 +2.3454e-001
1222 0 +3.054620567e+000 +4.023462057e+001 +4.023462057e+001 -1.8246e+000 -5.0111e-001 -5.6027e-001 +4.5597e+000 -1.7635e+000 -2.0585e+000 -3.2082e+000 -1.5306e+000 +1.2836e-001 +4.1088e-001
1447 0 +2.762278370e+000 +3.994227837e+001 +3.994227837e+001 -1.8162e+000 -5.4107e-001 -4.8100e-001 +4.5278e+000 -1.6917e+000 -2.0025e+000 -3.2151e+000 -1.5975e+000 +2.1115e-001 +3.7893e-001
1453 0 +2.701620664e+000 +3.988162066e+001 +3.988162066e+001 -1.6483e+000 -4.1000e-001 -5.7124e-001 +4.4602e+000 -1.7557e+000 -1.9329e+000 -3.1409e+000 -1.4106e+000 +1.5931e-002 +4.3870e-001
1747 0 +2.578265740e+000 +3.975826574e+001 +3.975826574e+001 -1.7193e+000 -4.8404e-001 -5.4230e-001 +4.4928e+000 -1.7305e+000 -1.9683e+000 -3.1754e+000 -1.4980e+000 +1.1648e-001 +3.9335e-001
2107 0 +2.560498293e+000 +3.974049829e+001 +3.974049829e+001 -1.7330e+000 -4.8599e-001 -5.6391e-001 +4.5158e+000 -1.7488e+000 -2.0054e+000 -3.1931e+000 -1.4863e+000 +9.6135e-002 +3.9820e-001
2224 0 +2.483323236e+000 +3.966332324e+001 +3.966332324e+001 -1.7080e+000 -4.7409e-001 -5.1851e-001 +4.4837e+000 -1.7164e+000 -1.9311e+000 -3.1641e+000 -1.5045e+000 +1.3477e-001 +4.0373e-001
2627 0 +2.373437925e+000 +3.955343793e+001 +3.955343793e+001 -1.7674e+000 -2.2293e-001 -4.7259e-001 +4.5163e+000 -1.7575e+000 -1.9008e+000 -3.2166e+000 -1.4451e+000 +1.0520e-001 +4.8706e-001
2759 0 +2.322209789e+000 +3.950220979e+001 +3.950220979e+001 -1.7636e+000 -2.3783e-001 -4.7992e-001 +4.5176e+000 -1.7575e+000 -1.9095e+000 -3.2164e+000 -1.4457e+000 +1.0308e-001 +4.8170e-001
3307 0 +2.278736653e+000 +3.945873665e+001 +3.945873665e+001 -1.7965e+000 -3.4747e-001 -4.3501e-001 +4.4513e+000 -1.7083e+000 -1.8721e+000 -3.1840e+000 -1.4609e+000 +1.0626e-001 +4.0316e-001
3323 0 +2.219583522e+000 +3.939958352e+001 +3.939958352e+001 -1.7939e+000 -3.6326e-001 -4.3917e-001 +4.4503e+000 -1.7069e+000 -1.8757e+000 -3.1812e+000 -1.4645e+000 +1.0823e-001 +3.9774e-001
3724 0 +2.184223353e+000 +3.936422335e+001 +3.936422335e+001 -1.8088e+000 -3.5968e-001 -4.3582e-001 +4.4460e+000 -1.7038e+000 -1.8798e+000 -3.1799e+000 -1.4586e+000 +9.5979e-002 +3.9644e-001
4488 0 +2.135599673e+000 +3.931559967e+001 +3.931559967e+001 -1.8149e+000 -3.8689e-001 -4.4271e-001 +4.4541e+000 -1.7038e+000 -1.8952e+000 -3.1721e+000 -1.4597e+000 +9.5919e-002 +3.9154e-001
% f evaluations | g evaluations | best noise-free fitness - Fopt (-1.479000000000e+002) + sum g_i+ | measured fitness | best measured fitness or single-digit g-values | x1 | x2...
1 0 +8.318189476e+000 -1.395818105e+002 -1.395818105e+002 +0.0000e+000 +0.0000e+000 +0.0000e+000 +0.0000e+000 +0.0000e+000 +0.0000e+000 +0.0000e+000 +0.0000e+000 +0.0000e+000 +0.0000e+000
10 0 +7.643645926e+000 -1.402563541e+002 -1.402563541e+002 +6.8207e-001 -7.7374e-002 +5.5219e-002 -1.8267e+000 +8.0371e-002 -1.6077e+000 -1.1409e+000 -2.2703e+000 -2.8021e+000 +7.9851e-001
211 0 +7.550279998e+000 -1.403497200e+002 -1.403497200e+002 -1.4005e+000 +5.7538e-002 +2.8723e+000 -5.0452e+000 +2.1763e+000 +1.7828e+000 -2.8635e+000 -1.0611e+000 -1.2645e+000 -5.1333e-001
263 0 +7.176488258e+000 -1.407235117e+002 -1.407235117e+002 -3.4120e-001 +2.1655e+000 +3.2421e+000 +8.7028e-001 +2.9198e+000 +1.0533e-001 -9.0092e-001 -1.4000e+000 +3.3637e+000 +2.2341e+000
291 0 +5.377848746e+000 -1.425221513e+002 -1.425221513e+002 -7.1653e-001 +3.3215e-001 +1.6881e+000 -4.4543e+000 -3.2528e+000 -1.6872e-001 -2.2185e+000 -1.1911e+000 -5.1190e+000 +2.6241e+000
313 0 +4.664728367e+000 -1.432352716e+002 -1.432352716e+002 -1.2715e+000 -1.4395e+000 -1.7687e-001 -3.5316e+000 -2.7662e+000 +1.4139e+000 +1.1584e-001 -5.3685e-003 -4.1787e+000 +2.9249e+000
422 0 +3.047951473e+000 -1.448520485e+002 -1.448520485e+002 -1.3790e+000 +4.4899e-001 +7.3727e-001 -3.3368e+000 -1.0106e+000 +1.3527e+000 -7.8285e-001 -7.4861e-001 -3.3531e+000 +1.3788e+000
513 0 +2.775005026e+000 -1.451249950e+002 -1.451249950e+002 -1.4630e+000 +5.2378e-001 +4.8590e-001 -2.3160e+000 -1.9765e+000 +1.1982e+000 -1.4201e+000 -6.0464e-001 -2.7597e+000 +1.7345e+000
688 0 +2.584852137e+000 -1.453151479e+002 -1.453151479e+002 -9.9935e-001 +7.8757e-001 +2.2090e-001 -2.9820e+000 -1.6007e+000 +6.8106e-001 -1.6890e+000 -9.1028e-001 -3.3959e+000 +1.5323e+000
716 0 +2.223933439e+000 -1.456760666e+002 -1.456760666e+002 -2.1359e+000 +3.1926e-002 +5.1585e-001 -3.0873e+000 -1.6376e+000 +4.4592e-001 -1.2158e+000 -5.2375e-001 -4.4307e+000 +2.4086e+000
901 0 +1.904509585e+000 -1.459954904e+002 -1.459954904e+002 -1.8365e+000 +3.3525e-001 +4.7436e-001 -3.1012e+000 -1.7543e+000 +5.0363e-001 -1.3465e+000 -7.1552e-001 -4.1833e+000 +2.1359e+000
975 0 +1.821484563e+000 -1.460785154e+002 -1.460785154e+002 -1.3833e+000 +8.9578e-001 -2.5479e-002 -2.7851e+000 -1.8084e+000 +5.9590e-001 -1.2198e+000 -4.6776e-001 -3.2249e+000 +1.5572e+000
1175 0 +1.794076199e+000 -1.461059238e+002 -1.461059238e+002 -1.4252e+000 +8.6746e-001 -6.2246e-002 -2.7603e+000 -1.7594e+000 +5.7211e-001 -1.2071e+000 -4.5080e-001 -3.1938e+000 +1.5601e+000
1224 0 +1.676887774e+000 -1.462231122e+002 -1.462231122e+002 -1.6824e+000 +5.1014e-001 +1.0891e-001 -2.9608e+000 -1.7869e+000 +5.7138e-001 -1.2253e+000 -6.0186e-001 -3.5933e+000 +1.8230e+000
1317 0 +1.616536207e+000 -1.462834638e+002 -1.462834638e+002 -1.6515e+000 +4.6192e-001 +1.4479e-001 -2.8418e+000 -1.9764e+000 +5.4526e-001 -1.1955e+000 -5.2997e-001 -3.5050e+000 +1.8656e+000
1615 0 +1.569549493e+000 -1.463304505e+002 -1.463304505e+002 -1.6475e+000 +4.5728e-001 +1.4109e-001 -2.8434e+000 -1.9743e+000 +5.4777e-001 -1.1922e+000 -5.3565e-001 -3.5058e+000 +1.8643e+000
1655 0 +1.540364257e+000 -1.463596357e+002 -1.463596357e+002 -1.5655e+000 +4.5713e-001 +2.7606e-001 -2.7624e+000 -1.6847e+000 +5.5196e-001 -1.2133e+000 -7.5248e-001 -3.7179e+000 +1.8185e+000
1899 0 +1.495173403e+000 -1.464048266e+002 -1.464048266e+002 -1.5321e+000 +3.4634e-001 +2.9905e-001 -2.7274e+000 -1.5903e+000 +5.8918e-001 -1.1136e+000 -8.3782e-001 -3.7583e+000 +1.7939e+000
2035 0 +1.295837591e+000 -1.466041624e+002 -1.466041624e+002 -1.4987e+000 +2.3795e-001 +2.6635e-001 -2.7446e+000 -1.7133e+000 +6.3898e-001 -1.1182e+000 -6.9756e-001 -3.7838e+000 +1.8165e+000
2139 0 +1.285385164e+000 -1.466146148e+002 -1.466146148e+002 -1.5906e+000 +4.1094e-001 +2.6515e-001 -2.7349e+000 -1.6242e+000 +5.7645e-001 -1.1504e+000 -7.7867e-001 -3.8802e+000 +1.7561e+000
2439 0 +1.242540844e+000 -1.466574592e+002 -1.466574592e+002 -1.6051e+000 +4.3240e-001 +2.6361e-001 -2.7373e+000 -1.6425e+000 +5.5757e-001 -1.1783e+000 -7.6138e-001 -3.8475e+000 +1.7683e+000
2544 0 +1.160088421e+000 -1.467399116e+002 -1.467399116e+002 -1.5972e+000 +4.3266e-001 +2.6707e-001 -2.7313e+000 -1.6406e+000 +5.6300e-001 -1.1766e+000 -7.6975e-001 -3.8062e+000 +1.7683e+000
2604 0 +1.127402531e+000 -1.467725975e+002 -1.467725975e+002 -1.5902e+000 +4.2904e-001 +2.6894e-001 -2.7290e+000 -1.6377e+000 +5.6717e-001 -1.1720e+000 -7.7287e-001 -3.8063e+000 +1.7674e+000
2969 0 +1.117920572e+000 -1.467820794e+002 -1.467820794e+002 -1.5930e+000 +4.2185e-001 +2.6848e-001 -2.7295e+000 -1.6379e+000 +5.6707e-001 -1.1680e+000 -7.7188e-001 -3.8129e+000 +1.7701e+000
3624 0 +1.094494864e+000 -1.468055051e+002 -1.468055051e+002 -1.6071e+000 +4.1387e-001 +2.5948e-001 -2.7234e+000 -1.6520e+000 +5.5843e-001 -1.1600e+000 -7.5891e-001 -3.8157e+000 +1.7825e+000
3938 0 +1.061603901e+000 -1.468383961e+002 -1.468383961e+002 -1.5438e+000 +4.6001e-001 +2.0009e-001 -2.6268e+000 -1.7717e+000 +6.1379e-001 -1.2087e+000 -6.8988e-001 -3.8768e+000 +1.7909e+000
4515 0 +1.044432129e+000 -1.468555679e+002 -1.468555679e+002 -1.5432e+000 +4.6184e-001 +1.9715e-001 -2.6247e+000 -1.7776e+000 +6.1423e-001 -1.2106e+000 -6.8601e-001 -3.8751e+000 +1.7918e+000
5404 0 +1.023098685e+000 -1.468769013e+002 -1.468769013e+002 -1.5370e+000 +4.6064e-001 +1.9376e-001 -2.6222e+000 -1.7751e+000 +6.1600e-001 -1.2096e+000 -6.8425e-001 -3.8660e+000 +1.7905e+000
7367 0 +9.997205163e-001 -1.469002795e+002 -1.469002795e+002 -1.5392e+000 +4.6361e-001 +1.8843e-001 -2.6211e+000 -1.7764e+000 +6.1020e-001 -1.2159e+000 -6.8430e-001 -3.8701e+000 +1.7912e+000
% f evaluations | g evaluations | best noise-free fitness - Fopt (4.817100000000e+002) + sum g_i+ | measured fitness | best measured fitness or single-digit g-values | x1 | x2...
1 0 +2.325448000e+001 +5.049644800e+002 +5.049644800e+002 +0.0000e+000 +0.0000e+000 +0.0000e+000 +0.0000e+000 +0.0000e+000 +0.0000e+000 +0.0000e+000 +0.0000e+000 +0.0000e+000 +0.0000e+000
3 0 +1.433112014e+001 +4.960411201e+002 +4.960411201e+002 +1.1749e+000 -3.6185e+000 -4.0168e+000 -8.5948e-001 -2.8947e+000 +2.8448e+000 +1.0791e-001 +7.9951e-001 +1.2187e+000 -1.4959e-002
7 0 +1.355219461e+001 +4.952621946e+002 +4.952621946e+002 +2.5558e+000 -8.4477e-001 -4.7920e+000 +4.6225e+000 -1.9522e+000 -1.0195e+000 -2.3401e+000 +1.2190e+000 -3.8478e+000 +2.4293e+000
128 0 +1.093876916e+001 +4.926487692e+002 +4.926487692e+002 -1.9731e+000 -1.4843e+000 -2.8695e+000 +1.1969e+000 +3.5018e+000 -1.4191e+000 -3.8330e+000 -1.9220e-001 -1.2473e+000 -2.9182e+000
269 0 +1.048937644e+001 +4.921993764e+002 +4.921993764e+002 +1.0578e+000 -3.2350e+000 -4.0917e+000 -4.3179e-001 -3.3414e-001 -1.6555e+000 -5.0318e+000 -3.8915e-001 -1.9058e+000 -3.8215e+000
277 0 +8.047079622e+000 +4.897570796e+002 +4.897570796e+002 +2.1266e+000 -4.9953e+000 -4.4121e+000 +4.4356e+000 +2.5197e+000 -2.1081e+000 -3.9696e+000 -8.0856e-001 -4.8728e+000 -4.5817e+000
307 0 +6.496512490e+000 +4.882065125e+002 +4.882065125e+002 +1.0742e+000 -4.3980e+000 -4.4625e+000 +3.4998e+000 +2.6487e+000 -2.0921e+000 -4.0915e+000 -1.9944e-001 -3.8036e+000 -3.6567e+000
314 0 +4.228992916e+000 +4.859389929e+002 +4.859389929e+002 +9.7866e-001 -4.3342e+000 -4.9883e+000 +4.7280e+000 +3.5716e-002 -2.4635e+000 -3.8554e+000 +1.1924e-001 -4.0064e+000 -3.9223e+000
462 0 +3.877173203e+000 +4.855871732e+002 +4.855871732e+002 +1.3728e+000 -3.7164e+000 -4.6036e+000 +4.8877e+000 -1.6873e-001 -2.1516e+000 -2.8154e+000 +4.7625e-001 -3.3032e+000 -3.3774e+000
549 0 +3.664964427e+000 +4.853749644e+002 +4.853749644e+002 +1.4189e+000 -4.1076e+000 -4.1598e+000 +5.2179e+000 -3.9111e-001 -1.9214e+000 -3.1950e+000 +1.8591e-001 -3.6111e+000 -3.6142e+000
625 0 +3.456915187e+000 +4.851669152e+002 +4.851669152e+002 +1.3967e+000 -3.9104e+000 -4.3762e+000 +5.0573e+000 -2.9119e-001 -2.0362e+000 -3.0003e+000 +3.3593e-001 -3.4519e+000 -3.4929e+000
846 0 +3.301630875e+000 +4.850116309e+002 +4.850116309e+002 +6.7745e-001 -3.5555e+000 -4.2424e+000 +4.4104e+000 +6.7089e-001 -2.1302e+000 -3.5501e+000 +1.9157e-001 -3.3680e+000 -2.6959e+000
903 0 +2.873259455e+000 +4.845832595e+002 +4.845832595e+002 +8.3451e-001 -3.7457e+000 -4.3938e+000 +4.5509e+000 +5.8147e-001 -2.2397e+000 -3.5547e+000 +1.7631e-001 -3.5496e+000 -2.8894e+000
974 0 +2.746313566e+000 +4.844563136e+002 +4.844563136e+002 +7.8886e-001 -3.5551e+000 -4.3271e+000 +4.6845e+000 +6.2027e-001 -2.0293e+000 -3.4043e+000 +1.9180e-001 -3.4738e+000 -2.9883e+000
1188 0 +2.381652329e+000 +4.840916523e+002 +4.840916523e+002 +8.1342e-001 -3.6972e+000 -4.2844e+000 +4.6947e+000 +4.8415e-001 -2.1090e+000 -3.4645e+000 +2.8118e-001 -3.4821e+000 -2.9287e+000
1725 0 +2.327576956e+000 +4.840375770e+002 +4.840375770e+002 +8.0547e-001 -3.6702e+000 -4.2877e+000 +4.6846e+000 +4.9965e-001 -2.1000e+000 -3.4544e+000 +2.8160e-001 -3.4650e+000 -2.9293e+000
1820 0 +2.281621414e+000 +4.839916214e+002 +4.839916214e+002 +8.2124e-001 -3.6682e+000 -4.2888e+000 +4.6915e+000 +4.8990e-001 -2.0974e+000 -3.4457e+000 +2.7939e-001 -3.4743e+000 -2.9418e+000
2885 0 +2.220434602e+000 +4.839304346e+002 +4.839304346e+002 +8.1219e-001 -3.6523e+000 -4.2913e+000 +4.6715e+000 +4.9280e-001 -2.0810e+000 -3.4398e+000 +2.4278e-001 -3.4529e+000 -2.9494e+000
3912 0 +2.185720730e+000 +4.838957207e+002 +4.838957207e+002 +8.0533e-001 -3.6233e+000 -4.2908e+000 +4.6577e+000 +4.9135e-001 -2.0568e+000 -3.4314e+000 +2.1086e-001 -3.4462e+000 -2.9660e+000
4311 0 +2.112877926e+000 +4.838228779e+002 +4.838228779e+002 +8.0838e-001 -3.6204e+000 -4.3024e+000 +4.6525e+000 +4.9723e-001 -2.0456e+000 -3.4353e+000 +1.9119e-001 -3.4532e+000 -2.9790e+000
4680 0 +2.088021854e+000 +4.837980219e+002 +4.837980219e+002 +8.0679e-001 -3.6186e+000 -4.3021e+000 +4.6528e+000 +4.9554e-001 -2.0466e+000 -3.4344e+000 +1.9047e-001 -3.4519e+000 -2.9787e+000
% f evaluations | g evaluations | best noise-free fitness - Fopt (-3.646000000000e+001) + sum g_i+ | measured fitness | best measured fitness or single-digit g-values | x1 | x2...
1 0 +4.560330923e+001 +9.143309232e+000 +9.143309232e+000 +0.0000e+000 +0.0000e+000 +0.0000e+000 +0.0000e+000 +0.0000e+000 +0.0000e+000 +0.0000e+000 +0.0000e+000 +0.0000e+000 +0.0000e+000
2 0 +1.745647257e+001 -1.900352743e+001 -1.900352743e+001 -8.0687e-001 -3.9213e+000 +7.6231e-001 +1.3971e+000 -3.4684e+000 +2.9519e+000 +1.8355e+000 +3.7679e+000 -3.3145e+000 -3.6169e+000
4 0 +1.300724852e+001 -2.345275148e+001 -2.345275148e+001 +4.6578e+000 +2.2035e+000 -3.4594e+000 +4.9334e+000 +1.4633e+000 +5.4461e-001 +4.0280e+000 +1.9835e+000 -4.0387e+000 -6.5935e-001
45 0 +1.189204705e+001 -2.456795295e+001 -2.456795295e+001 +1.7291e+000 +4.7087e-001 -4.2732e+000 +4.0468e+000 +3.5936e+000 +2.7166e-001 +1.1979e+000 +4.9495e+000 -4.6547e+000 -4.7889e+000
203 0 +9.174048609e+000 -2.728595139e+001 -2.728595139e+001 +2.3780e+000 +9.3236e-001 -2.0424e+000 +2.9567e+000 +2.1960e+000 -8.2424e-001 +2.8972e-001 +3.7903e+000 -2.7508e+000 -3.7797e+000
232 0 +8.537488299e+000 -2.792251170e+001 -2.792251170e+001 +8.7394e-001 -3.9977e-001 -3.8916e+000 +3.9928e+000 +3.4701e+000 +3.8713e-002 +1.0532e+000 +4.1301e+000 -3.8298e+000 -3.8176e+000
269 0 +7.264770442e+000 -2.919522956e+001 -2.919522956e+001 +1.1715e+000 -3.6875e-001 -1.1401e+000 +3.2480e+000 +3.1475e+000 +1.2622e+000 +1.8085e+000 +2.3535e+000 -2.7869e+000 -3.5615e+000
306 0 +4.654265928e+000 -3.180573407e+001 -3.180573407e+001 +1.9369e+000 -2.1274e+000 -1.4259e+000 +1.9253e+000 +3.0040e+000 +1.0267e+000 +2.5252e-001 +2.0331e+000 -2.6252e+000 -4.4905e+000
417 0 +3.983999565e+000 -3.247600043e+001 -3.247600043e+001 +2.4762e+000 -1.7418e+000 -2.6076e+000 +2.8162e+000 +3.5321e+000 +6.8220e-001 +8.0045e-001 +3.5761e+000 -3.1006e+000 -3.8416e+000
446 0 +3.510035054e+000 -3.294996495e+001 -3.294996495e+001 +1.8766e+000 -1.3774e+000 -2.7673e+000 +1.1339e+000 +1.7792e+000 +2.6275e+000 +2.3440e+000 +4.5697e+000 -4.8971e+000 -5.0000e+000
546 0 +3.409637147e+000 -3.305036285e+001 -3.305036285e+001 +2.2901e+000 -2.2900e+000 -1.8169e+000 +1.3607e+000 +2.5028e+000 +2.0227e+000 +1.2233e+000 +3.3069e+000 -3.9073e+000 -5.0000e+000
583 0 +2.093171748e+000 -3.436682825e+001 -3.436682825e+001 +2.0699e+000 -2.5518e+000 -1.4946e+000 +1.4931e+000 +3.2702e+000 +2.4598e+000 +7.9961e-001 +2.8787e+000 -3.7449e+000 -5.0000e+000
753 0 +1.999941256e+000 -3.446005874e+001 -3.446005874e+001 +2.5033e+000 -2.3671e+000 -2.3455e+000 +8.2501e-001 +3.9480e+000 +2.9277e+000 +1.9691e+000 +2.7749e+000 -4.3083e+000 -5.0000e+000
917 0 +1.715275391e+000 -3.474472461e+001 -3.474472461e+001 +2.1435e+000 -2.6985e+000 -1.5553e+000 +3.2376e-001 +3.5155e+000 +3.4832e+000 +1.6198e+000 +2.1681e+000 -4.3151e+000 -5.0000e+000
1012 0 +1.223473038e+000 -3.523652696e+001 -3.523652696e+001 +2.2892e+000 -3.0600e+000 -1.8598e+000 +4.0995e-001 +3.9294e+000 +3.6325e+000 +2.2339e+000 +2.4498e+000 -4.8349e+000 -5.0000e+000
1311 0 +1.059895330e+000 -3.540010467e+001 -3.540010467e+001 +2.3236e+000 -3.0494e+000 -1.8980e+000 +3.6964e-001 +3.9124e+000 +3.6413e+000 +2.2590e+000 +2.4770e+000 -4.8745e+000 -5.0000e+000
1702 0 +9.580195140e-001 -3.550198049e+001 -3.550198049e+001 +2.3188e+000 -3.0600e+000 -1.9153e+000 +3.8767e-001 +3.9176e+000 +3.6337e+000 +2.2755e+000 +2.4834e+000 -4.8849e+000 -5.0000e+000
1905 0 +9.287070079e-001 -3.553129299e+001 -3.553129299e+001 +2.3390e+000 -3.0700e+000 -1.9335e+000 +3.7524e-001 +3.9266e+000 +3.6295e+000 +2.2807e+000 +2.4828e+000 -4.8921e+000 -5.0000e+000
1954 0 +8.710994409e-001 -3.558890056e+001 -3.558890056e+001 +2.3131e+000 -3.1033e+000 -1.9197e+000 +3.6890e-001 +3.9164e+000 +3.6486e+000 +2.2811e+000 +2.4765e+000 -4.8816e+000 -5.0000e+000
2229 0 +8.658012025e-001 -3.559419880e+001 -3.559419880e+001 +2.2970e+000 -3.1088e+000 -1.9159e+000 +3.7923e-001 +3.9012e+000 +3.6417e+000 +2.2930e+000 +2.4740e+000 -4.8811e+000 -5.0000e+000
2404 0 +8.504452060e-001 -3.560955479e+001 -3.560955479e+001 +2.3079e+000 -3.0925e+000 -1.9197e+000 +3.7865e-001 +3.9112e+000 +3.6419e+000 +2.2917e+000 +2.4691e+000 -4.8713e+000 -5.0000e+000
2873 0 +8.308688289e-001 -3.562913117e+001 -3.562913117e+001 +2.3033e+000 -3.1021e+000 -1.9177e+000 +3.7559e-001 +3.9073e+000 +3.6435e+000 +2.2859e+000 +2.4734e+000 -4.8773e+000 -5.0000e+000
3350 0 +8.125110686e-001 -3.564748893e+001 -3.564748893e+001 +2.3006e+000 -3.1027e+000 -1.9180e+000 +3.7542e-001 +3.9076e+000 +3.6441e+000 +2.2791e+000 +2.4794e+000 -4.8783e+000 -5.0000e+000
% f evaluations | g evaluations | best noise-free fitness - Fopt (3.920000000000e+001) + sum g_i+ | measured fitness | best measured fitness or single-digit g-values | x1 | x2...
1 0 +2.481444877e+001 +6.401444877e+001 +6.401444877e+001 +0.0000e+000 +0.0000e+000 +0.0000e+000 +0.0000e+000 +0.0000e+000 +0.0000e+000 +0.0000e+000 +0.0000e+000 +0.0000e+000 +0.0000e+000
9 0 +2.153082430e+001 +6.073082430e+001 +6.073082430e+001 -4.1638e+000 -3.7762e+000 +2.8714e+000 -8.9232e-001 +1.7148e+000 +1.4714e+000 +4.7190e+000 -4.6251e+000 +4.1903e+000 +2.6993e+000
18 0 +2.033109438e+001 +5.953109438e+001 +5.953109438e+001 -4.3186e+000 -8.2562e-001 -1.4650e+000 +4.8755e+000 -2.7792e+000 +8.1278e-001 +3.1639e+000 -3.4411e+000 +4.7220e+000 +3.8185e+000
67 0 +1.696678394e+001 +5.616678394e+001 +5.616678394e+001 +4.2605e+000 +1.5628e+000 -9.7646e-001 -3.5252e+000 +1.2961e+000 +3.9576e+000 +4.1667e+000 -8.0214e-001 +3.3605e+000 +2.8032e+000
68 0 +1.606893916e+001 +5.526893916e+001 +5.526893916e+001 +7.0820e-001 +2.2550e+000 -1.4127e+000 -1.9054e-001 +6.5562e-001 +2.9711e+000 -2.2285e+000 -3.5194e+000 -2.2541e+000 -9.7922e-001
79 0 +1.524559298e+001 +5.444559298e+001 +5.444559298e+001 +5.0421e-001 -4.9227e+000 +3.0074e-001 +2.1913e+000 +1.7810e+000 +3.5688e-001 +2.8682e+000 -4.8933e+000 +3.7710e+000 -1.1535e+000
80 0 +1.425265739e+001 +5.345265739e+001 +5.345265739e+001 +4.2030e+000 +2.2859e+000 +2.4647e+000 -8.8656e-001 -3.8738e+000 -3.2834e+000 +4.6236e+000 -1.0738e+000 -3.1340e+000 +2.6066e+000
94 0 +1.197725893e+001 +5.117725893e+001 +5.117725893e+001 +1.1008e+000 +3.7591e+000 -3.5363e+000 +3.0371e+000 +2.1709e+000 +2.1538e+000 +4.0035e+000 -2.0567e+000 -1.8790e+000 +4.8306e-001
121 0 +1.128308920e+001 +5.048308920e+001 +5.048308920e+001 +1.8001e+000 +2.3543e+000 +5.8486e-001 +2.2464e+000 +3.4607e+000 +3.5422e+000 +2.7073e+000 -2.2445e+000 -1.1376e+000 -4.4663e-001
133 0 +1.107504638e+001 +5.027504638e+001 +5.027504638e+001 -1.8076e+000 +9.2805e-001 -1.7664e+000 +3.3602e+000 +4.0663e-001 +4.6149e+000 +2.2675e+000 -2.9434e+000 -1.2284e+000 -2.3670e+000
239 0 +9.630819569e+000 +4.883081957e+001 +4.883081957e+001 -1.3710e-001 +6.5855e-001 +5.3596e-001 +3.8242e+000 +2.4176e-001 +1.8640e+000 +1.9978e+000 -1.3514e+000 -1.2663e+000 -6.6403e-001
320 0 +8.914026442e+000 +4.811402644e+001 +4.811402644e+001 -4.5403e-001 +4.3003e-001 -6.4711e-001 +5.0966e+000 +1.2687e+000 +2.3959e+000 +2.1551e+000 -1.5971e+000 -1.7118e+000 -1.7120e+000
325 0 +7.435417471e+000 +4.663541747e+001 +4.663541747e+001 +7.8343e-001 +2.9995e+000 +1.5497e+000 +2.0109e+000 +1.5333e+000 +2.2422e+000 +8.0692e-001 -3.9717e+000 +1.0420e-001 -1.2601e+000
382 0 +6.826022467e+000 +4.602602247e+001 +4.602602247e+001 -7.9309e-001 +9.9876e-002 +3.2853e+000 +4.8621e+000 -1.6933e-001 +2.1665e-001 +2.3121e+000 -1.9949e+000 -1.1869e-001 -3.6864e+000
454 0 +6.726523433e+000 +4.592652343e+001 +4.592652343e+001 -2.3160e-001 +7.3858e-001 +5.0447e-001 +4.5485e+000 +4.5380e-001 +2.0575e+000 +2.9031e+000 -1.8435e+000 -4.2214e-001 -1.9526e+000
490 0 +4.767109608e+000 +4.396710961e+001 +4.396710961e+001 +1.3695e+000 +2.2204e+000 +2.2320e+000 +1.8857e+000 +9.7938e-001 +2.1994e+000 +1.9832e+000 -2.9763e+000 +8.7785e-001 -1.9957e+000
530 0 +3.973447004e+000 +4.317344700e+001 +4.317344700e+001 +1.3057e+000 +1.0964e+000 +3.5413e+000 +3.5515e+000 +9.0065e-001 -2.3226e-001 +2.6626e+000 -1.6532e+000 +3.6169e-001 -2.6764e+000
604 0 +3.317851074e+000 +4.251785107e+001 +4.251785107e+001 +2.9624e+000 +1.8350e+000 +3.6956e+000 +3.7903e+000 +7.0377e-001 -2.6104e-002 +3.0353e+000 -2.2256e+000 +2.0818e+000 -2.8161e+000
763 0 +2.982399840e+000 +4.218239984e+001 +4.218239984e+001 +2.7534e+000 +1.9277e+000 +3.6649e+000 +3.7516e+000 +1.2392e+000 +3.8662e-002 +3.1999e+000 -2.4390e+000 +1.9564e+000 -2.8595e+000
807 0 +2.537289588e+000 +4.173728959e+001 +4.173728959e+001 +2.9556e+000 +1.7998e+000 +2.9525e+000 +4.2681e+000 +1.8892e+000 +7.4624e-001 +3.0145e+000 -2.4407e+000 +1.6417e+000 -2.4400e+000
1008 0 +2.488646556e+000 +4.168864656e+001 +4.168864656e+001 +2.6821e+000 +1.6172e+000 +2.7085e+000 +4.6346e+000 +2.0923e+000 +9.8678e-001 +2.9079e+000 -2.5525e+000 +1.2701e+000 -2.5368e+000
1043 0 +2.406968680e+000 +4.160696868e+001 +4.160696868e+001 +3.6845e+000 +2.0342e+000 +2.8620e+000 +4.3171e+000 +2.3250e+000 +6.1286e-001 +2.9332e+000 -2.5201e+000 +1.7572e+000 -2.3301e+000
1079 0 +2.228272168e+000 +4.142827217e+001 +4.142827217e+001 +2.8756e+000 +1.8960e+000 +3.2161e+000 +3.9997e+000 +1.8850e+000 +5.9296e-001 +2.8610e+000 -2.2258e+000 +1.3651e+000 -2.4334e+000
1153 0 +1.899463144e+000 +4.109946314e+001 +4.109946314e+001 +3.2613e+000 +1.5899e+000 +3.0930e+000 +4.1817e+000 +1.6108e+000 +5.7689e-001 +3.1057e+000 -1.8739e+000 +1.1141e+000 -2.1205e+000
1237 0 +1.784399264e+000 +4.098439926e+001 +4.098439926e+001 +3.1063e+000 +1.5560e+000 +3.0168e+000 +4.1025e+000 +1.5830e+000 +6.3521e-001 +3.0314e+000 -1.9236e+000 +1.0317e+000 -2.0446e+000
1330 0 +1.704580858e+000 +4.090458086e+001 +4.090458086e+001 +3.2135e+000 +1.5663e+000 +3.0567e+000 +4.1242e+000 +1.5847e+000 +6.2748e-001 +3.0743e+000 -1.8703e+000 +1.0039e+000 -2.0256e+000
1418 0 +1.601345423e+000 +4.080134542e+001 +4.080134542e+001 +3.0991e+000 +1.5634e+000 +2.9204e+000 +3.9839e+000 +1.5501e+000 +7.3772e-001 +3.0505e+000 -1.8482e+000 +8.8477e-001 -1.9469e+000
1653 0 +1.492309547e+000 +4.069230955e+001 +4.069230955e+001 +3.0891e+000 +1.5665e+000 +2.9232e+000 +3.9952e+000 +1.5563e+000 +7.2514e-001 +3.0488e+000 -1.8610e+000 +9.1858e-001 -1.9745e+000
1918 0 +1.451356746e+000 +4.065135675e+001 +4.065135675e+001 +3.0773e+000 +1.5658e+000 +2.9114e+000 +3.9845e+000 +1.5528e+000 +7.3262e-001 +3.0470e+000 -1.8600e+000 +9.1233e-001 -1.9695e+000
2065 0 +1.425649813e+000 +4.062564981e+001 +4.062564981e+001 +3.0793e+000 +1.5656e+000 +2.9140e+000 +3.9923e+000 +1.5552e+000 +7.2895e-001 +3.0499e+000 -1.8593e+000 +9.0990e-001 -1.9722e+000
2528 0 +1.411212754e+000 +4.061121275e+001 +4.061121275e+001 +3.0776e+000 +1.5649e+000 +2.9213e+000 +3.9906e+000 +1.5609e+000 +7.2251e-001 +3.0471e+000 -1.8664e+000 +9.0562e-001 -1.9759e+000
2917 0 +1.377043526e+000 +4.057704353e+001 +4.057704353e+001 +3.0683e+000 +1.5633e+000 +2.9241e+000 +3.9773e+000 +1.5554e+000 +7.1238e-001 +3.0483e+000 -1.8679e+000 +9.0422e-001 -1.9832e+000
3618 0 +1.341022108e+000 +4.054102211e+001 +4.054102211e+001 +3.0743e+000 +1.5740e+000 +2.9103e+000 +3.9629e+000 +1.5456e+000 +7.1709e-001 +3.0567e+000 -1.8647e+000 +8.9369e-001 -1.9988e+000
5286 0 +1.313615998e+000 +4.051361600e+001 +4.051361600e+001 +3.0858e+000 +1.5754e+000 +2.9082e+000 +3.9631e+000 +1.5461e+000 +7.2157e-001 +3.0620e+000 -1.8568e+000 +8.9092e-001 -2.0006e+000
% f evaluations | g evaluations | best noise-free fitness - Fopt (-3.225000000000e+001) + sum g_i+ | measured fitness | best measured fitness or single-digit g-values | x1 | x2...
1 0 +4.686105722e+001 +1.461105722e+001 +1.461105722e+001 +0.0000e+000 +0.0000e+000 +0.0000e+000 +0.0000e+000 +0.0000e+000 +0.0000e+000 +0.0000e+000 +0.0000e+000 +0.0000e+000 +0.0000e+000
6 0 +2.780491059e+001 -4.445089410e+000 -4.445089410e+000 -8.1411e-001 +3.0806e+000 -2.0251e+000 -2.2388e+000 +3.9973e+000 -1.8997e+000 -2.2969e+000 -3.0621e+000 -1.0871e+000 +2.6614e+000
25 0 +1.393502582e+001 -1.831497418e+001 -1.831497418e+001 -5.0165e-001 +3.4700e+000 +1.9335e+000 -6.1015e-001 +3.9094e+000 -4.0154e+000 +7.2302e-001 +8.5521e-001 -2.4042e-001 +4.2032e+000
132 0 +1.079166999e+001 -2.145833001e+001 -2.145833001e+001 +1.3436e+000 +3.1996e+000 +3.0633e-002 +7.7169e-001 +4.8045e+000 -2.0787e+000 -5.5908e-001 -4.7876e+000 +4.1938e+000 +2.4897e+000
227 0 +9.859626605e+000 -2.239037339e+001 -2.239037339e+001 +3.5058e-001 +1.4183e+000 -1.8720e+000 -8.0299e-001 +3.0219e+000 -3.6012e+000 -1.3317e+000 -4.8181e+000 +3.3236e+000 +2.4820e+000
433 0 +7.907473199e+000 -2.434252680e+001 -2.434252680e+001 +2.0347e-001 +1.0666e+000 -6.7275e-001 -1.0984e+000 +3.4280e+000 -2.5088e+000 -8.9754e-001 -3.5196e+000 +3.8610e+000 +2.5175e+000
552 0 +7.516023766e+000 -2.473397623e+001 -2.473397623e+001 +1.4118e+000 +7.7590e-001 +3.4488e+000 -2.6922e-003 +5.2231e+000 -2.2794e+000 -9.6975e-001 +8.9802e-001 +2.2650e-001 +4.9943e+000
578 0 +6.966362380e+000 -2.528363762e+001 -2.528363762e+001 -5.2602e-001 +1.3020e+000 +3.8740e-001 -1.7104e+000 +2.0601e+000 -4.2040e+000 +4.9566e-001 -1.4157e+000 +3.3561e+000 +2.4217e+000
625 0 +6.360939507e+000 -2.588906049e+001 -2.588906049e+001 +6.7433e-001 +3.7573e-001 +5.7884e-001 -1.0096e-001 +2.7028e+000 -3.9334e+000 -6.8554e-001 +3.3147e-001 +3.1602e+000 +3.4911e+000
671 0 +6.180872896e+000 -2.606912710e+001 -2.606912710e+001 -1.6149e-001 +1.3692e+000 -1.8138e-001 -1.4524e+000 +4.0444e+000 -3.8449e+000 +5.5802e-001 -2.7204e+000 +3.8936e+000 +2.8283e+000
705 0 +4.332528683e+000 -2.791747132e+001 -2.791747132e+001 +3.1563e-001 +1.0964e+000 -6.1279e-001 -8.7518e-001 +3.6013e+000 -3.0063e+000 +8.7858e-001 -9.4962e-001 +4.2132e+000 +2.2609e+000
970 0 +4.120057949e+000 -2.812994205e+001 -2.812994205e+001 +8.8940e-001 +1.1415e+000 -4.9105e-002 -1.1215e-002 +3.8956e+000 -3.7165e+000 +6.6559e-001 -4.5465e-001 +4.9622e+000 +2.7010e+000
1034 0 +3.560659472e+000 -2.868934053e+001 -2.868934053e+001 +1.1878e+000 +1.1382e+000 -7.9108e-001 +1.7195e-001 +3.7560e+000 -3.3918e+000 +4.9902e-001 -2.6431e-001 +4.8032e+000 +2.4830e+000
1211 0 +3.476694263e+000 -2.877330574e+001 -2.877330574e+001 +1.0741e+000 +1.0165e+000 -7.7463e-001 -2.5052e-001 +3.7091e+000 -3.4518e+000 +1.6994e-001 -7.3085e-001 +4.7508e+000 +2.7327e+000
1243 0 +3.453491147e+000 -2.879650885e+001 -2.879650885e+001 +1.0141e+000 +1.2074e+000 -7.3144e-001 +4.6842e-002 +3.7965e+000 -3.4359e+000 +5.3207e-001 -4.2529e-001 +4.7417e+000 +2.4948e+000
1411 0 +3.345566665e+000 -2.890443334e+001 -2.890443334e+001 +1.1545e+000 +1.0812e+000 -7.6324e-001 +7.4916e-002 +3.7506e+000 -3.3951e+000 +4.6634e-001 -3.5480e-001 +4.7878e+000 +2.5197e+000
1615 0 +3.253884630e+000 -2.899611537e+001 -2.899611537e+001 +1.2103e+000 +1.0969e+000 -6.4431e-001 +1.3964e-001 +3.7873e+000 -3.4572e+000 +4.2716e-001 -3.3327e-001 +4.8101e+000 +2.5938e+000
1619 0 +3.162887126e+000 -2.908711287e+001 -2.908711287e+001 +1.2605e+000 +1.0780e+000 -6.3054e-001 +1.2258e-001 +3.8326e+000 -3.4670e+000 +3.6824e-001 -4.2689e-001 +4.8793e+000 +2.6571e+000
1625 0 +2.931350092e+000 -2.931864991e+001 -2.931864991e+001 +1.1453e+000 +1.0139e+000 -5.6481e-001 +3.4573e-002 +3.6852e+000 -3.5122e+000 +3.2027e-001 -3.8202e-001 +4.7223e+000 +2.6800e+000
1771 0 +2.858935816e+000 -2.939106418e+001 -2.939106418e+001 +1.1938e+000 +1.0442e+000 -6.4297e-001 +4.2072e-002 +3.7277e+000 -3.4864e+000 +3.4020e-001 -3.8954e-001 +4.7135e+000 +2.6660e+000
1842 0 +2.536263862e+000 -2.971373614e+001 -2.971373614e+001 +1.2339e+000 +9.3555e-001 -7.5767e-001 +1.4211e-001 +3.6709e+000 -3.5602e+000 +2.8213e-001 -4.2694e-001 +4.8201e+000 +2.7601e+000
1954 0 +2.460294072e+000 -2.978970593e+001 -2.978970593e+001 +1.2303e+000 +9.3033e-001 -7.5023e-001 +1.3816e-001 +3.6481e+000 -3.5606e+000 +2.6072e-001 -4.0201e-001 +4.8096e+000 +2.7641e+000
2037 0 +2.372246282e+000 -2.987775372e+001 -2.987775372e+001 +1.2221e+000 +9.3784e-001 -7.6091e-001 +1.8013e-001 +3.6411e+000 -3.4828e+000 +2.6792e-001 -3.3173e-001 +4.8248e+000 +2.7055e+000
2109 0 +2.305365051e+000 -2.994463495e+001 -2.994463495e+001 +1.2186e+000 +9.3850e-001 -7.7450e-001 +1.6727e-001 +3.6396e+000 -3.4818e+000 +2.7541e-001 -3.4365e-001 +4.8233e+000 +2.7076e+000
2203 0 +2.278242954e+000 -2.997175705e+001 -2.997175705e+001 +1.2126e+000 +9.2593e-001 -7.6053e-001 +1.7130e-001 +3.6544e+000 -3.4898e+000 +2.6724e-001 -3.2464e-001 +4.8172e+000 +2.6941e+000
2266 0 +2.231053942e+000 -3.001894606e+001 -3.001894606e+001 +1.3914e+000 +8.7626e-001 -8.1626e-001 +3.2430e-001 +3.6608e+000 -3.4711e+000 +2.9079e-001 -3.8778e-002 +4.9371e+000 +2.6857e+000
2339 0 +2.159868553e+000 -3.009013145e+001 -3.009013145e+001 +1.2372e+000 +9.2196e-001 -7.6553e-001 +1.8561e-001 +3.6354e+000 -3.5037e+000 +2.6915e-001 -3.1135e-001 +4.8326e+000 +2.7213e+000
2959 0 +2.130834272e+000 -3.011916573e+001 -3.011916573e+001 +1.2446e+000 +9.1625e-001 -7.7793e-001 +1.7941e-001 +3.6476e+000 -3.5008e+000 +2.6225e-001 -3.2579e-001 +4.8412e+000 +2.7379e+000
3855 0 +2.085895506e+000 -3.016410449e+001 -3.016410449e+001 +1.2330e+000 +9.3011e-001 -7.6067e-001 +1.6692e-001 +3.6528e+000 -3.4986e+000 +2.7604e-001 -3.2588e-001 +4.8291e+000 +2.7274e+000
8308 0 +2.038758061e+000 -3.021124194e+001 -3.021124194e+001 +1.2330e+000 +9.3262e-001 -7.5277e-001 +1.6704e-001 +3.6512e+000 -3.5020e+000 +2.6970e-001 -3.1982e-001 +4.8293e+000 +2.7332e+000
% f evaluations | g evaluations | best noise-free fitness - Fopt (3.681200000000e+002) + sum g_i+ | measured fitness | best measured fitness or single-digit g-values | x1 | x2...
1 0 +1.815804055e+001 +3.862780406e+002 +3.862780406e+002 +0.0000e+000 +0.0000e+000 +0.0000e+000 +0.0000e+000 +0.0000e+000 +0.0000e+000 +0.0000e+000 +0.0000e+000 +0.0000e+000 +0.0000e+000
4 0 +1.757243150e+001 +3.856924315e+002 +3.856924315e+002 -3.4426e+000 -7.2852e-001 +4.4920e+000 +4.7470e+000 +2.6603e+000 +7.7295e-001 +6.3273e-001 +9.8840e-002 -3.8603e+000 +4.7095e+000
6 0 +1.717603920e+001 +3.852960392e+002 +3.852960392e+002 -2.7321e+000 +1.9734e+000 +1.0968e-001 -3.5811e+000 +4.6661e+000 -1.2373e-001 -1.3252e+000 -2.2277e+000 +4.7380e+000 -4.5743e+000
7 0 +1.019709134e+001 +3.783170913e+002 +3.783170913e+002 -2.6068e+000 +1.0152e+000 -5.7049e-001 -3.1761e+000 -3.8456e+000 -4.2053e+000 +1.6873e+000 -3.7919e+000 -7.1838e-001 +2.5167e+000
19 0 +9.658793137e+000 +3.777787931e+002 +3.777787931e+002 -4.9211e+000 -3.4378e+000 +4.8086e+000 -4.1626e+000 +1.9899e+000 -8.7323e-001 +1.7880e+000 -3.8967e+000 -1.5679e+000 -3.1526e+000
197 0 +7.423021745e+000 +3.755430217e+002 +3.755430217e+002 -3.0333e+000 -4.1788e+000 +1.0878e+000 -2.3608e+000 +3.6436e+000 -1.2668e-001 -3.3461e+000 -4.9450e+000 +9.6278e-001 -2.9822e+000
204 0 +5.416680124e+000 +3.735366801e+002 +3.735366801e+002 -2.9788e+000 -4.1353e+000 +1.1438e+000 -2.3305e+000 +3.6947e+000 -1.2800e-001 -3.3527e+000 -4.8980e+000 +9.8409e-001 -2.8889e+000
357 0 +5.200726071e+000 +3.733207261e+002 +3.733207261e+002 -3.4637e+000 -1.7715e+000 +2.4428e+000 -3.5784e+000 +2.1440e+000 +1.1449e+000 -1.2377e+000 -4.3107e+000 +1.1304e+000 -1.7294e+000
404 0 +4.838596663e+000 +3.729585967e+002 +3.729585967e+002 -4.9545e+000 -3.2717e+000 +1.2966e+000 -5.2969e-001 +1.2595e+000 +6.7453e-001 -8.0787e-001 -3.9680e+000 -1.7163e+000 -1.8768e+000
507 0 +3.924707576e+000 +3.720447076e+002 +3.720447076e+002 -3.9493e+000 -1.6182e+000 +9.2145e-001 -1.7306e+000 -7.1835e-001 -6.1837e-001 -1.7758e+000 -4.4294e+000 -3.2110e-001 -1.3290e+000
604 0 +3.872007115e+000 +3.719920071e+002 +3.719920071e+002 -3.3036e+000 -1.9524e+000 +9.8044e-001 -2.4027e+000 +3.0992e-001 -7.3005e-001 -2.5409e+000 -4.7112e+000 +6.1195e-001 -1.9014e+000
650 0 +3.247983386e+000 +3.713679834e+002 +3.713679834e+002 -3.7760e+000 -1.2217e+000 +1.2851e+000 -1.8310e+000 -7.9536e-002 -1.0852e+000 -1.5171e+000 -4.2009e+000 +3.0103e-001 -1.3943e+000
707 0 +2.887211937e+000 +3.710072119e+002 +3.710072119e+002 -3.4831e+000 -1.4011e+000 +4.0516e-001 -1.9431e+000 -4.6126e-001 -2.0293e+000 +2.1295e-001 -3.8929e+000 -8.1360e-001 +1.3609e-001
763 0 +2.711073444e+000 +3.708310734e+002 +3.708310734e+002 -3.3131e+000 -1.0355e+000 +1.8009e+000 -2.8176e+000 +4.0741e-001 -1.2998e+000 -8.5629e-001 -3.9547e+000 +3.8154e-001 -9.7015e-001
853 0 +2.577048442e+000 +3.706970484e+002 +3.706970484e+002 -3.4802e+000 -6.6909e-001 +1.0868e+000 -2.2662e+000 -6.3670e-002 -1.1406e+000 -1.7830e+000 -4.4102e+000 +6.0109e-001 -6.1870e-001
1010 0 +2.138219507e+000 +3.702582195e+002 +3.702582195e+002 -2.7898e+000 -1.5979e-001 +7.4076e-001 -2.8477e+000 -8.3963e-002 -1.7806e+000 -2.0645e+000 -4.3701e+000 +9.2074e-001 -5.0522e-001
1217 0 +2.136077568e+000 +3.702560776e+002 +3.702560776e+002 -2.8810e+000 -1.0396e-001 +1.0109e+000 -2.7398e+000 -4.9896e-001 -1.9664e+000 -1.5504e+000 -4.0239e+000 +4.2383e-001 -5.0974e-001
1354 0 +1.952265793e+000 +3.700722658e+002 +3.700722658e+002 -2.8791e+000 -1.7866e-001 +1.0065e+000 -2.7274e+000 -3.9251e-001 -1.8789e+000 -1.6281e+000 -4.0835e+000 +4.7801e-001 -5.5708e-001
1417 0 +1.829869837e+000 +3.699498698e+002 +3.699498698e+002 -2.8647e+000 -1.0496e-001 +9.9283e-001 -2.7438e+000 -4.7903e-001 -1.9575e+000 -1.5892e+000 -4.0431e+000 +4.4611e-001 -5.1384e-001
1471 0 +1.778292965e+000 +3.698982930e+002 +3.698982930e+002 -2.7569e+000 -2.5696e-001 +8.6715e-001 -2.6447e+000 -4.0250e-001 -1.7092e+000 -1.7010e+000 -4.2021e+000 +4.0266e-001 -5.5739e-001
1476 0 +1.678454120e+000 +3.697984541e+002 +3.697984541e+002 -2.8949e+000 -5.6857e-001 +8.4123e-001 -2.2084e+000 -3.1276e-001 -1.4727e+000 -1.5641e+000 -3.9106e+000 +3.5285e-001 -6.0216e-001
1532 0 +1.250871659e+000 +3.693708717e+002 +3.693708717e+002 -2.7271e+000 -4.3783e-001 +7.1724e-001 -2.4160e+000 -3.0165e-001 -1.8469e+000 -1.8177e+000 -3.8324e+000 +3.7474e-001 -3.7769e-001
1639 0 +1.035033173e+000 +3.691550332e+002 +3.691550332e+002 -2.7312e+000 -4.4490e-001 +7.0626e-001 -2.3499e+000 -2.9552e-001 -1.8384e+000 -1.7805e+000 -3.7874e+000 +3.5265e-001 -3.6618e-001
1905 0 +9.964575310e-001 +3.691164575e+002 +3.691164575e+002 -2.7281e+000 -5.1927e-001 +6.4891e-001 -2.2422e+000 -2.3638e-001 -1.7798e+000 -1.8198e+000 -3.7299e+000 +3.3115e-001 -3.3530e-001
2003 0 +9.606732376e-001 +3.690806732e+002 +3.690806732e+002 -2.6967e+000 -4.7672e-001 +7.3559e-001 -2.2466e+000 -2.1559e-001 -1.7434e+000 -1.7500e+000 -3.6565e+000 +3.3077e-001 -4.2846e-001
2086 0 +8.588208063e-001 +3.689788208e+002 +3.689788208e+002 -2.7894e+000 -6.3856e-001 +7.1491e-001 -2.2368e+000 -4.1303e-002 -1.6624e+000 -1.8601e+000 -3.7850e+000 +3.8006e-001 -4.0592e-001
2144 0 +8.156598385e-001 +3.689356598e+002 +3.689356598e+002 -2.7880e+000 -6.5738e-001 +6.8430e-001 -2.1819e+000 -3.5720e-002 -1.6503e+000 -1.8806e+000 -3.7540e+000 +3.8273e-001 -3.9939e-001
2228 0 +7.328691849e-001 +3.688528692e+002 +3.688528692e+002 -2.7456e+000 -5.2902e-001 +5.8460e-001 -2.2102e+000 -1.2986e-001 -1.7820e+000 -1.9567e+000 -3.7343e+000 +3.7486e-001 -2.7525e-001
2347 0 +7.059845962e-001 +3.688259846e+002 +3.688259846e+002 -2.7468e+000 -5.4538e-001 +5.8929e-001 -2.2103e+000 -1.2519e-001 -1.7618e+000 -1.9448e+000 -3.7367e+000 +3.7586e-001 -2.9188e-001
2723 0 +6.841913260e-001 +3.688041913e+002 +3.688041913e+002 -2.7344e+000 -5.3156e-001 +5.8104e-001 -2.2201e+000 -1.2499e-001 -1.7768e+000 -1.9512e+000 -3.7308e+000 +3.8004e-001 -2.7689e-001
2928 0 +6.651658248e-001 +3.687851658e+002 +3.687851658e+002 -2.7507e+000 -5.3473e-001 +5.9596e-001 -2.2224e+000 -1.3213e-001 -1.7754e+000 -1.9380e+000 -3.7366e+000 +3.7345e-001 -2.8832e-001
3210 0 +6.575047598e-001 +3.687775048e+002 +3.687775048e+002 -2.7547e+000 -5.3774e-001 +5.9831e-001 -2.2200e+000 -1.3236e-001 -1.7739e+000 -1.9363e+000 -3.7366e+000 +3.7109e-001 -2.9074e-001
3314 0 +6.305106185e-001 +3.687505106e+002 +3.687505106e+002 -2.7379e+000 -5.3105e-001 +5.8916e-001 -2.2119e+000 -1.4516e-001 -1.7763e+000 -1.9453e+000 -3.7193e+000 +3.7496e-001 -2.7531e-001
3938 0 +6.144212868e-001 +3.687344213e+002 +3.687344213e+002 -2.7342e+000 -5.3042e-001 +5.8197e-001 -2.2127e+000 -1.3419e-001 -1.7760e+000 -1.9581e+000 -3.7245e+000 +3.7897e-001 -2.7206e-001
4626 0 +6.024805418e-001 +3.687224805e+002 +3.687224805e+002 -2.7342e+000 -5.3065e-001 +5.8904e-001 -2.2081e+000 -1.3260e-001 -1.7696e+000 -1.9587e+000 -3.7225e+000 +3.7808e-001 -2.7377e-001
% f evaluations | g evaluations | best noise-free fitness - Fopt (4.739000000000e+001) + sum g_i+ | measured fitness | best measured fitness or single-digit g-values | x1 | x2...
1 0 +1.077884651e+001 +5.816884651e+001 +5.816884651e+001 +0.0000e+000 +0.0000e+000 +0.0000e+000 +0.0000e+000 +0.0000e+000 +0.0000e+000 +0.0000e+000 +0.0000e+000 +0.0000e+000 +0.0000e+000
27 0 +1.019559932e+001 +5.758559932e+001 +5.758559932e+001 -2.7903e+000 +3.4413e+000 +2.6886e-002 +8.9809e-001 -3.1896e+000 -3.6543e-001 -8.3586e-001 +2.1061e+000 -4.8141e+000 -4.3351e+000
148 0 +8.131691626e+000 +5.552169163e+001 +5.552169163e+001 +3.1740e+000 +3.6201e-001 -1.7234e+000 -2.8870e-001 +1.5441e+000 -9.1810e-001 -1.8560e-001 +3.3523e+000 -1.5149e+000 -1.8285e+000
215 0 +6.191881188e+000 +5.358188119e+001 +5.358188119e+001 +2.4060e+000 +9.8269e-001 -2.1630e-001 +9.4980e-001 +4.9955e-001 -3.5464e+000 +3.1297e-001 +3.9625e+000 -3.6013e+000 -3.5737e+000
241 0 +5.960761579e+000 +5.335076158e+001 +5.335076158e+001 +2.5718e+000 +8.2386e-001 -1.0169e+000 -4.4231e-002 +1.0312e+000 -1.2466e+000 +3.6191e-001 +2.8728e+000 -1.6576e+000 -1.8385e+000
379 0 +5.320076442e+000 +5.271007644e+001 +5.271007644e+001 +1.8034e+000 -9.6106e-002 +8.1210e-001 -2.1855e+000 +4.7799e-001 -3.6827e-001 +2.5090e+000 +3.4241e+000 -3.1438e+000 -3.8810e+000
455 0 +4.880461675e+000 +5.227046167e+001 +5.227046167e+001 +2.7670e+000 +3.1821e-001 -1.0314e-001 -2.1738e+000 +4.8146e-001 -4.7444e-001 +2.8636e+000 +3.3545e+000 -4.5696e+000 -4.2168e+000
635 0 +4.473897321e+000 +5.186389732e+001 +5.186389732e+001 +2.1530e+000 +6.2441e-001 -4.1501e-001 -1.9740e+000 +6.5015e-001 -1.2738e-001 +2.0863e+000 +3.3266e+000 -3.7233e+000 -3.4872e+000
667 0 +4.340159548e+000 +5.173015955e+001 +5.173015955e+001 +2.2005e+000 +2.5561e+000 -3.9767e-002 -1.5917e+000 +4.7122e-001 -4.0284e-001 -1.6013e+000 +3.0971e+000 -3.3301e+000 -1.0828e+000
721 0 +3.450113188e+000 +5.084011319e+001 +5.084011319e+001 +2.0257e+000 +1.5881e+000 -3.0552e-001 -1.6353e+000 +1.0210e+000 -2.5825e-001 +5.8151e-001 +2.7676e+000 -3.6470e+000 -2.6024e+000
809 0 +3.360531314e+000 +5.075053131e+001 +5.075053131e+001 +2.1870e+000 +1.9006e+000 -1.2549e-001 -1.7116e+000 +5.8161e-001 -3.6601e-001 -4.2540e-001 +2.7912e+000 -3.3447e+000 -1.8809e+000
823 0 +2.473824063e+000 +4.986382406e+001 +4.986382406e+001 +2.1456e+000 +1.9503e+000 -1.4658e-001 -1.6257e+000 +6.7093e-001 -4.2337e-001 -4.9974e-001 +2.9203e+000 -3.4023e+000 -1.8559e+000
904 0 +2.303471047e+000 +4.969347105e+001 +4.969347105e+001 +1.5771e+000 +2.0692e+000 -4.8554e-001 -1.2167e+000 +8.4058e-001 -5.4054e-002 +2.3922e-003 +2.5921e+000 -3.4046e+000 -1.6245e+000
1099 0 +2.172083758e+000 +4.956208376e+001 +4.956208376e+001 +2.3186e+000 +2.6921e+000 -6.6788e-001 -1.0014e+000 +3.1233e-001 +3.9907e-001 +4.0644e-001 +2.5669e+000 -3.7421e+000 -2.4525e+000
1210 0 +2.131171501e+000 +4.952117150e+001 +4.952117150e+001 +2.0810e+000 +2.8821e+000 -5.6649e-001 -9.1566e-001 +6.9378e-001 -4.0656e-002 -1.0810e+000 +2.3404e+000 -3.1908e+000 -1.3467e+000
1232 0 +1.553767110e+000 +4.894376711e+001 +4.894376711e+001 +2.2624e+000 +2.6199e+000 -2.8695e-001 -5.3857e-001 +1.5329e-001 +4.7989e-001 -3.0268e-001 +1.9995e+000 -3.6521e+000 -2.2174e+000
1403 0 +1.529058497e+000 +4.891905850e+001 +4.891905850e+001 +2.2561e+000 +2.2680e+000 -2.4948e-001 -6.1477e-001 +2.9967e-001 +2.6078e-001 -3.2469e-001 +2.0933e+000 -3.4789e+000 -2.2642e+000
1536 0 +1.244431701e+000 +4.863443170e+001 +4.863443170e+001 +2.2753e+000 +2.4088e+000 -5.9933e-001 -5.5996e-001 +4.0405e-001 +3.3110e-001 -3.6202e-001 +2.0682e+000 -3.5120e+000 -2.1129e+000
1666 0 +1.227169892e+000 +4.861716989e+001 +4.861716989e+001 +2.2445e+000 +2.3880e+000 -5.7985e-001 -5.7970e-001 +4.1074e-001 +3.1881e-001 -3.2938e-001 +2.0336e+000 -3.4441e+000 -2.0840e+000
1748 0 +9.347254765e-001 +4.832472548e+001 +4.832472548e+001 +2.3544e+000 +2.2523e+000 -6.0064e-001 -4.9501e-001 +4.5818e-001 +2.9859e-001 -3.3305e-001 +2.0624e+000 -3.4410e+000 -2.1783e+000
1948 0 +9.098744983e-001 +4.829987450e+001 +4.829987450e+001 +2.3435e+000 +2.2648e+000 -5.9620e-001 -4.9859e-001 +4.5084e-001 +3.0178e-001 -3.3168e-001 +2.0685e+000 -3.4379e+000 -2.1691e+000
2187 0 +8.817486766e-001 +4.827174868e+001 +4.827174868e+001 +2.3619e+000 +2.2627e+000 -5.9904e-001 -4.9452e-001 +4.3829e-001 +3.0263e-001 -3.3911e-001 +2.0531e+000 -3.4566e+000 -2.1908e+000
2213 0 +8.490136120e-001 +4.823901361e+001 +4.823901361e+001 +2.3149e+000 +2.3850e+000 -5.5851e-001 -6.2156e-001 +3.9011e-001 +3.1623e-001 -3.5034e-001 +2.1164e+000 -3.5324e+000 -2.1343e+000
2469 0 +7.975848062e-001 +4.818758481e+001 +4.818758481e+001 +2.3427e+000 +2.3396e+000 -5.7412e-001 -6.2754e-001 +4.2585e-001 +2.9728e-001 -3.4767e-001 +2.1603e+000 -3.5414e+000 -2.1786e+000
2588 0 +7.821037314e-001 +4.817210373e+001 +4.817210373e+001 +2.3365e+000 +2.3594e+000 -5.7648e-001 -6.3357e-001 +4.1747e-001 +3.0431e-001 -3.4756e-001 +2.1581e+000 -3.5456e+000 -2.1641e+000
2754 0 +7.737884142e-001 +4.816378841e+001 +4.816378841e+001 +2.3433e+000 +2.3517e+000 -5.8288e-001 -6.3476e-001 +4.2567e-001 +3.0121e-001 -3.4916e-001 +2.1683e+000 -3.5488e+000 -2.1721e+000
3037 0 +7.580199958e-001 +4.814802000e+001 +4.814802000e+001 +2.3368e+000 +2.3557e+000 -5.8047e-001 -6.2683e-001 +4.2362e-001 +3.0829e-001 -3.4452e-001 +2.1639e+000 -3.5443e+000 -2.1634e+000
3620 0 +7.406514913e-001 +4.813065149e+001 +4.813065149e+001 +2.3370e+000 +2.3530e+000 -5.7846e-001 -6.3165e-001 +4.2413e-001 +3.0423e-001 -3.4666e-001 +2.1664e+000 -3.5449e+000 -2.1660e+000
3911 0 +7.240532385e-001 +4.811405324e+001 +4.811405324e+001 +2.3428e+000 +2.3437e+000 -5.7446e-001 -6.3134e-001 +4.1842e-001 +3.0356e-001 -3.5606e-001 +2.1613e+000 -3.5435e+000 -2.1699e+000
3995 0 +7.071438830e-001 +4.809714388e+001 +4.809714388e+001 +2.3485e+000 +2.3350e+000 -5.6354e-001 -6.3330e-001 +4.1424e-001 +3.0205e-001 -3.6464e-001 +2.1583e+000 -3.5413e+000 -2.1747e+000
4066 0 +6.875793275e-001 +4.807757933e+001 +4.807757933e+001 +2.3487e+000 +2.3345e+000 -5.6386e-001 -6.3365e-001 +4.1361e-001 +3.0269e-001 -3.6536e-001 +2.1584e+000 -3.5412e+000 -2.1749e+000
4355 0 +6.738231161e-001 +4.806382312e+001 +4.806382312e+001 +2.3492e+000 +2.3341e+000 -5.6391e-001 -6.3129e-001 +4.1346e-001 +3.0310e-001 -3.6517e-001 +2.1582e+000 -3.5405e+000 -2.1758e+000
4854 0 +6.605117211e-001 +4.805051172e+001 +4.805051172e+001 +2.3485e+000 +2.3346e+000 -5.6420e-001 -6.3061e-001 +4.1376e-001 +3.0326e-001 -3.6475e-001 +2.1584e+000 -3.5397e+000 -2.1750e+000
% f evaluations | g evaluations | best noise-free fitness - Fopt (-3.428900000000e+002) + sum g_i+ | measured fitness | best measured fitness or single-digit g-values | x1 | x2...
1 0 +1.559598098e+001 -3.272940190e+002 -3.272940190e+002 +0.0000e+000 +0.0000e+000 +0.0000e+000 +0.0000e+000 +0.0000e+000 +0.0000e+000 +0.0000e+000 +0.0000e+000 +0.0000e+000 +0.0000e+000
43 0 +1.129941541e+001 -3.315905846e+002 -3.315905846e+002 -7.9435e-001 -3.1328e+000 +1.8340e+000 +1.0650e-001 -2.0227e+000 -4.4708e+000 +2.7266e+000 -2.3021e+000 +2.0710e+000 -1.1846e+000
189 0 +9.598859177e+000 -3.332911408e+002 -3.332911408e+002 +1.9559e+000 +3.3667e+000 +3.4105e+000 -2.6261e+000 -4.4146e+000 -3.9482e+000 +3.8251e+000 -9.4116e-002 +3.9602e+000 +3.2350e+000
206 0 +9.495697104e+000 -3.333943029e+002 -3.333943029e+002 +2.5186e+000 +1.3845e+000 +2.7154e+000 -2.1521e+000 -4.0360e+000 -2.9301e+000 +3.8860e+000 +4.9029e-001 +2.5927e+000 +1.4774e+000
225 0 +6.468762345e+000 -3.364212377e+002 -3.364212377e+002 +3.1665e-001 +1.0047e+000 +2.9482e+000 -1.6013e+000 -1.8760e+000 -4.3372e+000 +1.6306e+000 -2.3960e-001 +3.1458e+000 +3.5870e+000
227 0 +5.176920082e+000 -3.377130799e+002 -3.377130799e+002 +4.0315e-002 -1.0751e+000 +3.7180e+000 -1.9709e+000 +1.6972e-001 -5.0088e+000 -3.7548e-002 +1.4407e+000 +1.2650e+000 +7.9154e-001
324 0 +4.678907659e+000 -3.382110923e+002 -3.382110923e+002 -2.6604e-001 +4.1148e-001 +3.6177e+000 -2.3399e+000 -1.4268e+000 -3.6881e+000 +5.0784e-001 +9.2366e-001 +1.4411e+000 +2.3172e+000
477 0 +4.056429861e+000 -3.388335701e+002 -3.388335701e+002 -2.4561e-001 +5.1566e-001 +3.8254e+000 -2.2804e+000 -1.1382e+000 -3.6836e+000 +7.6494e-001 +1.0740e+000 +1.3552e+000 +2.0082e+000
507 0 +3.802005351e+000 -3.390879946e+002 -3.390879946e+002 -2.8793e-001 +7.2185e-001 +3.7815e+000 -2.3963e+000 -1.0679e+000 -3.7805e+000 +5.9697e-001 +9.6128e-001 +1.4635e+000 +2.2303e+000
536 0 +3.347993788e+000 -3.395420062e+002 -3.395420062e+002 -1.6743e-001 +5.8539e-001 +3.9020e+000 -2.4536e+000 -1.2395e+000 -3.6992e+000 +7.9265e-001 +1.0631e+000 +1.3364e+000 +2.1721e+000
753 0 +3.173184106e+000 -3.397168159e+002 -3.397168159e+002 -1.8930e-001 +6.0196e-001 +3.8645e+000 -2.4762e+000 -1.2383e+000 -3.7192e+000 +7.9008e-001 +1.0672e+000 +1.2908e+000 +2.1364e+000
782 0 +3.123382662e+000 -3.397666173e+002 -3.397666173e+002 -2.8390e-001 +1.7964e-001 +3.4495e+000 -2.4494e+000 -1.4497e+000 -3.6820e+000 +6.6801e-001 +1.0072e+000 +1.6544e+000 +2.0004e+000
804 0 +3.056416792e+000 -3.398335832e+002 -3.398335832e+002 +8.8717e-002 +7.5591e-002 +3.6558e+000 -2.4683e+000 -1.4512e+000 -3.9497e+000 +5.5434e-001 +9.9656e-001 +1.3343e+000 +2.4552e+000
888 0 +2.803814992e+000 -3.400861850e+002 -3.400861850e+002 -4.8542e-001 +4.0822e-001 +4.1395e+000 -2.7280e+000 -1.6611e+000 -3.9417e+000 +6.6099e-001 +9.6128e-001 +1.5240e+000 +2.0883e+000
907 0 +2.335950821e+000 -3.405540492e+002 -3.405540492e+002 -5.6263e-001 +2.7088e-001 +4.0157e+000 -2.6632e+000 -1.4620e+000 -3.9451e+000 +5.1963e-001 +1.0304e+000 +1.4872e+000 +1.9991e+000
1678 0 +2.233028683e+000 -3.406569713e+002 -3.406569713e+002 -5.0519e-001 +3.1830e-001 +4.0036e+000 -2.6601e+000 -1.4801e+000 -3.9321e+000 +5.6481e-001 +1.0454e+000 +1.4871e+000 +2.0730e+000
1681 0 +1.971215304e+000 -3.409187847e+002 -3.409187847e+002 -4.0322e-001 +3.2068e-001 +3.9028e+000 -2.4697e+000 -1.5254e+000 -3.8018e+000 +3.6244e-001 +9.6093e-001 +1.2220e+000 +2.1297e+000
2728 0 +1.906180429e+000 -3.409838196e+002 -3.409838196e+002 -3.9491e-001 +3.1236e-001 +3.8995e+000 -2.4550e+000 -1.5221e+000 -3.8126e+000 +3.4951e-001 +9.6942e-001 +1.2394e+000 +2.1173e+000
2857 0 +1.885097718e+000 -3.410049023e+002 -3.410049023e+002 -3.9411e-001 +3.2032e-001 +3.8890e+000 -2.4670e+000 -1.5215e+000 -3.8052e+000 +3.7230e-001 +9.5787e-001 +1.2399e+000 +2.1238e+000
3282 0 +1.861597946e+000 -3.410284021e+002 -3.410284021e+002 -3.8859e-001 +3.1737e-001 +3.8878e+000 -2.4568e+000 -1.5213e+000 -3.8087e+000 +3.6420e-001 +9.6490e-001 +1.2452e+000 +2.1183e+000
5047 0 +1.819680383e+000 -3.410703196e+002 -3.410703196e+002 -3.9137e-001 +3.3427e-001 +3.8803e+000 -2.4615e+000 -1.5269e+000 -3.8003e+000 +3.7332e-001 +9.6549e-001 +1.2323e+000 +2.1403e+000
% f evaluations | g evaluations | best noise-free fitness - Fopt (9.102000000000e+001) + sum g_i+ | measured fitness | best measured fitness or single-digit g-values | x1 | x2...
1 0 +1.052333079e+001 +1.015433308e+002 +1.015433308e+002 +0.0000e+000 +0.0000e+000 +0.0000e+000 +0.0000e+000 +0.0000e+000 +0.0000e+000 +0.0000e+000 +0.0000e+000 +0.0000e+000 +0.0000e+000
79 0 +9.400121790e+000 +1.004201218e+002 +1.004201218e+002 -1.3988e+000 -3.3861e+000 +4.9876e+000 +4.4580e+000 -4.0894e+000 +2.8278e+000 +1.1876e+000 +2.8555e+000 -8.6331e-001 +2.2173e+000
339 0 +5.889710602e+000 +9.690971060e+001 +9.690971060e+001 +1.2165e+000 -3.0908e+000 +3.2702e+000 -2.6842e+000 -3.0742e+000 -5.9951e-001 +2.6913e-002 -1.1544e+000 +5.3500e-001 -2.0718e+000
410 0 +4.976085629e+000 +9.599608563e+001 +9.599608563e+001 +7.9007e-001 -2.9458e+000 +4.0692e+000 -1.9442e+000 -3.5657e+000 -1.4455e-001 +4.8302e-001 +3.2736e-002 +6.0660e-002 -1.6572e+000
432 0 +4.118808825e+000 +9.513880883e+001 +9.513880883e+001 -8.0572e-001 -2.5664e+000 +3.0892e+000 -2.5679e+000 -1.9615e+000 -6.5113e-001 -9.7037e-001 -3.0677e-001 -5.7964e-002 -2.8026e+000
450 0 +3.827694083e+000 +9.484769408e+001 +9.484769408e+001 +8.1086e-001 -1.6761e+000 +2.3868e+000 -1.7612e+000 -2.7642e+000 -8.1047e-001 -6.7989e-001 -2.1371e-001 +3.8012e-001 -1.8715e+000
659 0 +3.401907334e+000 +9.442190733e+001 +9.442190733e+001 +6.6640e-001 -1.6511e+000 +1.6271e+000 -1.8171e+000 -3.4262e-001 +7.0509e-002 -2.2168e+000 -1.2906e+000 +3.7297e-002 -1.1102e+000
748 0 +3.163196746e+000 +9.418319675e+001 +9.418319675e+001 +1.1475e+000 -1.8018e+000 +7.8619e-001 -4.0177e+000 -1.5590e+000 +1.1171e-001 -2.2329e+000 -9.3732e-001 -7.2127e-001 -1.8863e+000
771 0 +3.122869986e+000 +9.414286999e+001 +9.414286999e+001 +8.2170e-001 -1.5654e+000 +1.9649e+000 -1.5080e+000 -3.1492e-001 +4.7206e-001 -2.0293e+000 -1.3766e+000 -2.9156e-001 -7.4388e-001
1000 0 +2.885874098e+000 +9.390587410e+001 +9.390587410e+001 +8.7907e-001 -1.5340e+000 +2.6581e+000 -7.9174e-001 -9.9434e-001 -2.0279e-001 -2.8493e+000 -8.7103e-001 -3.6981e-001 -8.2217e-001
1076 0 +2.873223461e+000 +9.389322346e+001 +9.389322346e+001 +7.0230e-001 -1.2541e+000 +2.3487e+000 -1.0249e+000 -1.2159e+000 -3.4219e-001 -2.6505e+000 -6.6351e-001 -3.8994e-001 -8.3209e-001
1109 0 +1.961178325e+000 +9.298117832e+001 +9.298117832e+001 +9.4985e-001 -1.4652e+000 +2.7867e+000 -1.7952e+000 -1.4667e+000 -1.3816e-001 -2.1988e+000 -4.9262e-001 -5.2774e-001 -1.2179e+000
1265 0 +1.725678551e+000 +9.274567855e+001 +9.274567855e+001 +8.2315e-001 -1.4310e+000 +2.7563e+000 -1.7296e+000 -1.3434e+000 -2.6509e-001 -2.5582e+000 -5.2605e-001 -5.8975e-001 -1.1154e+000
1394 0 +1.681929100e+000 +9.270192910e+001 +9.270192910e+001 +9.8106e-001 -1.4360e+000 +3.1068e+000 -2.1249e+000 -1.9982e+000 -6.7155e-001 -2.4135e+000 -2.7140e-001 -6.1801e-001 -1.5341e+000
1397 0 +1.655234595e+000 +9.267523459e+001 +9.267523459e+001 +9.0680e-001 -1.3745e+000 +2.8289e+000 -1.7170e+000 -1.4388e+000 -2.7693e-001 -2.6004e+000 -6.3063e-001 -6.2692e-001 -1.0455e+000
1422 0 +1.597825327e+000 +9.261782533e+001 +9.261782533e+001 +9.6849e-001 -1.2697e+000 +2.7117e+000 -1.9170e+000 -1.2327e+000 -1.5194e-001 -2.6880e+000 -6.1425e-001 -8.8614e-001 -1.2728e+000
1433 0 +1.328902066e+000 +9.234890207e+001 +9.234890207e+001 +9.4190e-001 -1.4072e+000 +2.9794e+000 -1.8041e+000 -1.4214e+000 -2.3287e-001 -2.7396e+000 -5.5178e-001 -7.4135e-001 -1.0116e+000
1472 0 +1.243024847e+000 +9.226302485e+001 +9.226302485e+001 +9.0450e-001 -1.2965e+000 +3.0170e+000 -1.8180e+000 -1.4438e+000 -9.3777e-002 -2.4860e+000 -4.7385e-001 -8.1334e-001 -9.8901e-001
1555 0 +1.125107292e+000 +9.214510729e+001 +9.214510729e+001 +8.8390e-001 -1.3215e+000 +3.0759e+000 -1.8480e+000 -1.4232e+000 -8.3786e-002 -2.4371e+000 -4.4926e-001 -8.6420e-001 -9.6578e-001
1702 0 +1.072301684e+000 +9.209230168e+001 +9.209230168e+001 +8.7458e-001 -1.3257e+000 +3.0723e+000 -1.8343e+000 -1.3966e+000 -7.2493e-002 -2.4117e+000 -4.4332e-001 -8.6685e-001 -9.5253e-001
1837 0 +1.044233712e+000 +9.206423371e+001 +9.206423371e+001 +8.9356e-001 -1.3022e+000 +3.0858e+000 -1.8540e+000 -1.4025e+000 -9.0959e-002 -2.4402e+000 -4.3173e-001 -8.9055e-001 -9.6958e-001
1916 0 +1.014574727e+000 +9.203457473e+001 +9.203457473e+001 +9.0372e-001 -1.3205e+000 +3.0713e+000 -1.8374e+000 -1.3991e+000 -1.2153e-001 -2.4885e+000 -4.3791e-001 -8.6576e-001 -9.8290e-001
1922 0 +9.827671979e-001 +9.200276720e+001 +9.200276720e+001 +9.1832e-001 -1.2869e+000 +2.9969e+000 -1.8824e+000 -1.3384e+000 -9.2010e-002 -2.5009e+000 -4.8661e-001 -9.0761e-001 -1.0363e+000
2031 0 +9.278274954e-001 +9.194782750e+001 +9.194782750e+001 +9.2373e-001 -1.2883e+000 +3.1126e+000 -1.8779e+000 -1.4006e+000 -7.7838e-002 -2.4769e+000 -4.1575e-001 -9.3536e-001 -9.8086e-001
2276 0 +8.958359094e-001 +9.191583591e+001 +9.191583591e+001 +9.2500e-001 -1.2900e+000 +3.1115e+000 -1.8776e+000 -1.4048e+000 -8.3901e-002 -2.4793e+000 -4.1971e-001 -9.3394e-001 -9.8881e-001
2536 0 +8.894631726e-001 +9.190946317e+001 +9.190946317e+001 +9.2599e-001 -1.2875e+000 +3.1143e+000 -1.8783e+000 -1.4055e+000 -8.3287e-002 -2.4817e+000 -4.1882e-001 -9.3740e-001 -9.8827e-001
2579 0 +8.603295754e-001 +9.188032958e+001 +9.188032958e+001 +9.2482e-001 -1.2860e+000 +3.1177e+000 -1.8747e+000 -1.4061e+000 -8.0010e-002 -2.4854e+000 -4.1352e-001 -9.5151e-001 -9.9164e-001
2628 0 +8.511186883e-001 +9.187111869e+001 +9.187111869e+001 +9.1050e-001 -1.2920e+000 +3.1130e+000 -1.8599e+000 -1.4100e+000 -7.9699e-002 -2.4723e+000 -4.1249e-001 -9.3851e-001 -9.8442e-001
3431 0 +8.314762291e-001 +9.185147623e+001 +9.185147623e+001 +9.1267e-001 -1.2928e+000 +3.1166e+000 -1.8514e+000 -1.4139e+000 -7.7229e-002 -2.4756e+000 -4.1098e-001 -9.5747e-001 -9.7927e-001
% f evaluations | g evaluations | best noise-free fitness - Fopt (7.324200000000e+002) + sum g_i+ | measured fitness | best measured fitness or single-digit g-values | x1 | x2...
1 0 +9.876226536e+000 +7.422962265e+002 +7.422962265e+002 +0.0000e+000 +0.0000e+000 +0.0000e+000 +0.0000e+000 +0.0000e+000 +0.0000e+000 +0.0000e+000 +0.0000e+000 +0.0000e+000 +0.0000e+000
49 0 +7.019269985e+000 +7.394392700e+002 +7.394392700e+002 -4.4958e+000 -6.3079e-001 +2.2304e+000 +3.8597e+000 -1.4651e+000 -2.6280e+000 +1.1635e+000 +1.0049e+000 +2.3995e+000 -2.7958e+000
216 0 +6.640973824e+000 +7.390609738e+002 +7.390609738e+002 -4.2270e+000 -1.3127e+000 +1.5785e+000 +2.5951e+000 -1.5208e-001 -3.6237e+000 +1.0457e+000 +1.9115e+000 +1.3370e+000 -3.0386e+000
229 0 +5.682786320e+000 +7.381027863e+002 +7.381027863e+002 -3.2925e+000 -1.2522e+000 -2.6880e-001 +4.2770e+000 -3.4219e+000 -1.9148e+000 +2.9165e+000 +3.2890e+000 +1.1623e+000 +8.4596e-001
260 0 +5.070832449e+000 +7.374908324e+002 +7.374908324e+002 -3.0579e+000 -1.9103e+000 +3.2516e+000 +4.2306e+000 -3.4201e+000 +3.1841e-001 +2.0047e+000 -1.9251e+000 -1.5249e+000 -9.6601e-001
355 0 +4.150496784e+000 +7.365704968e+002 +7.365704968e+002 -3.1089e+000 +7.7313e-001 +3.9809e+000 +3.3263e+000 -2.6322e+000 -1.5659e-001 +3.6097e+000 +5.9202e-001 -3.5237e-002 -1.9298e+000
420 0 +3.956784644e+000 +7.363767846e+002 +7.363767846e+002 -1.6559e+000 +9.0570e-001 +3.0635e+000 +2.4759e+000 -2.2654e+000 -6.9833e-001 +3.3481e+000 +5.0133e-001 +3.0277e-001 -1.9507e+000
553 0 +3.317197130e+000 +7.357371971e+002 +7.357371971e+002 -2.9255e+000 -1.1092e-001 +1.9174e+000 +2.2798e+000 -1.3887e+000 -8.5055e-001 +3.0421e+000 +1.0280e+000 +1.3110e+000 -1.5706e+000
621 0 +3.065186402e+000 +7.354851864e+002 +7.354851864e+002 -2.8868e+000 -7.6422e-001 +2.0415e+000 +1.9989e+000 -2.7670e+000 +4.1274e-001 +2.6578e+000 +2.2062e-001 +8.3356e-001 -1.4651e+000
721 0 +2.960938583e+000 +7.353809386e+002 +7.353809386e+002 -2.5239e+000 -5.5839e-001 +1.5145e+000 +1.1648e+000 -1.8497e+000 +8.3791e-002 +2.7796e+000 +7.2477e-001 +1.4520e+000 -1.5326e+000
751 0 +2.845192541e+000 +7.352651925e+002 +7.352651925e+002 -3.0132e+000 -6.9711e-001 +2.4969e+000 +1.9918e+000 -2.2563e+000 +4.0098e-001 +2.6796e+000 -3.1032e-001 -2.7499e-002 -1.1886e+000
829 0 +2.731196583e+000 +7.351511966e+002 +7.351511966e+002 -3.0145e+000 -6.1802e-001 +2.5171e+000 +2.0885e+000 -2.2164e+000 +2.7740e-001 +2.7354e+000 -1.7400e-001 +1.9138e-002 -1.2192e+000
848 0 +2.427190310e+000 +7.348471903e+002 +7.348471903e+002 -2.3803e+000 -4.2223e-001 +2.7822e+000 +2.5213e+000 -2.7984e+000 +5.9395e-001 +2.8410e+000 -6.7138e-001 -4.0567e-001 -8.8195e-001
946 0 +2.294135426e+000 +7.347141354e+002 +7.347141354e+002 -3.1560e+000 -1.1579e+000 +2.5627e+000 +2.7309e+000 -2.6254e+000 +3.5376e-001 +2.2078e+000 -4.1983e-002 +7.1431e-001 -1.2698e+000
1034 0 +2.255284099e+000 +7.346752841e+002 +7.346752841e+002 -3.0801e+000 -1.5021e+000 +1.8837e+000 +2.4618e+000 -2.6538e+000 -1.4542e-001 +2.7349e+000 +5.9937e-001 +1.1612e+000 -1.0960e+000
1107 0 +2.116087916e+000 +7.345360879e+002 +7.345360879e+002 -3.0533e+000 -1.4292e+000 +2.0252e+000 +2.4893e+000 -2.6545e+000 -2.5922e-002 +2.6165e+000 +4.3006e-001 +1.0241e+000 -1.1239e+000
1194 0 +1.702921289e+000 +7.341229213e+002 +7.341229213e+002 -2.9857e+000 -1.4030e+000 +1.9139e+000 +2.5426e+000 -2.6658e+000 -1.4704e-001 +2.7670e+000 +4.7960e-001 +1.0812e+000 -1.0079e+000
1360 0 +1.406041524e+000 +7.338260415e+002 +7.338260415e+002 -2.9765e+000 -1.4047e+000 +1.8567e+000 +2.5094e+000 -2.6903e+000 -1.1376e-001 +2.8328e+000 +4.8897e-001 +1.0542e+000 -9.6531e-001
1642 0 +1.324256605e+000 +7.337442566e+002 +7.337442566e+002 -2.9677e+000 -1.4102e+000 +1.8549e+000 +2.5084e+000 -2.6911e+000 -1.2495e-001 +2.8359e+000 +5.0280e-001 +1.0628e+000 -9.6135e-001
1798 0 +1.275894893e+000 +7.336958949e+002 +7.336958949e+002 -2.9787e+000 -1.4376e+000 +1.8705e+000 +2.5055e+000 -2.6723e+000 -1.2816e-001 +2.7934e+000 +5.2662e-001 +1.0804e+000 -9.6040e-001
1898 0 +1.240447838e+000 +7.336604478e+002 +7.336604478e+002 -2.9857e+000 -1.4544e+000 +1.8551e+000 +2.5136e+000 -2.6787e+000 -1.3164e-001 +2.8123e+000 +5.2674e-001 +1.0793e+000 -9.3590e-001
1907 0 +1.214877540e+000 +7.336348775e+002 +7.336348775e+002 -2.9649e+000 -1.4349e+000 +1.8473e+000 +2.5121e+000 -2.6899e+000 -1.3364e-001 +2.8398e+000 +5.1871e-001 +1.0672e+000 -9.2562e-001
2140 0 +1.048241975e+000 +7.334682420e+002 +7.334682420e+002 -3.0831e+000 -1.8244e+000 +1.8867e+000 +2.7149e+000 -2.7924e+000 +1.3517e-002 +2.8550e+000 +3.2407e-001 +8.0909e-001 -8.1294e-001
2238 0 +9.525819272e-001 +7.333725819e+002 +7.333725819e+002 -3.0786e+000 -1.7482e+000 +1.9267e+000 +2.7009e+000 -2.7622e+000 +1.3052e-002 +2.8044e+000 +3.1997e-001 +8.1688e-001 -8.5418e-001
2349 0 +8.931565194e-001 +7.333131565e+002 +7.333131565e+002 -3.0413e+000 -1.7395e+000 +1.9253e+000 +2.7112e+000 -2.7665e+000 -7.8928e-003 +2.8382e+000 +3.1248e-001 +8.1248e-001 -8.2462e-001
2700 0 +8.834613765e-001 +7.333034614e+002 +7.333034614e+002 -3.0471e+000 -1.7600e+000 +1.9398e+000 +2.7294e+000 -2.7739e+000 +4.5874e-003 +2.8398e+000 +2.9160e-001 +7.8276e-001 -8.1781e-001
2907 0 +8.646137053e-001 +7.332846137e+002 +7.332846137e+002 -3.0505e+000 -1.7493e+000 +1.9334e+000 +2.7280e+000 -2.7720e+000 +5.0390e-003 +2.8457e+000 +2.8390e-001 +7.8588e-001 -8.2134e-001
2988 0 +8.481545146e-001 +7.332681545e+002 +7.332681545e+002 -3.0469e+000 -1.7507e+000 +1.9381e+000 +2.7298e+000 -2.7739e+000 +3.3600e-003 +2.8448e+000 +2.8978e-001 +7.8387e-001 -8.2106e-001
3323 0 +8.095013203e-001 +7.332295013e+002 +7.332295013e+002 -3.0426e+000 -1.7350e+000 +1.9522e+000 +2.7258e+000 -2.7926e+000 +1.0721e-002 +2.8346e+000 +3.0205e-001 +7.7984e-001 -8.2476e-001
4074 0 +7.811534034e-001 +7.332011534e+002 +7.332011534e+002 -3.0498e+000 -1.7710e+000 +1.9386e+000 +2.7180e+000 -2.8090e+000 +1.2006e-002 +2.8164e+000 +3.3987e-001 +8.0171e-001 -8.2185e-001
4116 0 +7.762392713e-001 +7.331962393e+002 +7.331962393e+002 -3.0480e+000 -1.7672e+000 +1.9405e+000 +2.7197e+000 -2.8076e+000 +1.2029e-002 +2.8188e+000 +3.3550e-001 +7.9939e-001 -8.2115e-001
4536 0 +7.578060749e-001 +7.331778061e+002 +7.331778061e+002 -3.0456e+000 -1.7631e+000 +1.9376e+000 +2.7004e+000 -2.8199e+000 +1.0854e-002 +2.7987e+000 +3.7628e-001 +8.2230e-001 -8.3129e-001
% f evaluations | g evaluations | best noise-free fitness - Fopt (3.542000000000e+001) + sum g_i+ | measured fitness | best measured fitness or single-digit g-values | x1 | x2...
1 0 +3.535326095e+001 +7.077326095e+001 +7.077326095e+001 +0.0000e+000 +0.0000e+000 +0.0000e+000 +0.0000e+000 +0.0000e+000 +0.0000e+000 +0.0000e+000 +0.0000e+000 +0.0000e+000 +0.0000e+000
2 0 +3.341438240e+001 +6.883438240e+001 +6.883438240e+001 -6.8688e-001 +3.4826e+000 +4.7366e+000 +2.2394e+000 +1.0766e+000 +2.7057e+000 +3.3496e+000 -4.3138e+000 -1.6152e+000 +6.6174e-001
6 0 +2.426239395e+001 +5.968239395e+001 +5.968239395e+001 +1.1849e+000 -3.1797e+000 +4.2750e+000 -2.2750e+000 +2.6401e-001 -1.4242e+000 -1.9247e+000 +3.0227e+000 -2.6384e+000 +1.4893e+000
19 0 +2.005159040e+001 +5.547159040e+001 +5.547159040e+001 +2.1430e+000 +2.8767e-001 +5.7122e-001 -8.9901e-001 +4.3270e+000 -3.3247e+000 -1.0907e+000 -2.1093e+000 +2.6865e-001 +1.1716e+000
28 0 +9.282750112e+000 +4.470275011e+001 +4.470275011e+001 +2.8791e+000 -6.1989e-001 -4.8913e+000 -2.0599e+000 +3.7408e+000 +4.1210e+000 -4.2971e+000 -1.4931e-001 -4.4000e+000 +1.4206e+000
44 0 +7.322912689e+000 +4.274291269e+001 +4.274291269e+001 +3.7703e+000 -4.0426e+000 -2.0218e+000 -3.8586e+000 +3.5097e+000 +2.7190e+000 -3.7686e+000 -4.7060e+000 -4.0991e+000 -3.8075e+000
342 0 +7.093076589e+000 +4.251307659e+001 +4.251307659e+001 +2.0307e+000 -3.0941e+000 -2.3380e+000 -3.1505e+000 +3.0449e+000 +1.6965e+000 -1.9944e+000 -4.1575e+000 -2.5322e+000 -5.0000e+000
452 0 +6.296245584e+000 +4.171624558e+001 +4.171624558e+001 +3.7738e+000 -2.2711e+000 -1.7285e+000 -1.9811e+000 +3.5867e+000 +1.4113e+000 -2.3296e+000 -4.1921e+000 -4.3265e+000 -4.1808e+000
505 0 +5.635747086e+000 +4.105574709e+001 +4.105574709e+001 +2.7040e+000 -2.4112e+000 -1.5459e+000 -1.9259e+000 +3.2409e+000 +1.5531e+000 -1.9285e+000 -4.0618e+000 -3.1185e+000 -4.5954e+000
537 0 +4.824435396e+000 +4.024443540e+001 +4.024443540e+001 +3.3088e+000 -2.9311e+000 -1.5850e+000 -2.4582e+000 +2.9560e+000 +1.4643e+000 -2.3544e+000 -4.5722e+000 -3.7100e+000 -3.3455e+000
560 0 +2.263958062e+000 +3.768395806e+001 +3.768395806e+001 +5.0295e+000 -1.5596e+000 -6.2113e-001 +6.1236e-001 +2.5861e+000 +3.1979e+000 -6.6909e-001 -3.2071e+000 -2.3559e+000 -2.4794e+000
721 0 +2.133454790e+000 +3.755345479e+001 +3.755345479e+001 +4.7036e+000 -1.8379e+000 -7.5716e-001 -5.5042e-001 +2.0784e+000 +3.8144e+000 -1.2968e+000 -3.5571e+000 -2.2260e+000 -2.1735e+000
911 0 +1.992381449e+000 +3.741238145e+001 +3.741238145e+001 +5.1544e+000 -1.3751e+000 -4.7951e-001 +3.8449e-001 +2.0663e+000 +3.7312e+000 -7.4297e-001 -3.2677e+000 -2.0496e+000 -1.9976e+000
941 0 +1.941361113e+000 +3.736136111e+001 +3.736136111e+001 +5.0190e+000 -1.8703e+000 -6.7413e-001 +2.5938e-001 +2.2910e+000 +3.5129e+000 -1.0800e+000 -3.5439e+000 -2.2530e+000 -2.3517e+000
980 0 +1.776015262e+000 +3.719601526e+001 +3.719601526e+001 +5.0575e+000 -1.4243e+000 -4.3955e-001 +3.3570e-001 +2.0117e+000 +3.7748e+000 -7.4811e-001 -3.2657e+000 -2.0007e+000 -1.9903e+000
1041 0 +1.622479458e+000 +3.704247946e+001 +3.704247946e+001 +5.1063e+000 -1.5681e+000 -5.2706e-001 +3.7097e-001 +2.1378e+000 +3.6461e+000 -8.0979e-001 -3.3580e+000 -2.1038e+000 -2.1521e+000
1143 0 +1.103518082e+000 +3.652351808e+001 +3.652351808e+001 +5.0542e+000 -1.3984e+000 -4.6260e-001 +4.5707e-001 +2.0962e+000 +3.5937e+000 -7.2140e-001 -3.3592e+000 -1.9987e+000 -2.0648e+000
1495 0 +1.081811529e+000 +3.650181153e+001 +3.650181153e+001 +5.0431e+000 -1.4707e+000 -4.8049e-001 +4.3187e-001 +2.0731e+000 +3.6048e+000 -7.2548e-001 -3.3627e+000 -1.9824e+000 -2.0983e+000
1856 0 +1.067274381e+000 +3.648727438e+001 +3.648727438e+001 +5.0458e+000 -1.4593e+000 -4.9689e-001 +4.1469e-001 +2.0856e+000 +3.5975e+000 -7.3383e-001 -3.3619e+000 -2.0079e+000 -2.0999e+000
1870 0 +1.045594644e+000 +3.646559464e+001 +3.646559464e+001 +5.0470e+000 -1.4526e+000 -4.8651e-001 +4.2599e-001 +2.0842e+000 +3.5998e+000 -7.3086e-001 -3.3611e+000 -1.9998e+000 -2.0918e+000
1970 0 +9.647445705e-001 +3.638474457e+001 +3.638474457e+001 +5.0476e+000 -1.4411e+000 -4.9894e-001 +4.1413e-001 +2.0900e+000 +3.5910e+000 -7.3031e-001 -3.3578e+000 -2.0116e+000 -2.1018e+000
2564 0 +9.487166843e-001 +3.636871668e+001 +3.636871668e+001 +5.0465e+000 -1.4310e+000 -4.9115e-001 +4.3272e-001 +2.0753e+000 +3.5952e+000 -7.1375e-001 -3.3610e+000 -2.0032e+000 -2.0996e+000
2664 0 +9.315196427e-001 +3.635151964e+001 +3.635151964e+001 +5.0418e+000 -1.4386e+000 -5.0116e-001 +4.0586e-001 +2.0855e+000 +3.5903e+000 -7.3027e-001 -3.3589e+000 -2.0176e+000 -2.1049e+000
3005 0 +9.102489903e-001 +3.633024899e+001 +3.633024899e+001 +5.0310e+000 -1.4489e+000 -5.0100e-001 +3.8839e-001 +2.0862e+000 +3.5939e+000 -7.2439e-001 -3.3489e+000 -2.0370e+000 -2.1208e+000
3125 0 +8.780644139e-001 +3.629806441e+001 +3.629806441e+001 +5.0363e+000 -1.4433e+000 -4.8410e-001 +4.0560e-001 +2.0852e+000 +3.5974e+000 -7.1066e-001 -3.3543e+000 -2.0278e+000 -2.1149e+000
3207 0 +8.663250094e-001 +3.628632501e+001 +3.628632501e+001 +5.0366e+000 -1.4435e+000 -4.8181e-001 +4.0076e-001 +2.0796e+000 +3.5999e+000 -7.0906e-001 -3.3563e+000 -2.0285e+000 -2.1140e+000
3302 0 +8.485154560e-001 +3.626851546e+001 +3.626851546e+001 +5.0320e+000 -1.4385e+000 -4.7486e-001 +4.0500e-001 +2.0783e+000 +3.6011e+000 -6.9978e-001 -3.3546e+000 -2.0283e+000 -2.1152e+000
3435 0 +8.317388056e-001 +3.625173881e+001 +3.625173881e+001 +5.0309e+000 -1.4429e+000 -4.7668e-001 +3.9962e-001 +2.0788e+000 +3.6017e+000 -7.0262e-001 -3.3530e+000 -2.0319e+000 -2.1168e+000
