% f evaluations | g evaluations | best noise-free fitness - Fopt (1.026100000000e+002) + sum g_i+ | measured fitness | best measured fitness or single-digit g-values | x1 | x2...
1 0 +3.131124616e+002 +4.157224616e+002 +4.157224616e+002 +0.0000e+000 +0.0000e+000 +0.0000e+000 +0.0000e+000 +0.0000e+000 +0.0000e+000 +0.0000e+000 +0.0000e+000 +0.0000e+000 +0.0000e+000 +0.0000e+000 +0.0000e+000 +0.0000e+000 +0.0000e+000 +0.0000e+000 +0.0000e+000 +0.0000e+000 +0.0000e+000 +0.0000e+000 +0.0000e+000
577 0 +3.118617542e+002 +4.144717542e+002 +4.144717542e+002 +1.9931e+000 -6.9620e-001 -2.8170e-001 -8.1504e-001 -1.1435e+000 -8.9210e-001 -2.4846e+000 +2.0655e-001 -2.5111e+000 +7.2307e-001 -5.6215e-001 -1.0431e-001 -1.5652e+000 -4.2897e-001 -1.2729e+000 +7.7116e-001 -1.6219e+000 -1.4994e+000 +1.2588e+000 -2.2015e+000
832 0 +2.846245743e+002 +3.872345743e+002 +3.872345743e+002 +1.7928e+000 +1.3722e-001 -2.1151e+000 -2.0789e-001 -1.7044e+000 -1.2485e+000 -2.0349e+000 +2.6214e-002 +2.7259e-001 +1.6344e+000 -3.2433e-001 +7.6308e-001 -1.2359e+000 +2.2325e+000 -1.6260e+000 +2.4327e-001 -3.9684e-001 +1.0489e+000 +1.3644e+000 -4.6193e-001
921 0 +2.421824200e+002 +3.447924200e+002 +3.447924200e+002 +1.8312e+000 -2.4966e-001 -2.0929e+000 -4.9353e-001 -2.0312e+000 -1.5248e+000 -2.4685e+000 +1.0904e-001 -6.5516e-001 +1.3067e+000 -5.1390e-001 +7.5436e-001 -1.6487e+000 +1.7409e+000 -1.1893e+000 +5.5054e-001 -1.0777e+000 +5.4706e-001 +1.4059e+000 +4.1967e-001
964 0 +2.374138610e+002 +3.400238610e+002 +3.400238610e+002 +3.3944e+000 +4.9319e-001 -2.2076e+000 +1.0525e+000 -1.4171e+000 -8.1852e-001 -2.4382e+000 +1.2702e+000 +7.1447e-001 +9.7683e-001 -5.2378e-001 +8.4026e-002 -1.2568e+000 +4.8774e-001 -9.1170e-001 -1.3521e+000 -1.2888e-001 -5.0917e-001 +1.5262e+000 -1.6509e+000
1943 0 +2.163503905e+002 +3.189603905e+002 +3.189603905e+002 +2.6113e+000 -2.0151e-001 -1.7934e+000 +5.9994e-002 -8.7457e-001 -8.2906e-001 -2.1286e+000 +9.7172e-001 -2.9651e-001 +7.5196e-001 -1.0653e-001 -6.2141e-002 -1.2336e+000 +7.2509e-001 -2.4725e+000 -4.7229e-001 -1.1045e+000 -1.4400e+000 +1.2054e+000 -1.3906e+000
4761 0 +2.118484561e+002 +3.144584561e+002 +3.144584561e+002 +2.6145e+000 -1.9324e-001 -1.7960e+000 +5.7523e-002 -8.5252e-001 -8.2445e-001 -2.1376e+000 +9.6253e-001 -3.1557e-001 +7.1649e-001 -1.2379e-001 -6.1180e-002 -1.2320e+000 +7.0411e-001 -2.4618e+000 -4.6738e-001 -1.1357e+000 -1.4509e+000 +1.2055e+000 -1.4064e+000
6516 0 +2.062332466e+002 +3.088432466e+002 +3.088432466e+002 +2.4221e+000 +6.5352e-001 -1.5755e+000 +6.6500e-001 -3.8158e-001 -6.2873e-001 -1.9297e+000 +5.1413e-001 -4.6108e-001 +5.9324e-001 -6.9512e-001 -4.7510e-001 -8.0798e-001 -3.7041e-001 -1.5366e+000 -3.5437e-002 -1.9840e+000 -1.7700e+000 +1.2390e+000 -1.5005e+000
% f evaluations | g evaluations | best noise-free fitness - Fopt (9.330000000000e+001) + sum g_i+ | measured fitness | best measured fitness or single-digit g-values | x1 | x2...
1 0 +3.422558314e+002 +4.355558314e+002 +4.355558314e+002 +0.0000e+000 +0.0000e+000 +0.0000e+000 +0.0000e+000 +0.0000e+000 +0.0000e+000 +0.0000e+000 +0.0000e+000 +0.0000e+000 +0.0000e+000 +0.0000e+000 +0.0000e+000 +0.0000e+000 +0.0000e+000 +0.0000e+000 +0.0000e+000 +0.0000e+000 +0.0000e+000 +0.0000e+000 +0.0000e+000
500 0 +3.192849009e+002 +4.125849009e+002 +4.125849009e+002 +1.6368e+000 +3.3602e-001 -6.4380e-001 -3.8457e+000 -2.6264e+000 -2.2307e+000 -1.0923e+000 +2.4250e-002 -1.4106e+000 -3.2314e+000 +7.2842e-001 +9.2734e-001 +1.5131e+000 -1.4909e-002 -2.3024e+000 +5.5512e-001 -2.4573e+000 +2.7589e-001 -1.3746e+000 -4.6210e+000
777 0 +3.016223407e+002 +3.949223407e+002 +3.949223407e+002 +1.0967e+000 +3.4470e-001 -1.9602e-001 -1.1725e+000 -4.2151e-001 +6.4527e-001 -1.9954e+000 +9.4948e-001 -3.5983e+000 -3.9162e+000 +5.8479e-001 -1.0311e+000 +2.0196e+000 +9.9725e-001 -1.6368e+000 -6.0763e-001 -2.6611e+000 +3.3379e+000 -4.2713e-001 -2.4450e+000
1083 0 +2.557094601e+002 +3.490094601e+002 +3.490094601e+002 +4.7498e-001 +2.6026e-001 -2.3384e-002 -2.8711e+000 -1.6737e+000 -3.6115e-001 -1.8870e+000 +1.5234e+000 -2.3972e+000 -2.1037e+000 +6.6591e-001 -4.9424e-001 +1.0702e+000 +1.2644e+000 -2.9700e+000 -8.5933e-001 -1.5079e+000 +1.6853e+000 -1.1528e+000 -2.6107e+000
1592 0 +2.496410425e+002 +3.429410425e+002 +3.429410425e+002 +2.7043e-001 -1.5151e+000 -3.2400e-001 -1.7005e+000 -1.6130e+000 +4.2687e-002 -1.1912e+000 +2.0958e+000 -2.1734e+000 -1.3221e+000 +8.3130e-001 +4.1142e-001 +9.1318e-001 +2.1314e+000 -1.6023e+000 +2.3195e-001 -1.1950e+000 +2.0196e+000 -6.9869e-001 -2.5865e+000
1946 0 +2.241291291e+002 +3.174291291e+002 +3.174291291e+002 +1.5860e-001 -2.0264e+000 -7.0317e-001 -1.1996e+000 -9.1303e-001 +6.2995e-001 -8.2503e-001 +2.5020e+000 -2.0391e+000 -1.6137e+000 +1.5348e+000 +5.7880e-001 +1.0215e+000 +2.5057e+000 -1.6040e+000 +1.2563e+000 -1.1988e+000 +2.2785e+000 -6.4557e-001 -2.6349e+000
2087 0 +2.162732035e+002 +3.095732035e+002 +3.095732035e+002 -1.3698e-002 -1.5834e+000 -6.8616e-001 -1.6366e+000 -1.3990e+000 +2.2288e-001 -1.0415e+000 +2.0052e+000 -1.6058e+000 -1.4133e+000 +1.1813e+000 +4.0657e-001 +9.2358e-001 +2.0097e+000 -1.7654e+000 +7.7742e-001 -1.0614e+000 +1.6390e+000 -9.8711e-001 -2.3591e+000
3225 0 +2.112579620e+002 +3.045579620e+002 +3.045579620e+002 +4.0782e-001 -1.5704e+000 -7.7628e-001 -1.7300e+000 -1.5382e+000 +5.2352e-001 -1.3874e+000 +2.2611e+000 -1.6288e+000 -7.7997e-001 +3.6408e-001 +6.5674e-001 +4.4354e-001 +1.5552e+000 -1.1730e+000 +1.8140e-001 -6.0747e-001 +2.0917e+000 -8.1945e-001 -2.3709e+000
3447 0 +1.736241320e+002 +2.669241320e+002 +2.669241320e+002 +3.2460e-001 -1.7640e+000 -5.4665e-001 -1.6839e+000 -1.5539e+000 +3.1808e-001 -1.4793e+000 +2.1776e+000 -1.6525e+000 -1.1583e+000 +5.7765e-001 +5.2961e-001 +5.9446e-001 +1.7264e+000 -1.5526e+000 +2.0415e-001 -8.0753e-001 +2.0563e+000 -7.8334e-001 -2.7573e+000
5025 0 +1.625297780e+002 +2.558297780e+002 +2.558297780e+002 +3.5934e-001 -1.7770e+000 -1.3052e+000 -2.1582e+000 -1.5173e+000 +6.3969e-001 -1.6228e+000 +2.0870e+000 -9.2090e-001 -8.7943e-001 +8.3023e-001 +1.1805e+000 +1.0001e+000 +1.8951e+000 -1.4060e+000 +1.1155e+000 -7.7869e-001 +1.3063e+000 -1.0239e+000 -2.6806e+000
6460 0 +1.574752858e+002 +2.507752858e+002 +2.507752858e+002 +3.5569e-001 -1.7604e+000 -1.3015e+000 -2.1520e+000 -1.5122e+000 +6.4351e-001 -1.6250e+000 +2.0972e+000 -9.3304e-001 -8.8864e-001 +8.2815e-001 +1.1643e+000 +9.9544e-001 +1.8936e+000 -1.4061e+000 +1.1009e+000 -7.7377e-001 +1.3252e+000 -1.0169e+000 -2.7023e+000
8104 0 +1.523676088e+002 +2.456676088e+002 +2.456676088e+002 +3.5661e-001 -1.7605e+000 -1.3041e+000 -2.1425e+000 -1.5035e+000 +6.3072e-001 -1.6189e+000 +2.0953e+000 -9.6053e-001 -9.0542e-001 +8.2203e-001 +1.1553e+000 +1.0054e+000 +1.8977e+000 -1.4145e+000 +1.0985e+000 -7.9670e-001 +1.3320e+000 -1.0091e+000 -2.7117e+000
% f evaluations | g evaluations | best noise-free fitness - Fopt (1.364000000000e+001) + sum g_i+ | measured fitness | best measured fitness or single-digit g-values | x1 | x2...
1 0 +3.271130175e+002 +3.407530175e+002 +3.407530175e+002 +0.0000e+000 +0.0000e+000 +0.0000e+000 +0.0000e+000 +0.0000e+000 +0.0000e+000 +0.0000e+000 +0.0000e+000 +0.0000e+000 +0.0000e+000 +0.0000e+000 +0.0000e+000 +0.0000e+000 +0.0000e+000 +0.0000e+000 +0.0000e+000 +0.0000e+000 +0.0000e+000 +0.0000e+000 +0.0000e+000
846 0 +2.984416677e+002 +3.120816677e+002 +3.120816677e+002 -2.0584e+000 +1.7782e+000 +1.1693e+000 +7.6902e-001 +1.2270e+000 +5.2314e-001 -5.7987e-001 -4.8329e-001 +4.1957e-001 -1.2908e+000 -5.0542e-001 +2.4048e+000 -1.4354e+000 +7.4424e-001 +3.0080e+000 +3.8211e-001 -2.3571e+000 +3.1110e-001 +3.5114e+000 +2.8294e+000
875 0 +2.643255751e+002 +2.779655751e+002 +2.779655751e+002 -2.4965e+000 +1.8755e+000 +1.1186e+000 +4.6126e-001 +1.5873e+000 +1.1718e+000 -1.6754e-001 +9.0099e-002 -1.8804e+000 -1.0564e+000 -8.2447e-001 +3.3868e+000 +8.2185e-001 +9.8483e-001 +8.0084e-001 -1.0910e+000 -2.2733e+000 -7.2869e-001 +2.9716e+000 +8.0220e-001
1221 0 +2.625887518e+002 +2.762287518e+002 +2.762287518e+002 -1.5726e+000 +1.4808e+000 +2.7391e-001 +1.1670e+000 +8.5952e-001 -3.8415e-001 -1.0140e+000 +8.0105e-001 -2.6583e+000 -4.9900e-001 -8.2100e-001 +2.6648e+000 -8.2982e-001 +1.2576e+000 +1.5600e+000 -1.5262e+000 -1.3314e+000 -2.2817e-001 +2.2002e+000 +1.7963e+000
1806 0 +2.292761052e+002 +2.429161052e+002 +2.429161052e+002 -1.4112e+000 +1.5782e+000 +3.1283e-002 +1.1987e+000 +8.5024e-001 -4.5589e-001 -8.8111e-001 +9.0355e-001 -2.7229e+000 -3.3540e-001 -9.0108e-001 +2.5618e+000 -9.4134e-001 +1.2541e+000 +1.5529e+000 -1.3756e+000 -1.2664e+000 -1.6960e-001 +2.0083e+000 +2.6472e+000
2190 0 +1.944611060e+002 +2.081011060e+002 +2.081011060e+002 -1.4840e+000 +1.8950e+000 -1.7348e-001 +7.2870e-001 +5.1656e-001 -3.9433e-001 -1.2924e+000 +1.3174e+000 -3.3289e+000 +4.8480e-002 -5.0721e-001 +3.1076e+000 +2.9616e-004 +9.4921e-001 +1.0009e+000 -1.1244e+000 -1.9531e+000 +4.1248e-001 +1.8699e+000 +1.9539e+000
% f evaluations | g evaluations | best noise-free fitness - Fopt (1.948000000000e+002) + sum g_i+ | measured fitness | best measured fitness or single-digit g-values | x1 | x2...
1 0 +3.812063346e+002 +5.760063346e+002 +5.760063346e+002 +0.0000e+000 +0.0000e+000 +0.0000e+000 +0.0000e+000 +0.0000e+000 +0.0000e+000 +0.0000e+000 +0.0000e+000 +0.0000e+000 +0.0000e+000 +0.0000e+000 +0.0000e+000 +0.0000e+000 +0.0000e+000 +0.0000e+000 +0.0000e+000 +0.0000e+000 +0.0000e+000 +0.0000e+000 +0.0000e+000
211 0 +2.773722069e+002 +4.721722069e+002 +4.721722069e+002 -1.9319e+000 +2.7426e+000 +2.3736e+000 -9.1653e-001 +2.7341e+000 -8.5955e-001 +3.6602e+000 -2.1495e-001 +2.0013e+000 -1.6803e+000 -1.1284e+000 +1.7653e+000 +1.4959e+000 -8.1742e-001 +5.5004e-001 +1.6590e+000 -1.1083e+000 -2.3627e-001 -2.1672e-001 +1.0370e+000
1241 0 +2.679981142e+002 +4.627981142e+002 +4.627981142e+002 -2.0218e+000 +2.7963e+000 +2.0058e+000 -1.7779e+000 +2.3839e+000 -6.5323e-001 +3.1107e+000 -7.6886e-001 +2.2007e+000 -1.4941e+000 -1.5115e+000 +2.4837e+000 +1.8005e+000 -6.8719e-001 +6.3452e-001 +2.0824e+000 -8.6867e-001 -8.5627e-001 -9.8531e-002 +8.3366e-001
1967 0 +2.474687252e+002 +4.422687252e+002 +4.422687252e+002 -1.9140e+000 +3.5317e+000 +1.8922e+000 -2.6497e+000 +1.8230e+000 -4.2720e-001 +2.2386e+000 -2.2688e-001 +5.2050e-001 -1.4082e+000 -2.4096e+000 +1.3506e+000 +2.1049e+000 -4.2059e-001 +3.2293e-001 +1.9924e+000 -1.7795e+000 -1.0575e+000 -4.3551e-001 +8.3348e-001
1972 0 +2.264823507e+002 +4.212823507e+002 +4.212823507e+002 -2.0196e+000 +3.7332e+000 +1.0985e+000 -1.0483e+000 +1.8459e+000 -1.1385e+000 +2.5274e+000 -1.8346e-002 +1.5731e+000 -1.0681e+000 -1.6481e+000 +2.2501e+000 +7.0425e-001 +1.9681e-001 -7.4993e-001 +2.0534e+000 -1.3184e+000 -1.1414e+000 +3.5938e-001 +5.9484e-001
5124 0 +2.201916061e+002 +4.149916061e+002 +4.149916061e+002 -1.7818e+000 +3.6020e+000 +1.6037e+000 -2.4651e+000 +1.6050e+000 -6.3397e-001 +2.3429e+000 -1.1270e-001 +6.6030e-001 -1.3085e+000 -2.4926e+000 +1.2791e+000 +2.1554e+000 -4.8275e-001 +3.1179e-001 +1.9045e+000 -1.4895e+000 -9.1779e-001 -2.8278e-001 +7.0869e-001
5566 0 +1.975631681e+002 +3.923631681e+002 +3.923631681e+002 -2.2092e+000 +3.2462e+000 +1.8308e+000 -1.7583e+000 +2.5698e+000 -9.8872e-001 +3.1223e+000 -6.7005e-002 +1.4196e+000 -1.8194e+000 -2.2486e+000 +2.1764e+000 +2.3089e+000 -7.4806e-001 -1.4040e-001 +1.7124e+000 -1.6776e+000 -1.3459e+000 -2.7176e-001 +8.3097e-001
% f evaluations | g evaluations | best noise-free fitness - Fopt (-1.335900000000e+002) + sum g_i+ | measured fitness | best measured fitness or single-digit g-values | x1 | x2...
1 0 +3.082410013e+002 +1.746510013e+002 +1.746510013e+002 +0.0000e+000 +0.0000e+000 +0.0000e+000 +0.0000e+000 +0.0000e+000 +0.0000e+000 +0.0000e+000 +0.0000e+000 +0.0000e+000 +0.0000e+000 +0.0000e+000 +0.0000e+000 +0.0000e+000 +0.0000e+000 +0.0000e+000 +0.0000e+000 +0.0000e+000 +0.0000e+000 +0.0000e+000 +0.0000e+000
498 0 +2.903239490e+002 +1.567339490e+002 +1.567339490e+002 -1.9297e+000 -2.4852e+000 +1.6364e+000 -3.9260e-001 +1.7269e+000 -1.8084e+000 +7.0785e-001 +1.1199e+000 -8.4817e-001 -1.3665e+000 -1.0144e+000 -1.5026e-001 +8.6130e-001 +2.5557e+000 -1.4532e+000 -1.3285e+000 -1.9698e+000 +1.4845e-001 -2.7683e+000 +3.9763e-001
526 0 +2.671278463e+002 +1.335378463e+002 +1.335378463e+002 -9.8565e-001 -1.0504e+000 +2.2816e+000 -1.9935e+000 +1.4726e+000 -1.2872e+000 +4.3228e-001 +1.1308e+000 -1.2736e-002 -1.1039e+000 +6.0815e-001 +1.3341e+000 +4.3102e-001 +1.7582e+000 -1.9917e-001 -6.2904e-002 -1.6145e-001 -9.1121e-001 -1.4179e+000 -3.3784e-001
826 0 +2.552387522e+002 +1.216487522e+002 +1.216487522e+002 -1.7917e+000 -1.4666e+000 +1.6439e+000 -1.9412e+000 +1.5008e+000 -1.6343e+000 +6.1848e-001 +1.7836e+000 +7.2666e-001 -5.8204e-001 +9.1316e-001 +3.3125e-001 -3.8990e-001 +1.6538e+000 -6.6847e-001 +1.2326e-001 -6.6337e-001 -9.2803e-001 -2.0522e+000 +2.8115e-001
1339 0 +2.338249241e+002 +1.002349241e+002 +1.002349241e+002 -1.1791e+000 -1.4762e+000 +1.9043e+000 -1.8538e+000 +1.5293e+000 -1.1555e+000 +1.1517e-001 +6.1134e-001 -1.0966e-001 -1.6084e+000 +8.3608e-001 +7.9958e-001 +1.4544e-001 +1.9557e+000 -4.5053e-001 -6.9339e-001 -1.0091e-003 -8.2387e-001 -8.1873e-001 -1.9145e-002
2199 0 +2.246284091e+002 +9.103840910e+001 +9.103840910e+001 -1.3566e+000 -1.5765e+000 +2.0306e+000 -1.8037e+000 +1.6086e+000 -1.3059e+000 +5.6825e-001 +1.3214e+000 -1.2423e-001 -1.3980e+000 +8.0830e-001 +6.9374e-001 +1.2110e-001 +1.7916e+000 -4.3693e-001 -3.4955e-001 -4.8573e-001 -8.1978e-001 -1.4756e+000 +9.5099e-002
3968 0 +2.150096176e+002 +8.141961758e+001 +8.141961758e+001 -1.3783e+000 -1.5905e+000 +2.0295e+000 -1.8016e+000 +1.6162e+000 -1.3229e+000 +5.7833e-001 +1.3354e+000 -1.1787e-001 -1.3954e+000 +7.9303e-001 +6.8074e-001 +1.1363e-001 +1.8002e+000 -4.4041e-001 -3.5545e-001 -4.8273e-001 -8.2419e-001 -1.4956e+000 +9.5801e-002
8843 0 +2.024587146e+002 +6.886871462e+001 +6.886871462e+001 -1.4610e+000 -1.2468e+000 +1.3443e+000 -9.9171e-001 +1.1517e+000 -1.1741e+000 -3.1982e-001 +8.5370e-001 -3.5393e-001 -1.8209e+000 +1.1180e+000 +2.3145e-001 +5.4146e-001 +1.1482e+000 +3.9520e-001 -1.4907e-001 -1.1547e+000 -6.1533e-001 -1.3116e+000 -1.4795e-001
9130 0 +1.766730001e+002 +4.308300011e+001 +4.308300011e+001 -3.6076e-001 -1.5683e+000 +1.2737e+000 -8.2594e-001 +4.4145e-001 -6.7462e-001 -7.6017e-001 +1.9077e+000 -1.9341e+000 -2.6653e+000 +7.0658e-001 -7.1359e-001 +1.3154e+000 +1.0503e+000 -1.5348e-001 +9.1058e-002 -2.0188e+000 -1.3005e+000 -1.0381e+000 -5.2120e-001
% f evaluations | g evaluations | best noise-free fitness - Fopt (-3.085000000000e+001) + sum g_i+ | measured fitness | best measured fitness or single-digit g-values | x1 | x2...
1 0 +3.380510731e+002 +3.072010731e+002 +3.072010731e+002 +0.0000e+000 +0.0000e+000 +0.0000e+000 +0.0000e+000 +0.0000e+000 +0.0000e+000 +0.0000e+000 +0.0000e+000 +0.0000e+000 +0.0000e+000 +0.0000e+000 +0.0000e+000 +0.0000e+000 +0.0000e+000 +0.0000e+000 +0.0000e+000 +0.0000e+000 +0.0000e+000 +0.0000e+000 +0.0000e+000
562 0 +3.307825459e+002 +2.999325459e+002 +2.999325459e+002 +6.0605e-001 +1.4619e+000 +1.6549e+000 +7.3507e-001 -5.5328e-001 +1.0519e+000 +1.2629e+000 +2.4308e+000 +1.8375e+000 +3.1755e-001 +4.5969e-001 -2.9364e+000 -2.7795e+000 -2.3763e+000 +1.7733e+000 -2.2373e+000 +2.5221e-001 -1.1019e+000 +1.4451e+000 +1.3273e-001
575 0 +3.201069870e+002 +2.892569870e+002 +2.892569870e+002 -1.9423e+000 +2.6332e+000 +1.7587e+000 +2.2606e-001 -9.4572e-001 -7.0062e-001 -9.8077e-001 +4.1654e-001 +3.9382e+000 +6.0367e-001 +2.0026e-001 +4.7635e-001 +6.0869e-001 -1.1683e+000 -8.8618e-001 -6.1155e-001 +8.2587e-001 -7.9486e-001 +4.4649e+000 +1.5084e+000
822 0 +2.657353108e+002 +2.348853108e+002 +2.348853108e+002 -1.0097e+000 +1.3958e+000 +1.8811e+000 +4.6948e-001 -2.5981e-001 -7.0259e-001 +1.6836e-001 +2.1952e-001 +3.4602e+000 +4.9293e-001 +6.2067e-001 +1.1639e+000 +2.7078e-001 -1.1164e+000 -7.5026e-001 -9.8050e-001 +5.5136e-001 -5.4182e-002 +2.3529e+000 -2.1335e-001
1035 0 +2.542071794e+002 +2.233571794e+002 +2.233571794e+002 -2.0454e+000 +2.6437e+000 +2.8684e+000 +1.1591e+000 -1.2346e+000 +1.5531e+000 +1.0910e+000 +7.0604e-001 +2.6804e+000 +1.1088e+000 -5.7134e-001 +4.3412e-001 +4.1712e-001 +9.6317e-002 -1.1362e+000 -1.7641e+000 -4.0738e-001 -1.1971e+000 +1.2573e+000 -1.1131e+000
1160 0 +2.253487327e+002 +1.944987327e+002 +1.944987327e+002 -5.8151e-001 +1.8325e+000 +2.0531e+000 +2.4945e-001 -6.8442e-001 +9.4384e-001 -4.4389e-001 +6.8655e-001 +2.3673e+000 +9.3959e-001 +1.9208e-001 -2.3523e-001 -4.7440e-001 -1.2787e+000 -3.7524e-001 -2.2078e+000 +1.1583e+000 -8.8752e-001 +2.7968e+000 -1.2291e-001
1309 0 +2.078296434e+002 +1.769796434e+002 +1.769796434e+002 -9.6529e-001 +1.9814e+000 +2.3483e+000 +4.4466e-001 -7.8532e-001 +5.3571e-001 -7.1491e-001 +4.0763e-001 +1.9532e+000 +1.1600e+000 -1.2600e-002 -4.1637e-001 -1.6252e-001 -7.8744e-001 -6.2726e-001 -1.2852e+000 +9.3158e-001 -7.5992e-001 +2.7579e+000 -2.2419e+000
2719 0 +2.039401561e+002 +1.730901561e+002 +1.730901561e+002 -9.3317e-001 +1.8430e+000 +2.2850e+000 +2.8036e-001 -5.9986e-001 +8.4398e-001 -8.7913e-001 -1.6271e-003 +2.0030e+000 +1.0810e+000 -2.7734e-001 -3.3187e-001 -5.9385e-001 -9.6495e-001 +5.1035e-002 -1.5287e+000 +1.2263e+000 -5.4973e-001 +1.9766e+000 -2.2908e+000
3778 0 +1.785890834e+002 +1.477390834e+002 +1.477390834e+002 +7.4366e-002 +1.7183e+000 +2.0146e+000 +5.1257e-001 -8.0136e-001 -1.0052e-001 +3.2380e-001 +1.6189e-001 +1.4503e+000 +1.4627e+000 +1.8925e-001 -9.8609e-001 -3.6496e-001 -1.3276e+000 -4.2854e-001 -1.8300e+000 +1.1550e+000 -1.2047e+000 +1.0847e+000 -1.9982e+000
5723 0 +1.755759533e+002 +1.447259533e+002 +1.447259533e+002 +3.4397e-001 +1.6075e+000 +2.0598e+000 +5.6166e-001 -8.3966e-001 -1.4230e-001 +3.4803e-001 -9.1541e-002 +1.6982e+000 +1.1565e+000 +6.8810e-001 -8.4018e-001 -5.9436e-001 -1.6885e+000 -3.4428e-001 -1.7779e+000 +1.1269e+000 -8.2611e-001 +1.1458e+000 -1.9916e+000
7907 0 +1.597278523e+002 +1.288778523e+002 +1.288778523e+002 +1.4980e-002 +1.7714e+000 +2.0455e+000 +5.0779e-001 -7.8949e-001 -1.6290e-001 +3.7734e-001 +8.1119e-002 +1.5088e+000 +1.3511e+000 +2.0397e-001 -9.3469e-001 -4.9699e-001 -1.3943e+000 -3.7223e-001 -1.7971e+000 +1.1687e+000 -1.1388e+000 +1.1118e+000 -1.9661e+000
9258 0 +1.559251232e+002 +1.250751232e+002 +1.250751232e+002 +8.1872e-003 +1.7726e+000 +2.0438e+000 +5.0649e-001 -7.8802e-001 -1.5643e-001 +3.7180e-001 +8.9305e-002 +1.5025e+000 +1.3613e+000 +1.9029e-001 -9.3783e-001 -4.8789e-001 -1.3824e+000 -3.7521e-001 -1.7980e+000 +1.1691e+000 -1.1475e+000 +1.1116e+000 -1.9685e+000
% f evaluations | g evaluations | best noise-free fitness - Fopt (-9.200000000000e+000) + sum g_i+ | measured fitness | best measured fitness or single-digit g-values | x1 | x2...
1 0 +3.975311047e+002 +3.883311047e+002 +3.883311047e+002 +0.0000e+000 +0.0000e+000 +0.0000e+000 +0.0000e+000 +0.0000e+000 +0.0000e+000 +0.0000e+000 +0.0000e+000 +0.0000e+000 +0.0000e+000 +0.0000e+000 +0.0000e+000 +0.0000e+000 +0.0000e+000 +0.0000e+000 +0.0000e+000 +0.0000e+000 +0.0000e+000 +0.0000e+000 +0.0000e+000
204 0 +3.850918119e+002 +3.758918119e+002 +3.758918119e+002 -1.9598e+000 +3.2439e+000 +2.3148e+000 -1.5453e+000 +5.4247e-001 +2.2659e+000 -2.2831e+000 +2.2798e+000 +1.5892e+000 +7.6186e-001 -4.3760e+000 +1.7102e+000 +1.0785e+000 +4.4088e-001 +1.9768e+000 -1.7315e+000 -6.9249e-001 +1.8185e-001 +2.6162e+000 -2.7316e-001
279 0 +3.796873699e+002 +3.704873699e+002 +3.704873699e+002 +1.8336e+000 +2.5193e+000 -2.0947e+000 -1.3143e+000 -4.4021e-001 -3.3481e+000 +3.1750e-001 +4.6305e-001 +6.1335e-001 -4.3854e-001 -2.2814e+000 -7.4918e-001 +2.1095e+000 -1.2869e+000 +3.5459e+000 -1.9999e+000 -2.6816e+000 -1.7873e+000 +2.2031e+000 +2.9216e+000
380 0 +3.605473969e+002 +3.513473969e+002 +3.513473969e+002 +8.6361e-001 +2.7735e+000 -1.8988e-001 -1.7131e+000 -1.2460e+000 -9.5098e-001 -1.8423e+000 +9.2204e-001 +1.3128e+000 +1.6682e-001 -2.8875e+000 -8.3006e-001 +6.4002e-001 -2.5096e+000 +3.3775e+000 -6.6636e-001 -1.3873e+000 -1.1002e+000 +1.1166e+000 +5.0000e+000
513 0 +3.221150025e+002 +3.129150025e+002 +3.129150025e+002 +1.7157e+000 +2.5131e+000 +6.5633e-001 -1.1550e+000 -2.0603e+000 -1.5460e+000 -7.9598e-001 +1.0005e+000 +7.1463e-001 -1.2424e+000 -2.5413e+000 -2.7523e-001 +4.6456e-001 -2.4659e+000 +3.3530e+000 -6.8562e-001 -1.7154e+000 -3.0818e-001 +2.2732e+000 +5.0000e+000
750 0 +2.949725509e+002 +2.857725509e+002 +2.857725509e+002 -3.5139e-001 +2.4288e+000 +7.2977e-001 -1.1082e+000 -8.3141e-001 -4.2660e-001 -1.3531e+000 +1.1569e+000 +1.4669e+000 +8.0335e-001 -2.4193e+000 -1.1221e-001 +2.6047e-001 -1.8655e+000 +2.5169e+000 -7.1635e-001 -1.0789e+000 -4.6350e-001 +1.3480e+000 +2.0619e+000
1183 0 +2.625636420e+002 +2.533636420e+002 +2.533636420e+002 -3.0955e-001 +2.6173e+000 +9.3778e-001 -9.9670e-001 -1.0687e+000 -7.1427e-002 -1.4623e+000 +9.9808e-001 +1.1308e+000 +3.4857e-001 -2.4563e+000 +1.4201e-002 +4.9806e-001 -1.9128e+000 +2.4395e+000 -7.2431e-001 -1.4424e+000 -3.2303e-001 +1.4117e+000 +2.1434e+000
1188 0 +2.512468495e+002 +2.420468495e+002 +2.420468495e+002 -1.1622e+000 +2.8244e+000 +8.6518e-001 -2.1016e-001 -8.1701e-001 +8.5786e-001 -2.1179e+000 +7.4501e-001 +1.1362e+000 -1.4525e+000 -2.2247e+000 -1.0606e-001 +1.6133e+000 -2.7084e+000 +2.0704e+000 -7.6592e-001 -1.8090e+000 -7.5550e-001 +1.5837e+000 +1.8684e+000
1285 0 +2.414209176e+002 +2.322209176e+002 +2.322209176e+002 -5.8204e-001 +2.6771e+000 +3.0537e-001 -5.6941e-001 -9.1139e-001 +2.0266e-001 -1.7594e+000 +7.3119e-001 +1.2138e+000 -1.0707e+000 -2.6184e+000 -6.0495e-001 +8.6155e-001 -2.1968e+000 +1.6996e+000 -1.1163e+000 -1.6121e+000 -2.4831e-001 +1.9430e+000 +3.4525e+000
1994 0 +2.321687601e+002 +2.229687601e+002 +2.229687601e+002 -5.2662e-001 +2.6412e+000 +3.5774e-001 -6.6562e-001 -8.9546e-001 +9.5257e-002 -1.6894e+000 +7.9781e-001 +1.2310e+000 -8.3694e-001 -2.6403e+000 -5.4241e-001 +7.6497e-001 -2.0958e+000 +1.7927e+000 -1.1017e+000 -1.5391e+000 -2.2390e-001 +1.9034e+000 +3.3140e+000
2074 0 +2.099015852e+002 +2.007015852e+002 +2.007015852e+002 -7.1028e-001 +2.8702e+000 +5.8778e-002 -9.3156e-001 -1.0729e+000 +4.2621e-001 -2.1411e+000 +7.7385e-001 +1.5885e+000 -5.9946e-001 -2.7922e+000 -8.9822e-001 +5.3661e-001 -2.2745e+000 +1.8219e+000 -1.0257e+000 -1.2885e+000 -3.8267e-001 +2.1631e+000 +3.2622e+000
2744 0 +1.898293182e+002 +1.806293182e+002 +1.806293182e+002 -6.4921e-001 +2.7489e+000 +7.9884e-002 -1.1373e+000 -9.2640e-001 +7.8980e-001 -2.1439e+000 +7.4770e-001 +1.9178e+000 -9.6871e-001 -3.1234e+000 -1.0894e+000 +8.8467e-001 -2.3364e+000 +2.1017e+000 -1.1980e+000 -1.1976e+000 -2.7795e-001 +2.5008e+000 +3.0135e+000
% f evaluations | g evaluations | best noise-free fitness - Fopt (-2.037600000000e+002) + sum g_i+ | measured fitness | best measured fitness or single-digit g-values | x1 | x2...
1 0 +3.527457357e+002 +1.489857357e+002 +1.489857357e+002 +0.0000e+000 +0.0000e+000 +0.0000e+000 +0.0000e+000 +0.0000e+000 +0.0000e+000 +0.0000e+000 +0.0000e+000 +0.0000e+000 +0.0000e+000 +0.0000e+000 +0.0000e+000 +0.0000e+000 +0.0000e+000 +0.0000e+000 +0.0000e+000 +0.0000e+000 +0.0000e+000 +0.0000e+000 +0.0000e+000
512 0 +2.816870583e+002 +7.792705832e+001 +7.792705832e+001 +1.7979e-001 -1.4234e+000 +1.1453e-001 -3.5492e-002 -7.0122e-002 -2.4682e-001 +2.9428e+000 +4.4800e-001 -8.6156e-002 +1.7420e+000 -1.6060e+000 +7.5602e-002 +4.0851e-001 +1.3957e+000 +5.7729e-002 -5.3128e-001 -2.4066e+000 +3.9335e-001 -9.9538e-001 +1.2606e+000
1082 0 +2.673761831e+002 +6.361618310e+001 +6.361618310e+001 +1.0607e+000 -1.2574e+000 +3.7172e-001 +2.1546e+000 -8.3218e-001 +4.7664e-001 +2.3449e+000 +4.5591e-001 -1.4937e+000 +1.7721e+000 -8.6155e-001 +1.6475e+000 +7.7840e-001 +6.3888e-001 -6.0513e-001 -6.5619e-001 -7.7453e-001 -1.5355e-001 +1.8828e-001 +1.0899e+000
1106 0 +2.274680520e+002 +2.370805203e+001 +2.370805203e+001 +4.8254e-001 -1.3617e+000 -2.4430e-001 +2.1537e+000 -7.9443e-001 -1.5818e-001 +2.0031e+000 +7.2768e-001 -1.8923e+000 +1.5908e+000 -1.4934e+000 +1.0790e+000 +8.8470e-003 +1.1600e+000 -6.1961e-002 -5.9564e-001 -1.0050e+000 +1.2327e-001 -2.1842e-001 +9.9535e-001
1786 0 +2.110499745e+002 +7.289974533e+000 +7.289974533e+000 +2.6415e-001 -1.4756e+000 -5.1934e-002 +2.4020e+000 -9.8103e-001 -2.6999e-001 +2.3325e+000 +1.0029e+000 -1.7254e+000 +1.0796e+000 -1.2255e+000 +1.0637e+000 -1.0443e-001 +9.9309e-001 -5.5339e-001 -1.0645e+000 -8.1149e-001 +5.0503e-001 +4.0315e-001 +1.3192e+000
4135 0 +2.080956359e+002 +4.335635861e+000 +4.335635861e+000 +3.1124e-001 -1.5280e+000 -2.5660e-001 +2.4910e+000 -1.0462e+000 -2.8723e-001 +2.1104e+000 +7.8210e-001 -1.7779e+000 +1.2781e+000 -1.1558e+000 +9.8015e-001 -1.6549e-003 +8.5199e-001 -6.2673e-001 -1.0937e+000 -7.5631e-001 +3.2966e-001 +4.5213e-001 +1.0219e+000
8699 0 +1.930881467e+002 -1.067185331e+001 -1.067185331e+001 +1.1463e-001 -8.4150e-001 -1.0155e+000 +1.8841e+000 -1.7058e-001 -1.1899e+000 +2.1878e+000 +1.1140e+000 -2.2185e+000 +1.3739e+000 -9.9922e-001 +2.4728e-001 +5.8016e-002 +5.5204e-001 -1.0432e+000 -5.8509e-001 -8.4686e-001 +1.8740e+000 -4.9575e-001 +2.1273e+000
% f evaluations | g evaluations | best noise-free fitness - Fopt (3.399000000000e+001) + sum g_i+ | measured fitness | best measured fitness or single-digit g-values | x1 | x2...
1 0 +2.681170037e+002 +3.021070037e+002 +3.021070037e+002 +0.0000e+000 +0.0000e+000 +0.0000e+000 +0.0000e+000 +0.0000e+000 +0.0000e+000 +0.0000e+000 +0.0000e+000 +0.0000e+000 +0.0000e+000 +0.0000e+000 +0.0000e+000 +0.0000e+000 +0.0000e+000 +0.0000e+000 +0.0000e+000 +0.0000e+000 +0.0000e+000 +0.0000e+000 +0.0000e+000
547 0 +2.253835606e+002 +2.593735606e+002 +2.593735606e+002 +6.3961e-001 -3.5932e-001 -1.4455e-001 +5.0930e-001 -7.7819e-001 -8.9940e-001 -2.2541e+000 -2.5078e-001 -6.8948e-001 -3.4550e-002 +8.0149e-001 +4.8984e-001 +3.0806e+000 -8.4342e-001 +1.7294e+000 -4.8367e-001 -5.1858e-001 +1.3896e-002 -4.9017e-001 -2.4819e+000
3866 0 +2.098841872e+002 +2.438741872e+002 +2.438741872e+002 +6.3464e-001 -3.6015e-001 -1.4045e-001 +4.9568e-001 -7.8742e-001 -9.0206e-001 -2.2487e+000 -2.4890e-001 -6.9262e-001 -3.1228e-002 +8.0220e-001 +4.8562e-001 +3.0845e+000 -8.5033e-001 +1.7277e+000 -4.8643e-001 -5.2138e-001 +7.0071e-003 -4.9275e-001 -2.4870e+000
8990 0 +2.060705337e+002 +2.400605337e+002 +2.400605337e+002 +6.2170e-001 -3.6882e-001 -1.6105e-001 +5.1344e-001 -7.8468e-001 -9.1904e-001 -2.2531e+000 -2.4926e-001 -6.8688e-001 -4.2229e-002 +8.0127e-001 +4.7967e-001 +3.0951e+000 -8.4182e-001 +1.7257e+000 -4.5682e-001 -5.0950e-001 +2.0794e-002 -4.8692e-001 -2.4911e+000
9272 0 +1.877398330e+002 +2.217298330e+002 +2.217298330e+002 +6.3001e-001 -3.6109e-001 -1.7346e-001 +5.0877e-001 -7.9112e-001 -8.9826e-001 -2.2606e+000 -2.5830e-001 -6.8690e-001 -3.3409e-002 +8.1262e-001 +4.5826e-001 +3.0912e+000 -8.4689e-001 +1.7418e+000 -4.8608e-001 -4.9900e-001 +1.4655e-002 -4.9687e-001 -2.4902e+000
% f evaluations | g evaluations | best noise-free fitness - Fopt (-1.000000000000e+003) + sum g_i+ | measured fitness | best measured fitness or single-digit g-values | x1 | x2...
1 0 +2.660197144e+002 -7.339802856e+002 -7.339802856e+002 +0.0000e+000 +0.0000e+000 +0.0000e+000 +0.0000e+000 +0.0000e+000 +0.0000e+000 +0.0000e+000 +0.0000e+000 +0.0000e+000 +0.0000e+000 +0.0000e+000 +0.0000e+000 +0.0000e+000 +0.0000e+000 +0.0000e+000 +0.0000e+000 +0.0000e+000 +0.0000e+000 +0.0000e+000 +0.0000e+000
2815 0 +2.518553785e+002 -7.481446215e+002 -7.481446215e+002 +1.3061e+000 -2.1063e+000 -1.7668e+000 -3.7952e-001 -1.5838e+000 -4.0461e-001 -9.5336e-001 +1.6659e+000 -7.3026e-001 +1.1149e+000 +9.3023e-001 +2.4509e+000 +9.6034e-001 +2.9442e-001 +2.3513e+000 -6.6619e-001 -3.3683e-001 +6.8099e-001 +1.9207e-001 -4.2596e-001
4169 0 +2.475878061e+002 -7.524121939e+002 -7.524121939e+002 +1.2482e+000 -1.7549e+000 -2.1885e+000 -7.4051e-001 -1.2150e+000 -1.2190e+000 -1.5663e+000 +1.8553e+000 -3.1999e-001 +6.9560e-001 +7.2608e-001 +2.3643e+000 +6.1191e-001 +5.9312e-001 +2.1912e+000 -4.3482e-001 -3.6731e-001 +1.0726e-001 +2.4751e-001 -7.2532e-001
4262 0 +2.428233823e+002 -7.571766177e+002 -7.571766177e+002 +1.0886e+000 -1.6119e+000 -2.2086e+000 -4.1036e-001 -9.6244e-001 -1.2667e+000 -1.5797e+000 +1.6372e+000 -4.3038e-001 +3.9205e-001 +4.9076e-001 +2.3974e+000 +3.2308e-001 +6.0967e-001 +2.3169e+000 -4.5006e-001 -5.4613e-001 +1.2171e-001 +2.7365e-001 -8.8312e-001
5378 0 +2.188841279e+002 -7.811158721e+002 -7.811158721e+002 +1.5226e+000 -4.8424e-001 -1.5807e+000 -6.2626e-001 +2.5664e-001 -1.0544e+000 -8.5045e-001 +1.2654e+000 -3.8957e-002 +2.7018e-001 +1.4327e+000 +8.5931e-001 +6.2155e-001 -7.1189e-002 +2.2529e+000 -1.4783e-001 -1.5396e-002 -1.6511e+000 -8.9675e-001 -8.8342e-001
6025 0 +1.841254969e+002 -8.158745031e+002 -8.158745031e+002 +1.4969e+000 -4.9895e-001 -1.5693e+000 -6.1581e-001 +2.2919e-001 -1.0078e+000 -7.9659e-001 +1.2289e+000 -7.6576e-002 +2.9189e-001 +1.4356e+000 +8.5973e-001 +6.5190e-001 -3.9805e-002 +2.2228e+000 -1.3676e-001 -1.2476e-002 -1.6284e+000 -8.9688e-001 -8.5027e-001
6725 0 +1.803125455e+002 -8.196874545e+002 -8.196874545e+002 +1.4998e+000 -5.0136e-001 -1.5734e+000 -6.1771e-001 +2.2814e-001 -1.0158e+000 -8.0782e-001 +1.2368e+000 -7.1703e-002 +2.8982e-001 +1.4324e+000 +8.6529e-001 +6.4688e-001 -4.2199e-002 +2.2273e+000 -1.3950e-001 -1.4373e-002 -1.6254e+000 -8.9250e-001 -8.5506e-001
% f evaluations | g evaluations | best noise-free fitness - Fopt (-1.000000000000e+003) + sum g_i+ | measured fitness | best measured fitness or single-digit g-values | x1 | x2...
1 0 +2.962042691e+002 -7.037957309e+002 -7.037957309e+002 +0.0000e+000 +0.0000e+000 +0.0000e+000 +0.0000e+000 +0.0000e+000 +0.0000e+000 +0.0000e+000 +0.0000e+000 +0.0000e+000 +0.0000e+000 +0.0000e+000 +0.0000e+000 +0.0000e+000 +0.0000e+000 +0.0000e+000 +0.0000e+000 +0.0000e+000 +0.0000e+000 +0.0000e+000 +0.0000e+000
1751 0 +2.818431097e+002 -7.181568903e+002 -7.181568903e+002 -3.0555e+000 +7.8194e-001 +3.2024e-001 -1.8175e+000 -6.4809e-001 +3.5383e-002 -1.1724e+000 +1.2127e+000 -2.2269e+000 -1.0119e+000 +2.5248e-001 -1.5617e+000 -1.1431e+000 +1.7666e+000 +5.7104e-001 +1.2398e+000 +1.5286e+000 -2.0404e+000 -9.5520e-001 -1.0265e+000
2156 0 +2.443120385e+002 -7.556879615e+002 -7.556879615e+002 -3.2116e+000 +1.4887e+000 +9.8163e-001 -1.8165e+000 -1.2084e+000 +4.7144e-001 -9.3489e-001 +7.3869e-001 -9.1215e-001 -1.9700e+000 -6.1894e-001 -1.0254e+000 -3.2116e-001 +2.1218e+000 +5.0555e-001 +2.0517e+000 +1.8399e+000 -1.6352e+000 -7.5215e-001 -1.0646e+000
2728 0 +2.269890423e+002 -7.730109577e+002 -7.730109577e+002 -3.1464e+000 +1.1137e+000 +1.1277e+000 -1.8875e+000 -1.2287e+000 +5.3378e-001 -6.2024e-001 +5.5826e-001 -9.0014e-001 -2.1540e+000 -6.4919e-001 -1.2974e+000 -8.0152e-002 +2.4014e+000 +3.9419e-001 +1.8882e+000 +1.4520e+000 -1.3515e+000 -6.1609e-001 -1.2992e+000
3307 0 +2.174056875e+002 -7.825943125e+002 -7.825943125e+002 -2.7627e+000 +6.6318e-001 +1.0191e+000 -2.1203e+000 -4.7648e-001 +6.9433e-001 -6.3286e-001 +1.0119e+000 -9.1298e-001 -1.9481e+000 -7.2556e-001 -9.2977e-001 +2.1737e-001 +2.2573e+000 +1.8400e-002 +2.0290e+000 +1.1024e+000 -1.6334e+000 -7.6483e-001 -7.8384e-001
5341 0 +2.087695344e+002 -7.912304656e+002 -7.912304656e+002 -2.2074e+000 +1.1195e+000 +1.5251e+000 -2.2324e+000 -2.4096e-001 +9.1070e-001 -2.4083e-001 +8.3273e-001 -9.7856e-001 -2.1931e+000 -4.5925e-001 -1.2986e+000 +8.9894e-001 +2.3119e+000 +1.0589e+000 +2.0217e+000 +9.9272e-001 -1.9769e+000 -2.2965e-001 -8.1787e-001
7170 0 +2.001358353e+002 -7.998641647e+002 -7.998641647e+002 -2.7816e+000 +2.6327e+000 +2.4757e+000 -1.7246e+000 -1.8599e+000 +3.6112e-001 -1.0338e+000 +1.2690e-001 -1.2841e-001 -3.1746e+000 -8.1450e-001 -6.4054e-001 +1.2523e+000 +2.1446e+000 +1.9316e+000 +2.8157e+000 +2.2034e+000 -2.2476e+000 +2.6285e-001 -9.9830e-001
9728 0 +1.865219151e+002 -8.134780849e+002 -8.134780849e+002 -3.0278e+000 +2.1095e+000 +2.0851e+000 -1.7507e+000 -1.7010e+000 +4.9008e-001 -1.0961e+000 +3.0229e-001 -3.4181e-002 -2.9945e+000 -9.2449e-001 -8.7667e-001 +9.6656e-001 +2.2800e+000 +1.4819e+000 +2.6060e+000 +1.8185e+000 -1.9264e+000 +1.5436e-001 -8.5437e-001
% f evaluations | g evaluations | best noise-free fitness - Fopt (-1.272000000000e+001) + sum g_i+ | measured fitness | best measured fitness or single-digit g-values | x1 | x2...
1 0 +3.364012124e+002 +3.236812124e+002 +3.236812124e+002 +0.0000e+000 +0.0000e+000 +0.0000e+000 +0.0000e+000 +0.0000e+000 +0.0000e+000 +0.0000e+000 +0.0000e+000 +0.0000e+000 +0.0000e+000 +0.0000e+000 +0.0000e+000 +0.0000e+000 +0.0000e+000 +0.0000e+000 +0.0000e+000 +0.0000e+000 +0.0000e+000 +0.0000e+000 +0.0000e+000
473 0 +3.302195672e+002 +3.174995672e+002 +3.174995672e+002 -3.5971e-001 +1.7292e+000 +1.9054e-001 +1.7514e+000 +3.0509e+000 -3.9029e-002 -2.1959e+000 +2.3110e-001 -2.7305e+000 -7.0507e-001 -2.1580e+000 +1.2972e-002 +3.5035e-001 +2.4741e+000 -6.7518e-002 +1.1188e+000 +1.3531e+000 -1.5475e+000 +9.4021e-001 -2.1403e+000
1295 0 +2.969801463e+002 +2.842601463e+002 +2.842601463e+002 +1.1083e-001 +6.8036e-001 -6.3297e-001 +1.0164e+000 +1.7551e+000 -4.9612e-001 -2.5234e+000 +3.9989e-001 -3.3758e+000 +2.1576e-001 -1.7879e+000 -1.5424e+000 +2.3901e-001 +3.8842e-001 +1.6940e-001 +1.4004e+000 +3.2551e+000 -3.0789e+000 -9.6512e-001 -1.9207e+000
1516 0 +2.892613667e+002 +2.765413667e+002 +2.765413667e+002 -4.0830e-002 +2.4313e+000 +1.3141e+000 -2.4345e+000 -5.6031e-001 -1.0471e+000 -1.7213e+000 -1.2840e+000 -1.7575e+000 -4.4211e-001 +3.8945e-002 +9.6958e-003 -1.4660e+000 -7.8471e-001 -1.0488e-001 +4.3039e+000 -9.0205e-001 -1.3986e+000 -8.8758e-001 -2.3661e+000
1701 0 +2.806091362e+002 +2.678891362e+002 +2.678891362e+002 -3.7029e-002 +1.8037e+000 -1.8973e-001 +1.7139e-001 +1.4710e+000 -9.6200e-001 -2.0584e+000 -4.6233e-001 -2.7338e+000 -5.2737e-001 -1.4023e+000 -1.0600e-001 -3.1384e-001 +4.0310e-001 -3.9966e-002 +2.0677e+000 +9.8790e-001 -2.0493e+000 -2.9525e-001 -2.3999e+000
1835 0 +2.593045571e+002 +2.465845571e+002 +2.465845571e+002 +4.2170e-001 +3.3224e+000 +1.8817e-001 +3.2058e-001 +2.1809e+000 -1.5498e+000 -8.7022e-001 -1.5849e+000 -2.8565e+000 -6.6109e-001 -2.0040e-001 +1.4601e+000 -3.3498e-001 -3.1589e-001 +2.0385e-002 +1.9157e+000 +3.2667e-001 -1.7800e+000 -4.1842e-001 -2.3409e+000
1930 0 +2.441248816e+002 +2.314048816e+002 +2.314048816e+002 +3.3339e-001 +2.6631e+000 +3.8129e-001 -6.2037e-001 +1.8907e+000 -1.3427e+000 -1.4166e+000 -1.1263e+000 -2.5580e+000 -7.4186e-001 -4.2866e-001 +7.2975e-001 -2.5783e-001 +6.8966e-002 +7.6559e-002 +2.3321e+000 -3.8712e-001 -1.5112e+000 -2.4313e-001 -2.4526e+000
2280 0 +2.348213298e+002 +2.221013298e+002 +2.221013298e+002 +2.9134e-001 +2.9152e+000 +7.4114e-001 -3.6395e-001 +1.9510e+000 -1.1680e+000 -9.5949e-001 -1.5963e+000 -2.4484e+000 -6.9351e-001 -1.5826e-001 +1.0390e+000 -1.8844e-001 -8.8081e-002 -2.2816e-001 +2.5133e+000 -1.9889e-001 -1.6056e+000 -3.7362e-001 -2.3389e+000
2503 0 +1.963221468e+002 +1.836021468e+002 +1.836021468e+002 +1.2263e-001 +2.8869e+000 +1.5118e+000 -2.2809e-001 +1.5629e+000 -4.4813e-001 -1.1042e+000 -1.7515e+000 -1.6461e+000 -1.0600e+000 -4.4632e-001 +8.5571e-001 -5.8771e-001 +1.8194e-001 -1.1285e+000 +3.0254e+000 -1.0853e+000 -1.8212e+000 -5.9494e-001 -2.1758e+000
5204 0 +1.726477660e+002 +1.599277660e+002 +1.599277660e+002 +9.1513e-002 +2.9937e+000 +5.3512e-001 -4.5793e-001 +1.7866e+000 -1.3208e+000 -8.5964e-001 -1.5290e+000 -2.1910e+000 -7.5891e-001 -3.4658e-001 +6.9038e-001 -5.3838e-001 -7.5393e-002 -4.8418e-001 +2.7553e+000 -4.2634e-001 -1.4155e+000 -5.8383e-001 -2.4030e+000
% f evaluations | g evaluations | best noise-free fitness - Fopt (-5.954000000000e+001) + sum g_i+ | measured fitness | best measured fitness or single-digit g-values | x1 | x2...
1 0 +3.484696634e+002 +2.889296634e+002 +2.889296634e+002 +0.0000e+000 +0.0000e+000 +0.0000e+000 +0.0000e+000 +0.0000e+000 +0.0000e+000 +0.0000e+000 +0.0000e+000 +0.0000e+000 +0.0000e+000 +0.0000e+000 +0.0000e+000 +0.0000e+000 +0.0000e+000 +0.0000e+000 +0.0000e+000 +0.0000e+000 +0.0000e+000 +0.0000e+000 +0.0000e+000
263 0 +3.210423413e+002 +2.615023413e+002 +2.615023413e+002 +1.4181e+000 +3.4124e+000 -2.3450e+000 -1.4944e+000 -2.0042e+000 -1.7226e+000 +3.8035e-001 +3.2101e-001 -1.2612e-001 -1.9914e+000 +1.3905e+000 +3.1318e+000 -2.5054e+000 +3.4404e-001 -2.6471e+000 -2.7043e+000 +1.2507e+000 -2.6217e+000 +2.4303e+000 +2.8481e+000
269 0 +2.850066264e+002 +2.254666264e+002 +2.254666264e+002 +2.4661e+000 +8.2188e-001 -3.5238e+000 -7.6529e-001 +8.6919e-002 -1.3794e+000 -8.2000e-001 +1.8067e+000 -1.8247e+000 -2.3348e+000 +2.7822e+000 +3.4188e+000 +5.8834e-001 -1.0748e-001 -1.9029e+000 -3.0695e+000 +2.2020e-001 +6.4434e-002 +2.8690e+000 -1.0754e+000
1260 0 +2.718839010e+002 +2.123439010e+002 +2.123439010e+002 +2.5096e+000 +9.7518e-001 -3.1864e+000 -4.0776e-001 -6.7928e-002 -1.4135e+000 -1.5191e+000 +1.7517e+000 -1.5153e+000 -1.9489e+000 +2.6021e+000 +2.8123e+000 +8.6961e-001 -4.7095e-002 -1.4627e+000 -3.3259e+000 +1.9188e-001 +9.6975e-002 +2.7885e+000 -1.2238e+000
1482 0 +2.564749594e+002 +1.969349594e+002 +1.969349594e+002 +2.1073e+000 +1.6006e+000 -3.0325e+000 -3.6194e-001 -2.2489e-001 -8.0762e-001 -7.4661e-001 +1.5649e+000 -9.9787e-001 -2.2618e+000 +1.9550e+000 +2.5517e+000 +2.1723e-001 +8.1640e-002 -1.4444e+000 -3.1323e+000 -1.9616e-001 -5.0080e-001 +2.2067e+000 -9.4624e-002
2000 0 +2.478120931e+002 +1.882720931e+002 +1.882720931e+002 +9.9983e-001 +5.5551e-001 -2.4764e+000 -1.0907e+000 -2.6805e-001 -3.6876e-001 -1.1802e+000 +1.3299e+000 -1.8950e+000 -9.1592e-001 +2.1760e+000 +1.7290e+000 -7.4288e-001 -4.1103e-001 -2.2624e+000 -3.4970e+000 +1.9055e-001 -9.3831e-001 +1.8854e+000 +1.7583e-001
2371 0 +2.427547209e+002 +1.832147209e+002 +1.832147209e+002 +1.3875e+000 +2.2757e+000 -3.4191e+000 -6.3538e-001 -7.9151e-001 -5.5668e-001 -9.8938e-001 +7.4003e-001 -1.0912e+000 -2.8655e+000 +1.3406e+000 +2.1884e+000 -3.8736e-001 +7.2666e-001 -9.7101e-001 -2.3726e+000 +2.1148e-001 -6.7844e-001 +1.8479e+000 +1.0023e+000
3238 0 +2.356700659e+002 +1.761300659e+002 +1.761300659e+002 +9.9596e-001 +6.4070e-001 -2.5172e+000 -1.1839e+000 -3.5483e-001 -4.3084e-001 -1.2826e+000 +1.1535e+000 -1.8378e+000 -1.3657e+000 +1.9115e+000 +1.5852e+000 -6.8312e-001 -4.0576e-001 -1.8172e+000 -3.3193e+000 +4.6093e-001 -7.6303e-001 +1.6509e+000 +5.1960e-001
3276 0 +2.241736314e+002 +1.646336314e+002 +1.646336314e+002 +7.9223e-001 +1.0462e+000 -2.0279e+000 -6.1049e-001 -2.6445e-001 -2.2395e-001 -1.0939e+000 +1.8125e+000 -2.0447e+000 -1.6271e+000 +9.3169e-001 +1.5942e+000 +2.6647e-001 +8.7688e-001 -1.3050e+000 -3.1094e+000 +4.5129e-001 -7.9235e-001 +1.8492e+000 -1.4292e+000
4170 0 +2.236058560e+002 +1.640658560e+002 +1.640658560e+002 +7.3465e-001 +9.8414e-001 -2.3944e+000 -9.4990e-001 -4.4865e-001 -2.2758e-001 -1.2156e+000 +1.3216e+000 -1.9216e+000 -1.4985e+000 +1.4291e+000 +1.5859e+000 -3.7778e-001 +3.1931e-001 -1.5656e+000 -3.0310e+000 +4.7712e-001 -8.2276e-001 +1.7152e+000 -1.7834e-001
4316 0 +1.896345645e+002 +1.300945645e+002 +1.300945645e+002 +8.5650e-001 +1.4871e+000 -2.1642e+000 -1.3294e+000 -1.0584e+000 -8.5820e-001 -1.0323e+000 +5.4446e-001 -2.2382e+000 -1.5571e+000 +1.4540e+000 +8.6710e-001 -1.0232e+000 +8.8771e-001 -1.8556e+000 -2.6256e+000 +4.0891e-002 -1.6581e+000 +1.1684e+000 -3.9457e-001
4887 0 +1.818585437e+002 +1.223185437e+002 +1.223185437e+002 +9.1740e-001 +1.4808e+000 -2.5538e+000 -6.3448e-001 -8.3112e-001 -6.3116e-001 -1.1833e+000 +3.9615e-001 -1.7254e+000 -2.2786e+000 +1.1716e+000 +1.5104e+000 -1.0297e+000 +7.6038e-001 -1.7240e+000 -2.4822e+000 +3.0917e-001 -1.2470e+000 +1.4099e+000 -5.9779e-001
5870 0 +1.773519042e+002 +1.178119042e+002 +1.178119042e+002 +8.6438e-001 +1.2868e+000 -2.2776e+000 -6.9226e-001 -7.8633e-001 -6.4847e-001 -1.1627e+000 +5.6159e-001 -1.9171e+000 -1.9928e+000 +1.1821e+000 +1.3458e+000 -9.4604e-001 +7.8973e-001 -1.8396e+000 -2.6084e+000 +2.6806e-001 -1.3404e+000 +1.3698e+000 -1.0279e+000
8482 0 +1.570659911e+002 +9.752599107e+001 +9.752599107e+001 -2.3881e-001 +7.2211e-001 -1.7884e+000 -1.4477e+000 -2.8718e-001 -1.8128e-003 -1.0784e+000 +9.6879e-001 -2.2546e+000 -1.9807e+000 +8.8082e-001 +7.3544e-001 -4.4245e-001 +2.8482e-001 -9.7300e-001 -2.7341e+000 +8.3783e-001 -1.1340e+000 +1.6448e+000 -1.6656e+000
% f evaluations | g evaluations | best noise-free fitness - Fopt (-1.000000000000e+003) + sum g_i+ | measured fitness | best measured fitness or single-digit g-values | x1 | x2...
1 0 +3.177297907e+002 -6.822702093e+002 -6.822702093e+002 +0.0000e+000 +0.0000e+000 +0.0000e+000 +0.0000e+000 +0.0000e+000 +0.0000e+000 +0.0000e+000 +0.0000e+000 +0.0000e+000 +0.0000e+000 +0.0000e+000 +0.0000e+000 +0.0000e+000 +0.0000e+000 +0.0000e+000 +0.0000e+000 +0.0000e+000 +0.0000e+000 +0.0000e+000 +0.0000e+000
768 0 +3.170553317e+002 -6.829446683e+002 -6.829446683e+002 +1.2309e-003 -1.3817e+000 -1.2389e+000 -2.7862e-001 -3.5919e-001 -8.3338e-002 +2.8723e+000 -8.6206e-001 +1.0980e+000 -2.2840e-001 -9.0729e-001 -3.0579e+000 +1.8169e+000 +4.9603e-001 -1.1927e+000 +1.3787e-001 -1.2014e+000 +8.7043e-001 -1.5215e+000 -1.1981e+000
948 0 +2.867976412e+002 -7.132023588e+002 -7.132023588e+002 +8.5686e-001 -1.0494e+000 -2.3843e-001 +2.8439e-002 -2.6415e+000 +2.8998e+000 +2.1863e+000 -2.1323e+000 +6.6547e-001 -8.9107e-001 -6.0968e-001 -4.0532e+000 +1.3335e+000 +2.1446e+000 -9.1677e-002 -8.3294e-001 -2.4679e+000 +3.0363e+000 -2.1834e+000 +8.2441e-001
2003 0 +2.749053337e+002 -7.250946663e+002 -7.250946663e+002 +4.7012e-001 -1.4426e+000 -8.2494e-001 +2.7252e-001 -3.8811e-001 +5.1567e-001 +2.8625e+000 -1.2589e+000 +1.1089e+000 -5.6964e-001 -5.5455e-001 -2.8466e+000 +1.4279e+000 +3.7293e-001 -1.6498e+000 -1.9520e-001 -9.5338e-001 +1.0255e+000 -2.1200e+000 -6.3789e-001
4666 0 +2.599425719e+002 -7.400574281e+002 -7.400574281e+002 +4.2092e-001 -1.8760e+000 -1.0811e+000 +1.9952e-001 -1.4492e+000 +1.5687e+000 +2.9251e+000 -1.8388e+000 +1.0191e+000 -4.5079e-001 -6.2954e-001 -2.9722e+000 +1.8047e+000 +1.0275e+000 -1.2552e+000 -4.2787e-001 -1.6966e+000 +1.6433e+000 -1.9393e+000 +6.0830e-002
4704 0 +2.545733291e+002 -7.454266709e+002 -7.454266709e+002 -2.8199e-001 -1.7127e+000 -3.1887e-001 -9.5260e-001 -1.6660e+000 +1.5051e+000 +1.8339e+000 -1.8013e+000 +1.2347e+000 -3.7886e-001 -3.4644e-002 -2.8927e+000 +1.6903e+000 +4.4394e-001 +7.8464e-002 -1.0899e+000 -2.8815e+000 +2.2164e+000 -1.4218e+000 +1.1087e+000
4979 0 +2.318606435e+002 -7.681393565e+002 -7.681393565e+002 -4.7058e-001 -1.6256e+000 +1.5777e-001 -1.7425e+000 -1.9072e+000 +1.1985e+000 +1.2046e+000 -2.0961e+000 +1.3347e+000 -4.9585e-001 +4.4658e-001 -2.6891e+000 +1.5205e+000 +1.2850e-001 +9.1057e-001 -1.5161e+000 -3.5930e+000 +2.3500e+000 -1.2698e+000 +1.6596e+000
5016 0 +2.042550778e+002 -7.957449222e+002 -7.957449222e+002 -2.2500e-001 -1.5767e+000 -5.1380e-001 -1.0313e+000 -1.6143e+000 +1.2471e+000 +1.9866e+000 -1.7932e+000 +1.0944e+000 -4.6454e-001 -1.9005e-001 -2.7083e+000 +1.7757e+000 +7.1058e-001 -2.2422e-001 -1.0957e+000 -2.7217e+000 +1.9977e+000 -1.5273e+000 +5.9738e-001
6603 0 +1.973692954e+002 -8.026307046e+002 -8.026307046e+002 -2.3658e-001 -1.5672e+000 -5.2333e-001 -1.0309e+000 -1.5909e+000 +1.2205e+000 +2.0141e+000 -1.7561e+000 +1.0879e+000 -4.5644e-001 -2.0050e-001 -2.7118e+000 +1.7976e+000 +7.3605e-001 -2.3553e-001 -1.0497e+000 -2.7136e+000 +1.9838e+000 -1.5071e+000 +5.5260e-001
7742 0 +1.936580696e+002 -8.063419304e+002 -8.063419304e+002 -2.2585e-001 -1.5702e+000 -5.3514e-001 -1.0180e+000 -1.5807e+000 +1.2294e+000 +2.0148e+000 -1.7583e+000 +1.0926e+000 -4.7310e-001 -2.1070e-001 -2.7215e+000 +1.7882e+000 +7.1952e-001 -2.2368e-001 -1.0648e+000 -2.7193e+000 +1.9866e+000 -1.5029e+000 +5.5564e-001
% f evaluations | g evaluations | best noise-free fitness - Fopt (4.303000000000e+001) + sum g_i+ | measured fitness | best measured fitness or single-digit g-values | x1 | x2...
1 0 +3.443634403e+002 +3.873934403e+002 +3.873934403e+002 +0.0000e+000 +0.0000e+000 +0.0000e+000 +0.0000e+000 +0.0000e+000 +0.0000e+000 +0.0000e+000 +0.0000e+000 +0.0000e+000 +0.0000e+000 +0.0000e+000 +0.0000e+000 +0.0000e+000 +0.0000e+000 +0.0000e+000 +0.0000e+000 +0.0000e+000 +0.0000e+000 +0.0000e+000 +0.0000e+000
439 0 +2.995114091e+002 +3.425414091e+002 +3.425414091e+002 +2.2548e+000 -1.0570e+000 +3.0193e-001 +1.3484e-001 -1.0330e+000 +6.7648e-001 -2.4373e+000 -4.6897e-001 +6.5446e-001 +1.4227e+000 -2.8176e+000 -2.5318e+000 +3.7588e-001 +8.0253e-001 -3.1312e+000 +1.2988e+000 +1.3061e+000 -9.0927e-002 +3.0915e+000 -2.4276e+000
1132 0 +2.788435693e+002 +3.218735693e+002 +3.218735693e+002 +3.5098e+000 -5.5696e-002 +5.5363e-001 +3.5489e-001 -7.1412e-001 -7.1028e-001 -2.5810e+000 -4.4485e-001 +7.5542e-001 -7.4090e-001 -1.0046e+000 -3.1676e+000 +1.0897e+000 +1.7379e-001 -1.5826e+000 +5.2424e-003 +2.1151e+000 +2.9648e-001 +1.8123e+000 -3.0087e+000
1197 0 +2.561615484e+002 +2.991915484e+002 +2.991915484e+002 +2.1558e+000 -6.4073e-001 -8.0094e-003 +1.6738e-001 -1.2700e+000 +5.5598e-001 -1.2556e+000 -1.2886e+000 +6.1858e-001 -6.1438e-001 -6.5910e-001 -3.5661e+000 +4.6800e-001 +3.4130e-001 -1.6935e+000 -9.4036e-002 +1.6972e+000 +2.5203e-001 +1.8240e+000 -2.7788e+000
3436 0 +2.462735386e+002 +2.893035386e+002 +2.893035386e+002 +2.2621e+000 +2.7534e-001 +1.1439e+000 +1.4655e-001 -6.1454e-001 +4.9206e-002 -4.8249e+000 +6.6085e-001 -1.7665e-001 -5.6355e-001 -6.9408e-001 -2.8717e+000 +1.5163e+000 +1.9151e-001 -9.8811e-001 +6.2742e-001 +1.1759e+000 -1.3830e-001 -5.2890e-001 -1.7087e+000
3474 0 +2.267690970e+002 +2.697990970e+002 +2.697990970e+002 +2.5341e+000 -1.8178e-001 +6.2013e-001 -2.3975e-002 -1.7260e+000 +3.3094e-002 -2.2582e+000 -2.3382e-001 +3.3693e-001 -7.8887e-001 -8.9889e-001 -2.9056e+000 +5.7215e-001 +1.5068e-001 -1.9221e+000 +1.4635e-001 +1.6952e+000 -2.0507e-001 +1.6813e+000 -2.9824e+000
7651 0 +2.130212863e+002 +2.560512863e+002 +2.560512863e+002 +2.5299e+000 -1.8592e-001 +6.0882e-001 -2.2902e-002 -1.7207e+000 +4.0818e-002 -2.2404e+000 -2.5158e-001 +3.4009e-001 -7.8322e-001 -8.9925e-001 -2.9160e+000 +5.6920e-001 +1.5236e-001 -1.9228e+000 +1.3986e-001 +1.6982e+000 -1.9746e-001 +1.6875e+000 -2.9830e+000
