% f evaluations | g evaluations | best noise-free fitness - Fopt (6.870000000000e+000) + sum g_i+ | measured fitness | best measured fitness or single-digit g-values | x1 | x2...
1 0 +1.700119263e+001 +2.387119263e+001 +2.387119263e+001 +0.0000e+000 +0.0000e+000 +0.0000e+000 +0.0000e+000 +0.0000e+000 +0.0000e+000 +0.0000e+000 +0.0000e+000 +0.0000e+000 +0.0000e+000
3 0 +9.265262777e+000 +1.613526278e+001 +1.613526278e+001 -4.6364e+000 +1.1734e+000 -4.2678e+000 +9.4579e-001 -3.6519e+000 -9.0421e-002 -3.0976e+000 +1.0250e+000 -1.1994e+000 +4.2165e+000
10 0 +4.183027509e+000 +1.105302751e+001 +1.105302751e+001 -3.2538e+000 +2.6901e+000 -4.4708e+000 -1.1873e+000 +3.1867e+000 +2.8574e+000 +3.6673e+000 +3.1311e+000 -3.4814e+000 -4.0025e-001
241 0 +3.679378917e+000 +1.054937892e+001 +1.054937892e+001 -3.7648e+000 +2.2454e+000 -3.9687e-002 +4.8970e-001 +2.6335e+000 -2.0756e-001 +3.5930e+000 -4.3871e-001 -5.5329e+000 -3.0338e+000
513 0 +3.405627665e+000 +1.027562766e+001 +1.027562766e+001 -3.4927e+000 +1.5794e+000 +1.1722e-001 +7.5801e-001 +2.2281e+000 -7.7711e-002 +3.6893e+000 -5.0506e-001 -5.0255e+000 -3.0154e+000
532 0 +3.349440374e+000 +1.021944037e+001 +1.021944037e+001 -1.2454e-001 -2.4547e+000 -5.8842e-001 +8.0023e-001 +3.2243e+000 +9.0954e-001 +1.6071e-002 -1.9006e+000 +1.1925e+000 -2.4074e+000
780 0 +3.073051311e+000 +9.943051311e+000 +9.943051311e+000 +9.7905e-001 -2.1588e+000 -8.5609e-001 +1.1654e+000 +3.4718e+000 +1.5447e+000 -1.2905e+000 -2.5718e+000 +1.4169e+000 -2.0013e+000
1602 0 +1.672099791e+000 +8.542099791e+000 +8.542099791e+000 +1.0644e+000 -2.2108e+000 -9.0543e-001 +1.1772e+000 +3.4353e+000 +1.6302e+000 -1.3169e+000 -2.5124e+000 +1.4571e+000 -1.9546e+000
3546 0 +1.648962938e+000 +8.518962938e+000 +8.518962938e+000 +1.0650e+000 -2.2111e+000 -9.0507e-001 +1.1770e+000 +3.4357e+000 +1.6301e+000 -1.3170e+000 -2.5135e+000 +1.4574e+000 -1.9546e+000
3881 0 +1.584400952e+000 +8.454400952e+000 +8.454400952e+000 +1.0650e+000 -2.2117e+000 -9.0486e-001 +1.1763e+000 +3.4357e+000 +1.6306e+000 -1.3173e+000 -2.5141e+000 +1.4580e+000 -1.9550e+000
4014 0 +1.367223149e+000 +8.237223149e+000 +8.237223149e+000 +1.0673e+000 -2.2101e+000 -9.0381e-001 +1.1771e+000 +3.4331e+000 +1.6311e+000 -1.3224e+000 -2.5211e+000 +1.4631e+000 -1.9559e+000
4214 0 +1.306009575e+000 +8.176009575e+000 +8.176009575e+000 +1.0675e+000 -2.2099e+000 -9.0358e-001 +1.1772e+000 +3.4327e+000 +1.6310e+000 -1.3231e+000 -2.5222e+000 +1.4638e+000 -1.9561e+000
4281 0 +1.228313991e+000 +8.098313991e+000 +8.098313991e+000 +1.0675e+000 -2.2100e+000 -9.0370e-001 +1.1775e+000 +3.4332e+000 +1.6308e+000 -1.3225e+000 -2.5212e+000 +1.4629e+000 -1.9559e+000
4673 0 +9.876749716e-001 +7.857674972e+000 +7.857674972e+000 +1.0655e+000 -2.2093e+000 -9.0633e-001 +1.1779e+000 +3.4320e+000 +1.6333e+000 -1.3187e+000 -2.5163e+000 +1.4593e+000 -1.9557e+000
5002 0 +9.348459952e-001 +7.804845995e+000 +7.804845995e+000 +1.0659e+000 -2.2090e+000 -9.0678e-001 +1.1783e+000 +3.4310e+000 +1.6343e+000 -1.3195e+000 -2.5176e+000 +1.4604e+000 -1.9560e+000
5102 0 +8.596845710e-001 +7.729684571e+000 +7.729684571e+000 +1.0657e+000 -2.2087e+000 -9.0745e-001 +1.1785e+000 +3.4303e+000 +1.6352e+000 -1.3190e+000 -2.5170e+000 +1.4600e+000 -1.9561e+000
5123 0 +7.958836015e-001 +7.665883602e+000 +7.665883602e+000 +1.0651e+000 -2.2085e+000 -9.0675e-001 +1.1785e+000 +3.4305e+000 +1.6337e+000 -1.3190e+000 -2.5165e+000 +1.4591e+000 -1.9559e+000
5260 0 +7.842619392e-001 +7.654261939e+000 +7.654261939e+000 +1.0651e+000 -2.2085e+000 -9.0722e-001 +1.1786e+000 +3.4301e+000 +1.6346e+000 -1.3189e+000 -2.5162e+000 +1.4593e+000 -1.9558e+000
5460 0 +7.607440804e-001 +7.630744080e+000 +7.630744080e+000 +1.0654e+000 -2.2088e+000 -9.0697e-001 +1.1784e+000 +3.4306e+000 +1.6343e+000 -1.3190e+000 -2.5165e+000 +1.4596e+000 -1.9558e+000
5546 0 +7.341357534e-001 +7.604135753e+000 +7.604135753e+000 +1.0653e+000 -2.2087e+000 -9.0712e-001 +1.1785e+000 +3.4304e+000 +1.6345e+000 -1.3189e+000 -2.5163e+000 +1.4595e+000 -1.9558e+000
5967 0 +7.226536471e-001 +7.592653647e+000 +7.592653647e+000 +1.0652e+000 -2.2087e+000 -9.0721e-001 +1.1785e+000 +3.4304e+000 +1.6346e+000 -1.3188e+000 -2.5163e+000 +1.4594e+000 -1.9559e+000
6476 0 +6.907657379e-001 +7.560765738e+000 +7.560765738e+000 +1.0655e+000 -2.2090e+000 -9.0754e-001 +1.1784e+000 +3.4304e+000 +1.6347e+000 -1.3191e+000 -2.5163e+000 +1.4597e+000 -1.9560e+000
6660 0 +6.676777753e-001 +7.537677775e+000 +7.537677775e+000 +1.0656e+000 -2.2091e+000 -9.0772e-001 +1.1783e+000 +3.4304e+000 +1.6348e+000 -1.3191e+000 -2.5162e+000 +1.4598e+000 -1.9561e+000
7715 0 +6.524895732e-001 +7.522489573e+000 +7.522489573e+000 +1.0655e+000 -2.2091e+000 -9.0766e-001 +1.1783e+000 +3.4303e+000 +1.6348e+000 -1.3190e+000 -2.5163e+000 +1.4599e+000 -1.9561e+000
7815 0 +6.445322591e-001 +7.514532259e+000 +7.514532259e+000 +1.0654e+000 -2.2091e+000 -9.0760e-001 +1.1783e+000 +3.4303e+000 +1.6348e+000 -1.3190e+000 -2.5163e+000 +1.4599e+000 -1.9561e+000
% f evaluations | g evaluations | best noise-free fitness - Fopt (1.000000000000e-002) + sum g_i+ | measured fitness | best measured fitness or single-digit g-values | x1 | x2...
1 0 +9.237923688e+000 +9.247923688e+000 +9.247923688e+000 +0.0000e+000 +0.0000e+000 +0.0000e+000 +0.0000e+000 +0.0000e+000 +0.0000e+000 +0.0000e+000 +0.0000e+000 +0.0000e+000 +0.0000e+000
18 0 +3.890834426e+000 +3.900834426e+000 +3.900834426e+000 +2.8644e+000 +2.9963e+000 -3.0108e+000 +1.8582e+000 +4.2131e+000 +4.9560e+000 +2.2097e+000 +3.9883e-001 -3.4520e+000 +4.7639e+000
43 0 +3.871447905e+000 +3.881447905e+000 +3.881447905e+000 -6.3050e-001 +4.7234e+000 -3.2872e+000 +1.6182e+000 +1.6388e+000 +8.8838e-001 -4.0962e-004 +2.1782e+000 -6.1467e-001 +1.0339e+000
519 0 +3.537285131e+000 +3.547285131e+000 +3.547285131e+000 +1.0079e+000 +2.3041e+000 -1.3633e+000 +3.1607e+000 -4.2041e-001 +2.1357e+000 -2.7992e+000 +1.9259e+000 +1.6663e+000 -1.3028e-001
749 0 +2.257614442e+000 +2.267614442e+000 +2.267614442e+000 +2.4231e+000 +2.3855e+000 -3.8485e+000 +1.5798e+000 +2.6141e+000 -2.2162e-001 -5.1737e+000 -2.6373e+000 -2.1068e+000 +1.2510e+000
1020 0 +1.942511072e+000 +1.952511072e+000 +1.952511072e+000 +2.3669e-001 +2.6559e+000 -1.6803e-001 +2.9876e+000 -8.7652e-001 +1.1249e+000 -1.3218e+000 +4.5441e+000 +1.5347e+000 +4.4769e-001
3820 0 +1.857329506e+000 +1.867329506e+000 +1.867329506e+000 +2.3696e-001 +2.6560e+000 -1.6857e-001 +2.9872e+000 -8.7591e-001 +1.1244e+000 -1.3222e+000 +4.5431e+000 +1.5338e+000 +4.4802e-001
4220 0 +1.814893434e+000 +1.824893434e+000 +1.824893434e+000 +2.3833e-001 +2.6545e+000 -1.6664e-001 +2.9882e+000 -8.7753e-001 +1.1242e+000 -1.3236e+000 +4.5442e+000 +1.5347e+000 +4.4799e-001
4993 0 +1.599631450e+000 +1.609631450e+000 +1.609631450e+000 +2.3559e-001 +2.6544e+000 -1.6712e-001 +2.9858e+000 -8.7523e-001 +1.1239e+000 -1.3236e+000 +4.5420e+000 +1.5317e+000 +4.4846e-001
5020 0 +1.583048071e+000 +1.593048071e+000 +1.593048071e+000 +2.3741e-001 +2.6546e+000 -1.6697e-001 +2.9873e+000 -8.7661e-001 +1.1240e+000 -1.3236e+000 +4.5433e+000 +1.5336e+000 +4.4819e-001
5050 0 +1.386503928e+000 +1.396503928e+000 +1.396503928e+000 +2.3249e-001 +2.6540e+000 -1.6528e-001 +2.9856e+000 -8.7678e-001 +1.1278e+000 -1.3204e+000 +4.5442e+000 +1.5351e+000 +4.4733e-001
5261 0 +1.178064512e+000 +1.188064512e+000 +1.188064512e+000 +2.3173e-001 +2.6537e+000 -1.6510e-001 +2.9850e+000 -8.7646e-001 +1.1275e+000 -1.3200e+000 +4.5441e+000 +1.5345e+000 +4.4734e-001
5620 0 +1.141617282e+000 +1.151617282e+000 +1.151617282e+000 +2.3200e-001 +2.6538e+000 -1.6526e-001 +2.9851e+000 -8.7635e-001 +1.1273e+000 -1.3203e+000 +4.5439e+000 +1.5343e+000 +4.4743e-001
5661 0 +1.079206257e+000 +1.089206257e+000 +1.089206257e+000 +2.3179e-001 +2.6536e+000 -1.6508e-001 +2.9850e+000 -8.7647e-001 +1.1273e+000 -1.3199e+000 +4.5441e+000 +1.5344e+000 +4.4735e-001
5998 0 +1.071439722e+000 +1.081439722e+000 +1.081439722e+000 +2.3203e-001 +2.6537e+000 -1.6534e-001 +2.9849e+000 -8.7627e-001 +1.1271e+000 -1.3202e+000 +4.5438e+000 +1.5341e+000 +4.4739e-001
6393 0 +1.043723711e+000 +1.053723711e+000 +1.053723711e+000 +2.3134e-001 +2.6535e+000 -1.6506e-001 +2.9846e+000 -8.7613e-001 +1.1274e+000 -1.3199e+000 +4.5437e+000 +1.5341e+000 +4.4741e-001
6455 0 +1.013853656e+000 +1.023853656e+000 +1.023853656e+000 +2.3122e-001 +2.6532e+000 -1.6479e-001 +2.9845e+000 -8.7639e-001 +1.1276e+000 -1.3199e+000 +4.5435e+000 +1.5342e+000 +4.4739e-001
6820 0 +9.851532724e-001 +9.951532724e-001 +9.951532724e-001 +2.3081e-001 +2.6529e+000 -1.6449e-001 +2.9842e+000 -8.7644e-001 +1.1279e+000 -1.3199e+000 +4.5433e+000 +1.5342e+000 +4.4739e-001
6920 0 +9.730614331e-001 +9.830614331e-001 +9.830614331e-001 +2.3090e-001 +2.6531e+000 -1.6461e-001 +2.9843e+000 -8.7634e-001 +1.1278e+000 -1.3199e+000 +4.5434e+000 +1.5342e+000 +4.4740e-001
6940 0 +9.446358718e-001 +9.546358718e-001 +9.546358718e-001 +2.3187e-001 +2.6514e+000 -1.6740e-001 +2.9809e+000 -8.7610e-001 +1.1293e+000 -1.3186e+000 +4.5410e+000 +1.5349e+000 +4.4743e-001
7027 0 +9.139215343e-001 +9.239215343e-001 +9.239215343e-001 +2.3163e-001 +2.6515e+000 -1.6711e-001 +2.9809e+000 -8.7607e-001 +1.1292e+000 -1.3186e+000 +4.5412e+000 +1.5348e+000 +4.4734e-001
7117 0 +8.179107794e-001 +8.279107794e-001 +8.279107794e-001 +2.3218e-001 +2.6506e+000 -1.6692e-001 +2.9808e+000 -8.7701e-001 +1.1290e+000 -1.3188e+000 +4.5419e+000 +1.5357e+000 +4.4696e-001
7195 0 +7.175703303e-001 +7.275703303e-001 +7.275703303e-001 +2.3204e-001 +2.6498e+000 -1.6281e-001 +2.9789e+000 -8.7597e-001 +1.1283e+000 -1.3187e+000 +4.5420e+000 +1.5349e+000 +4.4696e-001
7593 0 +6.606988793e-001 +6.706988793e-001 +6.706988793e-001 +2.3218e-001 +2.6495e+000 -1.6285e-001 +2.9785e+000 -8.7598e-001 +1.1284e+000 -1.3186e+000 +4.5418e+000 +1.5350e+000 +4.4694e-001
7650 0 +6.409335647e-001 +6.509335647e-001 +6.509335647e-001 +2.3202e-001 +2.6497e+000 -1.6291e-001 +2.9787e+000 -8.7593e-001 +1.1285e+000 -1.3186e+000 +4.5418e+000 +1.5350e+000 +4.4697e-001
8121 0 +6.272406559e-001 +6.372406559e-001 +6.372406559e-001 +2.3210e-001 +2.6498e+000 -1.6313e-001 +2.9788e+000 -8.7595e-001 +1.1284e+000 -1.3186e+000 +4.5418e+000 +1.5349e+000 +4.4696e-001
% f evaluations | g evaluations | best noise-free fitness - Fopt (-1.306100000000e+002) + sum g_i+ | measured fitness | best measured fitness or single-digit g-values | x1 | x2...
1 0 +1.631815340e+001 -1.142918466e+002 -1.142918466e+002 +0.0000e+000 +0.0000e+000 +0.0000e+000 +0.0000e+000 +0.0000e+000 +0.0000e+000 +0.0000e+000 +0.0000e+000 +0.0000e+000 +0.0000e+000
2 0 +1.315249137e+001 -1.174575086e+002 -1.174575086e+002 +3.0235e+000 +4.5796e+000 +2.3235e+000 -1.3493e-001 +1.4276e+000 +4.9014e+000 +5.8251e-001 +3.9121e+000 +3.2839e+000 +1.7083e-002
8 0 +7.117933727e+000 -1.234920663e+002 -1.234920663e+002 -2.0568e+000 +5.7982e-002 +2.3080e-001 -3.9976e+000 -4.2327e-001 +3.2538e+000 -9.4519e-001 +1.4512e+000 +4.7747e+000 +1.3007e+000
26 0 +6.646855341e+000 -1.239631447e+002 -1.239631447e+002 -3.7260e+000 -3.9296e+000 +1.4310e+000 +1.9423e+000 -6.3675e-002 -3.8491e+000 +1.8254e+000 -4.6000e+000 +2.1017e+000 +7.8833e-001
36 0 +6.275051782e+000 -1.243349482e+002 -1.243349482e+002 -2.9782e+000 -4.4620e+000 +1.8093e+000 +1.5434e+000 +4.6405e+000 -8.7760e-001 +8.6102e-002 -4.3865e+000 +9.1017e-001 +2.5696e+000
58 0 +4.202434788e+000 -1.264075652e+002 -1.264075652e+002 +4.4032e+000 +6.3902e-001 -8.8009e-001 +4.6091e+000 +1.1465e+000 -4.2632e+000 -1.5652e+000 +3.7796e+000 -8.9984e-001 -1.5000e+000
237 0 +3.340409669e+000 -1.272695903e+002 -1.272695903e+002 +3.6521e+000 +1.7647e+000 -5.1873e-001 +2.5223e+000 -3.1134e-001 -3.4848e+000 -2.3276e+000 +3.8138e+000 +5.4157e-001 -2.7654e+000
1391 0 +2.775277795e+000 -1.278347222e+002 -1.278347222e+002 +2.6413e+000 -4.2171e-001 -8.9704e-001 +1.2686e+000 -1.2552e+000 -4.1703e+000 -1.9684e-001 +1.4635e+000 -5.3126e-002 -1.9750e+000
2571 0 +2.608656401e+000 -1.280013436e+002 -1.280013436e+002 +8.0121e-001 +1.2598e+000 +7.4607e-001 +3.5427e+000 +1.6932e+000 -4.2668e+000 -3.4018e+000 +2.6653e+000 +1.5230e+000 -1.0482e+000
2642 0 +1.578131299e+000 -1.290318687e+002 -1.290318687e+002 +5.8565e-001 -2.4311e+000 +2.4805e+000 +8.9766e-001 -1.7922e+000 -4.7437e+000 +2.0923e-001 +2.4310e+000 -3.1558e+000 +1.3065e+000
3842 0 +1.539081693e+000 -1.290709183e+002 -1.290709183e+002 +5.8624e-001 -2.4306e+000 +2.4796e+000 +8.9775e-001 -1.7921e+000 -4.7436e+000 +2.0917e-001 +2.4306e+000 -3.1549e+000 +1.3056e+000
4842 0 +1.497176785e+000 -1.291128232e+002 -1.291128232e+002 +5.8659e-001 -2.4303e+000 +2.4790e+000 +8.9780e-001 -1.7920e+000 -4.7435e+000 +2.0914e-001 +2.4304e+000 -3.1544e+000 +1.3050e+000
6120 0 +1.384808301e+000 -1.292251917e+002 -1.292251917e+002 +5.8623e-001 -2.4296e+000 +2.4796e+000 +8.9860e-001 -1.7911e+000 -4.7434e+000 +2.0794e-001 +2.4312e+000 -3.1540e+000 +1.3053e+000
6242 0 +1.288592525e+000 -1.293214075e+002 -1.293214075e+002 +5.8636e-001 -2.4298e+000 +2.4793e+000 +8.9835e-001 -1.7914e+000 -4.7435e+000 +2.0831e-001 +2.4310e+000 -3.1541e+000 +1.3051e+000
6542 0 +1.281629919e+000 -1.293283701e+002 -1.293283701e+002 +5.8638e-001 -2.4298e+000 +2.4793e+000 +8.9831e-001 -1.7914e+000 -4.7435e+000 +2.0838e-001 +2.4309e+000 -3.1541e+000 +1.3051e+000
8736 0 +1.256607055e+000 -1.293533929e+002 -1.293533929e+002 +5.8645e-001 -2.4299e+000 +2.4793e+000 +8.9822e-001 -1.7916e+000 -4.7435e+000 +2.0850e-001 +2.4309e+000 -3.1542e+000 +1.3051e+000
% f evaluations | g evaluations | best noise-free fitness - Fopt (-2.231200000000e+002) + sum g_i+ | measured fitness | best measured fitness or single-digit g-values | x1 | x2...
1 0 +2.847414819e+001 -1.946458518e+002 -1.946458518e+002 +0.0000e+000 +0.0000e+000 +0.0000e+000 +0.0000e+000 +0.0000e+000 +0.0000e+000 +0.0000e+000 +0.0000e+000 +0.0000e+000 +0.0000e+000
2 0 +2.136699422e+001 -2.017530058e+002 -2.017530058e+002 -3.3793e+000 +4.4873e+000 +1.4184e+000 +4.2233e+000 -2.2724e+000 -1.7025e+000 -1.0546e+000 +2.7486e+000 -7.5642e-001 -1.1684e+000
3 0 +1.019910835e+001 -2.129208916e+002 -2.129208916e+002 -4.7939e+000 -4.3163e+000 +3.1015e+000 +2.5079e+000 -4.5802e+000 +2.1773e+000 -1.0040e-002 -4.5409e+000 +3.0232e+000 +2.1107e+000
11 0 +6.859345442e+000 -2.162606546e+002 -2.162606546e+002 -1.5868e+000 +5.1152e-002 -1.1405e+000 -4.0553e-001 -4.7908e+000 +4.5435e+000 +2.4896e-001 +4.9512e+000 -2.3479e+000 +3.5656e+000
29 0 +6.479327397e+000 -2.166406726e+002 -2.166406726e+002 +1.6321e+000 +4.0896e+000 -3.9299e+000 +5.0741e-001 -6.4204e-001 -1.4790e+000 -3.7794e+000 +3.2753e+000 +1.8347e+000 -4.6660e+000
38 0 +6.103419694e+000 -2.170165803e+002 -2.170165803e+002 -3.8257e+000 -2.4930e+000 +1.8212e-001 +2.2016e+000 -2.8753e+000 +6.6309e-001 +3.6891e+000 +2.4470e+000 +3.5443e+000 -3.4979e-001
39 0 +6.020143687e+000 -2.170998563e+002 -2.170998563e+002 -1.8837e+000 -1.5277e+000 -4.8301e+000 +2.3806e+000 -3.8404e+000 +4.7868e+000 +1.8563e+000 +7.5799e-001 +4.1035e+000 -1.4202e+000
325 0 +5.408903028e+000 -2.177110970e+002 -2.177110970e+002 +7.1234e-001 +4.7947e-001 -4.5032e+000 +4.3311e+000 -2.1098e+000 +4.1829e+000 +5.8932e-001 -1.1090e+000 +5.3244e+000 -1.5021e+000
326 0 +4.689393347e+000 -2.184306067e+002 -2.184306067e+002 -5.3487e-001 -3.7667e+000 -1.2715e-001 +1.4470e+000 -7.3105e-002 -2.1402e+000 +3.6814e+000 +1.3940e-002 +1.3775e+000 +3.0990e-001
394 0 +3.443752399e+000 -2.196762476e+002 -2.196762476e+002 +3.6333e+000 -8.2992e-001 -2.5261e+000 -8.1725e-001 -2.2801e+000 +2.9335e+000 -4.8037e+000 +5.2909e+000 +1.7628e+000 -1.5941e+000
558 0 +2.855717977e+000 -2.202642820e+002 -2.202642820e+002 +1.5243e+000 +3.0260e-002 -4.6243e+000 +6.6705e-001 -3.3073e+000 +4.9323e+000 -1.8686e+000 +4.2621e+000 +3.1959e+000 -1.5604e+000
1727 0 +2.749981591e+000 -2.203700184e+002 -2.203700184e+002 +1.3876e+000 -8.0816e-001 -2.7403e+000 -4.1520e-002 -2.1089e+000 +4.6088e+000 -1.5335e+000 +3.3433e+000 +1.8340e+000 -1.9477e+000
1984 0 +2.348616942e+000 -2.207713831e+002 -2.207713831e+002 +5.3795e-001 -1.1683e+000 -2.2342e+000 -5.3485e-001 -1.2932e+000 +3.5740e+000 -1.0109e+000 +2.9285e+000 +9.0990e-001 -1.6729e+000
2243 0 +2.340500316e+000 -2.207794997e+002 -2.207794997e+002 +1.7734e+000 -3.2900e-001 -2.5276e+000 -1.5349e+000 -9.2430e-001 +3.2890e+000 -2.0200e+000 +2.9233e+000 +1.3491e+000 -1.8877e+000
2286 0 +1.624545365e+000 -2.214954546e+002 -2.214954546e+002 -8.2276e-001 -9.7686e-001 -4.4036e+000 +2.2324e+000 -2.2726e+000 +5.1513e+000 +8.4983e-001 +1.0093e+000 +3.1183e+000 -1.2115e-001
3386 0 +1.174021581e+000 -2.219459784e+002 -2.219459784e+002 -8.2383e-001 -9.7826e-001 -4.3973e+000 +2.2238e+000 -2.2670e+000 +5.1434e+000 +8.4799e-001 +1.0121e+000 +3.1093e+000 -1.2336e-001
3686 0 +1.047397404e+000 -2.220726026e+002 -2.220726026e+002 -8.2414e-001 -9.7867e-001 -4.3955e+000 +2.2212e+000 -2.2653e+000 +5.1410e+000 +8.4744e-001 +1.0129e+000 +3.1067e+000 -1.2401e-001
3943 0 +7.392071152e-001 -2.223807929e+002 -2.223807929e+002 -8.2678e-001 -9.7878e-001 -4.3960e+000 +2.2212e+000 -2.2627e+000 +5.1390e+000 +8.5002e-001 +1.0089e+000 +3.1065e+000 -1.2190e-001
4569 0 +7.161927652e-001 -2.224038072e+002 -2.224038072e+002 -8.2722e-001 -9.7909e-001 -4.3956e+000 +2.2210e+000 -2.2623e+000 +5.1389e+000 +8.5053e-001 +1.0082e+000 +3.1060e+000 -1.2298e-001
4671 0 +5.865771651e-001 -2.225334228e+002 -2.225334228e+002 -8.2912e-001 -9.8072e-001 -4.3953e+000 +2.2226e+000 -2.2608e+000 +5.1383e+000 +8.5273e-001 +1.0047e+000 +3.1063e+000 -1.2145e-001
4771 0 +5.750352899e-001 -2.225449647e+002 -2.225449647e+002 -8.2926e-001 -9.8033e-001 -4.3952e+000 +2.2227e+000 -2.2614e+000 +5.1393e+000 +8.5297e-001 +1.0051e+000 +3.1060e+000 -1.2174e-001
4886 0 +5.512171400e-001 -2.225687829e+002 -2.225687829e+002 -8.2853e-001 -9.7986e-001 -4.3958e+000 +2.2228e+000 -2.2621e+000 +5.1396e+000 +8.5227e-001 +1.0060e+000 +3.1066e+000 -1.2170e-001
4971 0 +5.415593757e-001 -2.225784406e+002 -2.225784406e+002 -8.2882e-001 -9.8023e-001 -4.3955e+000 +2.2227e+000 -2.2615e+000 +5.1391e+000 +8.5251e-001 +1.0054e+000 +3.1064e+000 -1.2161e-001
5371 0 +5.251268544e-001 -2.225948731e+002 -2.225948731e+002 -8.2873e-001 -9.8024e-001 -4.3956e+000 +2.2227e+000 -2.2615e+000 +5.1390e+000 +8.5240e-001 +1.0054e+000 +3.1065e+000 -1.2156e-001
5571 0 +5.196955419e-001 -2.226003045e+002 -2.226003045e+002 -8.2870e-001 -9.8025e-001 -4.3956e+000 +2.2227e+000 -2.2615e+000 +5.1390e+000 +8.5237e-001 +1.0054e+000 +3.1066e+000 -1.2154e-001
5986 0 +5.107068519e-001 -2.226092931e+002 -2.226092931e+002 -8.2857e-001 -9.8016e-001 -4.3957e+000 +2.2227e+000 -2.2616e+000 +5.1390e+000 +8.5224e-001 +1.0056e+000 +3.1067e+000 -1.2155e-001
6484 0 +4.638897290e-001 -2.226561103e+002 -2.226561103e+002 -8.2875e-001 -9.8012e-001 -4.3960e+000 +2.2230e+000 -2.2617e+000 +5.1392e+000 +8.5249e-001 +1.0053e+000 +3.1070e+000 -1.2134e-001
6574 0 +4.261420518e-001 -2.226938579e+002 -2.226938579e+002 -8.2861e-001 -9.8016e-001 -4.3964e+000 +2.2235e+000 -2.2627e+000 +5.1388e+000 +8.5143e-001 +1.0064e+000 +3.1080e+000 -1.2189e-001
% f evaluations | g evaluations | best noise-free fitness - Fopt (-4.443000000000e+001) + sum g_i+ | measured fitness | best measured fitness or single-digit g-values | x1 | x2...
1 0 +1.456676615e+001 -2.986323385e+001 -2.986323385e+001 +0.0000e+000 +0.0000e+000 +0.0000e+000 +0.0000e+000 +0.0000e+000 +0.0000e+000 +0.0000e+000 +0.0000e+000 +0.0000e+000 +0.0000e+000
3 0 +1.454609656e+001 -2.988390344e+001 -2.988390344e+001 -2.7980e+000 +1.9596e+000 +2.3312e+000 -1.3831e+000 +4.6955e+000 -7.9272e-001 +4.3794e+000 -4.2764e+000 +2.7537e+000 +6.5390e-001
4 0 +1.433078188e+001 -3.009921812e+001 -3.009921812e+001 -2.5062e+000 +3.1222e+000 +7.2819e-001 -2.7658e-001 +2.8239e+000 +7.0469e-001 +3.2012e+000 -4.4028e+000 -4.0849e-001 +3.3072e+000
5 0 +1.256497749e+001 -3.186502251e+001 -3.186502251e+001 -3.3104e+000 +3.3799e+000 -1.5258e+000 -9.5042e-001 -2.3023e+000 -1.6772e+000 -8.6585e-001 +8.8944e-001 +3.5965e+000 -3.6097e+000
6 0 +1.171457772e+001 -3.271542228e+001 -3.271542228e+001 +3.9599e+000 +3.5684e-001 -1.9187e+000 -2.0531e+000 -5.0165e-001 -9.3165e-002 +2.9056e+000 +4.9185e+000 -1.2931e+000 -1.8024e+000
14 0 +7.692876029e+000 -3.673712397e+001 -3.673712397e+001 +2.1666e+000 +4.2388e+000 -1.9209e+000 +2.4252e+000 +1.3971e+000 -3.9899e+000 +1.2827e+000 +8.4315e-001 +1.1238e+000 +3.7076e+000
27 0 +5.525215713e+000 -3.890478429e+001 -3.890478429e+001 -3.9623e+000 +1.7243e+000 -2.1881e+000 -4.7700e+000 +3.9246e+000 +3.7293e+000 +4.7700e+000 +1.1157e-001 +9.7395e-001 +2.2632e+000
36 0 +5.172577171e+000 -3.925742283e+001 -3.925742283e+001 +3.4612e-001 +2.6909e+000 -1.2015e+000 -2.1428e+000 -2.7687e+000 -1.9853e+000 +4.8941e+000 -4.1113e+000 +1.9648e+000 +2.6012e+000
146 0 +4.059033264e+000 -4.037096674e+001 -4.037096674e+001 -3.7982e+000 +9.7434e-001 -5.5846e+000 +1.9503e+000 -4.5436e+000 +3.2809e+000 -2.4033e+000 +5.2600e+000 -4.9017e+000 +5.0000e+000
450 0 +2.719380766e+000 -4.171061923e+001 -4.171061923e+001 -1.4246e+000 +2.3499e+000 -2.4787e+000 +3.8467e+000 -1.8003e+000 +3.4285e+000 -4.4331e+000 +2.2803e+000 -4.2563e+000 +4.4213e+000
1150 0 +2.417093303e+000 -4.201290670e+001 -4.201290670e+001 -1.4356e+000 +2.3343e+000 -2.5042e+000 +3.8276e+000 -1.8160e+000 +3.4166e+000 -4.4041e+000 +2.2933e+000 -4.2475e+000 +4.4202e+000
1532 0 +2.115989889e+000 -4.231401011e+001 -4.231401011e+001 -1.4236e+000 +2.3168e+000 -2.4887e+000 +3.8686e+000 -1.8241e+000 +3.4507e+000 -4.4473e+000 +2.3030e+000 -4.2549e+000 +4.4207e+000
2431 0 +2.024878899e+000 -4.240512110e+001 -4.240512110e+001 -1.4217e+000 +2.3195e+000 -2.4864e+000 +3.8678e+000 -1.8207e+000 +3.4484e+000 -4.4462e+000 +2.2996e+000 -4.2535e+000 +4.4260e+000
2532 0 +1.603580094e+000 -4.282641991e+001 -4.282641991e+001 -1.4332e+000 +2.3353e+000 -2.4962e+000 +3.8437e+000 -1.8069e+000 +3.4251e+000 -4.4213e+000 +2.2852e+000 -4.2587e+000 +4.4286e+000
3150 0 +1.381287588e+000 -4.304871241e+001 -4.304871241e+001 -1.4348e+000 +2.3353e+000 -2.5001e+000 +3.8359e+000 -1.8106e+000 +3.4208e+000 -4.4131e+000 +2.2885e+000 -4.2541e+000 +4.4245e+000
3350 0 +1.373352093e+000 -4.305664791e+001 -4.305664791e+001 -1.4348e+000 +2.3353e+000 -2.5001e+000 +3.8359e+000 -1.8107e+000 +3.4208e+000 -4.4131e+000 +2.2885e+000 -4.2540e+000 +4.4245e+000
3450 0 +1.306890824e+000 -4.312310918e+001 -4.312310918e+001 -1.4348e+000 +2.3347e+000 -2.5005e+000 +3.8358e+000 -1.8113e+000 +3.4209e+000 -4.4128e+000 +2.2891e+000 -4.2537e+000 +4.4243e+000
3831 0 +1.286474210e+000 -4.314352579e+001 -4.314352579e+001 -1.4346e+000 +2.3345e+000 -2.5003e+000 +3.8363e+000 -1.8113e+000 +3.4213e+000 -4.4133e+000 +2.2892e+000 -4.2538e+000 +4.4246e+000
4410 0 +1.253411107e+000 -4.317658889e+001 -4.317658889e+001 -1.4345e+000 +2.3344e+000 -2.5001e+000 +3.8367e+000 -1.8112e+000 +3.4215e+000 -4.4137e+000 +2.2892e+000 -4.2539e+000 +4.4249e+000
5780 0 +1.209326514e+000 -4.322067349e+001 -4.322067349e+001 -1.4346e+000 +2.3345e+000 -2.5008e+000 +3.8354e+000 -1.8115e+000 +3.4208e+000 -4.4130e+000 +2.2897e+000 -4.2534e+000 +4.4236e+000
5812 0 +1.108025844e+000 -4.332197416e+001 -4.332197416e+001 -1.4345e+000 +2.3344e+000 -2.5007e+000 +3.8353e+000 -1.8115e+000 +3.4207e+000 -4.4130e+000 +2.2896e+000 -4.2533e+000 +4.4233e+000
6286 0 +1.093613137e+000 -4.333638686e+001 -4.333638686e+001 -1.4345e+000 +2.3344e+000 -2.5008e+000 +3.8352e+000 -1.8116e+000 +3.4207e+000 -4.4129e+000 +2.2897e+000 -4.2533e+000 +4.4231e+000
% f evaluations | g evaluations | best noise-free fitness - Fopt (2.557800000000e+002) + sum g_i+ | measured fitness | best measured fitness or single-digit g-values | x1 | x2...
1 0 +2.397319266e+001 +2.797531927e+002 +2.797531927e+002 +0.0000e+000 +0.0000e+000 +0.0000e+000 +0.0000e+000 +0.0000e+000 +0.0000e+000 +0.0000e+000 +0.0000e+000 +0.0000e+000 +0.0000e+000
2 0 +2.091096412e+001 +2.766909641e+002 +2.766909641e+002 +2.1829e-001 +1.2813e+000 -4.4175e+000 -3.5301e+000 +1.7054e+000 +2.6953e-001 +4.8945e+000 +4.5923e+000 -4.6237e+000 -2.1585e+000
6 0 +7.967367045e+000 +2.637473670e+002 +2.637473670e+002 -1.9179e+000 -1.5531e+000 -4.2347e+000 +2.7094e+000 +8.1991e-001 +1.5667e+000 -4.1801e+000 -2.9876e+000 +3.4552e+000 -4.0532e-001
26 0 +7.534581612e+000 +2.633145816e+002 +2.633145816e+002 +2.8542e+000 +3.6648e+000 -3.2092e+000 -4.9559e+000 -3.2566e+000 -3.9104e+000 -1.2721e+000 -2.2034e+000 +1.4508e+000 -3.7732e+000
27 0 +4.921125558e+000 +2.607011256e+002 +2.607011256e+002 +1.2988e+000 +2.9773e+000 -3.5147e+000 +1.2057e+000 -2.7576e+000 -3.8099e+000 -1.4368e+000 +4.2675e+000 +3.8855e+000 +2.4634e+000
36 0 +2.936691257e+000 +2.587166913e+002 +2.587166913e+002 +4.4236e+000 -3.4276e+000 +4.9101e-001 +1.4853e+000 -3.9792e+000 -7.4520e-001 -2.9882e+000 +2.5828e+000 -3.0211e+000 +7.9029e-001
676 0 +2.871275220e+000 +2.586512752e+002 +2.586512752e+002 +1.3492e+000 -4.7113e+000 +1.3220e+000 +1.4623e+000 -2.4830e+000 -3.1188e-001 -1.4754e+000 +1.8425e+000 -8.5003e-001 +2.0321e-001
1801 0 +2.317987441e+000 +2.580979874e+002 +2.580979874e+002 +1.2630e+000 -4.0570e+000 +1.1910e+000 +8.2187e-001 -2.1843e+000 -2.5202e-002 -1.4711e+000 +1.5627e+000 -6.9709e-001 -3.3855e-003
3221 0 +1.488434783e+000 +2.572684348e+002 +2.572684348e+002 +1.2771e+000 -4.0330e+000 +1.1960e+000 +8.4168e-001 -2.2093e+000 -1.7958e-002 -1.4584e+000 +1.5539e+000 -7.2969e-001 -2.3805e-002
3323 0 +7.254109646e-001 +2.565054110e+002 +2.565054110e+002 +1.2581e+000 -4.0409e+000 +1.2006e+000 +8.4759e-001 -2.1900e+000 -1.1405e-002 -1.4603e+000 +1.5504e+000 -7.2473e-001 -3.0517e-002
3923 0 +7.058632275e-001 +2.564858632e+002 +2.564858632e+002 +1.2605e+000 -4.0395e+000 +1.2012e+000 +8.5073e-001 -2.1938e+000 -1.1128e-002 -1.4604e+000 +1.5505e+000 -7.2959e-001 -3.2097e-002
4023 0 +6.833369499e-001 +2.564633369e+002 +2.564633369e+002 +1.2612e+000 -4.0392e+000 +1.2014e+000 +8.5154e-001 -2.1947e+000 -1.1057e-002 -1.4605e+000 +1.5506e+000 -7.3086e-001 -3.2508e-002
4144 0 +6.590059199e-001 +2.564390059e+002 +2.564390059e+002 +1.2620e+000 -4.0387e+000 +1.2004e+000 +8.5014e-001 -2.1952e+000 -1.1550e-002 -1.4606e+000 +1.5504e+000 -7.3039e-001 -3.1705e-002
4211 0 +6.422140035e-001 +2.564222140e+002 +2.564222140e+002 +1.2625e+000 -4.0390e+000 +1.1996e+000 +8.4869e-001 -2.1947e+000 -1.2247e-002 -1.4613e+000 +1.5511e+000 -7.2883e-001 -3.0492e-002
4323 0 +6.304323110e-001 +2.564104323e+002 +2.564104323e+002 +1.2627e+000 -4.0386e+000 +1.1998e+000 +8.4931e-001 -2.1954e+000 -1.1965e-002 -1.4610e+000 +1.5507e+000 -7.2987e-001 -3.1069e-002
4420 0 +5.569270338e-001 +2.563369270e+002 +2.563369270e+002 +1.2643e+000 -4.0370e+000 +1.1988e+000 +8.4993e-001 -2.1937e+000 -1.2245e-002 -1.4605e+000 +1.5508e+000 -7.2835e-001 -2.9318e-002
4529 0 +4.359518250e-001 +2.562159518e+002 +2.562159518e+002 +1.2653e+000 -4.0375e+000 +1.1989e+000 +8.4969e-001 -2.1959e+000 -1.2860e-002 -1.4607e+000 +1.5514e+000 -7.2932e-001 -2.9360e-002
5156 0 +4.201659714e-001 +2.562001660e+002 +2.562001660e+002 +1.2647e+000 -4.0372e+000 +1.1993e+000 +8.4930e-001 -2.1955e+000 -1.2527e-002 -1.4600e+000 +1.5515e+000 -7.2860e-001 -2.9439e-002
5244 0 +4.054754619e-001 +2.561854755e+002 +2.561854755e+002 +1.2652e+000 -4.0372e+000 +1.1990e+000 +8.4955e-001 -2.1955e+000 -1.2705e-002 -1.4602e+000 +1.5515e+000 -7.2876e-001 -2.9225e-002
5721 0 +3.748060224e-001 +2.561548060e+002 +2.561548060e+002 +1.2660e+000 -4.0371e+000 +1.1974e+000 +8.4963e-001 -2.1964e+000 -1.4469e-002 -1.4607e+000 +1.5516e+000 -7.2927e-001 -2.8009e-002
5744 0 +3.699723001e-001 +2.561499723e+002 +2.561499723e+002 +1.2668e+000 -4.0366e+000 +1.1965e+000 +8.4949e-001 -2.1970e+000 -1.5266e-002 -1.4608e+000 +1.5517e+000 -7.2946e-001 -2.7332e-002
6056 0 +3.542155797e-001 +2.561342156e+002 +2.561342156e+002 +1.2667e+000 -4.0367e+000 +1.1966e+000 +8.4949e-001 -2.1968e+000 -1.5119e-002 -1.4608e+000 +1.5516e+000 -7.2938e-001 -2.7422e-002
6057 0 +3.449539162e-001 +2.561249539e+002 +2.561249539e+002 +1.2666e+000 -4.0367e+000 +1.1964e+000 +8.4932e-001 -2.1965e+000 -1.4848e-002 -1.4609e+000 +1.5516e+000 -7.2897e-001 -2.7292e-002
6129 0 +3.342506039e-001 +2.561142506e+002 +2.561142506e+002 +1.2667e+000 -4.0367e+000 +1.1964e+000 +8.4939e-001 -2.1966e+000 -1.4995e-002 -1.4609e+000 +1.5516e+000 -7.2914e-001 -2.7272e-002
6156 0 +3.304211972e-001 +2.561104212e+002 +2.561104212e+002 +1.2662e+000 -4.0368e+000 +1.1970e+000 +8.4935e-001 -2.1963e+000 -1.4557e-002 -1.4607e+000 +1.5515e+000 -7.2895e-001 -2.7675e-002
6684 0 +3.191732566e-001 +2.560991733e+002 +2.560991733e+002 +1.2663e+000 -4.0367e+000 +1.1969e+000 +8.4935e-001 -2.1964e+000 -1.4646e-002 -1.4607e+000 +1.5515e+000 -7.2899e-001 -2.7620e-002
7502 0 +3.153540758e-001 +2.560953541e+002 +2.560953541e+002 +1.2662e+000 -4.0367e+000 +1.1969e+000 +8.4935e-001 -2.1963e+000 -1.4641e-002 -1.4607e+000 +1.5515e+000 -7.2905e-001 -2.7671e-002
% f evaluations | g evaluations | best noise-free fitness - Fopt (1.000000000000e+003) + sum g_i+ | measured fitness | best measured fitness or single-digit g-values | x1 | x2...
1 0 +9.391019891e+000 +1.009391020e+003 +1.009391020e+003 +0.0000e+000 +0.0000e+000 +0.0000e+000 +0.0000e+000 +0.0000e+000 +0.0000e+000 +0.0000e+000 +0.0000e+000 +0.0000e+000 +0.0000e+000
6 0 +7.729901427e+000 +1.007729901e+003 +1.007729901e+003 +4.7836e+000 -4.9664e+000 -3.1970e+000 -2.3711e+000 +1.7651e+000 -8.7675e-001 +9.1368e-001 +3.0162e+000 -4.1619e+000 +4.8051e+000
31 0 +7.288239725e+000 +1.007288240e+003 +1.007288240e+003 +2.8375e+000 -1.1994e+000 +4.2470e+000 -2.4428e+000 -3.7140e+000 -2.7667e+000 +3.7066e+000 +1.9742e+000 -3.2596e+000 +3.1358e+000
46 0 +4.839965992e+000 +1.004839966e+003 +1.004839966e+003 -2.2702e+000 +2.9754e+000 +4.8345e+000 -1.0685e+000 -2.6531e+000 +6.2483e-001 +1.2838e+000 -3.9940e+000 -4.8831e+000 +7.5886e-001
152 0 +3.144035817e+000 +1.003144036e+003 +1.003144036e+003 +1.4264e+000 +4.2514e+000 +2.1436e-001 -5.3075e+000 +1.9439e+000 -1.4981e+000 +4.0879e+000 -1.1309e+000 -2.1878e+000 +1.3050e+000
593 0 +3.068363932e+000 +1.003068364e+003 +1.003068364e+003 +1.3390e+000 +1.6126e+000 +6.5954e-002 -4.9951e+000 -1.6167e+000 -7.2668e-002 -9.6799e-001 -1.5737e+000 +6.4872e-001 -3.0487e+000
1205 0 +2.944296334e+000 +1.002944296e+003 +1.002944296e+003 +1.2617e+000 +4.5006e+000 -7.5295e-001 -5.2137e+000 +1.2857e+000 -1.1412e+000 +3.3698e+000 -4.9639e-001 -3.7373e+000 -7.2712e-004
1532 0 +2.736088280e+000 +1.002736088e+003 +1.002736088e+003 +1.6903e+000 +4.0013e+000 -8.6252e-001 -4.6921e+000 +1.0438e+000 -1.3359e+000 +3.2910e+000 -1.4857e-001 -3.4644e+000 +1.4366e-002
2394 0 +2.062266257e+000 +1.002062266e+003 +1.002062266e+003 +2.6044e+000 +2.2217e+000 -3.5393e-001 -4.6541e+000 -6.3534e-001 -1.7968e+000 +2.6640e+000 -1.6460e+000 -7.8050e-001 -7.4641e-003
3258 0 +1.306635224e+000 +1.001306635e+003 +1.001306635e+003 +1.0818e+000 +3.4977e+000 -1.3207e-001 -4.9080e+000 +5.4564e-001 -1.6010e+000 +3.0898e+000 -1.0779e+000 -2.1037e+000 -9.8834e-002
4920 0 +1.027944012e+000 +1.001027944e+003 +1.001027944e+003 +1.0739e+000 +3.4980e+000 -1.3035e-001 -4.9029e+000 +5.4591e-001 -1.5983e+000 +3.0858e+000 -1.0746e+000 -2.1097e+000 -9.4329e-002
5396 0 +1.001375241e+000 +1.001001375e+003 +1.001001375e+003 +1.0735e+000 +3.4970e+000 -1.2963e-001 -4.9027e+000 +5.4492e-001 -1.5984e+000 +3.0850e+000 -1.0757e+000 -2.1078e+000 -9.4753e-002
6191 0 +9.787589275e-001 +1.000978759e+003 +1.000978759e+003 +1.0736e+000 +3.4973e+000 -1.2967e-001 -4.9032e+000 +5.4514e-001 -1.5987e+000 +3.0855e+000 -1.0758e+000 -2.1078e+000 -9.5014e-002
6457 0 +7.121176379e-001 +1.000712118e+003 +1.000712118e+003 +1.0774e+000 +3.4966e+000 -1.3195e-001 -4.9022e+000 +5.4450e-001 -1.5976e+000 +3.0840e+000 -1.0742e+000 -2.1087e+000 -9.5274e-002
6791 0 +6.936782432e-001 +1.000693678e+003 +1.000693678e+003 +1.0774e+000 +3.4959e+000 -1.3213e-001 -4.9013e+000 +5.4410e-001 -1.5970e+000 +3.0830e+000 -1.0738e+000 -2.1090e+000 -9.4844e-002
7457 0 +6.807666796e-001 +1.000680767e+003 +1.000680767e+003 +1.0772e+000 +3.4964e+000 -1.3198e-001 -4.9019e+000 +5.4443e-001 -1.5974e+000 +3.0837e+000 -1.0740e+000 -2.1089e+000 -9.5145e-002
7658 0 +6.671204569e-001 +1.000667120e+003 +1.000667120e+003 +1.0773e+000 +3.4964e+000 -1.3205e-001 -4.9018e+000 +5.4440e-001 -1.5973e+000 +3.0836e+000 -1.0739e+000 -2.1090e+000 -9.5140e-002
8596 0 +6.606723130e-001 +1.000660672e+003 +1.000660672e+003 +1.0772e+000 +3.4964e+000 -1.3202e-001 -4.9018e+000 +5.4441e-001 -1.5973e+000 +3.0836e+000 -1.0739e+000 -2.1090e+000 -9.5130e-002
% f evaluations | g evaluations | best noise-free fitness - Fopt (-1.869500000000e+002) + sum g_i+ | measured fitness | best measured fitness or single-digit g-values | x1 | x2...
1 0 +2.348465466e+001 -1.634653453e+002 -1.634653453e+002 +0.0000e+000 +0.0000e+000 +0.0000e+000 +0.0000e+000 +0.0000e+000 +0.0000e+000 +0.0000e+000 +0.0000e+000 +0.0000e+000 +0.0000e+000
2 0 +2.264059704e+001 -1.643094030e+002 -1.643094030e+002 -2.9329e+000 +1.8370e+000 -1.0182e-002 -4.6667e+000 +4.8099e+000 -1.9780e+000 -1.9030e+000 +2.4181e+000 -1.5440e+000 +1.5214e+000
3 0 +9.955083435e+000 -1.769949166e+002 -1.769949166e+002 +2.9195e+000 -2.6822e+000 +1.6325e+000 +2.7466e+000 -3.1914e+000 -4.6930e+000 -3.6197e+000 +2.7322e+000 -4.5213e+000 +3.4688e+000
13 0 +4.804614256e+000 -1.821453857e+002 -1.821453857e+002 +1.5273e-001 +3.5601e+000 -3.8302e+000 -8.6611e-001 +2.4026e+000 +2.8974e+000 +3.6803e+000 +3.0767e+000 -4.8707e+000 -4.6225e+000
62 0 +4.441271211e+000 -1.825087288e+002 -1.825087288e+002 -3.6181e+000 +1.8759e+000 -4.7148e+000 -3.8256e+000 -7.3015e-001 -1.0231e+000 -2.7161e+000 -3.7665e-001 -4.1604e+000 -2.1789e-001
66 0 +4.172551295e+000 -1.827774487e+002 -1.827774487e+002 -1.4918e+000 +3.8803e+000 +1.2813e+000 +1.5949e+000 +2.6184e+000 +2.6266e+000 -4.9932e-001 +1.7627e+000 -4.1396e+000 -2.7617e+000
760 0 +3.834036430e+000 -1.831159636e+002 -1.831159636e+002 -2.6758e-001 +2.7492e+000 -8.0617e-001 +8.0723e-001 +3.2322e+000 +7.4999e-001 -4.1504e-001 +1.6064e+000 -4.4025e+000 -1.4888e+000
763 0 +3.203734232e+000 -1.837462658e+002 -1.837462658e+002 +3.4494e+000 -5.2438e+000 -3.9233e+000 -4.5371e+000 -2.6745e-001 -5.3014e-001 +4.3250e-001 +4.8716e+000 -1.5875e+000 -4.9242e+000
821 0 +3.067088473e+000 -1.838829115e+002 -1.838829115e+002 +3.6331e+000 -2.2222e+000 -1.1035e-001 -2.2193e+000 +1.0188e+000 +1.1245e+000 -6.9114e-001 +2.1273e+000 -3.4702e-002 -3.4472e+000
2215 0 +2.942935850e+000 -1.840070641e+002 -1.840070641e+002 -5.2794e-001 +4.0753e+000 +3.7292e-001 +2.4566e+000 +2.9205e+000 +1.7082e+000 -1.9161e-001 +8.6407e-001 -3.4825e+000 -3.7403e+000
2811 0 +2.328435161e+000 -1.846215648e+002 -1.846215648e+002 -7.6972e-001 +4.7364e+000 +3.9920e-001 +2.9601e+000 +2.9627e+000 +1.7018e+000 -9.0165e-003 +7.1487e-001 -3.6552e+000 -4.0691e+000
3069 0 +2.281578174e+000 -1.846684218e+002 -1.846684218e+002 -6.6517e-001 +4.1359e+000 +6.3956e-001 +2.6270e+000 +2.9149e+000 +1.7692e+000 -3.2255e-002 +6.6746e-001 -3.4191e+000 -3.7221e+000
4515 0 +2.123491678e+000 -1.848265083e+002 -1.848265083e+002 -5.4305e-001 +4.0793e+000 +4.0471e-001 +2.4746e+000 +2.9195e+000 +1.7155e+000 -1.7334e-001 +8.4123e-001 -3.4739e+000 -3.7367e+000
5352 0 +2.044308056e+000 -1.849056919e+002 -1.849056919e+002 +3.5389e+000 -1.8928e+000 +3.6718e-001 -2.1844e+000 +1.2417e+000 +1.4616e+000 -6.6741e-001 +2.0928e+000 -3.1151e-002 -3.4099e+000
7474 0 +2.024721487e+000 -1.849252785e+002 -1.849252785e+002 +3.4317e+000 -2.1754e+000 -1.0871e-001 -2.3788e+000 +1.0798e+000 +1.2459e+000 -5.3632e-001 +2.3832e+000 -2.8190e-001 -3.5785e+000
8590 0 +1.422393194e+000 -1.855276068e+002 -1.855276068e+002 +3.4342e+000 -2.1733e+000 -1.0227e-001 -2.3775e+000 +1.0812e+000 +1.2485e+000 -5.3826e-001 +2.3795e+000 -2.7799e-001 -3.5761e+000
9174 0 +1.215345793e+000 -1.857346542e+002 -1.857346542e+002 +3.4339e+000 -2.1734e+000 -1.0300e-001 -2.3776e+000 +1.0811e+000 +1.2482e+000 -5.3803e-001 +2.3799e+000 -2.7844e-001 -3.5764e+000
9774 0 +9.972001635e-001 -1.859527998e+002 -1.859527998e+002 +3.4337e+000 -2.1737e+000 -1.0354e-001 -2.3777e+000 +1.0810e+000 +1.2480e+000 -5.3788e-001 +2.3802e+000 -2.7876e-001 -3.5766e+000
% f evaluations | g evaluations | best noise-free fitness - Fopt (5.859500000000e+002) + sum g_i+ | measured fitness | best measured fitness or single-digit g-values | x1 | x2...
1 0 +2.472371669e+001 +6.106737167e+002 +6.106737167e+002 +0.0000e+000 +0.0000e+000 +0.0000e+000 +0.0000e+000 +0.0000e+000 +0.0000e+000 +0.0000e+000 +0.0000e+000 +0.0000e+000 +0.0000e+000
2 0 +1.415879214e+001 +6.001087921e+002 +6.001087921e+002 -4.4773e+000 -2.1063e+000 +3.3736e+000 -4.5982e-001 +4.2393e+000 +2.1718e+000 +3.3433e+000 +4.1025e+000 -2.0135e+000 -2.5332e-001
4 0 +7.507626031e+000 +5.934576260e+002 +5.934576260e+002 +1.6487e+000 -6.2293e-001 -1.3467e+000 +1.4078e+000 +8.0594e-001 +2.6302e+000 +3.9440e+000 +3.8231e-001 +2.5820e+000 +3.8943e+000
7 0 +5.617291806e+000 +5.915672918e+002 +5.915672918e+002 -4.3142e+000 +4.4242e+000 -3.5210e+000 +2.0048e+000 -4.9486e+000 -1.0885e+000 +2.9377e+000 -1.1774e+000 +3.2932e+000 +3.7607e+000
22 0 +3.813805331e+000 +5.897638053e+002 +5.897638053e+002 +3.9326e+000 -4.3173e+000 -4.9095e+000 -2.0705e-001 +2.3693e+000 +3.1893e+000 -8.8651e-001 -1.1836e+000 -2.5994e+000 -8.4058e-001
69 0 +3.161391558e+000 +5.891113916e+002 +5.891113916e+002 -4.6718e+000 +1.4915e+000 -1.5810e+000 +3.6893e+000 +1.4651e-001 -2.2713e+000 +2.5853e-001 -2.5507e+000 -4.5234e+000 -3.5376e+000
821 0 +2.716312833e+000 +5.886663128e+002 +5.886663128e+002 -1.6479e+000 +8.2502e-002 -1.9954e-001 +4.5130e+000 +1.1257e+000 -2.5719e+000 -8.1449e-001 -5.2125e+000 -1.0997e+000 -4.5893e+000
2021 0 +2.370150653e+000 +5.883201507e+002 +5.883201507e+002 -1.6534e+000 +8.4902e-002 -2.0137e-001 +4.5118e+000 +1.1238e+000 -2.5713e+000 -8.1298e-001 -5.2084e+000 -1.1058e+000 -4.5897e+000
2421 0 +2.201992074e+000 +5.881519921e+002 +5.881519921e+002 -1.6526e+000 +8.4547e-002 -2.0110e-001 +4.5120e+000 +1.1241e+000 -2.5714e+000 -8.1321e-001 -5.2090e+000 -1.1049e+000 -4.5897e+000
2721 0 +2.136145607e+000 +5.880861456e+002 +5.880861456e+002 -1.6523e+000 +8.4413e-002 -2.0100e-001 +4.5121e+000 +1.1242e+000 -2.5715e+000 -8.1329e-001 -5.2092e+000 -1.1046e+000 -4.5896e+000
3305 0 +2.054156038e+000 +5.880041560e+002 +5.880041560e+002 -1.6497e+000 +8.4129e-002 -2.0107e-001 +4.5100e+000 +1.1236e+000 -2.5705e+000 -8.1470e-001 -5.2092e+000 -1.1014e+000 -4.5883e+000
3933 0 +2.019152891e+000 +5.879691529e+002 +5.879691529e+002 -1.6504e+000 +8.4243e-002 -2.0152e-001 +4.5095e+000 +1.1230e+000 -2.5706e+000 -8.1429e-001 -5.2085e+000 -1.1021e+000 -4.5877e+000
3946 0 +1.895430291e+000 +5.878454303e+002 +5.878454303e+002 -1.6459e+000 +8.6671e-002 -1.9933e-001 +4.5109e+000 +1.1221e+000 -2.5701e+000 -8.0675e-001 -5.2137e+000 -1.0935e+000 -4.5890e+000
4221 0 +1.560557738e+000 +5.875105577e+002 +5.875105577e+002 -1.6457e+000 +8.7470e-002 -1.9881e-001 +4.5120e+000 +1.1219e+000 -2.5704e+000 -8.0400e-001 -5.2150e+000 -1.0925e+000 -4.5896e+000
4433 0 +1.545393577e+000 +5.874953936e+002 +5.874953936e+002 -1.6445e+000 +8.7704e-002 -1.9826e-001 +4.5122e+000 +1.1217e+000 -2.5703e+000 -8.0286e-001 -5.2162e+000 -1.0903e+000 -4.5897e+000
4505 0 +1.513317985e+000 +5.874633180e+002 +5.874633180e+002 -1.6448e+000 +8.7746e-002 -1.9827e-001 +4.5124e+000 +1.1217e+000 -2.5704e+000 -8.0270e-001 -5.2161e+000 -1.0907e+000 -4.5899e+000
4605 0 +1.464842901e+000 +5.874148429e+002 +5.874148429e+002 -1.6443e+000 +8.7782e-002 -1.9791e-001 +4.5127e+000 +1.1218e+000 -2.5706e+000 -8.0228e-001 -5.2168e+000 -1.0900e+000 -4.5901e+000
4705 0 +1.439554552e+000 +5.873895546e+002 +5.873895546e+002 -1.6441e+000 +8.7800e-002 -1.9774e-001 +4.5128e+000 +1.1218e+000 -2.5707e+000 -8.0208e-001 -5.2171e+000 -1.0896e+000 -4.5903e+000
4993 0 +1.396844073e+000 +5.873468441e+002 +5.873468441e+002 -1.6444e+000 +8.7667e-002 -1.9796e-001 +4.5127e+000 +1.1217e+000 -2.5706e+000 -8.0251e-001 -5.2167e+000 -1.0900e+000 -4.5901e+000
5146 0 +1.364070039e+000 +5.873140700e+002 +5.873140700e+002 -1.6429e+000 +8.7869e-002 -1.9711e-001 +4.5134e+000 +1.1218e+000 -2.5707e+000 -8.0092e-001 -5.2185e+000 -1.0876e+000 -4.5907e+000
5276 0 +1.348783661e+000 +5.872987837e+002 +5.872987837e+002 -1.6433e+000 +8.7790e-002 -1.9737e-001 +4.5131e+000 +1.1218e+000 -2.5707e+000 -8.0144e-001 -5.2179e+000 -1.0883e+000 -4.5905e+000
5431 0 +1.288727333e+000 +5.872387273e+002 +5.872387273e+002 -1.6438e+000 +8.7226e-002 -1.9635e-001 +4.5131e+000 +1.1223e+000 -2.5700e+000 -8.0187e-001 -5.2175e+000 -1.0882e+000 -4.5916e+000
5533 0 +1.254660772e+000 +5.872046608e+002 +5.872046608e+002 -1.6440e+000 +8.7203e-002 -1.9650e-001 +4.5130e+000 +1.1223e+000 -2.5700e+000 -8.0210e-001 -5.2172e+000 -1.0886e+000 -4.5914e+000
5593 0 +1.216857840e+000 +5.871668578e+002 +5.871668578e+002 -1.6433e+000 +8.7252e-002 -1.9627e-001 +4.5131e+000 +1.1220e+000 -2.5702e+000 -8.0133e-001 -5.2177e+000 -1.0878e+000 -4.5912e+000
5846 0 +1.169478025e+000 +5.871194780e+002 +5.871194780e+002 -1.6433e+000 +8.7135e-002 -1.9621e-001 +4.5130e+000 +1.1219e+000 -2.5702e+000 -8.0139e-001 -5.2177e+000 -1.0878e+000 -4.5910e+000
% f evaluations | g evaluations | best noise-free fitness - Fopt (2.871600000000e+002) + sum g_i+ | measured fitness | best measured fitness or single-digit g-values | x1 | x2...
1 0 +1.418167891e+001 +3.013416789e+002 +3.013416789e+002 +0.0000e+000 +0.0000e+000 +0.0000e+000 +0.0000e+000 +0.0000e+000 +0.0000e+000 +0.0000e+000 +0.0000e+000 +0.0000e+000 +0.0000e+000
3 0 +1.144991158e+001 +2.986099116e+002 +2.986099116e+002 +4.7386e+000 -2.0311e+000 -3.1053e+000 +3.1821e+000 -2.3183e+000 -2.4054e+000 +3.4190e+000 +2.3847e+000 +5.4534e-001 +4.9207e+000
6 0 +6.882519174e+000 +2.940425192e+002 +2.940425192e+002 -1.0540e+000 -8.3808e-001 +4.6399e+000 -3.5682e+000 -8.6618e-001 -3.9654e+000 +2.5464e+000 -4.0167e-001 -4.0338e+000 +1.7403e+000
66 0 +3.541485737e+000 +2.907014857e+002 +2.907014857e+002 -1.1794e+000 -4.1669e+000 -2.8438e-001 +4.1275e+000 -9.0440e-001 -4.3794e+000 -7.0395e-001 +8.0856e-002 -2.8199e+000 +4.2398e+000
865 0 +1.771253257e+000 +2.889312533e+002 +2.889312533e+002 -1.3670e+000 -4.5589e+000 -9.7223e-002 +4.0154e+000 -7.8732e-001 -4.6412e+000 -7.2167e-001 -3.7632e-001 -2.8893e+000 +4.6462e+000
2466 0 +1.441299407e+000 +2.886012994e+002 +2.886012994e+002 -1.3684e+000 -4.5616e+000 -9.3494e-002 +4.0153e+000 -7.8612e-001 -4.6467e+000 -7.2230e-001 -3.8024e-001 -2.8895e+000 +4.6504e+000
2566 0 +1.341173638e+000 +2.885011736e+002 +2.885011736e+002 -1.3673e+000 -4.5593e+000 -9.5400e-002 +4.0157e+000 -7.8695e-001 -4.6440e+000 -7.2203e-001 -3.7724e-001 -2.8892e+000 +4.6475e+000
4564 0 +1.169553324e+000 +2.883295533e+002 +2.883295533e+002 -1.3678e+000 -4.5614e+000 -9.4474e-002 +4.0180e+000 -7.8748e-001 -4.6459e+000 -7.2230e-001 -3.7875e-001 -2.8904e+000 +4.6488e+000
4743 0 +1.136292955e+000 +2.882962930e+002 +2.882962930e+002 -1.3680e+000 -4.5622e+000 -9.4239e-002 +4.0188e+000 -7.8791e-001 -4.6465e+000 -7.2252e-001 -3.7922e-001 -2.8910e+000 +4.6491e+000
4910 0 +1.066177959e+000 +2.882261780e+002 +2.882261780e+002 -1.3688e+000 -4.5621e+000 -9.4193e-002 +4.0184e+000 -7.8783e-001 -4.6457e+000 -7.2238e-001 -3.7851e-001 -2.8914e+000 +4.6490e+000
5210 0 +1.046857786e+000 +2.882068578e+002 +2.882068578e+002 -1.3689e+000 -4.5622e+000 -9.4141e-002 +4.0186e+000 -7.8790e-001 -4.6458e+000 -7.2241e-001 -3.7860e-001 -2.8915e+000 +4.6491e+000
5595 0 +1.017617162e+000 +2.881776172e+002 +2.881776172e+002 -1.3683e+000 -4.5605e+000 -9.3889e-002 +4.0179e+000 -7.8762e-001 -4.6453e+000 -7.2296e-001 -3.7783e-001 -2.8909e+000 +4.6487e+000
5658 0 +9.658182197e-001 +2.881258182e+002 +2.881258182e+002 -1.3682e+000 -4.5603e+000 -9.3633e-002 +4.0181e+000 -7.8767e-001 -4.6454e+000 -7.2324e-001 -3.7777e-001 -2.8910e+000 +4.6489e+000
6112 0 +9.412849843e-001 +2.881012850e+002 +2.881012850e+002 -1.3681e+000 -4.5600e+000 -9.3538e-002 +4.0179e+000 -7.8764e-001 -4.6453e+000 -7.2354e-001 -3.7769e-001 -2.8910e+000 +4.6490e+000
6312 0 +9.288623867e-001 +2.880888624e+002 +2.880888624e+002 -1.3680e+000 -4.5599e+000 -9.3505e-002 +4.0178e+000 -7.8764e-001 -4.6454e+000 -7.2363e-001 -3.7763e-001 -2.8910e+000 +4.6490e+000
6613 0 +8.974189975e-001 +2.880574190e+002 +2.880574190e+002 -1.3675e+000 -4.5588e+000 -9.4155e-002 +4.0184e+000 -7.8754e-001 -4.6455e+000 -7.2399e-001 -3.7755e-001 -2.8915e+000 +4.6486e+000
6728 0 +8.685074048e-001 +2.880285074e+002 +2.880285074e+002 -1.3674e+000 -4.5586e+000 -9.4173e-002 +4.0184e+000 -7.8763e-001 -4.6454e+000 -7.2401e-001 -3.7742e-001 -2.8914e+000 +4.6485e+000
8155 0 +8.431438087e-001 +2.880031438e+002 +2.880031438e+002 -1.3669e+000 -4.5582e+000 -9.3993e-002 +4.0182e+000 -7.8793e-001 -4.6453e+000 -7.2411e-001 -3.7720e-001 -2.8915e+000 +4.6486e+000
8316 0 +8.299131829e-001 +2.879899132e+002 +2.879899132e+002 -1.3667e+000 -4.5581e+000 -9.3861e-002 +4.0180e+000 -7.8809e-001 -4.6451e+000 -7.2412e-001 -3.7708e-001 -2.8915e+000 +4.6487e+000
8504 0 +8.080575506e-001 +2.879680576e+002 +2.879680576e+002 -1.3669e+000 -4.5584e+000 -9.3819e-002 +4.0180e+000 -7.8807e-001 -4.6451e+000 -7.2398e-001 -3.7717e-001 -2.8915e+000 +4.6488e+000
8904 0 +7.934879547e-001 +2.879534880e+002 +2.879534880e+002 -1.3669e+000 -4.5585e+000 -9.3802e-002 +4.0179e+000 -7.8806e-001 -4.6451e+000 -7.2391e-001 -3.7719e-001 -2.8915e+000 +4.6488e+000
% f evaluations | g evaluations | best noise-free fitness - Fopt (-3.943800000000e+002) + sum g_i+ | measured fitness | best measured fitness or single-digit g-values | x1 | x2...
1 0 +3.742343468e+001 -3.569565653e+002 -3.569565653e+002 +0.0000e+000 +0.0000e+000 +0.0000e+000 +0.0000e+000 +0.0000e+000 +0.0000e+000 +0.0000e+000 +0.0000e+000 +0.0000e+000 +0.0000e+000
2 0 +2.040071554e+001 -3.739792845e+002 -3.739792845e+002 -4.3754e+000 +3.5174e+000 +4.2998e+000 -2.9479e+000 +2.8740e+000 -4.7271e+000 -1.1695e-001 +4.6343e-001 -3.3137e+000 +1.9424e+000
3 0 +1.261880789e+001 -3.817611921e+002 -3.817611921e+002 +3.9574e+000 +4.8879e+000 -2.8772e+000 +2.7272e+000 -2.4195e+000 +4.8157e+000 +1.8183e-001 +4.1928e+000 -2.1783e+000 +4.7052e+000
5 0 +1.105290421e+001 -3.833270958e+002 -3.833270958e+002 -1.1478e+000 -4.8015e+000 -1.4031e+000 -3.9194e+000 +4.8446e+000 +4.1556e+000 +1.3573e+000 -3.4668e+000 +2.1761e+000 -4.1633e+000
12 0 +8.340445913e+000 -3.860395541e+002 -3.860395541e+002 +1.1322e+000 +1.8747e+000 -9.4034e-001 -3.0837e+000 -4.4907e+000 -1.9892e+000 -5.7225e-002 -1.3832e-001 +1.2236e+000 +4.6852e+000
19 0 +5.293305627e+000 -3.890866944e+002 -3.890866944e+002 -1.0408e+000 +3.1172e+000 +8.4390e-001 +1.5300e+000 +4.8724e+000 +4.8488e+000 -3.2411e+000 +1.2318e-001 +3.5802e+000 -4.5795e+000
60 0 +4.705026841e+000 -3.896749732e+002 -3.896749732e+002 -3.4646e+000 -1.7512e+000 -3.4834e-001 +4.5037e-002 +2.8147e+000 -1.5336e+000 +2.6692e+000 +2.6771e+000 +6.9453e-001 -1.8086e+000
72 0 +3.771483230e+000 -3.906085168e+002 -3.906085168e+002 -3.3850e+000 +3.6267e+000 -2.9945e+000 -4.0417e+000 -1.9231e-001 +1.0436e-002 -3.8400e+000 +4.9589e+000 +2.5411e+000 -1.4903e-001
918 0 +1.951702474e+000 -3.924282975e+002 -3.924282975e+002 -3.2200e+000 +3.3594e+000 -2.8380e+000 -3.8352e+000 -3.0269e-001 +3.3308e-001 -3.4823e+000 +4.4881e+000 +2.5817e+000 -2.4659e-001
2105 0 +1.524929090e+000 -3.928550709e+002 -3.928550709e+002 -3.2126e+000 +3.3635e+000 -2.8341e+000 -3.8399e+000 -3.1586e-001 +3.4643e-001 -3.4820e+000 +4.4882e+000 +2.5846e+000 -2.3051e-001
2172 0 +5.864273623e-001 -3.937935726e+002 -3.937935726e+002 -3.2241e+000 +3.3655e+000 -2.8428e+000 -3.8398e+000 -3.0035e-001 +3.2586e-001 -3.4905e+000 +4.5002e+000 +2.5819e+000 -2.4367e-001
3487 0 +5.027683978e-001 -3.938772316e+002 -3.938772316e+002 -3.2232e+000 +3.3695e+000 -2.8433e+000 -3.8351e+000 -3.0033e-001 +3.2380e-001 -3.4968e+000 +4.5058e+000 +2.5807e+000 -2.4181e-001
3552 0 +4.961894897e-001 -3.938838105e+002 -3.938838105e+002 -3.2239e+000 +3.3685e+000 -2.8429e+000 -3.8378e+000 -3.0021e-001 +3.2569e-001 -3.4934e+000 +4.5039e+000 +2.5811e+000 -2.4309e-001
3631 0 +4.864205755e-001 -3.938935794e+002 -3.938935794e+002 -3.2271e+000 +3.3678e+000 -2.8385e+000 -3.8345e+000 -2.9811e-001 +3.2113e-001 -3.4997e+000 +4.5111e+000 +2.5774e+000 -2.4380e-001
3679 0 +4.508425454e-001 -3.939291575e+002 -3.939291575e+002 -3.2212e+000 +3.3694e+000 -2.8412e+000 -3.8331e+000 -2.9834e-001 +3.2332e-001 -3.4960e+000 +4.5039e+000 +2.5811e+000 -2.4023e-001
3779 0 +4.200393134e-001 -3.939599607e+002 -3.939599607e+002 -3.2210e+000 +3.3700e+000 -2.8411e+000 -3.8323e+000 -2.9822e-001 +3.2302e-001 -3.4970e+000 +4.5048e+000 +2.5809e+000 -2.3987e-001
3813 0 +3.791036859e-001 -3.940008963e+002 -3.940008963e+002 -3.2190e+000 +3.3678e+000 -2.8410e+000 -3.8307e+000 -2.9689e-001 +3.2223e-001 -3.4960e+000 +4.5030e+000 +2.5807e+000 -2.3889e-001
3913 0 +3.328119766e-001 -3.940471880e+002 -3.940471880e+002 -3.2182e+000 +3.3684e+000 -2.8405e+000 -3.8291e+000 -2.9634e-001 +3.2163e-001 -3.4970e+000 +4.5034e+000 +2.5806e+000 -2.3803e-001
4246 0 +3.091967807e-001 -3.940708032e+002 -3.940708032e+002 -3.2178e+000 +3.3679e+000 -2.8403e+000 -3.8289e+000 -2.9676e-001 +3.2131e-001 -3.4971e+000 +4.5038e+000 +2.5800e+000 -2.3777e-001
4305 0 +3.081838564e-001 -3.940718161e+002 -3.940718161e+002 -3.2185e+000 +3.3689e+000 -2.8405e+000 -3.8295e+000 -2.9726e-001 +3.2164e-001 -3.4972e+000 +4.5041e+000 +2.5804e+000 -2.3787e-001
4377 0 +2.477553263e-001 -3.941322447e+002 -3.941322447e+002 -3.2215e+000 +3.3679e+000 -2.8421e+000 -3.8294e+000 -2.9781e-001 +3.2070e-001 -3.4944e+000 +4.5041e+000 +2.5795e+000 -2.4044e-001
4405 0 +2.101122171e-001 -3.941698878e+002 -3.941698878e+002 -3.2208e+000 +3.3681e+000 -2.8418e+000 -3.8295e+000 -2.9805e-001 +3.2090e-001 -3.4950e+000 +4.5043e+000 +2.5795e+000 -2.3977e-001
4469 0 +2.006940852e-001 -3.941793059e+002 -3.941793059e+002 -3.2209e+000 +3.3682e+000 -2.8417e+000 -3.8291e+000 -2.9776e-001 +3.2072e-001 -3.4953e+000 +4.5045e+000 +2.5793e+000 -2.3980e-001
4529 0 +1.842442066e-001 -3.941957558e+002 -3.941957558e+002 -3.2205e+000 +3.3680e+000 -2.8416e+000 -3.8281e+000 -2.9745e-001 +3.1999e-001 -3.4954e+000 +4.5046e+000 +2.5790e+000 -2.3951e-001
4670 0 +1.812044644e-001 -3.941987955e+002 -3.941987955e+002 -3.2210e+000 +3.3682e+000 -2.8417e+000 -3.8285e+000 -2.9788e-001 +3.2034e-001 -3.4952e+000 +4.5047e+000 +2.5793e+000 -2.3972e-001
4673 0 +1.617868581e-001 -3.942182131e+002 -3.942182131e+002 -3.2217e+000 +3.3679e+000 -2.8414e+000 -3.8294e+000 -2.9759e-001 +3.2000e-001 -3.4954e+000 +4.5045e+000 +2.5788e+000 -2.3910e-001
4872 0 +1.582403625e-001 -3.942217596e+002 -3.942217596e+002 -3.2217e+000 +3.3679e+000 -2.8413e+000 -3.8294e+000 -2.9756e-001 +3.2000e-001 -3.4954e+000 +4.5044e+000 +2.5787e+000 -2.3899e-001
5250 0 +1.532465315e-001 -3.942267535e+002 -3.942267535e+002 -3.2214e+000 +3.3679e+000 -2.8412e+000 -3.8289e+000 -2.9771e-001 +3.1999e-001 -3.4955e+000 +4.5046e+000 +2.5787e+000 -2.3903e-001
5413 0 +1.504592723e-001 -3.942295407e+002 -3.942295407e+002 -3.2213e+000 +3.3679e+000 -2.8411e+000 -3.8289e+000 -2.9772e-001 +3.2002e-001 -3.4955e+000 +4.5046e+000 +2.5787e+000 -2.3899e-001
5526 0 +1.476778097e-001 -3.942323222e+002 -3.942323222e+002 -3.2213e+000 +3.3678e+000 -2.8410e+000 -3.8288e+000 -2.9771e-001 +3.1976e-001 -3.4956e+000 +4.5047e+000 +2.5785e+000 -2.3893e-001
5611 0 +1.437696699e-001 -3.942362303e+002 -3.942362303e+002 -3.2213e+000 +3.3679e+000 -2.8410e+000 -3.8288e+000 -2.9786e-001 +3.2008e-001 -3.4955e+000 +4.5048e+000 +2.5786e+000 -2.3897e-001
5726 0 +1.404427470e-001 -3.942395573e+002 -3.942395573e+002 -3.2212e+000 +3.3678e+000 -2.8409e+000 -3.8288e+000 -2.9776e-001 +3.1977e-001 -3.4956e+000 +4.5046e+000 +2.5784e+000 -2.3897e-001
5910 0 +1.349375579e-001 -3.942450624e+002 -3.942450624e+002 -3.2215e+000 +3.3679e+000 -2.8410e+000 -3.8291e+000 -2.9790e-001 +3.2005e-001 -3.4956e+000 +4.5048e+000 +2.5785e+000 -2.3894e-001
6010 0 +1.339780504e-001 -3.942460219e+002 -3.942460219e+002 -3.2215e+000 +3.3679e+000 -2.8410e+000 -3.8291e+000 -2.9792e-001 +3.1999e-001 -3.4957e+000 +4.5048e+000 +2.5784e+000 -2.3889e-001
6520 0 +1.317960241e-001 -3.942482040e+002 -3.942482040e+002 -3.2216e+000 +3.3679e+000 -2.8410e+000 -3.8291e+000 -2.9793e-001 +3.1995e-001 -3.4957e+000 +4.5048e+000 +2.5783e+000 -2.3884e-001
7278 0 +1.288227869e-001 -3.942511772e+002 -3.942511772e+002 -3.2216e+000 +3.3678e+000 -2.8410e+000 -3.8291e+000 -2.9791e-001 +3.1997e-001 -3.4957e+000 +4.5048e+000 +2.5783e+000 -2.3885e-001
% f evaluations | g evaluations | best noise-free fitness - Fopt (5.443000000000e+001) + sum g_i+ | measured fitness | best measured fitness or single-digit g-values | x1 | x2...
1 0 +1.626782493e+001 +7.069782493e+001 +7.069782493e+001 +0.0000e+000 +0.0000e+000 +0.0000e+000 +0.0000e+000 +0.0000e+000 +0.0000e+000 +0.0000e+000 +0.0000e+000 +0.0000e+000 +0.0000e+000
2 0 +6.208009908e+000 +6.063800991e+001 +6.063800991e+001 +3.4652e+000 +3.1568e+000 -4.8948e+000 -5.9127e-001 +4.7618e+000 -2.1494e+000 +2.9193e+000 +1.2896e+000 +3.5019e+000 -2.2997e+000
10 0 +5.897738735e+000 +6.032773874e+001 +6.032773874e+001 -3.8626e+000 +3.5067e+000 -2.1631e+000 +1.8814e+000 +4.1093e-001 +2.3416e+000 +2.8838e+000 -1.7836e+000 -1.7171e+000 -1.0501e+000
22 0 +4.861221041e+000 +5.929122104e+001 +5.929122104e+001 -5.5859e-001 -3.0333e+000 +3.0916e+000 +4.9922e+000 -4.3079e+000 +1.6205e+000 -4.9158e-001 +2.6511e+000 -4.2327e+000 -3.0093e-001
308 0 +4.291609717e+000 +5.872160972e+001 +5.872160972e+001 -7.2178e-001 -2.5821e+000 +2.4608e+000 +4.4314e+000 -4.5694e+000 +2.2140e+000 -5.7848e-002 +2.0249e+000 -4.7610e+000 +1.1868e-001
359 0 +2.606078174e+000 +5.703607817e+001 +5.703607817e+001 -2.1586e+000 -2.1079e+000 -3.2485e+000 +2.9150e+000 -2.8478e+000 -5.0409e-001 -2.2768e+000 -6.0383e-001 -2.5235e+000 -3.5669e+000
1784 0 +2.453094371e+000 +5.688309437e+001 +5.688309437e+001 -3.7191e+000 -1.6210e+000 -4.9362e+000 +1.3064e+000 -1.9996e+000 -1.8385e+000 +4.6108e-001 -3.5436e-001 -1.8413e+000 -2.8796e+000
3663 0 +2.008716962e+000 +5.643871696e+001 +5.643871696e+001 -3.7223e+000 -1.6185e+000 -4.9526e+000 +1.2999e+000 -1.9959e+000 -1.8420e+000 +4.6982e-001 -3.5763e-001 -1.8372e+000 -2.8811e+000
3684 0 +1.905829064e+000 +5.633582906e+001 +5.633582906e+001 -3.7201e+000 -1.6207e+000 -4.9374e+000 +1.3054e+000 -1.9991e+000 -1.8394e+000 +4.6290e-001 -3.5421e-001 -1.8408e+000 -2.8792e+000
4063 0 +1.792810125e+000 +5.622281012e+001 +5.622281012e+001 -3.7224e+000 -1.6182e+000 -4.9554e+000 +1.2992e+000 -1.9955e+000 -1.8421e+000 +4.7050e-001 -3.5846e-001 -1.8366e+000 -2.8817e+000
4163 0 +1.472102199e+000 +5.590210220e+001 +5.590210220e+001 -3.7229e+000 -1.6172e+000 -4.9638e+000 +1.2968e+000 -1.9940e+000 -1.8430e+000 +4.7326e-001 -3.6067e-001 -1.8347e+000 -2.8832e+000
4263 0 +1.307300546e+000 +5.573730055e+001 +5.573730055e+001 -3.7232e+000 -1.6167e+000 -4.9679e+000 +1.2955e+000 -1.9932e+000 -1.8434e+000 +4.7464e-001 -3.6178e-001 -1.8338e+000 -2.8840e+000
4363 0 +1.170089396e+000 +5.560008940e+001 +5.560008940e+001 -3.7233e+000 -1.6164e+000 -4.9700e+000 +1.2949e+000 -1.9929e+000 -1.8436e+000 +4.7534e-001 -3.6233e-001 -1.8333e+000 -2.8844e+000
4463 0 +1.076771910e+000 +5.550677191e+001 +5.550677191e+001 -3.7234e+000 -1.6163e+000 -4.9711e+000 +1.2946e+000 -1.9927e+000 -1.8437e+000 +4.7568e-001 -3.6261e-001 -1.8331e+000 -2.8846e+000
4563 0 +1.023361081e+000 +5.545336108e+001 +5.545336108e+001 -3.7234e+000 -1.6162e+000 -4.9716e+000 +1.2945e+000 -1.9926e+000 -1.8437e+000 +4.7585e-001 -3.6275e-001 -1.8330e+000 -2.8847e+000
4663 0 +1.000706346e+000 +5.543070635e+001 +5.543070635e+001 -3.7235e+000 -1.6162e+000 -4.9719e+000 +1.2944e+000 -1.9925e+000 -1.8438e+000 +4.7594e-001 -3.6282e-001 -1.8329e+000 -2.8847e+000
4753 0 +9.785147996e-001 +5.540851480e+001 +5.540851480e+001 -3.7236e+000 -1.6161e+000 -4.9723e+000 +1.2941e+000 -1.9924e+000 -1.8439e+000 +4.7634e-001 -3.6285e-001 -1.8328e+000 -2.8847e+000
4758 0 +9.548506486e-001 +5.538485065e+001 +5.538485065e+001 -3.7254e+000 -1.6166e+000 -4.9735e+000 +1.2936e+000 -1.9927e+000 -1.8458e+000 +4.7670e-001 -3.6234e-001 -1.8340e+000 -2.8836e+000
4863 0 +9.330494776e-001 +5.536304948e+001 +5.536304948e+001 -3.7248e+000 -1.6164e+000 -4.9731e+000 +1.2938e+000 -1.9926e+000 -1.8451e+000 +4.7649e-001 -3.6252e-001 -1.8336e+000 -2.8840e+000
5431 0 +8.813897125e-001 +5.531138971e+001 +5.531138971e+001 -3.7221e+000 -1.6165e+000 -4.9692e+000 +1.2935e+000 -1.9936e+000 -1.8427e+000 +4.7467e-001 -3.6130e-001 -1.8337e+000 -2.8825e+000
5563 0 +8.661643156e-001 +5.529616432e+001 +5.529616432e+001 -3.7234e+000 -1.6165e+000 -4.9711e+000 +1.2936e+000 -1.9931e+000 -1.8439e+000 +4.7567e-001 -3.6187e-001 -1.8336e+000 -2.8832e+000
5853 0 +8.508230504e-001 +5.528082305e+001 +5.528082305e+001 -3.7235e+000 -1.6164e+000 -4.9715e+000 +1.2939e+000 -1.9930e+000 -1.8438e+000 +4.7577e-001 -3.6217e-001 -1.8334e+000 -2.8837e+000
6131 0 +8.281114832e-001 +5.525811148e+001 +5.525811148e+001 -3.7229e+000 -1.6159e+000 -4.9720e+000 +1.2941e+000 -1.9932e+000 -1.8438e+000 +4.7575e-001 -3.6283e-001 -1.8343e+000 -2.8838e+000
6164 0 +7.988755343e-001 +5.522887553e+001 +5.522887553e+001 -3.7232e+000 -1.6156e+000 -4.9726e+000 +1.2944e+000 -1.9931e+000 -1.8442e+000 +4.7601e-001 -3.6328e-001 -1.8348e+000 -2.8840e+000
6231 0 +7.852381059e-001 +5.521523811e+001 +5.521523811e+001 -3.7229e+000 -1.6154e+000 -4.9729e+000 +1.2945e+000 -1.9931e+000 -1.8441e+000 +4.7600e-001 -3.6359e-001 -1.8351e+000 -2.8841e+000
6326 0 +7.462713298e-001 +5.517627133e+001 +5.517627133e+001 -3.7233e+000 -1.6152e+000 -4.9735e+000 +1.2946e+000 -1.9930e+000 -1.8445e+000 +4.7630e-001 -3.6400e-001 -1.8355e+000 -2.8843e+000
6753 0 +7.406090942e-001 +5.517060909e+001 +5.517060909e+001 -3.7232e+000 -1.6152e+000 -4.9734e+000 +1.2946e+000 -1.9931e+000 -1.8445e+000 +4.7627e-001 -3.6394e-001 -1.8354e+000 -2.8842e+000
7133 0 +7.238369747e-001 +5.515383697e+001 +5.515383697e+001 -3.7234e+000 -1.6152e+000 -4.9736e+000 +1.2946e+000 -1.9930e+000 -1.8446e+000 +4.7636e-001 -3.6400e-001 -1.8353e+000 -2.8843e+000
% f evaluations | g evaluations | best noise-free fitness - Fopt (1.396900000000e+002) + sum g_i+ | measured fitness | best measured fitness or single-digit g-values | x1 | x2...
1 0 +2.266168168e+001 +1.623516817e+002 +1.623516817e+002 +0.0000e+000 +0.0000e+000 +0.0000e+000 +0.0000e+000 +0.0000e+000 +0.0000e+000 +0.0000e+000 +0.0000e+000 +0.0000e+000 +0.0000e+000
2 0 +8.259612896e+000 +1.479496129e+002 +1.479496129e+002 +3.5478e+000 +2.5785e+000 +2.2843e+000 +3.9504e+000 -3.3064e-001 +9.1835e-001 -3.1592e+000 -2.7364e+000 +2.4284e+000 -1.7839e+000
14 0 +7.755998053e+000 +1.474459981e+002 +1.474459981e+002 +2.9907e+000 +1.0554e+000 +3.8024e+000 +3.2686e+000 +2.3936e+000 -1.9954e+000 -2.3615e+000 -2.6975e+000 +2.6847e+000 +4.2026e+000
44 0 +6.068725296e+000 +1.457587253e+002 +1.457587253e+002 +1.5028e+000 -1.1549e+000 +4.9544e+000 +1.7484e+000 -6.0279e-001 +3.8046e+000 +1.9710e-001 -1.8778e+000 -4.0672e+000 +1.9169e+000
56 0 +4.501465513e+000 +1.441914655e+002 +1.441914655e+002 +3.2293e+000 -2.6658e+000 +2.2616e+000 +1.6668e+000 +1.4583e+000 -3.5403e+000 +3.8033e+000 +2.7854e+000 -1.7952e+000 -1.9702e+000
352 0 +4.210567359e+000 +1.439005674e+002 +1.439005674e+002 -2.5716e+000 -8.2410e-001 +2.4794e+000 -2.8296e+000 -4.2632e+000 -2.7726e+000 +3.7171e+000 -9.1636e-001 +4.0421e+000 +4.8182e-001
431 0 +3.608710941e+000 +1.432987109e+002 +1.432987109e+002 +5.4567e+000 -1.3966e+000 +1.8683e+000 +8.4984e-001 +4.1732e+000 -3.5696e+000 +9.5503e-001 +3.6471e+000 -3.1272e+000 -6.5862e-001
767 0 +3.538367539e+000 +1.432283675e+002 +1.432283675e+002 +5.8176e+000 -2.1255e+000 +1.4260e+000 +1.2944e+000 +3.7517e+000 -4.1602e+000 +8.1292e-001 +4.7667e+000 -4.2814e+000 -7.9279e-001
789 0 +3.079931565e+000 +1.427699316e+002 +1.427699316e+002 +3.6855e+000 -3.7842e+000 -6.3386e-001 -1.7835e+000 -1.4481e+000 -2.1268e-001 -3.9865e+000 +2.1597e+000 -2.9265e+000 +2.9063e+000
871 0 +2.157861418e+000 +1.418478614e+002 +1.418478614e+002 -4.6487e-001 -1.6218e+000 +5.3283e-001 -2.5104e+000 -2.7759e+000 +4.6820e-001 -1.3221e-001 -6.2325e-001 -3.1257e-001 +2.6158e+000
2949 0 +1.797139513e+000 +1.414871395e+002 +1.414871395e+002 -4.6786e-001 -1.6213e+000 +5.3215e-001 -2.5130e+000 -2.7791e+000 +4.6929e-001 -1.3017e-001 -6.2497e-001 -3.0947e-001 +2.5912e+000
3717 0 +1.763727036e+000 +1.414537270e+002 +1.414537270e+002 -4.7519e-001 -1.6183e+000 +5.3349e-001 -2.5163e+000 -2.7835e+000 +4.7055e-001 -1.2657e-001 -6.3014e-001 -3.0449e-001 +2.6031e+000
3772 0 +1.412177994e+000 +1.411021780e+002 +1.411021780e+002 -4.6803e-001 -1.6220e+000 +5.3280e-001 -2.5141e+000 -2.7803e+000 +4.7049e-001 -1.3064e-001 -6.2618e-001 -3.0847e-001 +2.5916e+000
3948 0 +1.373214183e+000 +1.410632142e+002 +1.410632142e+002 -4.6615e-001 -1.6216e+000 +5.3276e-001 -2.5121e+000 -2.7775e+000 +4.6855e-001 -1.3063e-001 -6.2568e-001 -3.0954e-001 +2.5909e+000
4111 0 +1.297020326e+000 +1.409870203e+002 +1.409870203e+002 -4.6456e-001 -1.6213e+000 +5.3189e-001 -2.5111e+000 -2.7754e+000 +4.6712e-001 -1.3051e-001 -6.2596e-001 -3.1075e-001 +2.5906e+000
4825 0 +1.264252078e+000 +1.409542521e+002 +1.409542521e+002 -4.6453e-001 -1.6213e+000 +5.3193e-001 -2.5111e+000 -2.7754e+000 +4.6714e-001 -1.3056e-001 -6.2584e-001 -3.1079e-001 +2.5910e+000
5011 0 +1.257837787e+000 +1.409478378e+002 +1.409478378e+002 -4.6442e-001 -1.6214e+000 +5.3195e-001 -2.5111e+000 -2.7754e+000 +4.6716e-001 -1.3063e-001 -6.2575e-001 -3.1085e-001 +2.5909e+000
6649 0 +1.229021137e+000 +1.409190211e+002 +1.409190211e+002 -4.6419e-001 -1.6218e+000 +5.3209e-001 -2.5115e+000 -2.7750e+000 +4.6718e-001 -1.3034e-001 -6.2557e-001 -3.1075e-001 +2.5913e+000
8910 0 +1.178950278e+000 +1.408689503e+002 +1.408689503e+002 -4.6545e-001 -1.6196e+000 +5.3190e-001 -2.5121e+000 -2.7758e+000 +4.6633e-001 -1.3174e-001 -6.2773e-001 -3.1098e-001 +2.5931e+000
9026 0 +1.157565548e+000 +1.408475655e+002 +1.408475655e+002 -4.6485e-001 -1.6206e+000 +5.3204e-001 -2.5117e+000 -2.7754e+000 +4.6678e-001 -1.3089e-001 -6.2652e-001 -3.1089e-001 +2.5919e+000
9110 0 +1.139534560e+000 +1.408295346e+002 +1.408295346e+002 -4.6589e-001 -1.6188e+000 +5.3185e-001 -2.5123e+000 -2.7760e+000 +4.6605e-001 -1.3213e-001 -6.2840e-001 -3.1106e-001 +2.5935e+000
9210 0 +1.064998223e+000 +1.407549982e+002 +1.407549982e+002 -4.6659e-001 -1.6176e+000 +5.3175e-001 -2.5126e+000 -2.7765e+000 +4.6557e-001 -1.3286e-001 -6.2956e-001 -3.1120e-001 +2.5943e+000
9310 0 +1.021733266e+000 +1.407117333e+002 +1.407117333e+002 -4.6695e-001 -1.6169e+000 +5.3170e-001 -2.5127e+000 -2.7767e+000 +4.6532e-001 -1.3322e-001 -6.3015e-001 -3.1126e-001 +2.5947e+000
9448 0 +9.879981341e-001 +1.406779981e+002 +1.406779981e+002 -4.6725e-001 -1.6164e+000 +5.3166e-001 -2.5128e+000 -2.7768e+000 +4.6511e-001 -1.3354e-001 -6.3066e-001 -3.1133e-001 +2.5951e+000
9597 0 +9.545452476e-001 +1.406445452e+002 +1.406445452e+002 -4.6704e-001 -1.6164e+000 +5.3167e-001 -2.5127e+000 -2.7766e+000 +4.6479e-001 -1.3340e-001 -6.3055e-001 -3.1138e-001 +2.5950e+000
9725 0 +9.089558101e-001 +1.405989558e+002 +1.405989558e+002 -4.6688e-001 -1.6166e+000 +5.3174e-001 -2.5125e+000 -2.7765e+000 +4.6475e-001 -1.3309e-001 -6.3022e-001 -3.1141e-001 +2.5945e+000
9810 0 +8.897963792e-001 +1.405797964e+002 +1.405797964e+002 -4.6673e-001 -1.6170e+000 +5.3178e-001 -2.5125e+000 -2.7764e+000 +4.6484e-001 -1.3279e-001 -6.2990e-001 -3.1128e-001 +2.5943e+000
9933 0 +8.620891732e-001 +1.405520892e+002 +1.405520892e+002 -4.6727e-001 -1.6162e+000 +5.3171e-001 -2.5127e+000 -2.7767e+000 +4.6455e-001 -1.3322e-001 -6.3070e-001 -3.1128e-001 +2.5948e+000
10021 0 +8.463648310e-001 +1.405363648e+002 +1.405363648e+002 -4.6716e-001 -1.6164e+000 +5.3174e-001 -2.5126e+000 -2.7766e+000 +4.6459e-001 -1.3306e-001 -6.3049e-001 -3.1126e-001 +2.5946e+000
% f evaluations | g evaluations | best noise-free fitness - Fopt (-5.794000000000e+001) + sum g_i+ | measured fitness | best measured fitness or single-digit g-values | x1 | x2...
1 0 +1.147678309e+001 -4.646321691e+001 -4.646321691e+001 +0.0000e+000 +0.0000e+000 +0.0000e+000 +0.0000e+000 +0.0000e+000 +0.0000e+000 +0.0000e+000 +0.0000e+000 +0.0000e+000 +0.0000e+000
8 0 +1.037734200e+001 -4.756265800e+001 -4.756265800e+001 +4.7717e+000 +1.0180e+000 +3.2551e+000 -3.2579e-002 +2.7604e+000 -4.1617e+000 -4.0805e+000 -1.5686e-001 +8.2172e-002 -1.0431e+000
18 0 +6.692997443e+000 -5.124700256e+001 -5.124700256e+001 +3.2266e+000 -1.9068e+000 +4.8788e+000 +3.2229e+000 +3.7182e+000 +2.0298e+000 +4.4674e+000 -3.9164e+000 +1.5179e-001 -9.5182e-001
38 0 +6.036698565e+000 -5.190330144e+001 -5.190330144e+001 +1.9964e+000 -2.2819e+000 -4.0568e+000 -1.2290e+000 +3.3888e+000 -2.9669e+000 +2.3678e+000 +3.7760e+000 -1.5642e+000 +5.7960e-001
90 0 +4.093142482e+000 -5.384685752e+001 -5.384685752e+001 -3.0405e+000 +2.4827e+000 -3.6664e+000 +9.5119e-002 +3.3607e+000 -4.7861e+000 -4.6068e+000 -2.5159e+000 -1.9697e+000 +3.3123e+000
493 0 +4.006563616e+000 -5.393343638e+001 -5.393343638e+001 -1.2261e+000 +6.8194e-001 -3.2897e+000 -4.8742e-001 +3.0064e+000 -3.0362e+000 -1.6678e+000 -2.0375e+000 -1.2223e+000 +1.3424e+000
716 0 +3.580727300e+000 -5.435927270e+001 -5.435927270e+001 -1.3561e+000 +1.0452e+000 -3.1293e+000 -1.5858e-001 +2.5161e+000 -4.2590e+000 -1.5841e+000 -1.9942e+000 -2.3800e+000 +2.0511e+000
1658 0 +3.360577469e+000 -5.457942253e+001 -5.457942253e+001 -1.4098e+000 +1.3338e+000 -3.1276e+000 -2.7359e-001 +2.4496e+000 -4.2923e+000 -1.8258e+000 -2.0994e+000 -2.2857e+000 +2.1208e+000
1803 0 +2.420745706e+000 -5.551925429e+001 -5.551925429e+001 -1.3852e+000 +1.2504e+000 -3.0993e+000 -2.5148e-001 +2.4324e+000 -4.2818e+000 -1.7838e+000 -2.0469e+000 -2.2798e+000 +2.0940e+000
2438 0 +2.365972098e+000 -5.557402790e+001 -5.557402790e+001 -9.2228e-001 +7.0916e-001 -3.2220e+000 -3.2773e-001 +2.5602e+000 -4.1637e+000 -1.1439e+000 -1.2413e+000 -2.2859e+000 +1.9097e+000
2533 0 +2.114216648e+000 -5.582578335e+001 -5.582578335e+001 -1.1346e+000 +9.5832e-001 -3.1419e+000 -2.9126e-001 +2.4940e+000 -4.1871e+000 -1.4179e+000 -1.6073e+000 -2.2639e+000 +1.9745e+000
2603 0 +1.694064908e+000 -5.624593509e+001 -5.624593509e+001 -9.1299e-001 +6.9871e-001 -3.2186e+000 -3.2835e-001 +2.5638e+000 -4.1490e+000 -1.1199e+000 -1.2245e+000 -2.2815e+000 +1.8987e+000
2803 0 +9.756573506e-001 -5.696434265e+001 -5.696434265e+001 -9.1201e-001 +6.9772e-001 -3.2235e+000 -3.2797e-001 +2.5700e+000 -4.1475e+000 -1.1127e+000 -1.2238e+000 -2.2854e+000 +1.8985e+000
4163 0 +8.724531882e-001 -5.706754681e+001 -5.706754681e+001 -9.1710e-001 +7.0042e-001 -3.2234e+000 -3.3707e-001 +2.5702e+000 -4.1409e+000 -1.1225e+000 -1.2232e+000 -2.2747e+000 +1.9034e+000
4338 0 +7.457988167e-001 -5.719420118e+001 -5.719420118e+001 -9.1676e-001 +6.9945e-001 -3.2235e+000 -3.3703e-001 +2.5708e+000 -4.1402e+000 -1.1212e+000 -1.2223e+000 -2.2748e+000 +1.9031e+000
4403 0 +6.645685590e-001 -5.727543144e+001 -5.727543144e+001 -9.1683e-001 +6.9983e-001 -3.2244e+000 -3.3713e-001 +2.5718e+000 -4.1402e+000 -1.1206e+000 -1.2227e+000 -2.2754e+000 +1.9033e+000
4603 0 +6.502562433e-001 -5.728974376e+001 -5.728974376e+001 -9.1677e-001 +6.9983e-001 -3.2244e+000 -3.3699e-001 +2.5717e+000 -4.1403e+000 -1.1205e+000 -1.2227e+000 -2.2755e+000 +1.9032e+000
4838 0 +6.252361869e-001 -5.731476381e+001 -5.731476381e+001 -9.1664e-001 +6.9977e-001 -3.2244e+000 -3.3674e-001 +2.5717e+000 -4.1405e+000 -1.1203e+000 -1.2227e+000 -2.2758e+000 +1.9031e+000
4985 0 +6.119844726e-001 -5.732801553e+001 -5.732801553e+001 -9.1659e-001 +6.9969e-001 -3.2246e+000 -3.3690e-001 +2.5719e+000 -4.1404e+000 -1.1201e+000 -1.2226e+000 -2.2758e+000 +1.9031e+000
5285 0 +5.961335936e-001 -5.734386641e+001 -5.734386641e+001 -9.1660e-001 +6.9974e-001 -3.2245e+000 -3.3677e-001 +2.5718e+000 -4.1405e+000 -1.1202e+000 -1.2227e+000 -2.2758e+000 +1.9031e+000
5485 0 +5.887659032e-001 -5.735123410e+001 -5.735123410e+001 -9.1652e-001 +6.9963e-001 -3.2246e+000 -3.3686e-001 +2.5719e+000 -4.1404e+000 -1.1200e+000 -1.2225e+000 -2.2758e+000 +1.9031e+000
6687 0 +5.754165060e-001 -5.736458349e+001 -5.736458349e+001 -9.1545e-001 +7.0125e-001 -3.2259e+000 -3.3681e-001 +2.5703e+000 -4.1395e+000 -1.1188e+000 -1.2210e+000 -2.2773e+000 +1.9020e+000
6777 0 +5.372890938e-001 -5.740271091e+001 -5.740271091e+001 -9.1650e-001 +7.0125e-001 -3.2243e+000 -3.3590e-001 +2.5705e+000 -4.1390e+000 -1.1189e+000 -1.2226e+000 -2.2785e+000 +1.9011e+000
6829 0 +5.351696102e-001 -5.740483039e+001 -5.740483039e+001 -9.1638e-001 +7.0095e-001 -3.2244e+000 -3.3608e-001 +2.5708e+000 -4.1393e+000 -1.1192e+000 -1.2225e+000 -2.2779e+000 +1.9015e+000
6885 0 +5.111566308e-001 -5.742884337e+001 -5.742884337e+001 -9.1610e-001 +7.0163e-001 -3.2248e+000 -3.3599e-001 +2.5701e+000 -4.1388e+000 -1.1186e+000 -1.2220e+000 -2.2788e+000 +1.9009e+000
7002 0 +4.832639987e-001 -5.745673600e+001 -5.745673600e+001 -9.1643e-001 +7.0168e-001 -3.2243e+000 -3.3558e-001 +2.5702e+000 -4.1389e+000 -1.1186e+000 -1.2226e+000 -2.2792e+000 +1.9007e+000
7102 0 +4.775543809e-001 -5.746244562e+001 -5.746244562e+001 -9.1630e-001 +7.0200e-001 -3.2244e+000 -3.3544e-001 +2.5699e+000 -4.1387e+000 -1.1184e+000 -1.2225e+000 -2.2797e+000 +1.9005e+000
7221 0 +4.672902927e-001 -5.747270971e+001 -5.747270971e+001 -9.1658e-001 +7.0196e-001 -3.2240e+000 -3.3529e-001 +2.5699e+000 -4.1385e+000 -1.1184e+000 -1.2229e+000 -2.2799e+000 +1.9002e+000
7228 0 +4.392749423e-001 -5.750072506e+001 -5.750072506e+001 -9.1662e-001 +7.0192e-001 -3.2237e+000 -3.3532e-001 +2.5697e+000 -4.1386e+000 -1.1186e+000 -1.2232e+000 -2.2796e+000 +1.9003e+000
7304 0 +4.294993543e-001 -5.751050065e+001 -5.751050065e+001 -9.1663e-001 +7.0198e-001 -3.2237e+000 -3.3529e-001 +2.5697e+000 -4.1386e+000 -1.1186e+000 -1.2232e+000 -2.2796e+000 +1.9003e+000
7422 0 +4.122987468e-001 -5.752770125e+001 -5.752770125e+001 -9.1699e-001 +7.0230e-001 -3.2234e+000 -3.3507e-001 +2.5695e+000 -4.1387e+000 -1.1190e+000 -1.2240e+000 -2.2797e+000 +1.9002e+000
7516 0 +4.041090785e-001 -5.753589092e+001 -5.753589092e+001 -9.1704e-001 +7.0248e-001 -3.2234e+000 -3.3501e-001 +2.5693e+000 -4.1386e+000 -1.1190e+000 -1.2241e+000 -2.2799e+000 +1.9001e+000
7733 0 +3.917689023e-001 -5.754823110e+001 -5.754823110e+001 -9.1698e-001 +7.0239e-001 -3.2233e+000 -3.3499e-001 +2.5693e+000 -4.1386e+000 -1.1189e+000 -1.2240e+000 -2.2799e+000 +1.9001e+000
7833 0 +3.869386271e-001 -5.755306137e+001 -5.755306137e+001 -9.1696e-001 +7.0248e-001 -3.2233e+000 -3.3499e-001 +2.5692e+000 -4.1386e+000 -1.1189e+000 -1.2240e+000 -2.2799e+000 +1.9001e+000
8002 0 +3.797628919e-001 -5.756023711e+001 -5.756023711e+001 -9.1689e-001 +7.0247e-001 -3.2234e+000 -3.3503e-001 +2.5692e+000 -4.1386e+000 -1.1189e+000 -1.2240e+000 -2.2799e+000 +1.9001e+000
% f evaluations | g evaluations | best noise-free fitness - Fopt (1.253900000000e+002) + sum g_i+ | measured fitness | best measured fitness or single-digit g-values | x1 | x2...
1 0 +1.698073339e+001 +1.423707334e+002 +1.423707334e+002 +0.0000e+000 +0.0000e+000 +0.0000e+000 +0.0000e+000 +0.0000e+000 +0.0000e+000 +0.0000e+000 +0.0000e+000 +0.0000e+000 +0.0000e+000
2 0 +1.106351490e+001 +1.364535149e+002 +1.364535149e+002 -2.6503e+000 +4.4130e+000 -4.9666e+000 +4.2057e+000 -3.4738e-002 +1.6586e+000 -3.2734e-001 -4.3375e+000 +2.2513e+000 -1.6616e+000
8 0 +9.265834151e+000 +1.346558342e+002 +1.346558342e+002 -2.3838e+000 +2.2494e+000 +1.1509e+000 +8.4443e-001 +6.6785e-001 +4.1691e+000 -9.7543e-001 +2.4301e+000 -1.0120e+000 -1.8228e+000
9 0 +7.263372988e+000 +1.326533730e+002 +1.326533730e+002 -1.6197e+000 +3.6958e+000 +2.2997e+000 -4.7763e+000 +2.5827e+000 +4.9087e+000 +5.1068e-001 +8.8313e-001 +4.5016e+000 -4.9064e+000
14 0 +6.386579885e+000 +1.317765799e+002 +1.317765799e+002 -1.1817e+000 +4.4266e+000 -3.3737e-001 -4.2939e+000 +2.4297e+000 +4.5965e+000 -9.0382e-001 -3.4468e+000 -4.9891e+000 +2.2362e+000
17 0 +3.554307743e+000 +1.289443077e+002 +1.289443077e+002 -2.4842e+000 +1.9961e+000 -1.1104e-001 +4.0683e+000 -3.0808e+000 +3.0510e+000 +4.9000e+000 -7.1637e-001 -6.6261e-001 +9.4128e-001
19 0 +2.214714428e+000 +1.276047144e+002 +1.276047144e+002 +4.1242e+000 -3.4386e+000 -3.6242e+000 -2.9154e+000 -1.2150e+000 -4.4640e+000 +4.8655e+000 -4.2642e+000 +3.3205e+000 +4.7304e-001
1719 0 +2.082125723e+000 +1.274721257e+002 +1.274721257e+002 +4.1251e+000 -3.4397e+000 -3.6231e+000 -2.9152e+000 -1.2155e+000 -4.4652e+000 +4.8666e+000 -4.2651e+000 +3.3192e+000 +4.7199e-001
1819 0 +1.714648403e+000 +1.271046484e+002 +1.271046484e+002 +4.1248e+000 -3.4393e+000 -3.6235e+000 -2.9152e+000 -1.2153e+000 -4.4648e+000 +4.8662e+000 -4.2648e+000 +3.3197e+000 +4.7238e-001
2819 0 +1.660006275e+000 +1.270500063e+002 +1.270500063e+002 +4.1269e+000 -3.4402e+000 -3.6242e+000 -2.9164e+000 -1.2149e+000 -4.4656e+000 +4.8660e+000 -4.2650e+000 +3.3204e+000 +4.7136e-001
3319 0 +1.658200792e+000 +1.270482008e+002 +1.270482008e+002 +4.1271e+000 -3.4402e+000 -3.6243e+000 -2.9165e+000 -1.2149e+000 -4.4657e+000 +4.8659e+000 -4.2650e+000 +3.3205e+000 +4.7131e-001
4588 0 +1.526853820e+000 +1.269168538e+002 +1.269168538e+002 +4.1369e+000 -3.4482e+000 -3.6124e+000 -2.9102e+000 -1.2019e+000 -4.4756e+000 +4.8648e+000 -4.2563e+000 +3.3229e+000 +4.6897e-001
4645 0 +1.509182360e+000 +1.268991824e+002 +1.268991824e+002 +4.1333e+000 -3.4454e+000 -3.6179e+000 -2.9137e+000 -1.2098e+000 -4.4711e+000 +4.8660e+000 -4.2622e+000 +3.3221e+000 +4.6935e-001
4670 0 +1.361973468e+000 +1.267519735e+002 +1.267519735e+002 +4.1429e+000 -3.4565e+000 -3.6190e+000 -2.9047e+000 -1.2065e+000 -4.4782e+000 +4.8694e+000 -4.2511e+000 +3.3248e+000 +4.7034e-001
4712 0 +1.203277852e+000 +1.265932779e+002 +1.265932779e+002 +4.1368e+000 -3.4500e+000 -3.6200e+000 -2.9094e+000 -1.2087e+000 -4.4737e+000 +4.8677e+000 -4.2564e+000 +3.3231e+000 +4.7047e-001
4745 0 +1.169305309e+000 +1.265593053e+002 +1.265593053e+002 +4.1410e+000 -3.4530e+000 -3.6147e+000 -2.9093e+000 -1.2070e+000 -4.4768e+000 +4.8677e+000 -4.2579e+000 +3.3242e+000 +4.6805e-001
4788 0 +1.139508893e+000 +1.265295089e+002 +1.265295089e+002 +4.1427e+000 -3.4551e+000 -3.6143e+000 -2.9055e+000 -1.2023e+000 -4.4793e+000 +4.8675e+000 -4.2513e+000 +3.3247e+000 +4.6940e-001
4812 0 +1.049640244e+000 +1.264396402e+002 +1.264396402e+002 +4.1419e+000 -3.4551e+000 -3.6181e+000 -2.9056e+000 -1.2059e+000 -4.4778e+000 +4.8687e+000 -4.2520e+000 +3.3245e+000 +4.7021e-001
4912 0 +1.010172561e+000 +1.264001726e+002 +1.264001726e+002 +4.1444e+000 -3.4577e+000 -3.6172e+000 -2.9037e+000 -1.2045e+000 -4.4798e+000 +4.8692e+000 -4.2498e+000 +3.3252e+000 +4.7008e-001
4945 0 +8.940719719e-001 +1.262840720e+002 +1.262840720e+002 +4.1451e+000 -3.4579e+000 -3.6152e+000 -2.9041e+000 -1.2036e+000 -4.4805e+000 +4.8688e+000 -4.2506e+000 +3.3254e+000 +4.6923e-001
5115 0 +8.882853819e-001 +1.262782854e+002 +1.262782854e+002 +4.1425e+000 -3.4537e+000 -3.6165e+000 -2.9068e+000 -1.2060e+000 -4.4779e+000 +4.8686e+000 -4.2539e+000 +3.3247e+000 +4.6830e-001
5212 0 +8.486811221e-001 +1.262386811e+002 +1.262386811e+002 +4.1429e+000 -3.4541e+000 -3.6158e+000 -2.9067e+000 -1.2055e+000 -4.4783e+000 +4.8685e+000 -4.2539e+000 +3.3248e+000 +4.6812e-001
5319 0 +8.212889914e-001 +1.262112890e+002 +1.262112890e+002 +4.1428e+000 -3.4536e+000 -3.6156e+000 -2.9072e+000 -1.2056e+000 -4.4782e+000 +4.8684e+000 -4.2545e+000 +3.3248e+000 +4.6780e-001
5419 0 +8.012152054e-001 +1.261912152e+002 +1.261912152e+002 +4.1433e+000 -3.4537e+000 -3.6152e+000 -2.9073e+000 -1.2056e+000 -4.4786e+000 +4.8686e+000 -4.2547e+000 +3.3249e+000 +4.6769e-001
5443 0 +7.921386064e-001 +1.261821386e+002 +1.261821386e+002 +4.1436e+000 -3.4543e+000 -3.6152e+000 -2.9069e+000 -1.2053e+000 -4.4788e+000 +4.8686e+000 -4.2541e+000 +3.3249e+000 +4.6792e-001
5615 0 +7.747659885e-001 +1.261647660e+002 +1.261647660e+002 +4.1434e+000 -3.4543e+000 -3.6150e+000 -2.9072e+000 -1.2055e+000 -4.4789e+000 +4.8685e+000 -4.2543e+000 +3.3248e+000 +4.6773e-001
5719 0 +7.570260864e-001 +1.261470261e+002 +1.261470261e+002 +4.1439e+000 -3.4544e+000 -3.6147e+000 -2.9070e+000 -1.2053e+000 -4.4793e+000 +4.8687e+000 -4.2541e+000 +3.3249e+000 +4.6741e-001
6112 0 +7.409604231e-001 +1.261309604e+002 +1.261309604e+002 +4.1435e+000 -3.4541e+000 -3.6150e+000 -2.9072e+000 -1.2054e+000 -4.4789e+000 +4.8686e+000 -4.2543e+000 +3.3249e+000 +4.6759e-001
7212 0 +7.238971072e-001 +1.261138971e+002 +1.261138971e+002 +4.1437e+000 -3.4542e+000 -3.6151e+000 -2.9073e+000 -1.2056e+000 -4.4793e+000 +4.8686e+000 -4.2544e+000 +3.3248e+000 +4.6746e-001
7641 0 +7.055187763e-001 +1.260955188e+002 +1.260955188e+002 +4.1432e+000 -3.4536e+000 -3.6159e+000 -2.9076e+000 -1.2055e+000 -4.4789e+000 +4.8688e+000 -4.2549e+000 +3.3250e+000 +4.6812e-001
8140 0 +6.799094695e-001 +1.260699095e+002 +1.260699095e+002 +4.1445e+000 -3.4541e+000 -3.6161e+000 -2.9077e+000 -1.2058e+000 -4.4800e+000 +4.8692e+000 -4.2545e+000 +3.3251e+000 +4.6775e-001
8252 0 +6.694603879e-001 +1.260594604e+002 +1.260594604e+002 +4.1442e+000 -3.4539e+000 -3.6161e+000 -2.9076e+000 -1.2057e+000 -4.4798e+000 +4.8692e+000 -4.2545e+000 +3.3250e+000 +4.6778e-001
8412 0 +6.585443882e-001 +1.260485444e+002 +1.260485444e+002 +4.1444e+000 -3.4540e+000 -3.6162e+000 -2.9076e+000 -1.2058e+000 -4.4800e+000 +4.8692e+000 -4.2545e+000 +3.3250e+000 +4.6775e-001
8482 0 +6.448324563e-001 +1.260348325e+002 +1.260348325e+002 +4.1444e+000 -3.4539e+000 -3.6163e+000 -2.9076e+000 -1.2058e+000 -4.4800e+000 +4.8693e+000 -4.2545e+000 +3.3251e+000 +4.6779e-001
9116 0 +6.177886578e-001 +1.260077887e+002 +1.260077887e+002 +4.1457e+000 -3.4543e+000 -3.6162e+000 -2.9078e+000 -1.2063e+000 -4.4813e+000 +4.8701e+000 -4.2538e+000 +3.3250e+000 +4.6795e-001
9141 0 +6.058361032e-001 +1.259958361e+002 +1.259958361e+002 +4.1457e+000 -3.4543e+000 -3.6163e+000 -2.9078e+000 -1.2063e+000 -4.4813e+000 +4.8702e+000 -4.2539e+000 +3.3250e+000 +4.6800e-001
9899 0 +6.021496324e-001 +1.259921496e+002 +1.259921496e+002 +4.1457e+000 -3.4543e+000 -3.6163e+000 -2.9078e+000 -1.2063e+000 -4.4813e+000 +4.8702e+000 -4.2538e+000 +3.3250e+000 +4.6798e-001
