% f evaluations | g evaluations | best noise-free fitness - Fopt (-1.025500000000e+002) + sum g_i+ | measured fitness | best measured fitness or single-digit g-values | x1 | x2...
1 0 +2.503737427e-001 -1.022996263e+002 -1.022996263e+002 +0.0000e+000 +0.0000e+000
95 0 +1.539637015e-001 -1.023960363e+002 -1.023960363e+002 +8.6032e-001 -5.8624e-001
249 0 +8.365129633e-002 -1.024663487e+002 -1.024663487e+002 -3.5098e-001 +7.8928e-001
340 0 +2.210004154e-002 -1.025279000e+002 -1.025279000e+002 -3.9674e-002 +1.2199e+000
640 0 +1.655073290e-002 -1.025334493e+002 -1.025334493e+002 -4.7347e-002 +1.2253e+000
968 0 +5.898056358e-003 -1.025441019e+002 -1.025441019e+002 -1.0336e-001 +8.6349e-001
1084 0 +2.577945823e-003 -1.025474221e+002 -1.025474221e+002 -1.4445e-001 +5.6131e-001
1154 0 +7.616966444e-005 -1.025499238e+002 -1.025499238e+002 -1.5090e-001 +5.7079e-001
1683 0 +4.442018714e-005 -1.025499556e+002 -1.025499556e+002 -1.3960e-001 +6.4241e-001
1684 0 +1.284458621e-005 -1.025499872e+002 -1.025499872e+002 -1.4451e-001 +6.2747e-001
1854 0 +1.592286139e-006 -1.025499984e+002 -1.025499984e+002 -1.4034e-001 +6.5257e-001
2254 0 +1.230626580e-006 -1.025499988e+002 -1.025499988e+002 -1.4021e-001 +6.5603e-001
2284 0 +8.685066319e-007 -1.025499991e+002 -1.025499991e+002 -1.3902e-001 +6.6248e-001
2354 0 +5.552094819e-007 -1.025499994e+002 -1.025499994e+002 -1.3886e-001 +6.6559e-001
2454 0 +3.717727992e-007 -1.025499996e+002 -1.025499996e+002 -1.3818e-001 +6.7037e-001
2554 0 +3.067431891e-007 -1.025499997e+002 -1.025499997e+002 -1.3784e-001 +6.7276e-001
2654 0 +2.798375647e-007 -1.025499997e+002 -1.025499997e+002 -1.3767e-001 +6.7395e-001
2754 0 +2.676771089e-007 -1.025499997e+002 -1.025499997e+002 -1.3759e-001 +6.7455e-001
2854 0 +2.619075730e-007 -1.025499997e+002 -1.025499997e+002 -1.3755e-001 +6.7485e-001
2985 0 +1.393205764e-007 -1.025499999e+002 -1.025499999e+002 -1.3409e-001 +7.0456e-001
2997 0 +1.296845795e-007 -1.025499999e+002 -1.025499999e+002 -1.3652e-001 +6.8259e-001
3154 0 +1.231029216e-007 -1.025499999e+002 -1.025499999e+002 -1.3643e-001 +6.8323e-001
3181 0 +4.444454760e-008 -1.025500000e+002 -1.025500000e+002 -1.3631e-001 +6.8670e-001
3254 0 +3.444411334e-008 -1.025500000e+002 -1.025500000e+002 -1.3609e-001 +6.8841e-001
3401 0 +2.316538428e-008 -1.025500000e+002 -1.025500000e+002 -1.3599e-001 +6.8894e-001
3402 0 +1.194315757e-008 -1.025500000e+002 -1.025500000e+002 -1.3571e-001 +6.8999e-001
3484 0 +1.145636475e-009 -1.025500000e+002 -1.025500000e+002 -1.3538e-001 +6.9280e-001
7225 0 +0.000000000e+000 -1.025500000e+002 -1.025500000e+002 -1.3524e-001 +6.9406e-001
% f evaluations | g evaluations | best noise-free fitness - Fopt (7.169000000000e+001) + sum g_i+ | measured fitness | best measured fitness or single-digit g-values | x1 | x2...
1 0 +2.503737427e-001 +7.194037374e+001 +7.194037374e+001 +0.0000e+000 +0.0000e+000
17 0 +1.728883514e-001 +7.186288835e+001 +7.186288835e+001 +9.9804e-001 +3.0898e+000
449 0 +9.893301571e-002 +7.178893302e+001 +7.178893302e+001 +1.0545e+000 +3.6801e+000
737 0 +4.596494786e-002 +7.173596495e+001 +7.173596495e+001 +1.2546e+000 +2.1964e+000
1195 0 +4.415784535e-002 +7.173415785e+001 +7.173415785e+001 +1.2883e+000 +2.2479e+000
1219 0 +2.857304682e-002 +7.171857305e+001 +7.171857305e+001 +1.2566e+000 +2.2353e+000
1778 0 +1.595266461e-002 +7.170595266e+001 +7.170595266e+001 +1.2701e+000 +2.3527e+000
1978 0 +1.570765116e-002 +7.170570765e+001 +7.170570765e+001 +1.2680e+000 +2.3566e+000
6139 0 +6.788435743e-003 +7.169678844e+001 +7.169678844e+001 -9.6163e-001 +6.2082e-001
6882 0 +6.743112118e-003 +7.169674311e+001 +7.169674311e+001 -9.6171e-001 +6.2078e-001
7205 0 +5.129818221e-004 +7.169051298e+001 +7.169051298e+001 -7.9874e-001 +4.5128e-001
7882 0 +2.525614937e-004 +7.169025256e+001 +7.169025256e+001 -7.0713e-001 +3.5438e-001
7939 0 +1.427042603e-004 +7.169014270e+001 +7.169014270e+001 -6.2175e-001 +2.7325e-001
8082 0 +8.823777364e-006 +7.169000882e+001 +7.169000882e+001 -6.7021e-001 +3.2153e-001
8282 0 +8.619347085e-006 +7.169000862e+001 +7.169000862e+001 -6.8826e-001 +3.3951e-001
8682 0 +7.773448246e-006 +7.169000777e+001 +7.169000777e+001 -6.8115e-001 +3.3243e-001
8705 0 +5.283550308e-006 +7.169000528e+001 +7.169000528e+001 -6.7231e-001 +3.2395e-001
8805 0 +5.293529739e-007 +7.169000053e+001 +7.169000053e+001 -6.2847e-001 +2.8326e-001
9105 0 +3.917981104e-007 +7.169000039e+001 +7.169000039e+001 -6.3806e-001 +2.9216e-001
9339 0 +2.002924901e-007 +7.169000020e+001 +7.169000020e+001 -6.4559e-001 +2.9942e-001
9405 0 +1.476492031e-007 +7.169000015e+001 +7.169000015e+001 -6.4198e-001 +2.9607e-001
9505 0 +1.154926537e-007 +7.169000012e+001 +7.169000012e+001 -6.4606e-001 +2.9999e-001
9639 0 +1.133469283e-007 +7.169000011e+001 +7.169000011e+001 -6.3288e-001 +2.8777e-001
9705 0 +6.716979328e-008 +7.169000007e+001 +7.169000007e+001 -6.3924e-001 +2.9365e-001
9739 0 +3.374270818e-008 +7.169000003e+001 +7.169000003e+001 -6.4169e-001 +2.9602e-001
9882 0 +2.079528372e-008 +7.169000002e+001 +7.169000002e+001 -6.4117e-001 +2.9558e-001
9905 0 +8.749964309e-009 +7.169000001e+001 +7.169000001e+001 -6.4294e-001 +2.9731e-001
% f evaluations | g evaluations | best noise-free fitness - Fopt (2.140100000000e+002) + sum g_i+ | measured fitness | best measured fitness or single-digit g-values | x1 | x2...
1 0 +2.503737427e-001 +2.142603737e+002 +2.142603737e+002 +0.0000e+000 +0.0000e+000
307 0 +1.161324598e-001 +2.141261325e+002 +2.141261325e+002 -1.3476e-001 +7.2383e-001
693 0 +7.832090050e-003 +2.140178321e+002 +2.140178321e+002 -2.2388e-001 +4.4599e-001
733 0 +9.094011531e-005 +2.140100909e+002 +2.140100909e+002 -3.0698e-001 +4.9961e-001
1402 0 +5.222800678e-005 +2.140100522e+002 +2.140100522e+002 -3.6701e-001 +5.4383e-001
1824 0 +3.959214976e-005 +2.140100396e+002 +2.140100396e+002 -3.3334e-001 +5.2289e-001
2024 0 +1.993438804e-005 +2.140100199e+002 +2.140100199e+002 -3.3453e-001 +5.2237e-001
2139 0 +3.928923661e-006 +2.140100039e+002 +2.140100039e+002 -3.8406e-001 +5.6057e-001
2272 0 +2.037086148e-006 +2.140100020e+002 +2.140100020e+002 -4.1214e-001 +5.8115e-001
2339 0 +1.635619128e-006 +2.140100016e+002 +2.140100016e+002 -3.8633e-001 +5.6186e-001
2369 0 +1.390346824e-007 +2.140100001e+002 +2.140100001e+002 -4.0768e-001 +5.7635e-001
2669 0 +3.975264917e-008 +2.140100000e+002 +2.140100000e+002 -4.1210e-001 +5.7979e-001
2739 0 +4.204082416e-009 +2.140100000e+002 +2.140100000e+002 -4.1014e-001 +5.7850e-001
6187 0 +0.000000000e+000 +2.140100000e+002 +2.140100000e+002 -4.0838e-001 +5.7725e-001
% f evaluations | g evaluations | best noise-free fitness - Fopt (-5.848000000000e+001) + sum g_i+ | measured fitness | best measured fitness or single-digit g-values | x1 | x2...
1 0 +2.503737427e-001 -5.822962626e+001 -5.822962626e+001 +0.0000e+000 +0.0000e+000
108 0 +9.784206825e-003 -5.847021579e+001 -5.847021579e+001 +9.3670e-001 -6.9267e-001
1093 0 +8.149211261e-003 -5.847185079e+001 -5.847185079e+001 +9.2222e-001 -6.8714e-001
1169 0 +7.172787111e-003 -5.847282721e+001 -5.847282721e+001 +9.2744e-001 -6.9189e-001
1252 0 +7.230163064e-007 -5.847999928e+001 -5.847999928e+001 +5.1122e-001 -5.0457e-001
2242 0 +2.936921106e-007 -5.847999971e+001 -5.847999971e+001 +4.9263e-001 -4.9424e-001
2369 0 +2.748339369e-007 -5.847999973e+001 -5.847999973e+001 +5.1976e-001 -5.0798e-001
2469 0 +5.249889767e-008 -5.847999995e+001 -5.847999995e+001 +5.0227e-001 -4.9970e-001
2669 0 +4.205808324e-008 -5.847999996e+001 -5.847999996e+001 +5.0829e-001 -5.0255e-001
2695 0 +8.943239038e-009 -5.847999999e+001 -5.847999999e+001 +4.9823e-001 -4.9753e-001
6034 0 +0.000000000e+000 -5.848000000e+001 -5.848000000e+001 +5.0110e-001 -4.9890e-001
% f evaluations | g evaluations | best noise-free fitness - Fopt (-6.130800000000e+002) + sum g_i+ | measured fitness | best measured fitness or single-digit g-values | x1 | x2...
1 0 +2.503737427e-001 -6.128296263e+002 -6.128296263e+002 +0.0000e+000 +0.0000e+000
33 0 +1.897311979e-002 -6.130610269e+002 -6.130610269e+002 -1.2912e+000 +1.4700e+000
1363 0 +1.828538556e-002 -6.130617146e+002 -6.130617146e+002 -1.3842e+000 +1.5934e+000
1618 0 +1.666399723e-002 -6.130633360e+002 -6.130633360e+002 -1.3381e+000 +9.1128e-001
2418 0 +1.652902223e-002 -6.130634710e+002 -6.130634710e+002 -1.3381e+000 +9.1173e-001
2618 0 +1.583364568e-002 -6.130641664e+002 -6.130641664e+002 -1.3387e+000 +9.1976e-001
9878 0 +6.717799607e-003 -6.130732822e+002 -6.130732822e+002 +9.0482e-001 +6.3233e-001
% f evaluations | g evaluations | best noise-free fitness - Fopt (6.189000000000e+001) + sum g_i+ | measured fitness | best measured fitness or single-digit g-values | x1 | x2...
1 0 +2.503737427e-001 +6.214037374e+001 +6.214037374e+001 +0.0000e+000 +0.0000e+000
32 0 +1.522601000e-001 +6.204226010e+001 +6.204226010e+001 -4.0792e+000 -1.9662e+000
385 0 +5.580323216e-002 +6.194580323e+001 +6.194580323e+001 -8.3944e-001 +1.3832e-001
694 0 +2.656130577e-002 +6.191656131e+001 +6.191656131e+001 -1.1820e+000 -1.9269e-001
725 0 +4.986190818e-003 +6.189498619e+001 +6.189498619e+001 -1.1020e+000 -1.5165e-001
925 0 +2.153431736e-003 +6.189215343e+001 +6.189215343e+001 -9.8863e-001 -1.0979e-001
1156 0 +1.844109503e-003 +6.189184411e+001 +6.189184411e+001 -9.8604e-001 -1.0832e-001
1225 0 +1.334771228e-003 +6.189133477e+001 +6.189133477e+001 -9.2291e-001 -8.5088e-002
1325 0 +1.690166717e-004 +6.189016902e+001 +6.189016902e+001 -7.7737e-001 -3.1126e-002
1391 0 +7.549085441e-005 +6.189007549e+001 +6.189007549e+001 -8.0410e-001 -3.5723e-002
1437 0 +2.289545860e-005 +6.189002290e+001 +6.189002290e+001 -6.7390e-001 +9.4641e-003
1443 0 +9.389321534e-007 +6.189000094e+001 +6.189000094e+001 -7.0973e-001 -3.7919e-003
2025 0 +2.570411084e-007 +6.189000026e+001 +6.189000026e+001 -7.2416e-001 -9.6942e-003
2137 0 +2.191896584e-007 +6.189000022e+001 +6.189000022e+001 -7.2563e-001 -9.9752e-003
2425 0 +2.150180478e-007 +6.189000022e+001 +6.189000022e+001 -7.2485e-001 -9.6023e-003
2837 0 +9.766102949e-008 +6.189000010e+001 +6.189000010e+001 -7.1561e-001 -6.7539e-003
2925 0 +6.837953492e-008 +6.189000007e+001 +6.189000007e+001 -7.1685e-001 -7.0687e-003
2952 0 +6.597781521e-008 +6.189000007e+001 +6.189000007e+001 -7.1123e-001 -5.2652e-003
3052 0 +4.915186480e-008 +6.189000005e+001 +6.189000005e+001 -6.9826e-001 -7.0353e-004
3125 0 +1.833967644e-008 +6.189000002e+001 +6.189000002e+001 -7.0937e-001 -4.5315e-003
3225 0 +1.343723000e-008 +6.189000001e+001 +6.189000001e+001 -7.1166e-001 -5.2319e-003
3237 0 +3.647734559e-009 +6.189000000e+001 +6.189000000e+001 -7.0891e-001 -4.2964e-003
6816 0 +0.000000000e+000 +6.189000000e+001 +6.189000000e+001 -7.0709e-001 -3.6406e-003
% f evaluations | g evaluations | best noise-free fitness - Fopt (-8.456000000000e+001) + sum g_i+ | measured fitness | best measured fitness or single-digit g-values | x1 | x2...
1 0 +2.503737427e-001 -8.430962626e+001 -8.430962626e+001 +0.0000e+000 +0.0000e+000
159 0 +5.038227576e-004 -8.455949618e+001 -8.455949618e+001 +2.9337e-001 -6.7712e-001
1014 0 +1.457651121e-004 -8.455985423e+001 -8.455985423e+001 +2.0727e-001 -5.6793e-001
1444 0 +4.981964508e-006 -8.455999502e+001 -8.455999502e+001 +2.3617e-001 -6.0510e-001
1863 0 +3.366371431e-007 -8.455999966e+001 -8.455999966e+001 +2.9080e-001 -6.6795e-001
2033 0 +1.327358063e-007 -8.455999987e+001 -8.455999987e+001 +2.8386e-001 -6.5962e-001
2633 0 +1.271774863e-007 -8.455999987e+001 -8.455999987e+001 +2.8412e-001 -6.5994e-001
2663 0 +5.174153728e-008 -8.455999995e+001 -8.455999995e+001 +2.7725e-001 -6.5217e-001
2739 0 +1.858063570e-008 -8.455999998e+001 -8.455999998e+001 +2.7941e-001 -6.5481e-001
3163 0 +1.694633056e-008 -8.455999998e+001 -8.455999998e+001 +2.7667e-001 -6.5164e-001
3263 0 +1.637738478e-008 -8.455999998e+001 -8.455999998e+001 +2.7596e-001 -6.5083e-001
3333 0 +1.600230348e-008 -8.455999998e+001 -8.455999998e+001 +2.7821e-001 -6.5341e-001
3367 0 +3.913669389e-011 -8.456000000e+001 -8.456000000e+001 +2.7580e-001 -6.5082e-001
6690 0 +0.000000000e+000 -8.456000000e+001 -8.456000000e+001 +2.7598e-001 -6.5103e-001
% f evaluations | g evaluations | best noise-free fitness - Fopt (-2.602000000000e+001) + sum g_i+ | measured fitness | best measured fitness or single-digit g-values | x1 | x2...
1 0 +2.503737427e-001 -2.576962626e+001 -2.576962626e+001 +0.0000e+000 +0.0000e+000
68 0 +4.916963528e-002 -2.597083036e+001 -2.597083036e+001 -1.2279e+000 +1.9549e-001
219 0 +1.601838363e-002 -2.600398162e+001 -2.600398162e+001 +2.9308e-001 +2.4186e+000
1244 0 +1.572069170e-002 -2.600427931e+001 -2.600427931e+001 +2.0435e-001 +2.5072e+000
% f evaluations | g evaluations | best noise-free fitness - Fopt (-3.015000000000e+001) + sum g_i+ | measured fitness | best measured fitness or single-digit g-values | x1 | x2...
1 0 +2.503737427e-001 -2.989962626e+001 -2.989962626e+001 +0.0000e+000 +0.0000e+000
80 0 +5.810791005e-004 -3.014941892e+001 -3.014941892e+001 -6.7640e-001 +8.3919e-002
609 0 +2.853648958e-006 -3.014999715e+001 -3.014999715e+001 -6.9361e-001 +8.6162e-002
1520 0 +3.061131792e-009 -3.015000000e+001 -3.015000000e+001 -7.0277e-001 +8.3166e-002
6488 0 +0.000000000e+000 -3.015000000e+001 -3.015000000e+001 -7.0218e-001 +8.3339e-002
% f evaluations | g evaluations | best noise-free fitness - Fopt (-1.000000000000e+003) + sum g_i+ | measured fitness | best measured fitness or single-digit g-values | x1 | x2...
1 0 +2.503737427e-001 -9.997496263e+002 -9.997496263e+002 +0.0000e+000 +0.0000e+000
87 0 +1.994944525e-001 -9.998005055e+002 -9.998005055e+002 +2.4935e+000 -1.1544e+000
295 0 +7.537229636e-002 -9.999246277e+002 -9.999246277e+002 +3.3554e+000 -2.3044e+000
878 0 +6.786900998e-002 -9.999321310e+002 -9.999321310e+002 -7.0029e-001 -2.5002e+000
1030 0 +1.615833840e-002 -9.999838417e+002 -9.999838417e+002 -6.7095e-001 -2.5494e+000
2445 0 +1.573507269e-002 -9.999842649e+002 -9.999842649e+002 -6.7260e-001 -2.5376e+000
% f evaluations | g evaluations | best noise-free fitness - Fopt (-9.243000000000e+002) + sum g_i+ | measured fitness | best measured fitness or single-digit g-values | x1 | x2...
1 0 +2.503737427e-001 -9.240496263e+002 -9.240496263e+002 +0.0000e+000 +0.0000e+000
141 0 +1.728015492e-001 -9.241271985e+002 -9.241271985e+002 +3.2251e-001 +2.0798e+000
284 0 +8.256920059e-002 -9.242174308e+002 -9.242174308e+002 +1.3351e+000 +5.0000e+000
682 0 +4.732688428e-002 -9.242526731e+002 -9.242526731e+002 +1.3599e+000 +4.7177e+000
710 0 +3.953211468e-002 -9.242604679e+002 -9.242604679e+002 +9.8858e-001 +3.9340e+000
2016 0 +3.397254445e-002 -9.242660275e+002 -9.242660275e+002 +8.8557e-001 +4.0317e+000
2202 0 +1.682887018e-002 -9.242831711e+002 -9.242831711e+002 +1.0382e+000 +4.3251e+000
2576 0 +1.600870782e-002 -9.242839913e+002 -9.242839913e+002 +9.9879e-001 +4.2335e+000
2902 0 +1.581753017e-002 -9.242841825e+002 -9.242841825e+002 +1.0463e+000 +4.3442e+000
% f evaluations | g evaluations | best noise-free fitness - Fopt (-1.035000000000e+001) + sum g_i+ | measured fitness | best measured fitness or single-digit g-values | x1 | x2...
1 0 +2.503737427e-001 -1.009962626e+001 -1.009962626e+001 +0.0000e+000 +0.0000e+000
590 0 +1.665553009e-001 -1.018344470e+001 -1.018344470e+001 +1.7744e-001 +3.1111e-002
595 0 +8.581604382e-002 -1.026418396e+001 -1.026418396e+001 -1.7532e+000 +1.4255e-001
765 0 +8.368720939e-002 -1.026631279e+001 -1.026631279e+001 -1.1664e+000 +8.7984e-001
815 0 +2.794502593e-002 -1.032205497e+001 -1.032205497e+001 -1.3070e+000 +4.7455e-001
916 0 +1.626532993e-002 -1.033373467e+001 -1.033373467e+001 -1.0332e+000 +7.8547e-001
2507 0 +1.589158065e-002 -1.033410842e+001 -1.033410842e+001 -7.4408e-001 +8.9706e-001
3165 0 +1.580504677e-002 -1.033419495e+001 -1.033419495e+001 -2.0372e+000 +1.0336e-001
5653 0 +1.769741310e-004 -1.034982303e+001 -1.034982303e+001 +8.7929e-002 -8.6517e-001
5754 0 +1.897510346e-006 -1.034999810e+001 -1.034999810e+001 +1.1620e-001 -7.0387e-001
7353 0 +2.063010900e-007 -1.034999979e+001 -1.034999979e+001 +1.1751e-001 -6.9217e-001
8053 0 +8.913643867e-008 -1.034999991e+001 -1.034999991e+001 +1.1770e-001 -6.8754e-001
8485 0 +6.167413069e-008 -1.034999994e+001 -1.034999994e+001 +1.1799e-001 -6.8709e-001
8753 0 +4.845048096e-008 -1.034999995e+001 -1.034999995e+001 +1.1777e-001 -6.8802e-001
9024 0 +3.941039672e-008 -1.034999996e+001 -1.034999996e+001 +1.1767e-001 -6.8886e-001
9227 0 +1.859350718e-008 -1.034999998e+001 -1.034999998e+001 +1.1664e-001 -6.9609e-001
9324 0 +5.886892751e-009 -1.034999999e+001 -1.034999999e+001 +1.1672e-001 -6.9459e-001
% f evaluations | g evaluations | best noise-free fitness - Fopt (-1.000000000000e+003) + sum g_i+ | measured fitness | best measured fitness or single-digit g-values | x1 | x2...
1 0 +2.503737427e-001 -9.997496263e+002 -9.997496263e+002 +0.0000e+000 +0.0000e+000
26 0 +1.458096453e-001 -9.998541904e+002 -9.998541904e+002 +2.8037e-001 -2.8972e-001
301 0 +7.536725544e-002 -9.999246327e+002 -9.999246327e+002 +4.9069e-002 +1.0233e+000
875 0 +5.650004791e-002 -9.999435000e+002 -9.999435000e+002 +2.2183e+000 -5.2716e-001
880 0 +2.765617751e-002 -9.999723438e+002 -9.999723438e+002 +1.0945e+000 +3.5693e-001
1344 0 +2.572225382e-002 -9.999742777e+002 -9.999742777e+002 +1.5731e+000 +2.2094e-001
1507 0 +2.214907412e-002 -9.999778509e+002 -9.999778509e+002 +1.8442e+000 -3.7250e-002
1838 0 +1.682386479e-002 -9.999831761e+002 -9.999831761e+002 +1.8329e+000 -2.6927e-002
2675 0 +1.571490583e-002 -9.999842851e+002 -9.999842851e+002 +1.8384e+000 -3.2202e-002
% f evaluations | g evaluations | best noise-free fitness - Fopt (2.880000000000e+001) + sum g_i+ | measured fitness | best measured fitness or single-digit g-values | x1 | x2...
1 0 +2.503737427e-001 +2.905037374e+001 +2.905037374e+001 +0.0000e+000 +0.0000e+000
112 0 +3.783089097e-002 +2.883783089e+001 +2.883783089e+001 +6.3166e-001 +1.0892e+000
605 0 +3.273821741e-002 +2.883273822e+001 +2.883273822e+001 +1.2333e+000 +9.3687e-001
1974 0 +1.718418024e-002 +2.881718418e+001 +2.881718418e+001 +1.6326e+000 +6.1531e-001
2212 0 +1.617057358e-002 +2.881617057e+001 +2.881617057e+001 +1.8655e+000 +5.4297e-001
2579 0 +1.581607002e-002 +2.881581607e+001 +2.881581607e+001 +7.7595e-001 +7.6855e-001
3372 0 +2.622495521e-003 +2.880262250e+001 +2.880262250e+001 -1.8311e-002 -6.0765e-001
3999 0 +2.196507085e-003 +2.880219651e+001 +2.880219651e+001 -1.7134e-002 -5.7235e-001
4293 0 +2.463159177e-004 +2.880024632e+001 +2.880024632e+001 -1.9925e-002 -5.7535e-001
4369 0 +1.885830440e-004 +2.880018858e+001 +2.880018858e+001 -2.8030e-002 -5.5593e-001
4810 0 +1.181914226e-004 +2.880011819e+001 +2.880011819e+001 -2.3733e-002 -5.6986e-001
5109 0 +1.156956821e-004 +2.880011570e+001 +2.880011570e+001 -2.3173e-002 -5.7128e-001
5169 0 +1.135406768e-004 +2.880011354e+001 +2.880011354e+001 -2.0147e-002 -5.7857e-001
5275 0 +8.848024038e-005 +2.880008848e+001 +2.880008848e+001 -1.8006e-002 -5.8526e-001
5372 0 +6.817360807e-005 +2.880006817e+001 +2.880006817e+001 -1.7252e-002 -5.8874e-001
5469 0 +6.572203866e-005 +2.880006572e+001 +2.880006572e+001 -1.8577e-002 -5.8751e-001
5569 0 +5.801478596e-005 +2.880005801e+001 +2.880005801e+001 -1.6842e-002 -5.9346e-001
5669 0 +5.573063856e-005 +2.880005573e+001 +2.880005573e+001 -1.5974e-002 -5.9644e-001
5851 0 +4.428770409e-005 +2.880004429e+001 +2.880004429e+001 -9.9438e-003 -6.1542e-001
5875 0 +4.280364047e-005 +2.880004280e+001 +2.880004280e+001 -1.2744e-002 -6.0598e-001
5951 0 +4.166624581e-005 +2.880004167e+001 +2.880004167e+001 -7.4706e-003 -6.2293e-001
6015 0 +2.318523969e-005 +2.880002319e+001 +2.880002319e+001 -6.0288e-003 -6.2526e-001
6029 0 +2.267806778e-005 +2.880002268e+001 +2.880002268e+001 -7.7354e-003 -6.1920e-001
6055 0 +3.805032360e-006 +2.880000381e+001 +2.880000381e+001 +4.3226e-002 -7.5454e-001
6109 0 +3.510780967e-006 +2.880000351e+001 +2.880000351e+001 +2.2404e-002 -7.0410e-001
6151 0 +8.712184751e-008 +2.880000009e+001 +2.880000009e+001 +2.8278e-002 -7.1618e-001
6569 0 +6.359469396e-008 +2.880000006e+001 +2.880000006e+001 +2.4481e-002 -7.0710e-001
6699 0 +5.347684962e-008 +2.880000005e+001 +2.880000005e+001 +2.4685e-002 -7.0760e-001
6809 0 +4.597747605e-008 +2.880000005e+001 +2.880000005e+001 +2.7479e-002 -7.1471e-001
6851 0 +4.275779730e-009 +2.880000000e+001 +2.880000000e+001 +2.5524e-002 -7.0931e-001
% f evaluations | g evaluations | best noise-free fitness - Fopt (3.534000000000e+001) + sum g_i+ | measured fitness | best measured fitness or single-digit g-values | x1 | x2...
1 0 +2.503737427e-001 +3.559037374e+001 +3.559037374e+001 +0.0000e+000 +0.0000e+000
243 0 +1.587880611e-001 +3.549878806e+001 +3.549878806e+001 -2.3255e-001 +6.2353e-001
406 0 +3.675202775e-002 +3.537675203e+001 +3.537675203e+001 +1.7865e-001 +7.4143e-001
655 0 +2.097584872e-002 +3.536097585e+001 +3.536097585e+001 +3.1708e-001 +4.5149e-001
1455 0 +1.804890195e-002 +3.535804890e+001 +3.535804890e+001 +3.1727e-001 +4.5388e-001
1565 0 +6.904536498e-003 +3.534690454e+001 +3.534690454e+001 -8.3775e-001 -5.5413e-001
1857 0 +2.970843267e-003 +3.534297084e+001 +3.534297084e+001 -8.3510e-001 -5.5095e-001
1926 0 +1.927306699e-003 +3.534192731e+001 +3.534192731e+001 -8.4860e-001 -5.5312e-001
1935 0 +9.967408218e-004 +3.534099674e+001 +3.534099674e+001 -8.0612e-001 -5.3844e-001
2142 0 +7.028407380e-004 +3.534070284e+001 +3.534070284e+001 -6.9004e-001 -4.9451e-001
2426 0 +6.013986251e-004 +3.534060140e+001 +3.534060140e+001 -7.4400e-001 -5.1924e-001
2456 0 +3.664460173e-004 +3.534036645e+001 +3.534036645e+001 -6.6956e-001 -4.8790e-001
2626 0 +1.865716997e-004 +3.534018657e+001 +3.534018657e+001 -6.7571e-001 -4.9551e-001
2797 0 +3.816809241e-005 +3.534003817e+001 +3.534003817e+001 -6.2494e-001 -4.7357e-001
2857 0 +1.424019941e-005 +3.534001424e+001 +3.534001424e+001 -5.9432e-001 -4.6547e-001
2965 0 +3.846628260e-006 +3.534000385e+001 +3.534000385e+001 -5.0387e-001 -4.2915e-001
3465 0 +8.495706538e-008 +3.534000008e+001 +3.534000008e+001 -5.5313e-001 -4.4843e-001
3829 0 +6.755349347e-008 +3.534000007e+001 +3.534000007e+001 -5.4864e-001 -4.4674e-001
4082 0 +6.053055301e-008 +3.534000006e+001 +3.534000006e+001 -5.4795e-001 -4.4695e-001
4129 0 +3.411074090e-008 +3.534000003e+001 +3.534000003e+001 -5.5459e-001 -4.4932e-001
4329 0 +1.736357547e-008 +3.534000002e+001 +3.534000002e+001 -5.5345e-001 -4.4882e-001
4429 0 +1.535676830e-008 +3.534000002e+001 +3.534000002e+001 -5.5141e-001 -4.4794e-001
4582 0 +1.280483275e-009 +3.534000000e+001 +3.534000000e+001 -5.4955e-001 -4.4732e-001
7619 0 +0.000000000e+000 +3.534000000e+001 +3.534000000e+001 -5.4808e-001 -4.4677e-001
