% f evaluations | g evaluations | best noise-free fitness - Fopt (-4.620900000000e+002) + sum g_i+ | measured fitness | best measured fitness or single-digit g-values | x1 | x2...
1 0 +1.181909657e+002 -3.438990343e+002 -3.438990343e+002 +0.0000e+000 +0.0000e+000 +0.0000e+000 +0.0000e+000 +0.0000e+000
3 0 +7.066155259e+001 -3.914284474e+002 -3.914284474e+002 +1.3745e+000 +4.3800e+000 -1.2357e+000 +7.4030e-001 +1.8886e+000
211 0 +4.082771779e+001 -4.212622822e+002 -4.212622822e+002 +7.0302e-001 +4.4196e+000 +1.7699e+000 -1.9293e-001 +1.9548e+000
956 0 +3.319535793e+001 -4.288946421e+002 -4.288946421e+002 +1.3658e+000 +4.4630e+000 -1.8564e-001 +2.9145e-001 +2.2937e+000
2922 0 +2.635466314e+001 -4.357353369e+002 -4.357353369e+002 +1.3186e+000 +3.9490e+000 +9.7475e-003 +3.3863e-001 +1.9966e+000
3505 0 +2.601027860e+001 -4.360797214e+002 -4.360797214e+002 +1.2209e+000 +2.2726e+000 +6.7369e-001 +2.7386e-001 +1.6649e+000
4005 0 +2.344536196e+001 -4.386446380e+002 -4.386446380e+002 +1.3935e+000 +2.2851e+000 +7.2439e-001 +2.3171e-001 +1.6271e+000
4405 0 +2.163737486e+001 -4.404526251e+002 -4.404526251e+002 +1.3585e+000 +2.2825e+000 +7.1410e-001 +2.4026e-001 +1.6348e+000
5005 0 +2.103929019e+001 -4.410507098e+002 -4.410507098e+002 +1.3269e+000 +2.2803e+000 +7.0482e-001 +2.4798e-001 +1.6417e+000
5734 0 +2.019003391e+001 -4.418999661e+002 -4.418999661e+002 +1.3847e+000 +2.2820e+000 +6.8098e-001 +2.4824e-001 +1.6316e+000
6371 0 +1.877339033e+001 -4.433166097e+002 -4.433166097e+002 +1.3983e+000 +2.3225e+000 +6.3295e-001 +2.7109e-001 +1.6139e+000
6378 0 +1.652357784e+001 -4.455664222e+002 -4.455664222e+002 +1.3328e+000 +2.2390e+000 +6.7324e-001 +3.3913e-001 +1.6133e+000
7205 0 +1.610814444e+001 -4.459818556e+002 -4.459818556e+002 +1.3326e+000 +2.2453e+000 +6.6975e-001 +3.2704e-001 +1.6184e+000
8423 0 +1.452514015e+001 -4.475648598e+002 -4.475648598e+002 +1.2676e+000 +2.2490e+000 +1.1147e+000 +2.9675e-001 +1.5949e+000
% f evaluations | g evaluations | best noise-free fitness - Fopt (7.766000000000e+001) + sum g_i+ | measured fitness | best measured fitness or single-digit g-values | x1 | x2...
1 0 +1.918840342e+002 +2.695440342e+002 +2.695440342e+002 +0.0000e+000 +0.0000e+000 +0.0000e+000 +0.0000e+000 +0.0000e+000
10 0 +1.635370130e+002 +2.411970130e+002 +2.411970130e+002 -1.0825e+000 +2.1328e+000 -3.1150e-001 +3.8581e+000 -3.6837e-001
30 0 +1.003971172e+002 +1.780571172e+002 +1.780571172e+002 +4.4449e-001 -4.6521e+000 +1.2598e+000 +2.4477e+000 +9.6108e-002
48 0 +7.853387134e+001 +1.561938713e+002 +1.561938713e+002 -2.2515e+000 -1.9079e-001 +2.1532e-001 +2.3596e+000 +1.2599e+000
248 0 +7.460992960e+001 +1.522699296e+002 +1.522699296e+002 -1.8275e+000 -5.9158e-001 +1.5034e-001 +2.8259e+000 +1.5655e+000
440 0 +4.869044742e+001 +1.263504474e+002 +1.263504474e+002 -1.0742e+000 -8.7484e-001 +2.3857e-001 +2.8624e+000 +2.1039e+000
1004 0 +4.455041832e+001 +1.222104183e+002 +1.222104183e+002 -7.2458e-001 -2.8765e+000 -2.7555e-001 +2.4633e+000 +2.1594e+000
1448 0 +3.477656289e+001 +1.124365629e+002 +1.124365629e+002 -7.1962e-001 -8.8200e-001 +2.9478e-001 +3.7641e+000 +2.2169e+000
2788 0 +2.790829415e+001 +1.055682941e+002 +1.055682941e+002 +3.0544e-001 -1.5865e+000 +2.8708e-001 +2.8903e+000 +2.4220e+000
4392 0 +2.680211812e+001 +1.044621181e+002 +1.044621181e+002 +2.8123e-001 -1.5798e+000 +2.6611e-001 +2.8824e+000 +2.4181e+000
4567 0 +1.929028697e+001 +9.695028697e+001 +9.695028697e+001 +6.1986e-001 -1.7774e+000 +7.2423e-001 +3.7806e+000 +2.1373e+000
5567 0 +1.861777403e+001 +9.627777403e+001 +9.627777403e+001 +5.8192e-001 -1.7430e+000 +6.7766e-001 +3.6706e+000 +2.1659e+000
5867 0 +1.800998298e+001 +9.566998298e+001 +9.566998298e+001 +6.1565e-001 -1.7736e+000 +7.1906e-001 +3.7684e+000 +2.1405e+000
6167 0 +1.698726268e+001 +9.464726268e+001 +9.464726268e+001 +6.0034e-001 -1.7597e+000 +7.0026e-001 +3.7240e+000 +2.1520e+000
6580 0 +1.666690426e+001 +9.432690426e+001 +9.432690426e+001 +5.9044e-001 -1.7610e+000 +6.6177e-001 +3.7253e+000 +2.1511e+000
7101 0 +1.440501067e+001 +9.206501067e+001 +9.206501067e+001 +5.7333e-001 -1.6579e+000 +7.0137e-001 +3.6797e+000 +2.1462e+000
7293 0 +9.600945214e+000 +8.726094521e+001 +8.726094521e+001 +5.5583e-001 -1.6212e+000 +7.2356e-001 +3.3206e+000 +2.1606e+000
9281 0 +8.076048047e+000 +8.573604805e+001 +8.573604805e+001 +4.9446e-001 -1.6308e+000 +7.0997e-001 +3.3314e+000 +2.1586e+000
% f evaluations | g evaluations | best noise-free fitness - Fopt (1.156800000000e+002) + sum g_i+ | measured fitness | best measured fitness or single-digit g-values | x1 | x2...
1 0 +2.457187506e+002 +3.613987506e+002 +3.613987506e+002 +0.0000e+000 +0.0000e+000 +0.0000e+000 +0.0000e+000 +0.0000e+000
4 0 +8.937403383e+001 +2.050540338e+002 +2.050540338e+002 +2.3561e-001 -1.0815e+000 -1.3489e+000 +8.3894e-001 +2.2485e+000
282 0 +8.181597097e+001 +1.974959710e+002 +1.974959710e+002 -2.9527e-002 -1.7469e+000 -9.8358e-002 +1.3387e+000 +2.4092e+000
347 0 +6.041444612e+001 +1.760944461e+002 +1.760944461e+002 +3.4659e-001 -1.2328e+000 -1.2304e+000 +2.1848e+000 +2.7918e+000
580 0 +5.740246153e+001 +1.730824615e+002 +1.730824615e+002 +6.4614e-001 -9.3411e-001 -2.2989e-001 +4.5013e+000 +3.3401e+000
618 0 +3.204601130e+001 +1.477260113e+002 +1.477260113e+002 +3.4272e-001 -4.1294e-001 +2.0579e-001 +3.4810e+000 +3.0420e+000
1779 0 +2.727408778e+001 +1.429540878e+002 +1.429540878e+002 +1.6112e-001 -2.5918e-001 -3.7211e-001 +3.0984e+000 +3.1712e+000
1974 0 +1.881242295e+001 +1.344924229e+002 +1.344924229e+002 +3.3223e-001 -1.1581e-001 -3.5779e-001 +3.1295e+000 +3.2330e+000
2574 0 +1.464156582e+001 +1.303215658e+002 +1.303215658e+002 +3.1017e-001 -1.8221e-001 -4.1160e-001 +3.1021e+000 +3.2467e+000
3534 0 +1.307436447e+001 +1.287543645e+002 +1.287543645e+002 +2.6624e-001 -2.3350e-001 -4.1273e-001 +3.1080e+000 +3.2550e+000
3779 0 +1.260903173e+001 +1.282890317e+002 +1.282890317e+002 +3.5331e-001 -1.6694e-001 -4.3952e-001 +3.0567e+000 +3.2903e+000
4234 0 +1.019915816e+001 +1.258791582e+002 +1.258791582e+002 +2.3127e-001 -2.6834e-001 -3.9762e-001 +3.1174e+000 +3.2752e+000
4598 0 +8.939236638e+000 +1.246192366e+002 +1.246192366e+002 +2.4528e-001 -2.0275e-001 -4.1689e-001 +3.0766e+000 +3.3020e+000
5374 0 +7.546785624e+000 +1.232267856e+002 +1.232267856e+002 +2.4065e-001 -1.2930e-001 -3.6237e-001 +3.1017e+000 +3.2937e+000
7144 0 +7.409332402e+000 +1.230893324e+002 +1.230893324e+002 +2.4481e-001 -1.3276e-001 -3.6953e-001 +3.0947e+000 +3.2931e+000
8476 0 +7.239778257e+000 +1.229197783e+002 +1.229197783e+002 +2.4849e-001 -1.4536e-001 -3.5956e-001 +3.0980e+000 +3.2928e+000
% f evaluations | g evaluations | best noise-free fitness - Fopt (-3.710000000000e+000) + sum g_i+ | measured fitness | best measured fitness or single-digit g-values | x1 | x2...
1 0 +2.580895641e+002 +2.543795641e+002 +2.543795641e+002 +0.0000e+000 +0.0000e+000 +0.0000e+000 +0.0000e+000 +0.0000e+000
12 0 +1.881784850e+002 +1.844684850e+002 +1.844684850e+002 +3.7048e+000 -1.0742e+000 -2.1844e+000 +7.5992e-001 +3.1294e+000
25 0 +1.284994998e+002 +1.247894998e+002 +1.247894998e+002 -9.2605e-001 +1.6783e+000 -2.2783e-001 +1.9235e+000 +2.7822e+000
86 0 +8.264855592e+001 +7.893855592e+001 +7.893855592e+001 +2.9000e+000 -2.0661e+000 +1.7946e+000 +3.8770e+000 +1.1958e+000
209 0 +7.612054475e+001 +7.241054475e+001 +7.241054475e+001 +2.9886e+000 -2.3825e-001 +1.1912e-001 +2.0309e+000 +2.8190e+000
236 0 +6.115183644e+001 +5.744183644e+001 +5.744183644e+001 +2.9279e+000 -1.0969e+000 +1.1811e+000 +1.8103e+000 +3.2826e+000
510 0 +2.360825077e+001 +1.989825077e+001 +1.989825077e+001 +2.1816e+000 -1.7514e+000 +1.3451e+000 +3.9171e+000 +3.1571e+000
1686 0 +2.183336586e+001 +1.812336586e+001 +1.812336586e+001 +2.1720e+000 -1.7480e+000 +1.3634e+000 +3.9218e+000 +3.1556e+000
1821 0 +1.971879852e+001 +1.600879852e+001 +1.600879852e+001 +2.0386e+000 -1.7480e+000 +1.2787e+000 +3.8693e+000 +3.1822e+000
2600 0 +9.399581461e+000 +5.689581461e+000 +5.689581461e+000 +2.0307e+000 -1.6505e+000 +1.7826e+000 +3.9499e+000 +2.8319e+000
3885 0 +7.743402194e+000 +4.033402194e+000 +4.033402194e+000 +2.1055e+000 -1.5418e+000 +1.6943e+000 +3.9052e+000 +2.8323e+000
4377 0 +6.695669439e+000 +2.985669439e+000 +2.985669439e+000 +2.1072e+000 -1.5990e+000 +1.7412e+000 +3.8762e+000 +2.8327e+000
4478 0 +4.965949465e+000 +1.255949465e+000 +1.255949465e+000 +2.0829e+000 -1.5969e+000 +1.7803e+000 +3.9063e+000 +2.8273e+000
8380 0 +4.708434147e+000 +9.984341474e-001 +9.984341474e-001 +2.0892e+000 -1.5951e+000 +1.7804e+000 +3.8949e+000 +2.8318e+000
9791 0 +4.579972790e+000 +8.699727898e-001 +8.699727898e-001 +2.0901e+000 -1.5975e+000 +1.7711e+000 +3.8925e+000 +2.8391e+000
% f evaluations | g evaluations | best noise-free fitness - Fopt (1.321800000000e+002) + sum g_i+ | measured fitness | best measured fitness or single-digit g-values | x1 | x2...
1 0 +1.867275087e+002 +3.189075087e+002 +3.189075087e+002 +0.0000e+000 +0.0000e+000 +0.0000e+000 +0.0000e+000 +0.0000e+000
22 0 +1.028481431e+002 +2.350281431e+002 +2.350281431e+002 +1.8180e+000 +1.5267e+000 +4.5034e-001 -4.5343e+000 +1.6273e+000
46 0 +9.580861253e+001 +2.279886125e+002 +2.279886125e+002 -4.4584e+000 +6.7667e-001 +2.9180e+000 -1.4696e+000 +1.6851e+000
69 0 +7.017461194e+001 +2.023546119e+002 +2.023546119e+002 +8.7714e-001 +1.6386e+000 +2.2808e+000 -6.3309e-001 +1.5309e+000
250 0 +6.595934789e+001 +1.981393479e+002 +1.981393479e+002 -1.3062e+000 +8.5221e-001 +3.4030e+000 -1.6954e+000 +2.3897e+000
686 0 +4.972556868e+001 +1.819055687e+002 +1.819055687e+002 -5.7822e-001 +7.7505e-001 +2.8233e+000 -1.6026e+000 +2.2224e+000
803 0 +3.615187868e+001 +1.683318787e+002 +1.683318787e+002 -2.1644e-001 +9.3766e-001 +3.4104e+000 -1.9197e+000 +2.1587e+000
1457 0 +3.401431411e+001 +1.661943141e+002 +1.661943141e+002 -2.3008e-001 +1.2612e+000 +2.9279e+000 -1.9388e+000 +2.1620e+000
1739 0 +2.808223206e+001 +1.602622321e+002 +1.602622321e+002 -3.0234e-001 +1.4637e+000 +2.7508e+000 -2.4256e+000 +2.1898e+000
3239 0 +2.065578104e+001 +1.528357810e+002 +1.528357810e+002 -2.5403e-001 +1.4617e+000 +2.8248e+000 -2.3601e+000 +2.1948e+000
4451 0 +1.988776052e+001 +1.520677605e+002 +1.520677605e+002 -2.5171e-001 +1.4782e+000 +2.8255e+000 -2.3689e+000 +2.1824e+000
7747 0 +1.924480326e+001 +1.514248033e+002 +1.514248033e+002 -2.0945e-001 +1.4656e+000 +2.8507e+000 -2.3618e+000 +2.1863e+000
8547 0 +1.903736523e+001 +1.512173652e+002 +1.512173652e+002 -2.1707e-001 +1.4686e+000 +2.8690e+000 -2.3779e+000 +2.1820e+000
% f evaluations | g evaluations | best noise-free fitness - Fopt (-3.930000000000e+001) + sum g_i+ | measured fitness | best measured fitness or single-digit g-values | x1 | x2...
1 0 +1.324979894e+002 +9.319798943e+001 +9.319798943e+001 +0.0000e+000 +0.0000e+000 +0.0000e+000 +0.0000e+000 +0.0000e+000
21 0 +8.923694935e+001 +4.993694935e+001 +4.993694935e+001 +2.2188e+000 +1.8727e+000 +1.2792e+000 +3.2997e+000 -1.2378e+000
38 0 +8.256431155e+001 +4.326431155e+001 +4.326431155e+001 +2.0213e+000 -3.9290e-001 +8.9872e-001 +3.6190e+000 -4.6663e-001
277 0 +7.847087517e+001 +3.917087517e+001 +3.917087517e+001 +2.5143e+000 +1.3713e-001 -1.6090e+000 +3.7436e+000 -8.5291e-003
292 0 +5.316983421e+001 +1.386983421e+001 +1.386983421e+001 +8.8693e-001 +6.0924e-002 +1.2201e+000 +3.0692e+000 -1.7982e-001
400 0 +3.737215771e+001 -1.927842293e+000 -1.927842293e+000 +1.6094e+000 -5.5802e-001 +1.0041e+000 +3.3386e+000 +9.4395e-001
790 0 +3.086050065e+001 -8.439499346e+000 -8.439499346e+000 +1.5946e+000 -7.0025e-001 +1.2571e+000 +2.5715e+000 +1.0048e+000
1126 0 +2.757013935e+001 -1.172986065e+001 -1.172986065e+001 +1.7399e+000 -5.2199e-001 +1.1912e+000 +2.8940e+000 +9.7251e-001
1574 0 +2.158351033e+001 -1.771648967e+001 -1.771648967e+001 +1.4377e+000 -6.2600e-001 +1.2825e+000 +3.7341e+000 +9.6882e-001
2797 0 +1.295200350e+001 -2.634799650e+001 -2.634799650e+001 +1.4653e+000 -4.5461e-001 +1.2928e+000 +3.7994e+000 +9.8139e-001
3073 0 +9.016478468e+000 -3.028352153e+001 -3.028352153e+001 +1.4965e+000 -5.5951e-001 +1.2291e+000 +3.8096e+000 +9.9766e-001
4397 0 +8.542237035e+000 -3.075776296e+001 -3.075776296e+001 +1.5001e+000 -5.2159e-001 +1.2341e+000 +3.8219e+000 +9.9940e-001
7220 0 +8.480478841e+000 -3.081952116e+001 -3.081952116e+001 +1.5021e+000 -5.3224e-001 +1.2331e+000 +3.8133e+000 +9.9627e-001
8675 0 +8.232515160e+000 -3.106748484e+001 -3.106748484e+001 +1.5055e+000 -5.3877e-001 +1.2377e+000 +3.8101e+000 +9.9993e-001
% f evaluations | g evaluations | best noise-free fitness - Fopt (4.296000000000e+001) + sum g_i+ | measured fitness | best measured fitness or single-digit g-values | x1 | x2...
1 0 +1.213836096e+002 +1.643436096e+002 +1.643436096e+002 +0.0000e+000 +0.0000e+000 +0.0000e+000 +0.0000e+000 +0.0000e+000
18 0 +3.604649578e+001 +7.900649578e+001 +7.900649578e+001 -1.5642e+000 +2.5364e+000 +1.7171e+000 +1.0439e+000 +7.5055e-001
899 0 +1.799218329e+001 +6.095218329e+001 +6.095218329e+001 -1.5375e+000 +2.5543e+000 +1.7305e+000 +1.0200e+000 +5.6461e-001
3180 0 +1.678611803e+001 +5.974611803e+001 +5.974611803e+001 -1.5347e+000 +2.5942e+000 +1.7181e+000 +1.0273e+000 +5.7307e-001
6055 0 +1.658617223e+001 +5.954617223e+001 +5.954617223e+001 -1.4978e+000 +2.5268e+000 +1.6973e+000 +1.0322e+000 +6.0043e-001
6380 0 +1.612188239e+001 +5.908188239e+001 +5.908188239e+001 -1.5317e+000 +2.4809e+000 +1.6847e+000 +1.0106e+000 +5.6603e-001
7087 0 +1.582169774e+001 +5.878169774e+001 +5.878169774e+001 -1.5411e+000 +2.4158e+000 +1.6876e+000 +1.0296e+000 +5.7986e-001
8834 0 +1.533152980e+001 +5.829152980e+001 +5.829152980e+001 -1.5306e+000 +2.5174e+000 +1.6891e+000 +1.0227e+000 +5.7338e-001
% f evaluations | g evaluations | best noise-free fitness - Fopt (2.842200000000e+002) + sum g_i+ | measured fitness | best measured fitness or single-digit g-values | x1 | x2...
1 0 +9.418868072e+001 +3.784086807e+002 +3.784086807e+002 +0.0000e+000 +0.0000e+000 +0.0000e+000 +0.0000e+000 +0.0000e+000
19 0 +8.561680721e+001 +3.698368072e+002 +3.698368072e+002 +2.6793e+000 +4.2429e-001 +3.9790e-001 +2.9642e+000 +1.4532e+000
232 0 +4.459573525e+001 +3.288157353e+002 +3.288157353e+002 +2.2770e+000 +5.4751e-001 +4.3642e-001 +3.1382e+000 +4.3271e-001
299 0 +4.211476518e+001 +3.263347652e+002 +3.263347652e+002 +1.0542e+000 -1.4326e-001 -1.5690e-001 +1.9008e+000 +1.0833e+000
566 0 +3.787685889e+001 +3.220968589e+002 +3.220968589e+002 +4.1381e-001 +7.1828e-001 -5.6516e-001 +1.8862e+000 +1.5609e+000
936 0 +3.217499867e+001 +3.163949987e+002 +3.163949987e+002 +4.9391e-001 -1.8084e-001 -4.8234e-001 +1.8612e+000 +1.4881e+000
1753 0 +2.665905432e+001 +3.108790543e+002 +3.108790543e+002 +3.8472e-001 -3.1255e-001 -5.1392e-001 +1.8281e+000 +1.1759e+000
2455 0 +2.559178478e+001 +3.098117848e+002 +3.098117848e+002 +1.7553e-001 +6.8529e-001 +5.7650e-001 +1.3944e+000 +1.1830e+000
3997 0 +2.243488784e+001 +3.066548878e+002 +3.066548878e+002 +2.8326e-001 -1.5251e-001 +9.6068e-001 +1.8606e+000 +1.2166e+000
4046 0 +2.170817062e+001 +3.059281706e+002 +3.059281706e+002 +1.2258e-001 -1.6260e-001 +4.0397e-001 +1.7163e+000 +1.1120e+000
4192 0 +1.872602252e+001 +3.029460225e+002 +3.029460225e+002 -9.3397e-002 -1.7420e-001 +4.2882e-001 +1.8575e+000 +1.1777e+000
4690 0 +1.760666691e+001 +3.018266669e+002 +3.018266669e+002 +2.0490e-001 -8.1226e-002 +9.9338e-001 +1.3769e+000 +1.8326e+000
8463 0 +1.666406817e+001 +3.008840682e+002 +3.008840682e+002 +1.4419e-001 -3.8197e-001 +9.9839e-001 +1.7880e+000 +1.8315e+000
9249 0 +1.397801997e+001 +2.981980200e+002 +2.981980200e+002 +1.8453e-001 -3.1991e-001 +9.8035e-001 +1.7880e+000 +1.8094e+000
% f evaluations | g evaluations | best noise-free fitness - Fopt (-3.217000000000e+001) + sum g_i+ | measured fitness | best measured fitness or single-digit g-values | x1 | x2...
1 0 +2.171020752e+002 +1.849320752e+002 +1.849320752e+002 +0.0000e+000 +0.0000e+000 +0.0000e+000 +0.0000e+000 +0.0000e+000
29 0 +1.242534806e+002 +9.208348057e+001 +9.208348057e+001 +5.5352e-001 -1.9666e+000 -2.3006e+000 +7.5987e-001 +1.5426e+000
30 0 +1.220952095e+002 +8.992520946e+001 +8.992520946e+001 -4.3651e+000 -1.3236e+000 -1.9635e-002 +1.7191e+000 +3.2514e+000
65 0 +1.112982034e+002 +7.912820335e+001 +7.912820335e+001 +7.9161e-001 +4.5534e+000 -2.0878e+000 +7.1732e-001 +3.2549e+000
67 0 +1.061605795e+002 +7.399057953e+001 +7.399057953e+001 +4.7364e-001 +4.7665e+000 -6.3270e-001 -3.9012e+000 +3.3756e+000
85 0 +9.069417461e+001 +5.852417461e+001 +5.852417461e+001 -1.7559e+000 +1.5196e+000 +2.2263e-001 +1.0673e+000 +2.8249e+000
88 0 +7.116632847e+001 +3.899632847e+001 +3.899632847e+001 -3.8856e-001 +3.0732e+000 -2.9183e+000 +5.2362e-001 +3.7016e+000
809 0 +6.640401247e+001 +3.423401247e+001 +3.423401247e+001 -1.5940e+000 +2.1469e+000 -2.2942e+000 -1.0066e+000 +3.3716e+000
861 0 +5.619263636e+001 +2.402263636e+001 +2.402263636e+001 +9.1065e-001 +1.8175e+000 -2.3467e+000 -5.3773e-001 +3.4407e+000
1229 0 +5.210920117e+001 +1.993920117e+001 +1.993920117e+001 -6.6211e-001 +3.0887e+000 -1.5682e+000 -1.7766e-001 +3.0155e+000
1273 0 +5.120112043e+001 +1.903112043e+001 +1.903112043e+001 +1.5494e+000 +3.5409e+000 -1.3386e+000 -1.3760e+000 +3.7037e+000
1786 0 +4.933485092e+001 +1.716485092e+001 +1.716485092e+001 +5.2836e-001 +3.3686e+000 -1.5299e+000 -5.9330e-002 +3.0178e+000
1858 0 +4.162641972e+001 +9.456419721e+000 +9.456419721e+000 +5.0179e-001 +3.3013e+000 -1.5951e+000 -1.4548e-001 +3.0493e+000
2234 0 +3.614750678e+001 +3.977506778e+000 +3.977506778e+000 +5.8492e-001 +3.4153e+000 -1.0362e-001 +6.4180e-001 +3.4536e+000
2410 0 +3.160135028e+001 -5.686497206e-001 -5.686497206e-001 +1.7422e+000 +1.8981e+000 -5.8167e-001 +3.0879e-001 +2.7814e+000
2538 0 +3.058537299e+001 -1.584627013e+000 -1.584627013e+000 +6.0164e-001 +9.1826e-001 -2.4888e-001 -2.0161e-001 +3.0197e+000
3333 0 +2.357581146e+001 -8.594188545e+000 -8.594188545e+000 +4.6918e-001 +1.2989e+000 -6.3509e-001 -5.3585e-001 +3.0039e+000
4041 0 +2.247281736e+001 -9.697182643e+000 -9.697182643e+000 +3.1814e-001 +9.7404e-001 -1.0461e-001 -7.2426e-002 +3.0545e+000
4165 0 +1.437810115e+001 -1.779189885e+001 -1.779189885e+001 +4.3547e-001 +1.1259e+000 -1.9255e-001 -1.8980e-001 +3.0446e+000
5458 0 +1.189532423e+001 -2.027467577e+001 -2.027467577e+001 +4.0447e-001 +1.0628e+000 -1.4498e-001 -7.4230e-002 +3.0212e+000
6062 0 +1.146734221e+001 -2.070265779e+001 -2.070265779e+001 +4.1486e-001 +1.0125e+000 -1.0326e-001 -9.0820e-002 +3.0054e+000
6095 0 +1.010366316e+001 -2.206633684e+001 -2.206633684e+001 +4.0745e-001 +1.0906e+000 -1.6974e-001 -1.0127e-001 +3.0146e+000
6426 0 +9.814142967e+000 -2.235585703e+001 -2.235585703e+001 +4.6798e-001 +1.0993e+000 -2.0648e-001 -1.4081e-001 +3.0137e+000
6995 0 +9.262126352e+000 -2.290787365e+001 -2.290787365e+001 +4.5898e-001 +1.0787e+000 -2.0885e-001 -1.4320e-001 +3.0179e+000
7004 0 +8.119887681e+000 -2.405011232e+001 -2.405011232e+001 +4.1779e-001 +1.0510e+000 -1.8068e-001 -1.3164e-001 +3.0135e+000
8116 0 +7.447000753e+000 -2.472299925e+001 -2.472299925e+001 +4.4424e-001 +1.0218e+000 -1.4118e-001 -1.3543e-001 +3.0213e+000
9516 0 +7.375817518e+000 -2.479418248e+001 -2.479418248e+001 +4.3792e-001 +1.0312e+000 -1.5225e-001 -1.3459e-001 +3.0213e+000
% f evaluations | g evaluations | best noise-free fitness - Fopt (-5.858000000000e+001) + sum g_i+ | measured fitness | best measured fitness or single-digit g-values | x1 | x2...
1 0 +2.560737752e+002 +1.974937752e+002 +1.974937752e+002 +0.0000e+000 +0.0000e+000 +0.0000e+000 +0.0000e+000 +0.0000e+000
8 0 +2.206325008e+002 +1.620525008e+002 +1.620525008e+002 +5.5441e-002 +5.8233e-001 -4.3146e+000 -1.5951e+000 +3.1108e+000
14 0 +2.011585515e+002 +1.425785515e+002 +1.425785515e+002 +2.9945e+000 +4.5223e+000 +1.3224e+000 +1.2833e+000 +2.3918e+000
17 0 +1.205285208e+002 +6.194852077e+001 +6.194852077e+001 +2.3737e+000 -3.5203e+000 +1.4083e+000 +1.4775e+000 +2.7542e+000
212 0 +9.141498329e+001 +3.283498329e+001 +3.283498329e+001 -1.3252e+000 +9.4282e-001 -6.6623e-002 +1.1900e+000 +2.8597e+000
266 0 +5.575859523e+001 -2.821404772e+000 -2.821404772e+000 +8.2377e-001 -1.8406e+000 -1.1198e-001 +2.2512e+000 +2.2517e+000
705 0 +2.291371354e+001 -3.566628646e+001 -3.566628646e+001 +2.5174e+000 -9.2868e-001 -1.9719e-001 +2.2440e+000 +3.2917e+000
2902 0 +2.248579660e+001 -3.609420340e+001 -3.609420340e+001 +2.4894e+000 -9.6492e-001 -1.4923e-001 +2.1845e+000 +3.2696e+000
3197 0 +1.970099221e+001 -3.887900779e+001 -3.887900779e+001 +2.4925e+000 -9.5098e-001 -1.4852e-001 +2.2127e+000 +3.2939e+000
3494 0 +1.768109220e+001 -4.089890780e+001 -4.089890780e+001 +2.4757e+000 -9.2430e-001 -8.6614e-002 +2.2243e+000 +3.2775e+000
6258 0 +1.332358764e+001 -4.525641236e+001 -4.525641236e+001 +2.7858e+000 -1.9135e+000 +4.0225e-001 +1.9248e+000 +3.5838e+000
6489 0 +1.069165864e+001 -4.788834136e+001 -4.788834136e+001 +2.5429e+000 -1.7599e+000 +4.5175e-001 +1.8525e+000 +3.5263e+000
7270 0 +9.365775801e+000 -4.921422420e+001 -4.921422420e+001 +2.5304e+000 -1.6956e+000 +4.2006e-001 +1.8532e+000 +3.5269e+000
7755 0 +7.075487694e+000 -5.150451231e+001 -5.150451231e+001 +2.6838e+000 -1.8100e+000 +4.0619e-001 +1.9109e+000 +3.5667e+000
% f evaluations | g evaluations | best noise-free fitness - Fopt (-6.049200000000e+002) + sum g_i+ | measured fitness | best measured fitness or single-digit g-values | x1 | x2...
1 0 +9.358817336e+001 -5.113318266e+002 -5.113318266e+002 +0.0000e+000 +0.0000e+000 +0.0000e+000 +0.0000e+000 +0.0000e+000
217 0 +6.190011235e+001 -5.430198876e+002 -5.430198876e+002 +5.9852e-001 +1.9172e+000 -7.9078e-002 +1.4383e+000 +5.8537e-002
561 0 +5.762738547e+001 -5.472926145e+002 -5.472926145e+002 +7.3823e-001 +2.3336e+000 +1.5779e+000 +2.2498e+000 +4.3086e-001
685 0 +5.214356966e+001 -5.527764303e+002 -5.527764303e+002 +9.0321e-001 +1.9580e-001 +1.5399e+000 +1.8599e+000 -1.4330e+000
887 0 +4.700532602e+001 -5.579146740e+002 -5.579146740e+002 -1.2971e+000 -1.7993e+000 +1.9754e+000 +1.2356e+000 -3.5253e-001
898 0 +4.451653692e+001 -5.604034631e+002 -5.604034631e+002 +4.7834e-002 +1.9987e+000 +9.5972e-001 +1.3878e+000 -6.3730e-001
1656 0 +4.233617524e+001 -5.625838248e+002 -5.625838248e+002 +1.1513e+000 +4.2811e-001 +1.4638e+000 +2.2829e+000 -1.5695e-002
1755 0 +3.978305714e+001 -5.651369429e+002 -5.651369429e+002 +9.4252e-001 +8.0369e-001 +1.5324e+000 +2.2134e+000 -2.3059e-001
2413 0 +2.953615080e+001 -5.753838492e+002 -5.753838492e+002 +9.4367e-001 +7.9034e-001 +1.4613e+000 +1.9765e+000 -3.4841e-001
2769 0 +2.528883736e+001 -5.796311626e+002 -5.796311626e+002 +8.5121e-001 +5.4361e-001 +1.4972e+000 +1.9606e+000 -3.9145e-001
3415 0 +2.445430444e+001 -5.804656956e+002 -5.804656956e+002 +8.3905e-001 +5.5351e-001 +1.4801e+000 +1.8961e+000 -4.0632e-001
3451 0 +2.274748425e+001 -5.821725157e+002 -5.821725157e+002 +8.4441e-001 +5.1026e-001 +1.4895e+000 +1.9251e+000 -3.9165e-001
4807 0 +2.192917745e+001 -5.829908225e+002 -5.829908225e+002 +8.4260e-001 +5.0455e-001 +1.4756e+000 +1.9114e+000 -3.8985e-001
4820 0 +1.671711325e+001 -5.882028867e+002 -5.882028867e+002 +9.5465e-001 +5.3835e-001 +1.4820e+000 +1.9420e+000 -2.1768e-005
5098 0 +1.196530790e+001 -5.929546921e+002 -5.929546921e+002 +9.9152e-001 +5.1392e-001 +1.4583e+000 +1.8426e+000 +8.6514e-002
5695 0 +9.934335199e+000 -5.949856648e+002 -5.949856648e+002 +9.8220e-001 +4.8680e-001 +1.5378e+000 +1.8831e+000 +8.0496e-002
5714 0 +8.682814284e+000 -5.962371857e+002 -5.962371857e+002 +9.6559e-001 +4.6942e-001 +1.5111e+000 +1.8769e+000 +3.4123e-002
7758 0 +7.381115623e+000 -5.975388844e+002 -5.975388844e+002 +9.6085e-001 +5.0773e-001 +1.5066e+000 +1.8983e+000 +5.3036e-002
% f evaluations | g evaluations | best noise-free fitness - Fopt (1.337000000000e+002) + sum g_i+ | measured fitness | best measured fitness or single-digit g-values | x1 | x2...
1 0 +2.379222058e+002 +3.716222058e+002 +3.716222058e+002 +0.0000e+000 +0.0000e+000 +0.0000e+000 +0.0000e+000 +0.0000e+000
16 0 +2.127755923e+002 +3.464755923e+002 +3.464755923e+002 -3.6044e+000 +4.8249e+000 -3.9744e-001 -6.0832e-001 +8.4001e-001
22 0 +1.353151162e+002 +2.690151162e+002 +2.690151162e+002 +7.6955e-001 +7.4211e-001 -8.7491e-001 +1.1544e-001 +2.0327e+000
220 0 +1.163931035e+002 +2.500931035e+002 +2.500931035e+002 -3.4148e-001 +1.7372e+000 -1.7710e+000 +1.4171e-001 +1.9059e+000
252 0 +7.789461597e+001 +2.115946160e+002 +2.115946160e+002 +1.7792e+000 +2.1671e-001 +7.9974e-001 +1.5308e+000 +3.6232e+000
304 0 +6.096375376e+001 +1.946637538e+002 +1.946637538e+002 +1.1566e+000 +3.2883e-001 +1.5017e-001 +2.2445e+000 +2.9871e+000
335 0 +5.283168983e+001 +1.865316898e+002 +1.865316898e+002 +2.1961e+000 -6.5571e-001 -1.3446e-001 +1.4685e+000 +2.6808e+000
592 0 +4.108989381e+001 +1.747898938e+002 +1.747898938e+002 +2.2810e+000 +4.5586e-002 -7.4081e-002 +1.5678e+000 +2.5175e+000
856 0 +3.793908550e+001 +1.716390855e+002 +1.716390855e+002 +2.4056e+000 -3.3478e-001 -6.1571e-002 +1.4822e+000 +2.5454e+000
1025 0 +2.658528173e+001 +1.602852817e+002 +1.602852817e+002 +1.4056e+000 +5.0388e-002 +4.5000e-001 +1.0057e+000 +3.3312e+000
1692 0 +1.930943320e+001 +1.530094332e+002 +1.530094332e+002 +1.6241e+000 +1.0521e+000 +3.3049e-001 +1.4659e+000 +2.9921e+000
2125 0 +1.656333006e+001 +1.502633301e+002 +1.502633301e+002 +1.5915e+000 +1.0264e+000 +3.5306e-001 +1.4402e+000 +3.0260e+000
4751 0 +1.472476809e+001 +1.484247681e+002 +1.484247681e+002 +1.5871e+000 +1.0374e+000 +3.4281e-001 +1.4698e+000 +3.0154e+000
5563 0 +1.415479893e+001 +1.478547989e+002 +1.478547989e+002 +1.5384e+000 +1.0545e+000 +3.3149e-001 +1.4801e+000 +3.0245e+000
5834 0 +9.153125819e+000 +1.428531258e+002 +1.428531258e+002 +1.5231e+000 +9.8140e-001 +3.4648e-001 +1.4712e+000 +3.0124e+000
6534 0 +8.210835847e+000 +1.419108358e+002 +1.419108358e+002 +1.5053e+000 +9.4126e-001 +3.5329e-001 +1.4678e+000 +3.0070e+000
8125 0 +7.847916131e+000 +1.415479161e+002 +1.415479161e+002 +1.4915e+000 +1.0020e+000 +3.6402e-001 +1.4850e+000 +3.0125e+000
9079 0 +7.698238101e+000 +1.413982381e+002 +1.413982381e+002 +1.4967e+000 +9.9075e-001 +3.5796e-001 +1.4798e+000 +3.0116e+000
9675 0 +7.503375845e+000 +1.412033758e+002 +1.412033758e+002 +1.4825e+000 +9.8009e-001 +3.5584e-001 +1.4766e+000 +3.0032e+000
% f evaluations | g evaluations | best noise-free fitness - Fopt (-2.098000000000e+001) + sum g_i+ | measured fitness | best measured fitness or single-digit g-values | x1 | x2...
1 0 +1.257910081e+002 +1.048110081e+002 +1.048110081e+002 +0.0000e+000 +0.0000e+000 +0.0000e+000 +0.0000e+000 +0.0000e+000
29 0 +5.849904106e+001 +3.751904106e+001 +3.751904106e+001 +4.8328e-002 -9.8463e-001 +9.2969e-002 +1.1773e+000 +2.5275e+000
483 0 +5.692631825e+001 +3.594631825e+001 +3.594631825e+001 -1.9045e-002 -1.0157e+000 +9.5132e-002 +1.1371e+000 +2.4882e+000
922 0 +5.480667028e+001 +3.382667028e+001 +3.382667028e+001 +2.2010e-001 -1.0245e+000 -7.0709e-001 +8.4850e-001 +1.8950e+000
1022 0 +4.230916839e+001 +2.132916839e+001 +2.132916839e+001 +2.5123e-001 -1.0291e+000 -8.0456e-001 +8.0245e-001 +1.5114e+000
1626 0 +2.577297028e+001 +4.792970275e+000 +4.792970275e+000 +9.6942e-001 +1.8092e+000 +3.7594e-001 +1.2513e+000 +1.8323e+000
2740 0 +1.962914034e+001 -1.350859661e+000 -1.350859661e+000 +1.6372e-001 +1.9577e+000 -4.2156e-001 +4.6338e-001 +2.5475e+000
2817 0 +1.842885283e+001 -2.551147166e+000 -2.551147166e+000 +3.2595e-001 +1.8984e+000 -7.9654e-001 +3.0485e-002 +2.1705e+000
3911 0 +1.142863152e+001 -9.551368482e+000 -9.551368482e+000 +1.2577e-001 +1.9368e+000 -4.3737e-001 +3.7293e-001 +2.1596e+000
6202 0 +9.624373329e+000 -1.135562667e+001 -1.135562667e+001 +6.4902e-002 +1.9401e+000 -3.7497e-001 +4.1441e-001 +2.2077e+000
6638 0 +7.639914896e+000 -1.334008510e+001 -1.334008510e+001 +9.1005e-002 +1.9339e+000 -3.9255e-001 +4.0212e-001 +2.1863e+000
8037 0 +7.543182914e+000 -1.343681709e+001 -1.343681709e+001 +9.4424e-002 +1.9189e+000 -3.8182e-001 +4.1073e-001 +2.1796e+000
8242 0 +7.390248259e+000 -1.358975174e+001 -1.358975174e+001 +7.1428e-002 +1.9141e+000 -3.8811e-001 +4.0097e-001 +2.1834e+000
10060 0 +7.002477268e+000 -1.397752273e+001 -1.397752273e+001 +8.2296e-002 +1.9170e+000 -3.7241e-001 +3.8295e-001 +2.1937e+000
% f evaluations | g evaluations | best noise-free fitness - Fopt (1.353300000000e+002) + sum g_i+ | measured fitness | best measured fitness or single-digit g-values | x1 | x2...
1 0 +1.969743684e+002 +3.323043684e+002 +3.323043684e+002 +0.0000e+000 +0.0000e+000 +0.0000e+000 +0.0000e+000 +0.0000e+000
3 0 +9.066563162e+001 +2.259956316e+002 +2.259956316e+002 +8.4464e-001 +4.4290e+000 +6.4393e-001 -1.7703e+000 +1.9905e+000
70 0 +6.533399691e+001 +2.006639969e+002 +2.006639969e+002 -1.4601e+000 +6.8023e-001 -1.4599e+000 -8.6465e-001 +2.9695e+000
795 0 +5.014893289e+001 +1.854789329e+002 +1.854789329e+002 -2.7730e+000 -7.9656e-001 +9.3226e-001 -4.1813e+000 +2.2108e+000
853 0 +3.733700825e+001 +1.726670082e+002 +1.726670082e+002 -1.1502e+000 -6.3874e-001 +4.1110e-001 -3.0447e+000 +1.9713e+000
975 0 +3.507343889e+001 +1.704034389e+002 +1.704034389e+002 -5.0634e-001 -6.4745e-001 +8.8039e-001 -2.2283e+000 +2.1626e+000
1531 0 +3.170503577e+001 +1.670350358e+002 +1.670350358e+002 -5.6355e-001 -8.8914e-001 +5.3417e-001 -2.1824e+000 +2.1938e+000
2220 0 +3.053063330e+001 +1.658606333e+002 +1.658606333e+002 -6.3277e-001 -7.5952e-001 +4.6724e-001 -2.1928e+000 +2.1817e+000
2974 0 +2.877554443e+001 +1.641055444e+002 +1.641055444e+002 -4.5116e-001 -8.9246e-001 -5.3436e-001 -1.7587e+000 +2.5002e+000
3469 0 +2.445979416e+001 +1.597897942e+002 +1.597897942e+002 -3.2893e-001 -6.7118e-001 +3.3258e-001 -1.7180e+000 +2.5470e+000
3847 0 +2.163530010e+001 +1.569653001e+002 +1.569653001e+002 -4.4260e-001 -6.9542e-001 +3.4032e-001 -1.6872e+000 +2.4309e+000
4186 0 +1.764241521e+001 +1.529724152e+002 +1.529724152e+002 -4.2665e-001 -7.2454e-001 +2.7823e-001 -1.7082e+000 +2.4601e+000
4745 0 +1.544013518e+001 +1.507701352e+002 +1.507701352e+002 -4.0133e-001 -7.4148e-001 +3.5015e-001 -1.7001e+000 +2.4539e+000
6977 0 +1.333819851e+001 +1.486681985e+002 +1.486681985e+002 -4.0993e-001 -7.1529e-001 +3.9690e-001 -1.7159e+000 +2.4862e+000
8190 0 +1.224958236e+001 +1.475795824e+002 +1.475795824e+002 -4.2667e-001 -7.5030e-001 +4.1624e-001 -1.7084e+000 +2.4981e+000
8748 0 +1.200840254e+001 +1.473384025e+002 +1.473384025e+002 -4.3210e-001 -7.4560e-001 +4.0854e-001 -1.7128e+000 +2.4983e+000
% f evaluations | g evaluations | best noise-free fitness - Fopt (4.066000000000e+001) + sum g_i+ | measured fitness | best measured fitness or single-digit g-values | x1 | x2...
1 0 +1.724702693e+002 +2.131302693e+002 +2.131302693e+002 +0.0000e+000 +0.0000e+000 +0.0000e+000 +0.0000e+000 +0.0000e+000
12 0 +1.154996917e+002 +1.561596917e+002 +1.561596917e+002 -5.1435e-001 +3.7864e+000 +1.0964e+000 -3.4347e+000 +1.7959e+000
23 0 +9.828260266e+001 +1.389426027e+002 +1.389426027e+002 +6.6370e-001 +2.8680e+000 +3.2019e+000 -3.7093e+000 +1.6850e-001
46 0 +7.272125810e+001 +1.133812581e+002 +1.133812581e+002 +1.9191e+000 -1.1563e+000 +1.6577e+000 -2.4579e+000 +5.6590e-001
207 0 +6.925378186e+001 +1.099137819e+002 +1.099137819e+002 +3.0280e+000 -9.2777e-001 +2.3980e+000 -1.6418e+000 +6.9430e-001
430 0 +5.299438244e+001 +9.365438244e+001 +9.365438244e+001 +2.1391e+000 +8.9844e-002 +2.2918e+000 -1.8310e+000 +1.1297e+000
576 0 +5.047931599e+001 +9.113931599e+001 +9.113931599e+001 +3.0180e+000 -5.2254e-001 +2.4895e+000 -2.3340e+000 +1.7953e+000
812 0 +3.736924550e+001 +7.802924550e+001 +7.802924550e+001 +2.0670e+000 +4.6533e-001 +2.7692e+000 -2.4240e+000 +7.5368e-001
1216 0 +3.663476386e+001 +7.729476386e+001 +7.729476386e+001 +1.9212e+000 +5.4963e-001 +2.8334e+000 -2.2201e+000 +5.3386e-001
1219 0 +3.480224678e+001 +7.546224678e+001 +7.546224678e+001 +2.1146e+000 +5.8848e-001 +2.8287e+000 -2.3639e+000 +7.2966e-001
1299 0 +2.850037845e+001 +6.916037845e+001 +6.916037845e+001 +1.1343e+000 -1.0181e+000 +2.8694e+000 -2.8034e+000 +1.7042e+000
3820 0 +2.803656145e+001 +6.869656145e+001 +6.869656145e+001 +1.0602e+000 -9.3723e-001 +2.8571e+000 -2.6475e+000 +1.6754e+000
4156 0 +2.000399604e+001 +6.066399604e+001 +6.066399604e+001 +1.1098e+000 -1.0160e+000 +2.8066e+000 -2.7303e+000 +1.7138e+000
4420 0 +1.925166644e+001 +5.991166644e+001 +5.991166644e+001 +1.1047e+000 -1.0028e+000 +2.8240e+000 -2.7263e+000 +1.7059e+000
5120 0 +1.905187883e+001 +5.971187883e+001 +5.971187883e+001 +1.0969e+000 -9.9411e-001 +2.8232e+000 -2.7101e+000 +1.7027e+000
5861 0 +1.763731501e+001 +5.829731501e+001 +5.829731501e+001 +1.1094e+000 -1.0371e+000 +2.8318e+000 -2.7210e+000 +1.7191e+000
8798 0 +1.736709440e+001 +5.802709440e+001 +5.802709440e+001 +1.0972e+000 -1.0073e+000 +2.8429e+000 -2.6972e+000 +1.7167e+000
