% f evaluations | g evaluations | best noise-free fitness - Fopt (-4.620900000000e+002) + sum g_i+ | measured fitness | best measured fitness or single-digit g-values | x1 | x2...
1 0 +7.902572256e+001 -3.830642774e+002 -3.830642774e+002 +0.0000e+000 +0.0000e+000
3 0 +4.386779852e+001 -4.182222015e+002 -4.182222015e+002 +1.8781e+000 +2.1080e+000
25 0 +3.010061434e+001 -4.319893857e+002 -4.319893857e+002 -1.6350e+000 +3.1315e+000
33 0 +2.180143407e+001 -4.402885659e+002 -4.402885659e+002 +1.6357e+000 +1.5781e+000
41 0 +1.386030722e+001 -4.482296928e+002 -4.482296928e+002 -4.5246e+000 +1.5904e+000
177 0 +1.289367275e+001 -4.491963273e+002 -4.491963273e+002 -5.3540e+000 +2.0230e+000
214 0 +5.672913342e+000 -4.564170867e+002 -4.564170867e+002 -3.1038e-001 +2.3264e+000
323 0 +5.328037370e+000 -4.567619626e+002 -4.567619626e+002 -4.3078e+000 +1.9787e+000
349 0 +3.036312033e+000 -4.590536880e+002 -4.590536880e+002 -3.3878e+000 +2.6550e+000
743 0 +2.820030014e+000 -4.592699700e+002 -4.592699700e+002 -3.3535e+000 +2.3370e+000
857 0 +2.338310918e+000 -4.597516891e+002 -4.597516891e+002 -3.3252e+000 +2.6394e+000
928 0 +1.284018885e+000 -4.608059811e+002 -4.608059811e+002 -3.3134e+000 +2.2944e+000
1278 0 +7.610986231e-002 -4.620138901e+002 -4.620138901e+002 -2.3318e+000 +2.2949e+000
2001 0 +1.632096650e-002 -4.620736790e+002 -4.620736790e+002 -2.3458e+000 +2.2976e+000
2254 0 +3.390656793e-003 -4.620866093e+002 -4.620866093e+002 -2.3394e+000 +2.3014e+000
2269 0 +1.023429620e-003 -4.620889766e+002 -4.620889766e+002 -2.3409e+000 +2.2993e+000
2393 0 +1.003758982e-003 -4.620889962e+002 -4.620889962e+002 -2.3406e+000 +2.2993e+000
2659 0 +3.230311653e-004 -4.620896770e+002 -4.620896770e+002 -2.3415e+000 +2.2997e+000
2716 0 +2.331876715e-006 -4.620899977e+002 -4.620899977e+002 -2.3408e+000 +2.3000e+000
3616 0 +9.257977922e-007 -4.620899991e+002 -4.620899991e+002 -2.3409e+000 +2.3000e+000
3773 0 +4.591196330e-007 -4.620899995e+002 -4.620899995e+002 -2.3408e+000 +2.3000e+000
3933 0 +1.951940476e-007 -4.620899998e+002 -4.620899998e+002 -2.3408e+000 +2.3000e+000
4007 0 +7.330118024e-008 -4.620899999e+002 -4.620899999e+002 -2.3408e+000 +2.3000e+000
4354 0 +3.284998229e-008 -4.620900000e+002 -4.620900000e+002 -2.3408e+000 +2.3000e+000
4369 0 +3.165359885e-008 -4.620900000e+002 -4.620900000e+002 -2.3408e+000 +2.3000e+000
4554 0 +2.408040700e-008 -4.620900000e+002 -4.620900000e+002 -2.3408e+000 +2.3000e+000
4651 0 +1.426218432e-008 -4.620900000e+002 -4.620900000e+002 -2.3408e+000 +2.3000e+000
4907 0 +3.025320439e-009 -4.620900000e+002 -4.620900000e+002 -2.3408e+000 +2.3000e+000
7532 0 +0.000000000e+000 -4.620900000e+002 -4.620900000e+002 -2.3408e+000 +2.3000e+000
% f evaluations | g evaluations | best noise-free fitness - Fopt (7.766000000000e+001) + sum g_i+ | measured fitness | best measured fitness or single-digit g-values | x1 | x2...
1 0 +4.198976989e+001 +1.196497699e+002 +1.196497699e+002 +0.0000e+000 +0.0000e+000
8 0 +3.927249509e+001 +1.169324951e+002 +1.169324951e+002 +6.5072e-001 -2.2369e+000
11 0 +2.665754231e+001 +1.043175423e+002 +1.043175423e+002 +3.8221e+000 -1.6847e-001
25 0 +2.507294366e+001 +1.027329437e+002 +1.027329437e+002 +1.9677e+000 -9.1298e-001
58 0 +4.751183386e+000 +8.241118339e+001 +8.241118339e+001 +3.3299e+000 -5.1451e-001
311 0 +4.439760418e+000 +8.209976042e+001 +8.209976042e+001 +3.4549e+000 -5.0570e-001
426 0 +3.502611342e+000 +8.116261134e+001 +8.116261134e+001 +2.5065e+000 -1.1676e+000
521 0 +3.465092048e+000 +8.112509205e+001 +8.112509205e+001 +2.3540e+000 -4.4193e-001
538 0 +1.446660161e+000 +7.910666016e+001 +7.910666016e+001 +2.3179e+000 -8.7006e-001
553 0 +6.746452520e-001 +7.833464525e+001 +7.833464525e+001 +2.3367e+000 -8.5725e-001
1016 0 +2.466463855e-001 +7.790664639e+001 +7.790664639e+001 +2.4251e+000 -8.4879e-001
1285 0 +9.633364367e-002 +7.775633364e+001 +7.775633364e+001 +2.3776e+000 -8.5329e-001
1460 0 +9.327615812e-002 +7.775327616e+001 +7.775327616e+001 +2.4188e+000 -8.5299e-001
1545 0 +2.512687345e-002 +7.768512687e+001 +7.768512687e+001 +2.4090e+000 -8.5467e-001
1609 0 +1.890053277e-002 +7.767890053e+001 +7.767890053e+001 +2.4077e+000 -8.5519e-001
1687 0 +4.887724093e-004 +7.766048877e+001 +7.766048877e+001 +2.3981e+000 -8.5549e-001
2145 0 +3.469502929e-004 +7.766034695e+001 +7.766034695e+001 +2.3988e+000 -8.5560e-001
2187 0 +2.314581333e-004 +7.766023146e+001 +7.766023146e+001 +2.3988e+000 -8.5632e-001
2519 0 +1.181569736e-005 +7.766001182e+001 +7.766001182e+001 +2.3982e+000 -8.5595e-001
2919 0 +7.664428011e-006 +7.766000766e+001 +7.766000766e+001 +2.3982e+000 -8.5601e-001
2949 0 +8.879151636e-007 +7.766000089e+001 +7.766000089e+001 +2.3985e+000 -8.5599e-001
3124 0 +5.513890358e-007 +7.766000055e+001 +7.766000055e+001 +2.3984e+000 -8.5598e-001
3416 0 +1.503389768e-007 +7.766000015e+001 +7.766000015e+001 +2.3984e+000 -8.5599e-001
3547 0 +7.297741433e-008 +7.766000007e+001 +7.766000007e+001 +2.3984e+000 -8.5600e-001
3647 0 +3.790414382e-008 +7.766000004e+001 +7.766000004e+001 +2.3984e+000 -8.5600e-001
3693 0 +2.949329314e-008 +7.766000003e+001 +7.766000003e+001 +2.3984e+000 -8.5600e-001
3845 0 +2.621165152e-008 +7.766000003e+001 +7.766000003e+001 +2.3984e+000 -8.5600e-001
3916 0 +1.392193383e-008 +7.766000001e+001 +7.766000001e+001 +2.3984e+000 -8.5600e-001
3945 0 +8.019227948e-009 +7.766000001e+001 +7.766000001e+001 +2.3984e+000 -8.5600e-001
6916 0 +0.000000000e+000 +7.766000000e+001 +7.766000000e+001 +2.3984e+000 -8.5600e-001
% f evaluations | g evaluations | best noise-free fitness - Fopt (1.156800000000e+002) + sum g_i+ | measured fitness | best measured fitness or single-digit g-values | x1 | x2...
1 0 +2.624796943e+001 +1.419279694e+002 +1.419279694e+002 +0.0000e+000 +0.0000e+000
22 0 +1.171636164e+001 +1.273963616e+002 +1.273963616e+002 -3.9439e+000 -3.4132e-001
203 0 +9.055475303e+000 +1.247354753e+002 +1.247354753e+002 -1.0240e-001 -1.3144e+000
252 0 +2.334294508e+000 +1.180142945e+002 +1.180142945e+002 -2.2668e+000 -1.2887e+000
560 0 +1.133691108e+000 +1.168136911e+002 +1.168136911e+002 -2.1727e+000 -1.2859e+000
861 0 +1.015201869e+000 +1.166952019e+002 +1.166952019e+002 -2.1839e+000 -1.2954e+000
880 0 +8.402003796e-003 +1.156884020e+002 +1.156884020e+002 -2.1745e+000 -9.8482e-001
1696 0 +6.409284141e-003 +1.156864093e+002 +1.156864093e+002 -2.1733e+000 -9.8238e-001
1824 0 +6.892186808e-004 +1.156806892e+002 +1.156806892e+002 -2.1795e+000 -9.8270e-001
1959 0 +3.296783232e-004 +1.156803297e+002 +1.156803297e+002 -2.1797e+000 -9.8317e-001
2097 0 +1.296007249e-004 +1.156801296e+002 +1.156801296e+002 -2.1788e+000 -9.8300e-001
2186 0 +1.252659163e-004 +1.156801253e+002 +1.156801253e+002 -2.1791e+000 -9.8308e-001
2306 0 +8.530003221e-005 +1.156800853e+002 +1.156800853e+002 -2.1782e+000 -9.8341e-001
2572 0 +1.290395268e-005 +1.156800129e+002 +1.156800129e+002 -2.1781e+000 -9.8322e-001
3006 0 +6.997461597e-006 +1.156800070e+002 +1.156800070e+002 -2.1786e+000 -9.8317e-001
3172 0 +1.228832502e-008 +1.156800000e+002 +1.156800000e+002 -2.1784e+000 -9.8320e-001
3559 0 +1.311221354e-009 +1.156800000e+002 +1.156800000e+002 -2.1784e+000 -9.8320e-001
6908 0 +0.000000000e+000 +1.156800000e+002 +1.156800000e+002 -2.1784e+000 -9.8320e-001
% f evaluations | g evaluations | best noise-free fitness - Fopt (-3.710000000000e+000) + sum g_i+ | measured fitness | best measured fitness or single-digit g-values | x1 | x2...
1 0 +1.166717340e+002 +1.129617340e+002 +1.129617340e+002 +0.0000e+000 +0.0000e+000
5 0 +5.548438685e+001 +5.177438685e+001 +5.177438685e+001 -1.7421e+000 -7.8798e-001
10 0 +2.678158456e+001 +2.307158456e+001 +2.307158456e+001 +6.3905e-002 -1.8130e+000
46 0 +1.393358206e+001 +1.022358206e+001 +1.022358206e+001 +9.6867e-001 -2.9406e+000
97 0 +5.670934631e+000 +1.960934631e+000 +1.960934631e+000 +1.2444e+000 -1.9229e+000
327 0 +4.402239262e+000 +6.922392620e-001 +6.922392620e-001 +1.1014e+000 -2.2913e+000
422 0 +3.530258808e+000 -1.797411915e-001 -1.797411915e-001 +3.2476e+000 -2.3123e+000
517 0 +3.453384814e+000 -2.566151864e-001 -2.566151864e-001 +3.2185e+000 -2.2670e+000
612 0 +3.017380060e+000 -6.926199400e-001 -6.926199400e-001 +3.2149e+000 -2.2707e+000
632 0 +1.645871618e+000 -2.064128382e+000 -2.064128382e+000 +3.0718e+000 -1.9174e+000
786 0 +1.276139789e+000 -2.433860211e+000 -2.433860211e+000 +3.0857e+000 -1.9404e+000
945 0 +1.144481277e+000 -2.565518723e+000 -2.565518723e+000 +3.1308e+000 -1.9488e+000
1068 0 +5.702849377e-002 -3.652971506e+000 -3.652971506e+000 +3.1047e+000 -2.2974e+000
1678 0 +5.438529483e-002 -3.655614705e+000 -3.655614705e+000 +3.1153e+000 -2.2896e+000
1811 0 +3.593932378e-002 -3.674060676e+000 -3.674060676e+000 +3.1132e+000 -2.2987e+000
1814 0 +2.907547731e-003 -3.707092452e+000 -3.707092452e+000 +3.1169e+000 -2.2959e+000
2001 0 +1.323645511e-003 -3.708676354e+000 -3.708676354e+000 +3.1197e+000 -2.2961e+000
2368 0 +1.144362664e-005 -3.709988556e+000 -3.709988556e+000 +3.1201e+000 -2.2951e+000
2737 0 +9.156108186e-006 -3.709990844e+000 -3.709990844e+000 +3.1201e+000 -2.2951e+000
2912 0 +6.012169171e-007 -3.709999399e+000 -3.709999399e+000 +3.1200e+000 -2.2952e+000
3112 0 +2.042856950e-008 -3.709999980e+000 -3.709999980e+000 +3.1200e+000 -2.2952e+000
3837 0 +1.548924855e-008 -3.709999985e+000 -3.709999985e+000 +3.1200e+000 -2.2952e+000
4012 0 +1.514583081e-008 -3.709999985e+000 -3.709999985e+000 +3.1200e+000 -2.2952e+000
4037 0 +3.723919839e-009 -3.709999996e+000 -3.709999996e+000 +3.1200e+000 -2.2952e+000
7637 0 +0.000000000e+000 -3.710000000e+000 -3.710000000e+000 +3.1200e+000 -2.2952e+000
% f evaluations | g evaluations | best noise-free fitness - Fopt (1.321800000000e+002) + sum g_i+ | measured fitness | best measured fitness or single-digit g-values | x1 | x2...
1 0 +5.412066067e+001 +1.863006607e+002 +1.863006607e+002 +0.0000e+000 +0.0000e+000
6 0 +5.328992795e+001 +1.854699280e+002 +1.854699280e+002 -6.2935e-001 -2.3322e-001
7 0 +2.754055634e+001 +1.597205563e+002 +1.597205563e+002 -5.7620e-001 +4.7802e-001
26 0 +1.805823916e+001 +1.502382392e+002 +1.502382392e+002 -3.0731e+000 +7.7553e-001
54 0 +1.171126150e+001 +1.438912615e+002 +1.438912615e+002 -3.6444e+000 +5.2180e-001
228 0 +8.612989679e+000 +1.407929897e+002 +1.407929897e+002 -5.6466e+000 +2.1153e+000
299 0 +6.093464090e+000 +1.382734641e+002 +1.382734641e+002 -1.7384e+000 +1.1551e+000
302 0 +3.547253365e+000 +1.357272534e+002 +1.357272534e+002 -2.7277e+000 +1.4549e+000
303 0 +1.033201664e+000 +1.332132017e+002 +1.332132017e+002 -3.7650e+000 +1.8352e+000
735 0 +1.019286678e+000 +1.331992867e+002 +1.331992867e+002 -3.7700e+000 +1.8378e+000
990 0 +7.852070740e-001 +1.329652071e+002 +1.329652071e+002 -3.8160e+000 +1.4711e+000
1091 0 +2.098171325e-001 +1.323898171e+002 +1.323898171e+002 -3.7730e+000 +1.4934e+000
1554 0 +2.016655972e-001 +1.323816656e+002 +1.323816656e+002 -3.7388e+000 +1.4885e+000
1591 0 +7.117065173e-002 +1.322511707e+002 +1.322511707e+002 -3.7681e+000 +1.4767e+000
1706 0 +4.928464576e-002 +1.322292846e+002 +1.322292846e+002 -3.7787e+000 +1.4809e+000
1752 0 +7.877984982e-003 +1.321878780e+002 +1.321878780e+002 -3.7685e+000 +1.4837e+000
1830 0 +3.211271288e-003 +1.321832113e+002 +1.321832113e+002 -3.7666e+000 +1.4814e+000
2105 0 +2.603003624e-004 +1.321802603e+002 +1.321802603e+002 -3.7650e+000 +1.4826e+000
2552 0 +7.622796431e-006 +1.321800076e+002 +1.321800076e+002 -3.7639e+000 +1.4825e+000
3019 0 +5.956564394e-006 +1.321800060e+002 +1.321800060e+002 -3.7640e+000 +1.4825e+000
3037 0 +3.052985960e-006 +1.321800031e+002 +1.321800031e+002 -3.7639e+000 +1.4824e+000
3330 0 +2.705916899e-006 +1.321800027e+002 +1.321800027e+002 -3.7639e+000 +1.4824e+000
3430 0 +7.288307415e-007 +1.321800007e+002 +1.321800007e+002 -3.7639e+000 +1.4824e+000
3452 0 +4.781759628e-007 +1.321800005e+002 +1.321800005e+002 -3.7640e+000 +1.4824e+000
3530 0 +1.723517755e-007 +1.321800002e+002 +1.321800002e+002 -3.7640e+000 +1.4824e+000
3630 0 +5.562725391e-008 +1.321800001e+002 +1.321800001e+002 -3.7640e+000 +1.4824e+000
3730 0 +3.029137474e-008 +1.321800000e+002 +1.321800000e+002 -3.7640e+000 +1.4824e+000
3830 0 +2.720187808e-008 +1.321800000e+002 +1.321800000e+002 -3.7640e+000 +1.4824e+000
4156 0 +2.524888032e-008 +1.321800000e+002 +1.321800000e+002 -3.7640e+000 +1.4824e+000
4230 0 +4.455159797e-009 +1.321800000e+002 +1.321800000e+002 -3.7640e+000 +1.4824e+000
6915 0 +0.000000000e+000 +1.321800000e+002 +1.321800000e+002 -3.7640e+000 +1.4824e+000
% f evaluations | g evaluations | best noise-free fitness - Fopt (-3.930000000000e+001) + sum g_i+ | measured fitness | best measured fitness or single-digit g-values | x1 | x2...
1 0 +6.233550444e+001 +2.303550444e+001 +2.303550444e+001 +0.0000e+000 +0.0000e+000
2 0 +1.558599256e+001 -2.371400744e+001 -2.371400744e+001 -2.4694e+000 -2.0021e+000
50 0 +1.518864355e+001 -2.411135645e+001 -2.411135645e+001 -4.5928e+000 -1.3161e+000
70 0 +5.160189999e+000 -3.413981000e+001 -3.413981000e+001 -4.4972e+000 -8.8585e-001
291 0 +1.879985020e+000 -3.742001498e+001 -3.742001498e+001 -1.5022e+000 -1.2353e+000
468 0 +1.691374184e+000 -3.760862582e+001 -3.760862582e+001 -2.6139e+000 -1.2090e+000
853 0 +1.115176457e+000 -3.818482354e+001 -3.818482354e+001 -2.6149e+000 -1.2343e+000
959 0 +1.054351634e+000 -3.824564837e+001 -3.824564837e+001 -2.4779e+000 -1.2430e+000
1003 0 +2.873737292e-002 -3.927126263e+001 -3.927126263e+001 -2.5310e+000 -1.2258e+000
1553 0 +1.884578459e-002 -3.928115422e+001 -3.928115422e+001 -2.5385e+000 -1.2266e+000
1624 0 +1.122094406e-002 -3.928877906e+001 -3.928877906e+001 -2.5319e+000 -1.2273e+000
1747 0 +5.564290671e-003 -3.929443571e+001 -3.929443571e+001 -2.5283e+000 -1.2293e+000
1922 0 +3.527838314e-003 -3.929647216e+001 -3.929647216e+001 -2.5350e+000 -1.2282e+000
2061 0 +2.817303397e-004 -3.929971827e+001 -3.929971827e+001 -2.5342e+000 -1.2293e+000
2361 0 +2.545357837e-004 -3.929974546e+001 -3.929974546e+001 -2.5344e+000 -1.2293e+000
2453 0 +1.583479583e-004 -3.929984165e+001 -3.929984165e+001 -2.5331e+000 -1.2299e+000
2683 0 +1.542678996e-004 -3.929984573e+001 -3.929984573e+001 -2.5335e+000 -1.2293e+000
2785 0 +9.821622034e-005 -3.929990178e+001 -3.929990178e+001 -2.5343e+000 -1.2296e+000
2859 0 +5.093424376e-005 -3.929994907e+001 -3.929994907e+001 -2.5341e+000 -1.2296e+000
2885 0 +3.006493858e-005 -3.929996994e+001 -3.929996994e+001 -2.5340e+000 -1.2296e+000
2985 0 +7.192369182e-006 -3.929999281e+001 -3.929999281e+001 -2.5338e+000 -1.2296e+000
3085 0 +2.753295647e-006 -3.929999725e+001 -3.929999725e+001 -2.5337e+000 -1.2296e+000
3185 0 +1.371573298e-006 -3.929999863e+001 -3.929999863e+001 -2.5337e+000 -1.2296e+000
3285 0 +8.845777231e-007 -3.929999912e+001 -3.929999912e+001 -2.5336e+000 -1.2296e+000
3385 0 +6.855791383e-007 -3.929999931e+001 -3.929999931e+001 -2.5336e+000 -1.2296e+000
3485 0 +6.341143219e-007 -3.929999937e+001 -3.929999937e+001 -2.5336e+000 -1.2296e+000
3585 0 +6.179561254e-007 -3.929999938e+001 -3.929999938e+001 -2.5336e+000 -1.2296e+000
3685 0 +6.112616191e-007 -3.929999939e+001 -3.929999939e+001 -2.5336e+000 -1.2296e+000
3699 0 +3.193639060e-007 -3.929999968e+001 -3.929999968e+001 -2.5336e+000 -1.2296e+000
3785 0 +2.651725381e-007 -3.929999973e+001 -3.929999973e+001 -2.5336e+000 -1.2296e+000
3789 0 +2.069274530e-008 -3.929999998e+001 -3.929999998e+001 -2.5336e+000 -1.2296e+000
4210 0 +1.167858699e-008 -3.929999999e+001 -3.929999999e+001 -2.5336e+000 -1.2296e+000
4485 0 +3.153267869e-009 -3.930000000e+001 -3.930000000e+001 -2.5336e+000 -1.2296e+000
7092 0 +0.000000000e+000 -3.930000000e+001 -3.930000000e+001 -2.5336e+000 -1.2296e+000
% f evaluations | g evaluations | best noise-free fitness - Fopt (4.296000000000e+001) + sum g_i+ | measured fitness | best measured fitness or single-digit g-values | x1 | x2...
1 0 +5.958609716e+001 +1.025460972e+002 +1.025460972e+002 +0.0000e+000 +0.0000e+000
11 0 +5.908997597e+001 +1.020499760e+002 +1.020499760e+002 +4.6506e+000 +3.5621e+000
12 0 +2.172034133e+001 +6.468034133e+001 +6.468034133e+001 +9.5686e-001 +2.1307e+000
28 0 +4.359212954e+000 +4.731921295e+001 +4.731921295e+001 +1.5397e+000 +1.0620e+000
534 0 +2.907982099e+000 +4.586798210e+001 +4.586798210e+001 +2.5326e+000 +1.7720e+000
1049 0 +1.899968039e+000 +4.485996804e+001 +4.485996804e+001 +2.4738e+000 +1.7426e+000
1101 0 +1.286850268e+000 +4.424685027e+001 +4.424685027e+001 +2.4896e+000 +1.7347e+000
1209 0 +1.436880084e-001 +4.310368801e+001 +4.310368801e+001 +1.4902e+000 +1.7418e+000
1809 0 +1.144613646e-001 +4.307446136e+001 +4.307446136e+001 +1.5325e+000 +1.7415e+000
1818 0 +5.962291643e-002 +4.301962292e+001 +4.301962292e+001 +1.4976e+000 +1.7394e+000
1909 0 +4.239724589e-002 +4.300239725e+001 +4.300239725e+001 +1.5155e+000 +1.7414e+000
2008 0 +4.112541605e-003 +4.296411254e+001 +4.296411254e+001 +1.5150e+000 +1.7381e+000
2209 0 +1.748688771e-003 +4.296174869e+001 +4.296174869e+001 +1.5115e+000 +1.7377e+000
2309 0 +1.842206477e-004 +4.296018422e+001 +4.296018422e+001 +1.5123e+000 +1.7371e+000
2409 0 +5.765214269e-006 +4.296000577e+001 +4.296000577e+001 +1.5127e+000 +1.7368e+000
3092 0 +2.368865474e-006 +4.296000237e+001 +4.296000237e+001 +1.5127e+000 +1.7368e+000
3291 0 +1.379258862e-006 +4.296000138e+001 +4.296000138e+001 +1.5128e+000 +1.7368e+000
3309 0 +1.041980568e-006 +4.296000104e+001 +4.296000104e+001 +1.5127e+000 +1.7368e+000
3391 0 +6.053172044e-007 +4.296000061e+001 +4.296000061e+001 +1.5129e+000 +1.7368e+000
3591 0 +5.255077937e-007 +4.296000053e+001 +4.296000053e+001 +1.5128e+000 +1.7368e+000
3609 0 +2.552313489e-007 +4.296000026e+001 +4.296000026e+001 +1.5128e+000 +1.7368e+000
3709 0 +1.200763577e-007 +4.296000012e+001 +4.296000012e+001 +1.5128e+000 +1.7368e+000
3809 0 +7.242963562e-008 +4.296000007e+001 +4.296000007e+001 +1.5128e+000 +1.7368e+000
3909 0 +5.846659690e-008 +4.296000006e+001 +4.296000006e+001 +1.5128e+000 +1.7368e+000
4009 0 +4.838416601e-008 +4.296000005e+001 +4.296000005e+001 +1.5128e+000 +1.7368e+000
4109 0 +4.233080375e-008 +4.296000004e+001 +4.296000004e+001 +1.5128e+000 +1.7368e+000
4209 0 +3.920527547e-008 +4.296000004e+001 +4.296000004e+001 +1.5128e+000 +1.7368e+000
4309 0 +3.764748158e-008 +4.296000004e+001 +4.296000004e+001 +1.5128e+000 +1.7368e+000
4326 0 +1.963176999e-008 +4.296000002e+001 +4.296000002e+001 +1.5128e+000 +1.7368e+000
4409 0 +7.461672169e-009 +4.296000001e+001 +4.296000001e+001 +1.5128e+000 +1.7368e+000
7582 0 +0.000000000e+000 +4.296000000e+001 +4.296000000e+001 +1.5128e+000 +1.7368e+000
% f evaluations | g evaluations | best noise-free fitness - Fopt (2.842200000000e+002) + sum g_i+ | measured fitness | best measured fitness or single-digit g-values | x1 | x2...
1 0 +2.727858565e+001 +3.114985857e+002 +3.114985857e+002 +0.0000e+000 +0.0000e+000
15 0 +2.654245372e+001 +3.107624537e+002 +3.107624537e+002 +8.2101e-001 -1.4091e+000
46 0 +2.502310459e+001 +3.092431046e+002 +3.092431046e+002 +9.0591e-001 -1.4002e+000
75 0 +1.161475402e+001 +2.958347540e+002 +2.958347540e+002 +8.3183e-001 -2.4608e-001
230 0 +6.125491447e+000 +2.903454914e+002 +2.903454914e+002 -9.7388e-002 -5.4936e-001
352 0 +1.293655991e+000 +2.855136560e+002 +2.855136560e+002 -1.1004e+000 -2.3067e-001
651 0 +7.147153525e-001 +2.849347154e+002 +2.849347154e+002 -2.0488e+000 -2.2551e-001
951 0 +1.542311252e-001 +2.843742311e+002 +2.843742311e+002 -2.0860e+000 -2.2667e-001
1290 0 +1.215347440e-002 +2.842321535e+002 +2.842321535e+002 -2.0948e+000 -2.2032e-001
1527 0 +1.862725857e-003 +2.842218627e+002 +2.842218627e+002 -2.0974e+000 -2.1785e-001
1727 0 +1.549898302e-003 +2.842215499e+002 +2.842215499e+002 -2.0970e+000 -2.1853e-001
1992 0 +9.298960059e-004 +2.842209299e+002 +2.842209299e+002 -2.0999e+000 -2.1767e-001
2327 0 +5.225272716e-004 +2.842205225e+002 +2.842205225e+002 -2.0983e+000 -2.1850e-001
2492 0 +4.332351579e-004 +2.842204332e+002 +2.842204332e+002 -2.0987e+000 -2.1815e-001
2551 0 +1.543302625e-005 +2.842200154e+002 +2.842200154e+002 -2.0997e+000 -2.1838e-001
2851 0 +1.380829468e-005 +2.842200138e+002 +2.842200138e+002 -2.1001e+000 -2.1832e-001
3091 0 +1.663700061e-006 +2.842200017e+002 +2.842200017e+002 -2.1001e+000 -2.1839e-001
3151 0 +7.138047522e-007 +2.842200007e+002 +2.842200007e+002 -2.1000e+000 -2.1839e-001
3378 0 +4.993776201e-007 +2.842200005e+002 +2.842200005e+002 -2.1000e+000 -2.1839e-001
3691 0 +1.052330845e-008 +2.842200000e+002 +2.842200000e+002 -2.1000e+000 -2.1840e-001
4249 0 +9.898201370e-009 +2.842200000e+002 +2.842200000e+002 -2.1000e+000 -2.1840e-001
6717 0 +0.000000000e+000 +2.842200000e+002 +2.842200000e+002 -2.1000e+000 -2.1840e-001
% f evaluations | g evaluations | best noise-free fitness - Fopt (-3.217000000000e+001) + sum g_i+ | measured fitness | best measured fitness or single-digit g-values | x1 | x2...
1 0 +5.887951244e+001 +2.670951244e+001 +2.670951244e+001 +0.0000e+000 +0.0000e+000
14 0 +4.852705886e+001 +1.635705886e+001 +1.635705886e+001 +4.7285e+000 +3.4576e+000
20 0 +2.578106901e+001 -6.388930988e+000 -6.388930988e+000 +2.1924e+000 +2.4133e+000
24 0 +1.857509199e+001 -1.359490801e+001 -1.359490801e+001 -6.4135e-001 +1.9547e+000
60 0 +3.427214240e+000 -2.874278576e+001 -2.874278576e+001 +5.1150e-001 +1.5474e+000
480 0 +2.446113589e+000 -2.972388641e+001 -2.972388641e+001 +4.8060e-001 +1.5387e+000
534 0 +2.154892477e+000 -3.001510752e+001 -3.001510752e+001 +4.4814e-001 +2.1989e+000
783 0 +1.831313864e+000 -3.033868614e+001 -3.033868614e+001 +4.1558e-001 +1.8410e+000
867 0 +7.886629352e-001 -3.138133706e+001 -3.138133706e+001 +1.5054e+000 +1.8478e+000
915 0 +1.947168483e-001 -3.197528315e+001 -3.197528315e+001 +1.4449e+000 +1.8653e+000
1179 0 +5.830585151e-002 -3.211169415e+001 -3.211169415e+001 +1.4300e+000 +1.8556e+000
1379 0 +2.866888680e-002 -3.214133111e+001 -3.214133111e+001 +1.4368e+000 +1.8573e+000
1867 0 +2.759032388e-002 -3.214240968e+001 -3.214240968e+001 +1.4370e+000 +1.8573e+000
2028 0 +7.120759435e-003 -3.216287924e+001 -3.216287924e+001 +1.4408e+000 +1.8549e+000
2123 0 +5.951554576e-003 -3.216404845e+001 -3.216404845e+001 +1.4518e+000 +1.8549e+000
2228 0 +4.335457338e-003 -3.216566454e+001 -3.216566454e+001 +1.4453e+000 +1.8530e+000
2258 0 +2.599495464e-003 -3.216740050e+001 -3.216740050e+001 +1.4443e+000 +1.8534e+000
2307 0 +3.313240911e-004 -3.216966868e+001 -3.216966868e+001 +1.4477e+000 +1.8544e+000
2485 0 +3.016119936e-004 -3.216969839e+001 -3.216969839e+001 +1.4468e+000 +1.8540e+000
2667 0 +2.783342776e-004 -3.216972167e+001 -3.216972167e+001 +1.4456e+000 +1.8547e+000
2867 0 +1.683358639e-004 -3.216983166e+001 -3.216983166e+001 +1.4458e+000 +1.8546e+000
2885 0 +3.709680372e-005 -3.216996290e+001 -3.216996290e+001 +1.4462e+000 +1.8545e+000
2909 0 +2.678711986e-005 -3.216997321e+001 -3.216997321e+001 +1.4463e+000 +1.8543e+000
2938 0 +1.449425373e-005 -3.216998551e+001 -3.216998551e+001 +1.4461e+000 +1.8544e+000
3113 0 +6.550526166e-008 -3.216999993e+001 -3.216999993e+001 +1.4464e+000 +1.8544e+000
4294 0 +5.301780703e-008 -3.216999995e+001 -3.216999995e+001 +1.4464e+000 +1.8544e+000
4394 0 +3.305799368e-008 -3.216999997e+001 -3.216999997e+001 +1.4464e+000 +1.8544e+000
4528 0 +2.431853119e-008 -3.216999998e+001 -3.216999998e+001 +1.4464e+000 +1.8544e+000
4581 0 +1.501325642e-008 -3.216999998e+001 -3.216999998e+001 +1.4464e+000 +1.8544e+000
4628 0 +1.288456275e-008 -3.216999999e+001 -3.216999999e+001 +1.4464e+000 +1.8544e+000
4637 0 +6.088043847e-009 -3.216999999e+001 -3.216999999e+001 +1.4464e+000 +1.8544e+000
6281 0 +0.000000000e+000 -3.217000000e+001 -3.217000000e+001 +1.4464e+000 +1.8544e+000
% f evaluations | g evaluations | best noise-free fitness - Fopt (-5.858000000000e+001) + sum g_i+ | measured fitness | best measured fitness or single-digit g-values | x1 | x2...
1 0 +1.769200309e+002 +1.183400309e+002 +1.183400309e+002 +0.0000e+000 +0.0000e+000
2 0 +3.876287340e+001 -1.981712660e+001 -1.981712660e+001 +4.9941e+000 -3.0967e+000
5 0 +3.210403686e+001 -2.647596314e+001 -2.647596314e+001 +1.7351e+000 -9.9680e-001
6 0 +1.395191974e+001 -4.462808026e+001 -4.462808026e+001 +1.6917e+000 -2.5913e+000
40 0 +5.353050088e+000 -5.322694991e+001 -5.322694991e+001 +3.5214e+000 -2.1798e+000
144 0 +4.988681013e+000 -5.359131899e+001 -5.359131899e+001 +6.2289e-001 -2.1470e+000
355 0 +2.155522155e+000 -5.642447785e+001 -5.642447785e+001 +1.5679e+000 -2.5287e+000
867 0 +1.763185113e+000 -5.681681489e+001 -5.681681489e+001 +1.5584e+000 -2.4947e+000
1002 0 +5.371683912e-001 -5.804283161e+001 -5.804283161e+001 +2.6292e+000 -2.5192e+000
1267 0 +2.347570381e-002 -5.855652430e+001 -5.855652430e+001 +2.5991e+000 -2.5052e+000
1963 0 +1.951286255e-002 -5.856048714e+001 -5.856048714e+001 +2.5970e+000 -2.5047e+000
2015 0 +1.529129519e-002 -5.856470870e+001 -5.856470870e+001 +2.5941e+000 -2.5043e+000
2107 0 +5.065637859e-003 -5.857493436e+001 -5.857493436e+001 +2.5884e+000 -2.5087e+000
2212 0 +9.569073107e-005 -5.857990431e+001 -5.857990431e+001 +2.5897e+000 -2.5072e+000
2717 0 +4.477570834e-005 -5.857995522e+001 -5.857995522e+001 +2.5908e+000 -2.5071e+000
2807 0 +3.632239009e-005 -5.857996368e+001 -5.857996368e+001 +2.5901e+000 -2.5071e+000
3107 0 +3.439272450e-005 -5.857996561e+001 -5.857996561e+001 +2.5901e+000 -2.5071e+000
3115 0 +7.499053488e-006 -5.857999250e+001 -5.857999250e+001 +2.5904e+000 -2.5073e+000
3159 0 +4.413578772e-006 -5.857999559e+001 -5.857999559e+001 +2.5904e+000 -2.5072e+000
3412 0 +3.115001945e-006 -5.857999688e+001 -5.857999688e+001 +2.5905e+000 -2.5072e+000
3417 0 +2.340177709e-006 -5.857999766e+001 -5.857999766e+001 +2.5905e+000 -2.5072e+000
3463 0 +1.705365264e-006 -5.857999829e+001 -5.857999829e+001 +2.5904e+000 -2.5072e+000
3526 0 +7.551010484e-007 -5.857999924e+001 -5.857999924e+001 +2.5904e+000 -2.5072e+000
3666 0 +7.204073356e-007 -5.857999928e+001 -5.857999928e+001 +2.5904e+000 -2.5072e+000
3680 0 +6.880817409e-007 -5.857999931e+001 -5.857999931e+001 +2.5904e+000 -2.5072e+000
3859 0 +2.414949449e-007 -5.857999976e+001 -5.857999976e+001 +2.5904e+000 -2.5072e+000
3999 0 +1.646783190e-007 -5.857999984e+001 -5.857999984e+001 +2.5904e+000 -2.5072e+000
4080 0 +1.768441393e-009 -5.858000000e+001 -5.858000000e+001 +2.5904e+000 -2.5072e+000
7662 0 +0.000000000e+000 -5.858000000e+001 -5.858000000e+001 +2.5904e+000 -2.5072e+000
% f evaluations | g evaluations | best noise-free fitness - Fopt (-6.049200000000e+002) + sum g_i+ | measured fitness | best measured fitness or single-digit g-values | x1 | x2...
1 0 +2.305765283e+001 -5.818623472e+002 -5.818623472e+002 +0.0000e+000 +0.0000e+000
2 0 +7.539491025e+000 -5.973805090e+002 -5.973805090e+002 -9.0927e-001 -3.2487e-001
110 0 +5.509655081e+000 -5.994103449e+002 -5.994103449e+002 -2.9920e+000 -1.3127e+000
271 0 +1.625007275e+000 -6.032949927e+002 -6.032949927e+002 -1.0308e+000 -1.3126e+000
413 0 +1.494462097e+000 -6.034255379e+002 -6.034255379e+002 -1.0307e+000 -1.3148e+000
803 0 +1.415626184e+000 -6.035043738e+002 -6.035043738e+002 -1.0208e+000 -1.3139e+000
942 0 +1.908449856e-001 -6.047291550e+002 -6.047291550e+002 -9.7985e-001 -1.0239e+000
1298 0 +1.796152704e-001 -6.047403847e+002 -6.047403847e+002 -1.0244e+000 -1.0100e+000
1301 0 +4.715932937e-002 -6.048728407e+002 -6.048728407e+002 -9.8657e-001 -1.0117e+000
1553 0 +2.770899738e-002 -6.048922910e+002 -6.048922910e+002 -1.0067e+000 -1.0181e+000
1626 0 +2.013122496e-002 -6.048998688e+002 -6.048998688e+002 -1.0078e+000 -1.0168e+000
1785 0 +1.913289345e-002 -6.049008671e+002 -6.049008671e+002 -1.0037e+000 -1.0178e+000
1798 0 +7.569868972e-003 -6.049124301e+002 -6.049124301e+002 -9.9214e-001 -1.0157e+000
1927 0 +1.941919060e-003 -6.049180581e+002 -6.049180581e+002 -9.9747e-001 -1.0142e+000
2098 0 +1.991939636e-004 -6.049198008e+002 -6.049198008e+002 -9.9942e-001 -1.0151e+000
2501 0 +9.075118123e-005 -6.049199092e+002 -6.049199092e+002 -9.9893e-001 -1.0151e+000
2547 0 +7.949361805e-005 -6.049199205e+002 -6.049199205e+002 -9.9836e-001 -1.0150e+000
2753 0 +6.457790141e-005 -6.049199354e+002 -6.049199354e+002 -9.9890e-001 -1.0152e+000
2847 0 +2.025854974e-005 -6.049199797e+002 -6.049199797e+002 -9.9820e-001 -1.0153e+000
2949 0 +9.818978356e-006 -6.049199902e+002 -6.049199902e+002 -9.9823e-001 -1.0152e+000
3098 0 +2.145049621e-006 -6.049199979e+002 -6.049199979e+002 -9.9849e-001 -1.0152e+000
3198 0 +5.266983862e-007 -6.049199995e+002 -6.049199995e+002 -9.9836e-001 -1.0152e+000
3398 0 +2.098572622e-007 -6.049199998e+002 -6.049199998e+002 -9.9839e-001 -1.0152e+000
3750 0 +1.545408850e-007 -6.049199998e+002 -6.049199998e+002 -9.9842e-001 -1.0152e+000
3826 0 +5.547724413e-008 -6.049199999e+002 -6.049199999e+002 -9.9839e-001 -1.0152e+000
3947 0 +7.633047971e-009 -6.049200000e+002 -6.049200000e+002 -9.9840e-001 -1.0152e+000
6458 0 +0.000000000e+000 -6.049200000e+002 -6.049200000e+002 -9.9840e-001 -1.0152e+000
% f evaluations | g evaluations | best noise-free fitness - Fopt (1.337000000000e+002) + sum g_i+ | measured fitness | best measured fitness or single-digit g-values | x1 | x2...
1 0 +3.289086595e+001 +1.665908660e+002 +1.665908660e+002 +0.0000e+000 +0.0000e+000
19 0 +3.240257572e+001 +1.661025757e+002 +1.661025757e+002 -2.7471e+000 +3.0298e-001
26 0 +2.538258143e+001 +1.590825814e+002 +1.590825814e+002 +3.5948e-001 +1.7964e+000
46 0 +2.339721776e+001 +1.570972178e+002 +1.570972178e+002 +3.4940e+000 +4.9210e-001
113 0 +1.793375609e+001 +1.516337561e+002 +1.516337561e+002 -5.5404e-001 +5.8469e-001
135 0 +1.294468848e+001 +1.466446885e+002 +1.466446885e+002 +4.7932e-001 +1.7239e+000
216 0 +1.048693179e+001 +1.441869318e+002 +1.441869318e+002 +2.8393e-001 +1.3066e+000
227 0 +8.935211312e+000 +1.426352113e+002 +1.426352113e+002 +1.3435e+000 +1.2940e+000
347 0 +6.007374429e+000 +1.397073744e+002 +1.397073744e+002 +1.5677e+000 +1.3583e+000
434 0 +2.930859119e+000 +1.366308591e+002 +1.366308591e+002 +2.5398e+000 +9.9466e-001
437 0 +5.734135265e-002 +1.337573414e+002 +1.337573414e+002 +2.4850e+000 +9.5040e-001
1150 0 +6.686819390e-003 +1.337066868e+002 +1.337066868e+002 +2.4813e+000 +9.5461e-001
1877 0 +4.737580015e-003 +1.337047376e+002 +1.337047376e+002 +2.4712e+000 +9.5509e-001
1912 0 +3.187463383e-003 +1.337031875e+002 +1.337031875e+002 +2.4739e+000 +9.5318e-001
2005 0 +2.897320202e-003 +1.337028973e+002 +1.337028973e+002 +2.4761e+000 +9.5321e-001
2034 0 +1.959431864e-003 +1.337019594e+002 +1.337019594e+002 +2.4726e+000 +9.5388e-001
2036 0 +1.466214340e-005 +1.337000147e+002 +1.337000147e+002 +2.4754e+000 +9.5435e-001
2518 0 +1.168691267e-005 +1.337000117e+002 +1.337000117e+002 +2.4754e+000 +9.5446e-001
2736 0 +9.891769480e-006 +1.337000099e+002 +1.337000099e+002 +2.4754e+000 +9.5439e-001
2962 0 +5.357731169e-006 +1.337000054e+002 +1.337000054e+002 +2.4753e+000 +9.5436e-001
3189 0 +2.469293463e-006 +1.337000025e+002 +1.337000025e+002 +2.4753e+000 +9.5441e-001
3336 0 +1.198218598e-006 +1.337000012e+002 +1.337000012e+002 +2.4752e+000 +9.5437e-001
3494 0 +7.710059720e-007 +1.337000008e+002 +1.337000008e+002 +2.4753e+000 +9.5439e-001
3636 0 +6.225639595e-007 +1.337000006e+002 +1.337000006e+002 +2.4752e+000 +9.5438e-001
3780 0 +5.979351272e-007 +1.337000006e+002 +1.337000006e+002 +2.4752e+000 +9.5438e-001
3790 0 +4.156291880e-007 +1.337000004e+002 +1.337000004e+002 +2.4752e+000 +9.5439e-001
3794 0 +1.668441882e-007 +1.337000002e+002 +1.337000002e+002 +2.4752e+000 +9.5441e-001
3990 0 +3.690729500e-008 +1.337000000e+002 +1.337000000e+002 +2.4752e+000 +9.5440e-001
4090 0 +2.415612244e-008 +1.337000000e+002 +1.337000000e+002 +2.4752e+000 +9.5440e-001
4136 0 +1.591388354e-009 +1.337000000e+002 +1.337000000e+002 +2.4752e+000 +9.5440e-001
6604 0 +0.000000000e+000 +1.337000000e+002 +1.337000000e+002 +2.4752e+000 +9.5440e-001
% f evaluations | g evaluations | best noise-free fitness - Fopt (-2.098000000000e+001) + sum g_i+ | measured fitness | best measured fitness or single-digit g-values | x1 | x2...
1 0 +5.120020188e+001 +3.022020188e+001 +3.022020188e+001 +0.0000e+000 +0.0000e+000
7 0 +4.131856314e+001 +2.033856314e+001 +2.033856314e+001 +3.3396e+000 +1.4568e+000
19 0 +2.135532757e+001 +3.753275730e-001 +3.753275730e-001 +1.1164e+000 +2.7635e+000
42 0 +1.913617316e+001 -1.843826838e+000 -1.843826838e+000 +2.1225e+000 +2.4587e+000
48 0 +1.703216935e+001 -3.947830646e+000 -3.947830646e+000 -9.9120e-001 +2.3649e+000
66 0 +1.268533445e+001 -8.294665551e+000 -8.294665551e+000 +8.8514e-001 +2.2979e+000
228 0 +3.407873690e+000 -1.757212631e+001 -1.757212631e+001 +1.9621e+000 +2.3150e+000
470 0 +5.959929045e-001 -2.038400710e+001 -2.038400710e+001 +2.0117e+000 +1.9268e+000
538 0 +5.123389045e-001 -2.046766110e+001 -2.046766110e+001 +2.0478e+000 +1.9374e+000
714 0 +1.625684784e-002 -2.096374315e+001 -2.096374315e+001 +2.0639e+000 +1.9166e+000
1104 0 +1.545960920e-002 -2.096454039e+001 -2.096454039e+001 +2.0591e+000 +1.9164e+000
1604 0 +3.633156337e-003 -2.097636684e+001 -2.097636684e+001 +2.0591e+000 +1.9179e+000
1751 0 +1.512574655e-003 -2.097848743e+001 -2.097848743e+001 +2.0581e+000 +1.9186e+000
1951 0 +1.079997524e-003 -2.097892000e+001 -2.097892000e+001 +2.0587e+000 +1.9186e+000
2051 0 +7.576270558e-004 -2.097924237e+001 -2.097924237e+001 +2.0609e+000 +1.9187e+000
2138 0 +5.269317078e-004 -2.097947307e+001 -2.097947307e+001 +2.0590e+000 +1.9196e+000
2329 0 +3.191381589e-004 -2.097968086e+001 -2.097968086e+001 +2.0592e+000 +1.9189e+000
2351 0 +1.966999369e-004 -2.097980330e+001 -2.097980330e+001 +2.0605e+000 +1.9189e+000
2357 0 +6.318249772e-005 -2.097993682e+001 -2.097993682e+001 +2.0601e+000 +1.9194e+000
2451 0 +4.233169205e-005 -2.097995767e+001 -2.097995767e+001 +2.0597e+000 +1.9191e+000
2729 0 +1.249192096e-005 -2.097998751e+001 -2.097998751e+001 +2.0597e+000 +1.9192e+000
2815 0 +2.030406737e-006 -2.097999797e+001 -2.097999797e+001 +2.0601e+000 +1.9192e+000
3229 0 +1.710750766e-006 -2.097999829e+001 -2.097999829e+001 +2.0599e+000 +1.9192e+000
3329 0 +8.303939119e-007 -2.097999917e+001 -2.097999917e+001 +2.0599e+000 +1.9192e+000
3468 0 +5.449694527e-007 -2.097999946e+001 -2.097999946e+001 +2.0600e+000 +1.9192e+000
3629 0 +4.307337562e-007 -2.097999957e+001 -2.097999957e+001 +2.0600e+000 +1.9192e+000
3650 0 +2.593923227e-007 -2.097999974e+001 -2.097999974e+001 +2.0600e+000 +1.9192e+000
3725 0 +2.477813013e-007 -2.097999975e+001 -2.097999975e+001 +2.0600e+000 +1.9192e+000
3925 0 +1.084084111e-007 -2.097999989e+001 -2.097999989e+001 +2.0600e+000 +1.9192e+000
4051 0 +9.155735725e-008 -2.097999991e+001 -2.097999991e+001 +2.0600e+000 +1.9192e+000
4094 0 +5.644688272e-008 -2.097999994e+001 -2.097999994e+001 +2.0600e+000 +1.9192e+000
4204 0 +1.861632271e-008 -2.097999998e+001 -2.097999998e+001 +2.0600e+000 +1.9192e+000
4604 0 +1.812908579e-008 -2.097999998e+001 -2.097999998e+001 +2.0600e+000 +1.9192e+000
4629 0 +1.237703628e-008 -2.097999999e+001 -2.097999999e+001 +2.0600e+000 +1.9192e+000
4649 0 +3.413351379e-009 -2.098000000e+001 -2.098000000e+001 +2.0600e+000 +1.9192e+000
6870 0 +0.000000000e+000 -2.098000000e+001 -2.098000000e+001 +2.0600e+000 +1.9192e+000
% f evaluations | g evaluations | best noise-free fitness - Fopt (1.353300000000e+002) + sum g_i+ | measured fitness | best measured fitness or single-digit g-values | x1 | x2...
1 0 +2.125732567e+001 +1.565873257e+002 +1.565873257e+002 +0.0000e+000 +0.0000e+000
34 0 +1.530270235e+001 +1.506327023e+002 +1.506327023e+002 -1.6688e+000 -2.6197e-002
77 0 +2.424966038e+000 +1.377549660e+002 +1.377549660e+002 +1.5347e+000 +3.6018e-001
550 0 +2.276214148e+000 +1.376062141e+002 +1.376062141e+002 +1.5591e+000 +3.9739e-001
1157 0 +2.040704242e+000 +1.373707042e+002 +1.373707042e+002 +6.2127e-001 +3.7441e-001
1312 0 +6.485162297e-002 +1.353948516e+002 +1.353948516e+002 +5.5766e-001 +2.7993e-002
1612 0 +1.423385756e-002 +1.353442339e+002 +1.353442339e+002 +5.4197e-001 +2.6945e-002
2108 0 +2.015938526e-003 +1.353320159e+002 +1.353320159e+002 +5.4809e-001 +2.3703e-002
2612 0 +6.822199575e-005 +1.353300682e+002 +1.353300682e+002 +5.4431e-001 +2.3929e-002
3208 0 +8.392914935e-006 +1.353300084e+002 +1.353300084e+002 +5.4459e-001 +2.3979e-002
3212 0 +7.577168816e-006 +1.353300076e+002 +1.353300076e+002 +5.4478e-001 +2.3942e-002
3374 0 +6.237624518e-006 +1.353300062e+002 +1.353300062e+002 +5.4496e-001 +2.3988e-002
3412 0 +5.025993630e-006 +1.353300050e+002 +1.353300050e+002 +5.4496e-001 +2.3998e-002
3555 0 +2.234603926e-006 +1.353300022e+002 +1.353300022e+002 +5.4486e-001 +2.4028e-002
3808 0 +3.695248836e-007 +1.353300004e+002 +1.353300004e+002 +5.4480e-001 +2.4014e-002
4054 0 +1.706384296e-007 +1.353300002e+002 +1.353300002e+002 +5.4480e-001 +2.3991e-002
4369 0 +7.720157669e-008 +1.353300001e+002 +1.353300001e+002 +5.4479e-001 +2.4005e-002
4512 0 +3.379625468e-010 +1.353300000e+002 +1.353300000e+002 +5.4480e-001 +2.4000e-002
7008 0 +0.000000000e+000 +1.353300000e+002 +1.353300000e+002 +5.4480e-001 +2.4000e-002
% f evaluations | g evaluations | best noise-free fitness - Fopt (4.066000000000e+001) + sum g_i+ | measured fitness | best measured fitness or single-digit g-values | x1 | x2...
1 0 +3.768401641e+001 +7.834401641e+001 +7.834401641e+001 +0.0000e+000 +0.0000e+000
12 0 +3.320003078e+001 +7.386003078e+001 +7.386003078e+001 -7.0403e-001 +1.6996e+000
32 0 +3.709031209e+000 +4.436903121e+001 +4.436903121e+001 +2.1318e+000 +1.2301e+000
699 0 +2.389674494e+000 +4.304967449e+001 +4.304967449e+001 +2.0572e+000 +1.2787e+000
711 0 +1.714632587e+000 +4.237463259e+001 +4.237463259e+001 +2.0744e+000 +1.2303e+000
876 0 +1.678096273e+000 +4.233809627e+001 +4.233809627e+001 +3.0869e+000 +1.5812e+000
1052 0 +1.429923269e+000 +4.208992327e+001 +4.208992327e+001 +3.0320e+000 +1.5846e+000
1219 0 +1.040111457e+000 +4.170011146e+001 +4.170011146e+001 +3.0496e+000 +1.5994e+000
1608 0 +1.000445027e+000 +4.166044503e+001 +4.166044503e+001 +3.0562e+000 +1.6066e+000
1724 0 +3.347841377e-001 +4.099478414e+001 +4.099478414e+001 +3.0628e+000 +1.2609e+000
1971 0 +9.519740976e-002 +4.075519741e+001 +4.075519741e+001 +3.0494e+000 +1.2547e+000
2015 0 +7.630445511e-002 +4.073630446e+001 +4.073630446e+001 +3.0337e+000 +1.2493e+000
2371 0 +6.007649427e-002 +4.072007649e+001 +4.072007649e+001 +3.0361e+000 +1.2451e+000
2426 0 +4.364378744e-002 +4.070364379e+001 +4.070364379e+001 +3.0533e+000 +1.2520e+000
2481 0 +1.694302119e-002 +4.067694302e+001 +4.067694302e+001 +3.0492e+000 +1.2444e+000
2503 0 +7.046501820e-003 +4.066704650e+001 +4.066704650e+001 +3.0527e+000 +1.2453e+000
2810 0 +5.041165253e-003 +4.066504117e+001 +4.066504117e+001 +3.0513e+000 +1.2489e+000
2974 0 +2.390108473e-003 +4.066239011e+001 +4.066239011e+001 +3.0540e+000 +1.2481e+000
3071 0 +8.588506159e-004 +4.066085885e+001 +4.066085885e+001 +3.0505e+000 +1.2468e+000
3126 0 +1.715229248e-004 +4.066017152e+001 +4.066017152e+001 +3.0528e+000 +1.2473e+000
3462 0 +1.425852872e-004 +4.066014259e+001 +4.066014259e+001 +3.0511e+000 +1.2472e+000
3466 0 +8.900578033e-005 +4.066008901e+001 +4.066008901e+001 +3.0526e+000 +1.2473e+000
3470 0 +7.983913259e-005 +4.066007984e+001 +4.066007984e+001 +3.0526e+000 +1.2472e+000
3670 0 +6.595514880e-005 +4.066006596e+001 +4.066006596e+001 +3.0525e+000 +1.2471e+000
3674 0 +7.227395784e-006 +4.066000723e+001 +4.066000723e+001 +3.0521e+000 +1.2473e+000
3970 0 +2.508622785e-007 +4.066000025e+001 +4.066000025e+001 +3.0520e+000 +1.2472e+000
4370 0 +2.038372600e-007 +4.066000020e+001 +4.066000020e+001 +3.0520e+000 +1.2472e+000
4619 0 +1.962246827e-007 +4.066000020e+001 +4.066000020e+001 +3.0520e+000 +1.2472e+000
4626 0 +1.392565991e-007 +4.066000014e+001 +4.066000014e+001 +3.0520e+000 +1.2472e+000
4744 0 +1.106312908e-008 +4.066000001e+001 +4.066000001e+001 +3.0520e+000 +1.2472e+000
4826 0 +5.041435713e-009 +4.066000001e+001 +4.066000001e+001 +3.0520e+000 +1.2472e+000
6944 0 +0.000000000e+000 +4.066000000e+001 +4.066000000e+001 +3.0520e+000 +1.2472e+000
