% f evaluations | g evaluations | best noise-free fitness - Fopt (-4.620900000000e+002) + sum g_i+ | measured fitness | best measured fitness or single-digit g-values | x1 | x2...
1 0 +7.902572256e+001 -3.830642774e+002 -3.830642774e+002 +0.0000e+000 +0.0000e+000
3 0 +7.199501985e+001 -3.900949801e+002 -3.900949801e+002 -3.7222e-001 -7.7168e-002
10 0 +3.294446904e+001 -4.291455310e+002 -4.291455310e+002 +2.5534e+000 +2.9674e+000
18 0 +2.771043613e+001 -4.343795639e+002 -4.343795639e+002 -2.3476e+000 +8.9790e-001
27 0 +2.526004005e+001 -4.368299600e+002 -4.368299600e+002 -1.0785e+000 +1.5728e+000
57 0 +1.537741845e+001 -4.467125816e+002 -4.467125816e+002 -4.4863e+000 +1.5633e+000
106 0 +6.303230884e+000 -4.557867691e+002 -4.557867691e+002 -3.3144e+000 +1.5857e+000
356 0 +3.089156480e+000 -4.590008435e+002 -4.590008435e+002 -3.3334e+000 +2.6227e+000
411 0 +1.850448213e+000 -4.602395518e+002 -4.602395518e+002 -2.2685e+000 +1.9889e+000
615 0 +1.641400295e+000 -4.604485997e+002 -4.604485997e+002 -2.3086e+000 +2.3334e+000
808 0 +6.858262442e-001 -4.614041738e+002 -4.614041738e+002 -2.3495e+000 +2.2816e+000
1008 0 +4.778667568e-001 -4.616121332e+002 -4.616121332e+002 -2.2970e+000 +2.2934e+000
1102 0 +4.224827573e-001 -4.616675172e+002 -4.616675172e+002 -2.3739e+000 +2.3106e+000
1215 0 +3.260254203e-001 -4.617639746e+002 -4.617639746e+002 -2.3588e+000 +2.3125e+000
1466 0 +2.233039450e-001 -4.618666961e+002 -4.618666961e+002 -2.3701e+000 +2.3052e+000
1515 0 +2.039820970e-001 -4.618860179e+002 -4.618860179e+002 -2.3623e+000 +2.3081e+000
1765 0 +1.232195747e-001 -4.619667804e+002 -4.619667804e+002 -2.3364e+000 +2.3082e+000
1866 0 +1.743836515e-002 -4.620725616e+002 -4.620725616e+002 -2.3325e+000 +2.3013e+000
2066 0 +1.312781957e-002 -4.620768722e+002 -4.620768722e+002 -2.3358e+000 +2.3020e+000
2073 0 +7.848457732e-003 -4.620821515e+002 -4.620821515e+002 -2.3347e+000 +2.2992e+000
2166 0 +2.871526239e-003 -4.620871285e+002 -4.620871285e+002 -2.3439e+000 +2.3007e+000
2273 0 +1.606062379e-004 -4.620898394e+002 -4.620898394e+002 -2.3411e+000 +2.3003e+000
3173 0 +9.511980323e-005 -4.620899049e+002 -4.620899049e+002 -2.3407e+000 +2.3002e+000
3225 0 +2.059673261e-005 -4.620899794e+002 -4.620899794e+002 -2.3405e+000 +2.3000e+000
3349 0 +7.615417474e-006 -4.620899924e+002 -4.620899924e+002 -2.3406e+000 +2.3000e+000
3666 0 +5.564831895e-006 -4.620899944e+002 -4.620899944e+002 -2.3410e+000 +2.3000e+000
3825 0 +8.565324947e-007 -4.620899991e+002 -4.620899991e+002 -2.3409e+000 +2.3000e+000
3966 0 +7.272182643e-007 -4.620899993e+002 -4.620899993e+002 -2.3407e+000 +2.3000e+000
4066 0 +6.273012332e-009 -4.620900000e+002 -4.620900000e+002 -2.3408e+000 +2.3000e+000
6966 0 +0.000000000e+000 -4.620900000e+002 -4.620900000e+002 -2.3408e+000 +2.3000e+000
% f evaluations | g evaluations | best noise-free fitness - Fopt (7.766000000000e+001) + sum g_i+ | measured fitness | best measured fitness or single-digit g-values | x1 | x2...
1 0 +4.198976989e+001 +1.196497699e+002 +1.196497699e+002 +0.0000e+000 +0.0000e+000
6 0 +2.470699402e+001 +1.023669940e+002 +1.023669940e+002 +2.7190e+000 -1.4682e+000
24 0 +1.110652462e+001 +8.876652462e+001 +8.876652462e+001 +1.2806e+000 -1.5637e+000
33 0 +7.337140377e-001 +7.839371404e+001 +7.839371404e+001 +2.4276e+000 -8.7255e-001
839 0 +2.490606492e-001 +7.790906065e+001 +7.790906065e+001 +2.4190e+000 -8.4597e-001
1093 0 +1.782640374e-001 +7.783826404e+001 +7.783826404e+001 +2.4265e+000 -8.5815e-001
1218 0 +1.217707778e-002 +7.767217708e+001 +7.767217708e+001 +2.3899e+000 -8.5626e-001
1466 0 +6.547335915e-003 +7.766654734e+001 +7.766654734e+001 +2.4036e+000 -8.5516e-001
1666 0 +6.096613662e-003 +7.766609661e+001 +7.766609661e+001 +2.4024e+000 -8.5488e-001
2066 0 +4.452861148e-003 +7.766445286e+001 +7.766445286e+001 +2.4013e+000 -8.5463e-001
2207 0 +1.756803262e-003 +7.766175680e+001 +7.766175680e+001 +2.4008e+000 -8.5645e-001
2381 0 +1.211734610e-003 +7.766121173e+001 +7.766121173e+001 +2.4007e+000 -8.5606e-001
2460 0 +9.084499176e-004 +7.766090845e+001 +7.766090845e+001 +2.3965e+000 -8.5632e-001
2466 0 +4.102702836e-004 +7.766041027e+001 +7.766041027e+001 +2.3978e+000 -8.5559e-001
2530 0 +3.530414625e-004 +7.766035304e+001 +7.766035304e+001 +2.3972e+000 -8.5616e-001
2660 0 +1.560477980e-004 +7.766015605e+001 +7.766015605e+001 +2.3975e+000 -8.5609e-001
2666 0 +1.445102608e-004 +7.766014451e+001 +7.766014451e+001 +2.3981e+000 -8.5573e-001
2760 0 +1.036756001e-004 +7.766010368e+001 +7.766010368e+001 +2.3987e+000 -8.5578e-001
3006 0 +8.754710522e-005 +7.766008755e+001 +7.766008755e+001 +2.3988e+000 -8.5617e-001
3030 0 +5.780455922e-006 +7.766000578e+001 +7.766000578e+001 +2.3984e+000 -8.5594e-001
3484 0 +2.343966955e-006 +7.766000234e+001 +7.766000234e+001 +2.3985e+000 -8.5603e-001
3666 0 +1.870689630e-006 +7.766000187e+001 +7.766000187e+001 +2.3983e+000 -8.5601e-001
3973 0 +1.065732874e-006 +7.766000107e+001 +7.766000107e+001 +2.3984e+000 -8.5603e-001
4081 0 +8.660629049e-007 +7.766000087e+001 +7.766000087e+001 +2.3984e+000 -8.5601e-001
4160 0 +1.293063576e-007 +7.766000013e+001 +7.766000013e+001 +2.3984e+000 -8.5600e-001
4650 0 +9.209655616e-008 +7.766000009e+001 +7.766000009e+001 +2.3984e+000 -8.5599e-001
4760 0 +5.561933847e-008 +7.766000006e+001 +7.766000006e+001 +2.3984e+000 -8.5599e-001
4809 0 +2.493106876e-008 +7.766000002e+001 +7.766000002e+001 +2.3984e+000 -8.5600e-001
4909 0 +3.184240427e-009 +7.766000000e+001 +7.766000000e+001 +2.3984e+000 -8.5600e-001
7909 0 +0.000000000e+000 +7.766000000e+001 +7.766000000e+001 +2.3984e+000 -8.5600e-001
% f evaluations | g evaluations | best noise-free fitness - Fopt (1.156800000000e+002) + sum g_i+ | measured fitness | best measured fitness or single-digit g-values | x1 | x2...
1 0 +2.624796943e+001 +1.419279694e+002 +1.419279694e+002 +0.0000e+000 +0.0000e+000
10 0 +1.521589921e+001 +1.308958992e+002 +1.308958992e+002 -2.3589e+000 -1.0546e-002
17 0 +1.250090703e+001 +1.281809070e+002 +1.281809070e+002 -2.3818e+000 -1.0361e+000
75 0 +1.039875521e+001 +1.260787552e+002 +1.260787552e+002 -1.1164e+000 -2.6673e-001
125 0 +7.405848242e+000 +1.230858482e+002 +1.230858482e+002 -1.2345e+000 -1.2532e+000
228 0 +2.857469814e+000 +1.185374698e+002 +1.185374698e+002 -2.0949e+000 -6.5105e-001
505 0 +3.814763894e-001 +1.160614764e+002 +1.160614764e+002 -2.1367e+000 -9.7757e-001
833 0 +2.767413846e-001 +1.159567414e+002 +1.159567414e+002 -2.2007e+000 -9.7272e-001
1142 0 +4.612473522e-002 +1.157261247e+002 +1.157261247e+002 -2.1796e+000 -9.7798e-001
1517 0 +3.172299271e-002 +1.157117230e+002 +1.157117230e+002 -2.1670e+000 -9.8499e-001
1618 0 +2.820900041e-002 +1.157082090e+002 +1.157082090e+002 -2.1848e+000 -9.8633e-001
1818 0 +1.214346050e-002 +1.156921435e+002 +1.156921435e+002 -2.1829e+000 -9.8520e-001
2018 0 +5.688294462e-003 +1.156856883e+002 +1.156856883e+002 -2.1766e+000 -9.8147e-001
2318 0 +5.485094733e-004 +1.156805485e+002 +1.156805485e+002 -2.1799e+000 -9.8344e-001
2697 0 +1.474193483e-004 +1.156801474e+002 +1.156801474e+002 -2.1789e+000 -9.8297e-001
2910 0 +1.421491115e-004 +1.156801421e+002 +1.156801421e+002 -2.1781e+000 -9.8293e-001
3051 0 +1.137563827e-004 +1.156801138e+002 +1.156801138e+002 -2.1776e+000 -9.8315e-001
3127 0 +4.988512156e-005 +1.156800499e+002 +1.156800499e+002 -2.1780e+000 -9.8311e-001
3400 0 +7.064606109e-006 +1.156800071e+002 +1.156800071e+002 -2.1782e+000 -9.8322e-001
3642 0 +3.964185211e-006 +1.156800040e+002 +1.156800040e+002 -2.1785e+000 -9.8324e-001
3800 0 +1.493254871e-007 +1.156800001e+002 +1.156800001e+002 -2.1784e+000 -9.8320e-001
4369 0 +5.496029587e-008 +1.156800001e+002 +1.156800001e+002 -2.1784e+000 -9.8319e-001
4769 0 +2.560638279e-008 +1.156800000e+002 +1.156800000e+002 -2.1784e+000 -9.8320e-001
5118 0 +2.232859231e-008 +1.156800000e+002 +1.156800000e+002 -2.1784e+000 -9.8320e-001
5127 0 +4.673935905e-009 +1.156800000e+002 +1.156800000e+002 -2.1784e+000 -9.8320e-001
8286 0 +0.000000000e+000 +1.156800000e+002 +1.156800000e+002 -2.1784e+000 -9.8320e-001
% f evaluations | g evaluations | best noise-free fitness - Fopt (-3.710000000000e+000) + sum g_i+ | measured fitness | best measured fitness or single-digit g-values | x1 | x2...
1 0 +1.166717340e+002 +1.129617340e+002 +1.129617340e+002 +0.0000e+000 +0.0000e+000
3 0 +6.389900700e+001 +6.018900700e+001 +6.018900700e+001 +1.0330e+000 -4.2915e+000
4 0 +5.416773471e+001 +5.045773471e+001 +5.045773471e+001 -1.1375e+000 -3.4199e+000
5 0 +2.861984442e+001 +2.490984442e+001 +2.490984442e+001 +3.7232e+000 -1.4887e+000
6 0 +1.301509464e+001 +9.305094640e+000 +9.305094640e+000 +2.8810e+000 -1.9891e+000
154 0 +8.539539327e+000 +4.829539327e+000 +4.829539327e+000 +2.0080e+000 -1.9781e+000
317 0 +6.227528693e+000 +2.517528693e+000 +2.517528693e+000 +1.3177e+000 -2.2928e+000
369 0 +5.480805245e+000 +1.770805245e+000 +1.770805245e+000 +3.0632e+000 -2.2392e+000
394 0 +5.275259060e+000 +1.565259060e+000 +1.565259060e+000 +3.2607e+000 -2.2569e+000
505 0 +3.063133288e+000 -6.468667121e-001 -6.468667121e-001 +3.0194e+000 -1.9123e+000
605 0 +2.879056835e+000 -8.309431649e-001 -8.309431649e-001 +2.1594e+000 -1.9081e+000
669 0 +4.573755647e-001 -3.252624435e+000 -3.252624435e+000 +3.1591e+000 -2.2844e+000
986 0 +4.232908660e-001 -3.286709134e+000 -3.286709134e+000 +3.1235e+000 -2.2784e+000
1215 0 +2.462720759e-001 -3.463727924e+000 -3.463727924e+000 +3.1577e+000 -2.2973e+000
1343 0 +1.734980163e-001 -3.536501984e+000 -3.536501984e+000 +3.1414e+000 -2.3019e+000
1450 0 +9.817883038e-002 -3.611821170e+000 -3.611821170e+000 +3.1371e+000 -2.2902e+000
1469 0 +2.994549976e-002 -3.680054500e+000 -3.680054500e+000 +3.1113e+000 -2.2981e+000
1562 0 +3.029313458e-003 -3.706970687e+000 -3.706970687e+000 +3.1205e+000 -2.2939e+000
2163 0 +4.702259776e-004 -3.709529774e+000 -3.709529774e+000 +3.1191e+000 -2.2956e+000
2197 0 +4.261701214e-004 -3.709573830e+000 -3.709573830e+000 +3.1189e+000 -2.2949e+000
2484 0 +3.479673129e-004 -3.709652033e+000 -3.709652033e+000 +3.1214e+000 -2.2953e+000
2666 0 +2.972028913e-004 -3.709702797e+000 -3.709702797e+000 +3.1212e+000 -2.2952e+000
2684 0 +4.365702686e-005 -3.709956343e+000 -3.709956343e+000 +3.1204e+000 -2.2953e+000
3109 0 +2.841116539e-005 -3.709971589e+000 -3.709971589e+000 +3.1204e+000 -2.2952e+000
3284 0 +1.135161281e-005 -3.709988648e+000 -3.709988648e+000 +3.1201e+000 -2.2953e+000
3484 0 +9.560572186e-006 -3.709990439e+000 -3.709990439e+000 +3.1200e+000 -2.2953e+000
3580 0 +8.186623999e-006 -3.709991813e+000 -3.709991813e+000 +3.1202e+000 -2.2952e+000
3666 0 +1.645621750e-006 -3.709998354e+000 -3.709998354e+000 +3.1200e+000 -2.2952e+000
3866 0 +9.272936174e-007 -3.709999073e+000 -3.709999073e+000 +3.1200e+000 -2.2952e+000
4085 0 +4.271443310e-007 -3.709999573e+000 -3.709999573e+000 +3.1200e+000 -2.2952e+000
4169 0 +3.222268790e-007 -3.709999678e+000 -3.709999678e+000 +3.1200e+000 -2.2952e+000
4285 0 +2.633955520e-007 -3.709999737e+000 -3.709999737e+000 +3.1200e+000 -2.2952e+000
4394 0 +3.917989133e-008 -3.709999961e+000 -3.709999961e+000 +3.1200e+000 -2.2952e+000
4466 0 +3.711663110e-008 -3.709999963e+000 -3.709999963e+000 +3.1200e+000 -2.2952e+000
4571 0 +2.151976597e-008 -3.709999978e+000 -3.709999978e+000 +3.1200e+000 -2.2952e+000
4662 0 +6.617710824e-010 -3.709999999e+000 -3.709999999e+000 +3.1200e+000 -2.2952e+000
8087 0 +0.000000000e+000 -3.710000000e+000 -3.710000000e+000 +3.1200e+000 -2.2952e+000
% f evaluations | g evaluations | best noise-free fitness - Fopt (1.321800000000e+002) + sum g_i+ | measured fitness | best measured fitness or single-digit g-values | x1 | x2...
1 0 +5.412066067e+001 +1.863006607e+002 +1.863006607e+002 +0.0000e+000 +0.0000e+000
2 0 +4.828984485e+001 +1.804698449e+002 +1.804698449e+002 +6.3261e-001 +2.4419e+000
7 0 +2.527585518e+001 +1.574558552e+002 +1.574558552e+002 -2.9195e+000 +2.3085e+000
29 0 +2.107269379e+001 +1.532526938e+002 +1.532526938e+002 -9.3720e-001 +1.4039e+000
52 0 +1.745463922e+001 +1.496346392e+002 +1.496346392e+002 -2.6996e+000 +1.5863e+000
190 0 +8.593703743e+000 +1.407737037e+002 +1.407737037e+002 -1.7344e+000 +1.1367e+000
278 0 +7.498533655e+000 +1.396785337e+002 +1.396785337e+002 -4.7131e+000 +2.1631e+000
464 0 +3.181562804e+000 +1.353615628e+002 +1.353615628e+002 -4.8117e+000 +1.1653e+000
884 0 +2.840463772e+000 +1.350204638e+002 +1.350204638e+002 -3.8403e+000 +1.1915e+000
915 0 +1.248483409e+000 +1.334284834e+002 +1.334284834e+002 -3.7150e+000 +1.4639e+000
1311 0 +3.027480338e-001 +1.324827480e+002 +1.324827480e+002 -3.7966e+000 +1.4763e+000
1630 0 +1.988756435e-001 +1.323788756e+002 +1.323788756e+002 -3.7400e+000 +1.4765e+000
1743 0 +1.700450874e-001 +1.323500451e+002 +1.323500451e+002 -3.7510e+000 +1.4734e+000
1830 0 +6.526509926e-002 +1.322452651e+002 +1.322452651e+002 -3.7718e+000 +1.4884e+000
2108 0 +6.259040317e-002 +1.322425904e+002 +1.322425904e+002 -3.7629e+000 +1.4771e+000
2170 0 +6.085654201e-002 +1.322408565e+002 +1.322408565e+002 -3.7712e+000 +1.4882e+000
2172 0 +3.533387013e-002 +1.322153339e+002 +1.322153339e+002 -3.7753e+000 +1.4847e+000
2220 0 +7.349147780e-003 +1.321873491e+002 +1.321873491e+002 -3.7638e+000 +1.4843e+000
2530 0 +6.976694133e-003 +1.321869767e+002 +1.321869767e+002 -3.7635e+000 +1.4805e+000
2700 0 +5.764359217e-003 +1.321857644e+002 +1.321857644e+002 -3.7645e+000 +1.4807e+000
2809 0 +1.277033718e-003 +1.321812770e+002 +1.321812770e+002 -3.7624e+000 +1.4831e+000
3107 0 +1.058473634e-003 +1.321810585e+002 +1.321810585e+002 -3.7623e+000 +1.4820e+000
3418 0 +1.004947320e-003 +1.321810049e+002 +1.321810049e+002 -3.7620e+000 +1.4825e+000
3500 0 +9.431109432e-004 +1.321809431e+002 +1.321809431e+002 -3.7623e+000 +1.4820e+000
3559 0 +2.214005999e-004 +1.321802214e+002 +1.321802214e+002 -3.7648e+000 +1.4826e+000
3743 0 +1.839292122e-004 +1.321801839e+002 +1.321801839e+002 -3.7635e+000 +1.4821e+000
3824 0 +1.042436376e-004 +1.321801042e+002 +1.321801042e+002 -3.7635e+000 +1.4822e+000
3907 0 +2.103201288e-005 +1.321800210e+002 +1.321800210e+002 -3.7640e+000 +1.4825e+000
4107 0 +4.741383719e-006 +1.321800047e+002 +1.321800047e+002 -3.7639e+000 +1.4824e+000
4584 0 +7.395681223e-007 +1.321800007e+002 +1.321800007e+002 -3.7641e+000 +1.4824e+000
4807 0 +7.024111710e-007 +1.321800007e+002 +1.321800007e+002 -3.7640e+000 +1.4824e+000
5043 0 +3.388046252e-007 +1.321800003e+002 +1.321800003e+002 -3.7640e+000 +1.4824e+000
5153 0 +1.922495869e-007 +1.321800002e+002 +1.321800002e+002 -3.7640e+000 +1.4824e+000
5220 0 +7.063590601e-008 +1.321800001e+002 +1.321800001e+002 -3.7640e+000 +1.4824e+000
5353 0 +8.876128277e-009 +1.321800000e+002 +1.321800000e+002 -3.7640e+000 +1.4824e+000
9120 0 +0.000000000e+000 +1.321800000e+002 +1.321800000e+002 -3.7640e+000 +1.4824e+000
% f evaluations | g evaluations | best noise-free fitness - Fopt (-3.930000000000e+001) + sum g_i+ | measured fitness | best measured fitness or single-digit g-values | x1 | x2...
1 0 +6.233550444e+001 +2.303550444e+001 +2.303550444e+001 +0.0000e+000 +0.0000e+000
3 0 +3.426873745e+001 -5.031262546e+000 -5.031262546e+000 -4.8490e+000 -2.4375e+000
19 0 +3.298357166e+001 -6.316428338e+000 -6.316428338e+000 -1.8488e+000 -1.0239e+000
27 0 +2.040905331e+001 -1.889094669e+001 -1.889094669e+001 -4.7475e+000 -2.2055e+000
54 0 +1.567469889e+001 -2.362530111e+001 -2.362530111e+001 -4.3801e+000 -1.8364e+000
115 0 +1.040479610e+001 -2.889520390e+001 -2.889520390e+001 -1.6432e+000 -9.2541e-001
193 0 +7.770877966e+000 -3.152912203e+001 -3.152912203e+001 -1.5068e+000 -1.2922e+000
231 0 +6.966183843e+000 -3.233381616e+001 -3.233381616e+001 -1.6296e+000 -8.9584e-001
503 0 +5.396142570e+000 -3.390385743e+001 -3.390385743e+001 -3.6126e+000 -9.0094e-001
721 0 +1.969151573e+000 -3.733084843e+001 -3.733084843e+001 -3.4815e+000 -1.2358e+000
803 0 +1.665523364e+000 -3.763447664e+001 -3.763447664e+001 -2.4824e+000 -8.7752e-001
907 0 +1.437428029e+000 -3.786257197e+001 -3.786257197e+001 -3.5610e+000 -1.2235e+000
1055 0 +1.046622521e+000 -3.825337748e+001 -3.825337748e+001 -2.5322e+000 -8.5891e-001
1859 0 +9.962787303e-001 -3.830372127e+001 -3.830372127e+001 -2.5312e+000 -8.6836e-001
2069 0 +2.897577667e-001 -3.901024223e+001 -3.901024223e+001 -2.5078e+000 -1.2207e+000
2129 0 +2.365936856e-001 -3.906340631e+001 -3.906340631e+001 -2.5086e+000 -1.2222e+000
2253 0 +2.235917010e-001 -3.907640830e+001 -3.907640830e+001 -2.5213e+000 -1.2400e+000
2439 0 +2.122884465e-001 -3.908771155e+001 -3.908771155e+001 -2.5232e+000 -1.2399e+000
2553 0 +2.013823021e-001 -3.909861770e+001 -3.909861770e+001 -2.5245e+000 -1.2398e+000
2579 0 +8.446103154e-002 -3.921553897e+001 -3.921553897e+001 -2.5319e+000 -1.2225e+000
2763 0 +5.391601152e-002 -3.924608399e+001 -3.924608399e+001 -2.5211e+000 -1.2260e+000
3037 0 +2.378265205e-002 -3.927621735e+001 -3.927621735e+001 -2.5259e+000 -1.2270e+000
3153 0 +8.860142938e-003 -3.929113986e+001 -3.929113986e+001 -2.5341e+000 -1.2276e+000
3363 0 +6.782376489e-003 -3.929321762e+001 -3.929321762e+001 -2.5362e+000 -1.2278e+000
3469 0 +2.858234949e-003 -3.929714177e+001 -3.929714177e+001 -2.5347e+000 -1.2308e+000
3579 0 +1.628883132e-003 -3.929837112e+001 -3.929837112e+001 -2.5332e+000 -1.2287e+000
3779 0 +1.222042995e-003 -3.929877796e+001 -3.929877796e+001 -2.5344e+000 -1.2288e+000
3786 0 +7.887481748e-004 -3.929921125e+001 -3.929921125e+001 -2.5327e+000 -1.2290e+000
3875 0 +6.677805266e-004 -3.929933222e+001 -3.929933222e+001 -2.5321e+000 -1.2292e+000
3953 0 +5.972371600e-004 -3.929940276e+001 -3.929940276e+001 -2.5321e+000 -1.2293e+000
4053 0 +5.263605156e-004 -3.929947364e+001 -3.929947364e+001 -2.5327e+000 -1.2300e+000
4064 0 +2.706654114e-004 -3.929972933e+001 -3.929972933e+001 -2.5341e+000 -1.2299e+000
4229 0 +6.979118079e-005 -3.929993021e+001 -3.929993021e+001 -2.5333e+000 -1.2298e+000
4358 0 +2.664635442e-005 -3.929997335e+001 -3.929997335e+001 -2.5336e+000 -1.2297e+000
4453 0 +6.317560448e-007 -3.929999937e+001 -3.929999937e+001 -2.5336e+000 -1.2296e+000
5458 0 +3.429038102e-007 -3.929999966e+001 -3.929999966e+001 -2.5336e+000 -1.2296e+000
5475 0 +2.263796972e-008 -3.929999998e+001 -3.929999998e+001 -2.5336e+000 -1.2296e+000
5683 0 +1.029201258e-008 -3.929999999e+001 -3.929999999e+001 -2.5336e+000 -1.2296e+000
5975 0 +2.808455690e-009 -3.930000000e+001 -3.930000000e+001 -2.5336e+000 -1.2296e+000
9129 0 +0.000000000e+000 -3.930000000e+001 -3.930000000e+001 -2.5336e+000 -1.2296e+000
% f evaluations | g evaluations | best noise-free fitness - Fopt (4.296000000000e+001) + sum g_i+ | measured fitness | best measured fitness or single-digit g-values | x1 | x2...
1 0 +5.958609716e+001 +1.025460972e+002 +1.025460972e+002 +0.0000e+000 +0.0000e+000
5 0 +3.317101214e+001 +7.613101214e+001 +7.613101214e+001 -3.1615e-001 +4.9326e-001
16 0 +3.205485866e+001 +7.501485866e+001 +7.501485866e+001 +3.8841e+000 +1.0155e+000
19 0 +3.148185222e+001 +7.444185222e+001 +7.444185222e+001 -1.6429e+000 +1.9307e+000
22 0 +2.690834213e+001 +6.986834213e+001 +6.986834213e+001 -1.0454e+000 +1.7598e+000
31 0 +4.964606874e+000 +4.792460687e+001 +4.792460687e+001 +1.4353e+000 +1.0457e+000
302 0 +4.811337267e+000 +4.777133727e+001 +4.777133727e+001 +1.5782e+000 +1.0416e+000
305 0 +4.021967457e+000 +4.698196746e+001 +4.698196746e+001 +4.5271e-001 +2.0724e+000
340 0 +2.811246061e+000 +4.577124606e+001 +4.577124606e+001 +5.5686e-001 +2.1163e+000
426 0 +2.615726033e+000 +4.557572603e+001 +4.557572603e+001 +5.5091e-001 +2.1149e+000
569 0 +2.262547688e+000 +4.522254769e+001 +4.522254769e+001 +5.4247e-001 +2.0946e+000
787 0 +1.224089029e+000 +4.418408903e+001 +4.418408903e+001 +5.3977e-001 +1.7341e+000
1457 0 +1.192750175e+000 +4.415275018e+001 +4.415275018e+001 +1.5460e+000 +2.1018e+000
1622 0 +1.131136195e+000 +4.409113620e+001 +4.409113620e+001 +1.4963e+000 +2.1099e+000
1957 0 +1.028814901e+000 +4.398881490e+001 +4.398881490e+001 +1.5120e+000 +2.0901e+000
2049 0 +4.982270892e-001 +4.345822709e+001 +4.345822709e+001 +1.5377e+000 +1.7517e+000
2071 0 +1.832334486e-001 +4.314323345e+001 +4.314323345e+001 +1.5440e+000 +1.7380e+000
2514 0 +5.570873073e-002 +4.301570873e+001 +4.301570873e+001 +1.5050e+000 +1.7420e+000
2617 0 +1.752184198e-002 +4.297752184e+001 +4.297752184e+001 +1.5029e+000 +1.7366e+000
2781 0 +6.473884605e-003 +4.296647388e+001 +4.296647388e+001 +1.5074e+000 +1.7366e+000
3017 0 +1.324191934e-003 +4.296132419e+001 +4.296132419e+001 +1.5130e+000 +1.7377e+000
3417 0 +1.271270292e-003 +4.296127127e+001 +4.296127127e+001 +1.5129e+000 +1.7376e+000
3534 0 +2.658807063e-005 +4.296002659e+001 +4.296002659e+001 +1.5132e+000 +1.7368e+000
3917 0 +2.247351861e-005 +4.296002247e+001 +4.296002247e+001 +1.5131e+000 +1.7367e+000
4117 0 +2.189528789e-005 +4.296002190e+001 +4.296002190e+001 +1.5130e+000 +1.7367e+000
4407 0 +1.114196648e-005 +4.296001114e+001 +4.296001114e+001 +1.5130e+000 +1.7367e+000
4450 0 +8.466520548e-006 +4.296000847e+001 +4.296000847e+001 +1.5126e+000 +1.7368e+000
4617 0 +1.979768811e-007 +4.296000020e+001 +4.296000020e+001 +1.5128e+000 +1.7368e+000
5017 0 +1.901321625e-007 +4.296000019e+001 +4.296000019e+001 +1.5128e+000 +1.7368e+000
5516 0 +1.049876772e-007 +4.296000010e+001 +4.296000010e+001 +1.5128e+000 +1.7368e+000
5517 0 +1.849913644e-008 +4.296000002e+001 +4.296000002e+001 +1.5128e+000 +1.7368e+000
5817 0 +1.634548141e-008 +4.296000002e+001 +4.296000002e+001 +1.5128e+000 +1.7368e+000
6217 0 +1.611903855e-008 +4.296000002e+001 +4.296000002e+001 +1.5128e+000 +1.7368e+000
6350 0 +5.837058836e-009 +4.296000001e+001 +4.296000001e+001 +1.5128e+000 +1.7368e+000
% f evaluations | g evaluations | best noise-free fitness - Fopt (2.842200000000e+002) + sum g_i+ | measured fitness | best measured fitness or single-digit g-values | x1 | x2...
1 0 +2.727858565e+001 +3.114985857e+002 +3.114985857e+002 +0.0000e+000 +0.0000e+000
5 0 +1.964306144e+001 +3.038630614e+002 +3.038630614e+002 -1.5258e-001 -9.8796e-001
57 0 +4.015905734e+000 +2.882359057e+002 +2.882359057e+002 -2.0903e+000 -2.6210e-001
483 0 +6.078847614e-001 +2.848278848e+002 +2.848278848e+002 -2.1133e+000 -1.9876e-001
805 0 +2.041123001e-002 +2.842404112e+002 +2.842404112e+002 -2.0905e+000 -2.1945e-001
1105 0 +3.538701230e-004 +2.842203539e+002 +2.842203539e+002 -2.0987e+000 -2.1829e-001
2305 0 +1.621789878e-004 +2.842201622e+002 +2.842201622e+002 -2.1000e+000 -2.1810e-001
2657 0 +1.371053206e-004 +2.842201371e+002 +2.842201371e+002 -2.0999e+000 -2.1812e-001
2685 0 +1.327762013e-004 +2.842201328e+002 +2.842201328e+002 -2.0992e+000 -2.1835e-001
2853 0 +1.298358868e-004 +2.842201298e+002 +2.842201298e+002 -2.0992e+000 -2.1843e-001
2905 0 +1.316868145e-005 +2.842200132e+002 +2.842200132e+002 -2.0997e+000 -2.1839e-001
3105 0 +5.042585485e-006 +2.842200050e+002 +2.842200050e+002 -2.0999e+000 -2.1836e-001
3383 0 +3.739461249e-006 +2.842200037e+002 +2.842200037e+002 -2.1000e+000 -2.1836e-001
3440 0 +1.713522465e-006 +2.842200017e+002 +2.842200017e+002 -2.0999e+000 -2.1839e-001
3465 0 +3.406180440e-007 +2.842200003e+002 +2.842200003e+002 -2.1000e+000 -2.1840e-001
4140 0 +2.010261824e-007 +2.842200002e+002 +2.842200002e+002 -2.1000e+000 -2.1841e-001
4177 0 +1.097736799e-007 +2.842200001e+002 +2.842200001e+002 -2.1000e+000 -2.1840e-001
4489 0 +7.700907645e-008 +2.842200001e+002 +2.842200001e+002 -2.1000e+000 -2.1840e-001
4681 0 +4.287699085e-008 +2.842200000e+002 +2.842200000e+002 -2.1000e+000 -2.1840e-001
4983 0 +2.218712325e-008 +2.842200000e+002 +2.842200000e+002 -2.1000e+000 -2.1840e-001
5042 0 +4.886089755e-009 +2.842200000e+002 +2.842200000e+002 -2.1000e+000 -2.1840e-001
8807 0 +0.000000000e+000 +2.842200000e+002 +2.842200000e+002 -2.1000e+000 -2.1840e-001
% f evaluations | g evaluations | best noise-free fitness - Fopt (-3.217000000000e+001) + sum g_i+ | measured fitness | best measured fitness or single-digit g-values | x1 | x2...
1 0 +5.887951244e+001 +2.670951244e+001 +2.670951244e+001 +0.0000e+000 +0.0000e+000
4 0 +3.600942505e+001 +3.839425051e+000 +3.839425051e+000 +2.9395e+000 +2.8004e+000
16 0 +3.020560398e+001 -1.964396015e+000 -1.964396015e+000 +3.1877e+000 +2.4245e+000
26 0 +2.547479691e+001 -6.695203089e+000 -6.695203089e+000 -2.4146e+000 +2.5952e+000
27 0 +1.862380916e+001 -1.354619084e+001 -1.354619084e+001 +3.7136e-001 +2.6773e+000
31 0 +1.810438896e+001 -1.406561104e+001 -1.406561104e+001 +1.6998e+000 +1.6019e+000
119 0 +1.531774225e+001 -1.685225775e+001 -1.685225775e+001 +1.1716e+000 +2.1606e+000
224 0 +8.498064165e+000 -2.367193584e+001 -2.367193584e+001 +3.3968e+000 +1.5150e+000
239 0 +1.445453816e+000 -3.072454618e+001 -3.072454618e+001 +1.4140e+000 +2.2354e+000
865 0 +1.029889242e+000 -3.114011076e+001 -3.114011076e+001 +1.4644e+000 +1.8319e+000
880 0 +3.061417134e-001 -3.186385829e+001 -3.186385829e+001 +1.4261e+000 +1.8661e+000
1379 0 +7.458720306e-003 -3.216254128e+001 -3.216254128e+001 +1.4402e+000 +1.8544e+000
2420 0 +1.011439008e-003 -3.216898856e+001 -3.216898856e+001 +1.4446e+000 +1.8548e+000
2627 0 +2.266835053e-004 -3.216977332e+001 -3.216977332e+001 +1.4454e+000 +1.8545e+000
2720 0 +1.607596883e-004 -3.216983924e+001 -3.216983924e+001 +1.4457e+000 +1.8542e+000
2820 0 +1.440422748e-004 -3.216985596e+001 -3.216985596e+001 +1.4470e+000 +1.8542e+000
3120 0 +1.080745824e-004 -3.216989193e+001 -3.216989193e+001 +1.4468e+000 +1.8542e+000
3161 0 +2.458248227e-005 -3.216997542e+001 -3.216997542e+001 +1.4467e+000 +1.8544e+000
3220 0 +2.307926121e-005 -3.216997692e+001 -3.216997692e+001 +1.4464e+000 +1.8545e+000
3305 0 +1.016265704e-005 -3.216998984e+001 -3.216998984e+001 +1.4466e+000 +1.8544e+000
3561 0 +2.370775064e-006 -3.216999763e+001 -3.216999763e+001 +1.4464e+000 +1.8544e+000
3861 0 +1.348387798e-006 -3.216999865e+001 -3.216999865e+001 +1.4465e+000 +1.8544e+000
4478 0 +8.234477988e-007 -3.216999918e+001 -3.216999918e+001 +1.4463e+000 +1.8544e+000
4661 0 +5.299521391e-007 -3.216999947e+001 -3.216999947e+001 +1.4464e+000 +1.8544e+000
4735 0 +2.663044683e-007 -3.216999973e+001 -3.216999973e+001 +1.4464e+000 +1.8544e+000
4886 0 +2.294581947e-007 -3.216999977e+001 -3.216999977e+001 +1.4464e+000 +1.8544e+000
4915 0 +9.192952177e-009 -3.216999999e+001 -3.216999999e+001 +1.4464e+000 +1.8544e+000
9196 0 +0.000000000e+000 -3.217000000e+001 -3.217000000e+001 +1.4464e+000 +1.8544e+000
% f evaluations | g evaluations | best noise-free fitness - Fopt (-5.858000000000e+001) + sum g_i+ | measured fitness | best measured fitness or single-digit g-values | x1 | x2...
1 0 +1.769200309e+002 +1.183400309e+002 +1.183400309e+002 +0.0000e+000 +0.0000e+000
2 0 +1.484629524e+002 +8.988295237e+001 +8.988295237e+001 +2.7293e+000 -1.8555e-002
3 0 +5.417346169e+001 -4.406538308e+000 -4.406538308e+000 -1.9182e+000 -2.3983e+000
4 0 +8.408589895e+000 -5.017141011e+001 -5.017141011e+001 +2.5899e+000 -2.2288e+000
42 0 +3.458397780e+000 -5.512160222e+001 -5.512160222e+001 +2.4644e+000 -2.5186e+000
380 0 +2.239607192e+000 -5.634039281e+001 -5.634039281e+001 +2.6565e+000 -2.5347e+000
631 0 +1.648200087e+000 -5.693179991e+001 -5.693179991e+001 +2.6787e+000 -2.5135e+000
852 0 +1.123516363e+000 -5.745648364e+001 -5.745648364e+001 +1.6010e+000 -2.4993e+000
1062 0 +1.061798635e+000 -5.751820137e+001 -5.751820137e+001 +2.5725e+000 -2.1482e+000
1351 0 +2.968773596e-002 -5.855031226e+001 -5.855031226e+001 +2.5996e+000 -2.5098e+000
2254 0 +5.461825260e-003 -5.857453817e+001 -5.857453817e+001 +2.5866e+000 -2.5062e+000
2426 0 +4.480085604e-003 -5.857551991e+001 -5.857551991e+001 +2.5893e+000 -2.5056e+000
2655 0 +1.589531893e-003 -5.857841047e+001 -5.857841047e+001 +2.5879e+000 -2.5067e+000
2826 0 +9.166171319e-004 -5.857908338e+001 -5.857908338e+001 +2.5882e+000 -2.5072e+000
3125 0 +4.889542947e-004 -5.857951105e+001 -5.857951105e+001 +2.5920e+000 -2.5074e+000
3642 0 +2.759849480e-004 -5.857972402e+001 -5.857972402e+001 +2.5895e+000 -2.5069e+000
3788 0 +9.293938544e-005 -5.857990706e+001 -5.857990706e+001 +2.5910e+000 -2.5071e+000
3988 0 +7.798481790e-005 -5.857992202e+001 -5.857992202e+001 +2.5905e+000 -2.5070e+000
4015 0 +6.905037531e-005 -5.857993095e+001 -5.857993095e+001 +2.5905e+000 -2.5074e+000
4111 0 +7.491386157e-006 -5.857999251e+001 -5.857999251e+001 +2.5902e+000 -2.5072e+000
4605 0 +3.601526281e-006 -5.857999640e+001 -5.857999640e+001 +2.5905e+000 -2.5072e+000
4837 0 +2.171606489e-006 -5.857999783e+001 -5.857999783e+001 +2.5905e+000 -2.5072e+000
4932 0 +1.011814518e-006 -5.857999899e+001 -5.857999899e+001 +2.5904e+000 -2.5072e+000
5032 0 +1.897129920e-007 -5.857999981e+001 -5.857999981e+001 +2.5904e+000 -2.5072e+000
5232 0 +1.042116651e-007 -5.857999990e+001 -5.857999990e+001 +2.5904e+000 -2.5072e+000
5237 0 +8.383135253e-008 -5.857999992e+001 -5.857999992e+001 +2.5904e+000 -2.5072e+000
5432 0 +2.714887870e-008 -5.857999997e+001 -5.857999997e+001 +2.5904e+000 -2.5072e+000
6232 0 +2.683249534e-008 -5.857999997e+001 -5.857999997e+001 +2.5904e+000 -2.5072e+000
6364 0 +1.804757233e-008 -5.857999998e+001 -5.857999998e+001 +2.5904e+000 -2.5072e+000
6464 0 +1.641950576e-008 -5.857999998e+001 -5.857999998e+001 +2.5904e+000 -2.5072e+000
6605 0 +1.483036272e-008 -5.857999999e+001 -5.857999999e+001 +2.5904e+000 -2.5072e+000
6632 0 +4.295237943e-009 -5.858000000e+001 -5.858000000e+001 +2.5904e+000 -2.5072e+000
9794 0 +0.000000000e+000 -5.858000000e+001 -5.858000000e+001 +2.5904e+000 -2.5072e+000
% f evaluations | g evaluations | best noise-free fitness - Fopt (-6.049200000000e+002) + sum g_i+ | measured fitness | best measured fitness or single-digit g-values | x1 | x2...
1 0 +2.305765283e+001 -5.818623472e+002 -5.818623472e+002 +0.0000e+000 +0.0000e+000
12 0 +1.365290212e+001 -5.912670979e+002 -5.912670979e+002 +1.9042e+000 -7.0276e-001
57 0 +5.814487058e+000 -5.991055129e+002 -5.991055129e+002 -1.1414e+000 -6.2273e-001
154 0 +5.589629464e+000 -5.993303705e+002 -5.993303705e+002 -1.9687e+000 -3.7411e-001
452 0 +1.099331784e+000 -6.038206682e+002 -6.038206682e+002 -1.9791e+000 -1.0171e+000
1316 0 +1.040306177e+000 -6.038796938e+002 -6.038796938e+002 -1.9950e+000 -1.0101e+000
1329 0 +1.002703695e+000 -6.039172963e+002 -6.039172963e+002 -1.9905e+000 -1.0149e+000
1556 0 +3.741947878e-001 -6.045458052e+002 -6.045458052e+002 -1.0383e+000 -1.0124e+000
1780 0 +2.176057288e-001 -6.047023943e+002 -6.047023943e+002 -9.6370e-001 -1.0118e+000
2080 0 +1.908474919e-001 -6.047291525e+002 -6.047291525e+002 -9.6958e-001 -1.0118e+000
2134 0 +1.687512906e-001 -6.047512487e+002 -6.047512487e+002 -9.7072e-001 -1.0160e+000
2320 0 +2.786125369e-002 -6.048921387e+002 -6.048921387e+002 -1.0037e+000 -1.0116e+000
2618 0 +7.181884546e-003 -6.049128181e+002 -6.049128181e+002 -1.0038e+000 -1.0145e+000
2886 0 +5.120804872e-003 -6.049148792e+002 -6.049148792e+002 -1.0023e+000 -1.0143e+000
3186 0 +1.613149886e-003 -6.049183869e+002 -6.049183869e+002 -1.0002e+000 -1.0159e+000
3286 0 +1.477112035e-003 -6.049185229e+002 -6.049185229e+002 -1.0012e+000 -1.0152e+000
3400 0 +1.941028435e-004 -6.049198059e+002 -6.049198059e+002 -9.9789e-001 -1.0155e+000
3786 0 +3.393739098e-005 -6.049199661e+002 -6.049199661e+002 -9.9804e-001 -1.0152e+000
3893 0 +2.182138155e-005 -6.049199782e+002 -6.049199782e+002 -9.9866e-001 -1.0151e+000
4200 0 +4.723105803e-006 -6.049199953e+002 -6.049199953e+002 -9.9853e-001 -1.0152e+000
4386 0 +1.812061782e-006 -6.049199982e+002 -6.049199982e+002 -9.9846e-001 -1.0152e+000
4600 0 +1.384089842e-006 -6.049199986e+002 -6.049199986e+002 -9.9845e-001 -1.0152e+000
4700 0 +3.072566415e-007 -6.049199997e+002 -6.049199997e+002 -9.9840e-001 -1.0152e+000
4800 0 +2.846463758e-007 -6.049199997e+002 -6.049199997e+002 -9.9838e-001 -1.0152e+000
5100 0 +2.524112688e-007 -6.049199997e+002 -6.049199997e+002 -9.9838e-001 -1.0152e+000
5186 0 +1.470181132e-007 -6.049199999e+002 -6.049199999e+002 -9.9841e-001 -1.0152e+000
5307 0 +5.600293207e-008 -6.049199999e+002 -6.049199999e+002 -9.9842e-001 -1.0152e+000
5500 0 +4.807486675e-008 -6.049200000e+002 -6.049200000e+002 -9.9840e-001 -1.0152e+000
5886 0 +4.304172307e-008 -6.049200000e+002 -6.049200000e+002 -9.9840e-001 -1.0152e+000
5895 0 +3.447610197e-008 -6.049200000e+002 -6.049200000e+002 -9.9840e-001 -1.0152e+000
5986 0 +1.079990852e-008 -6.049200000e+002 -6.049200000e+002 -9.9840e-001 -1.0152e+000
6041 0 +1.012119810e-008 -6.049200000e+002 -6.049200000e+002 -9.9840e-001 -1.0152e+000
6086 0 +6.400910024e-009 -6.049200000e+002 -6.049200000e+002 -9.9840e-001 -1.0152e+000
8395 0 +0.000000000e+000 -6.049200000e+002 -6.049200000e+002 -9.9840e-001 -1.0152e+000
% f evaluations | g evaluations | best noise-free fitness - Fopt (1.337000000000e+002) + sum g_i+ | measured fitness | best measured fitness or single-digit g-values | x1 | x2...
1 0 +3.289086595e+001 +1.665908660e+002 +1.665908660e+002 +0.0000e+000 +0.0000e+000
11 0 +1.636992282e+001 +1.500699228e+002 +1.500699228e+002 +4.3811e-001 +1.0495e+000
19 0 +1.367734828e+001 +1.473773483e+002 +1.473773483e+002 +3.4973e+000 +1.9382e-001
33 0 +1.294483902e+001 +1.466448390e+002 +1.466448390e+002 +1.6220e+000 +2.3515e-001
232 0 +4.784022739e+000 +1.384840227e+002 +1.384840227e+002 +1.5663e+000 +1.3050e+000
534 0 +4.254217878e+000 +1.379542179e+002 +1.379542179e+002 +2.4912e+000 +1.5912e+000
635 0 +4.132321674e+000 +1.378323217e+002 +1.378323217e+002 +2.5576e+000 +1.2676e+000
697 0 +2.814884571e+000 +1.365148846e+002 +1.365148846e+002 +1.4336e+000 +1.3181e+000
812 0 +1.717536216e+000 +1.354175362e+002 +1.354175362e+002 +2.5172e+000 +1.3411e+000
912 0 +1.111148716e+000 +1.348111487e+002 +1.348111487e+002 +2.4843e+000 +1.3024e+000
1212 0 +1.073064315e+000 +1.347730643e+002 +1.347730643e+002 +2.4954e+000 +1.3155e+000
1412 0 +1.056244938e+000 +1.347562449e+002 +1.347562449e+002 +2.4915e+000 +1.3108e+000
1480 0 +8.731922005e-001 +1.345731922e+002 +1.345731922e+002 +2.4811e+000 +9.7708e-001
1679 0 +2.983134839e-001 +1.339983135e+002 +1.339983135e+002 +2.4441e+000 +9.6184e-001
1923 0 +2.150484507e-001 +1.339150485e+002 +1.339150485e+002 +2.4483e+000 +9.4850e-001
2379 0 +1.843863245e-001 +1.338843863e+002 +1.338843863e+002 +2.4496e+000 +9.6046e-001
2459 0 +9.215910482e-002 +1.337921591e+002 +1.337921591e+002 +2.4965e+000 +9.5532e-001
2559 0 +7.354632731e-002 +1.337735463e+002 +1.337735463e+002 +2.4816e+000 +9.6095e-001
2579 0 +1.175052468e-002 +1.337117505e+002 +1.337117505e+002 +2.4810e+000 +9.5620e-001
2759 0 +7.302681619e-003 +1.337073027e+002 +1.337073027e+002 +2.4811e+000 +9.5358e-001
2815 0 +5.304286995e-003 +1.337053043e+002 +1.337053043e+002 +2.4730e+000 +9.5290e-001
2820 0 +3.861996959e-003 +1.337038620e+002 +1.337038620e+002 +2.4779e+000 +9.5552e-001
3067 0 +2.136181013e-003 +1.337021362e+002 +1.337021362e+002 +2.4786e+000 +9.5458e-001
3267 0 +1.417088796e-003 +1.337014171e+002 +1.337014171e+002 +2.4781e+000 +9.5439e-001
3415 0 +7.273374209e-005 +1.337000727e+002 +1.337000727e+002 +2.4748e+000 +9.5454e-001
3759 0 +4.646863837e-005 +1.337000465e+002 +1.337000465e+002 +2.4748e+000 +9.5446e-001
4085 0 +3.293654910e-005 +1.337000329e+002 +1.337000329e+002 +2.4750e+000 +9.5451e-001
4185 0 +2.411987305e-005 +1.337000241e+002 +1.337000241e+002 +2.4753e+000 +9.5450e-001
4378 0 +8.512803703e-006 +1.337000085e+002 +1.337000085e+002 +2.4750e+000 +9.5441e-001
4678 0 +2.831128285e-006 +1.337000028e+002 +1.337000028e+002 +2.4751e+000 +9.5443e-001
4878 0 +2.773288884e-006 +1.337000028e+002 +1.337000028e+002 +2.4752e+000 +9.5444e-001
4879 0 +3.542567129e-009 +1.337000000e+002 +1.337000000e+002 +2.4752e+000 +9.5440e-001
9710 0 +0.000000000e+000 +1.337000000e+002 +1.337000000e+002 +2.4752e+000 +9.5440e-001
% f evaluations | g evaluations | best noise-free fitness - Fopt (-2.098000000000e+001) + sum g_i+ | measured fitness | best measured fitness or single-digit g-values | x1 | x2...
1 0 +5.120020188e+001 +3.022020188e+001 +3.022020188e+001 +0.0000e+000 +0.0000e+000
6 0 +4.701138382e+001 +2.603138382e+001 +2.603138382e+001 -3.0008e+000 +1.4278e+000
11 0 +4.362155264e+001 +2.264155264e+001 +2.264155264e+001 +4.2865e-001 +8.6172e-001
15 0 +2.876181925e+001 +7.781819255e+000 +7.781819255e+000 +4.7397e+000 +9.8661e-001
21 0 +1.633614612e+001 -4.643853882e+000 -4.643853882e+000 +1.3499e+000 +1.9208e+000
22 0 +7.371279991e+000 -1.360872001e+001 -1.360872001e+001 +4.0894e+000 +1.8822e+000
371 0 +5.375968222e+000 -1.560403178e+001 -1.560403178e+001 +2.1789e-001 +1.9098e+000
526 0 +3.443731267e+000 -1.753626873e+001 -1.753626873e+001 +1.0990e+000 +2.3193e+000
751 0 +1.879491270e+000 -1.910050873e+001 -1.910050873e+001 +2.0969e+000 +1.6254e+000
852 0 +1.308675175e+000 -1.967132483e+001 -1.967132483e+001 +2.0294e+000 +1.6160e+000
1306 0 +1.131283020e+000 -1.984871698e+001 -1.984871698e+001 +2.0383e+000 +1.6134e+000
1416 0 +1.090763321e+000 -1.988923668e+001 -1.988923668e+001 +2.0746e+000 +1.6138e+000
1652 0 +1.036140285e+000 -1.994385972e+001 -1.994385972e+001 +2.0605e+000 +1.6133e+000
2041 0 +1.020201780e+000 -1.995979822e+001 -1.995979822e+001 +2.0709e+000 +2.2784e+000
2415 0 +2.402658811e-001 -2.073973412e+001 -2.073973412e+001 +2.0932e+000 +1.9145e+000
2441 0 +5.379608471e-002 -2.092620392e+001 -2.092620392e+001 +2.0455e+000 +1.9168e+000
2783 0 +1.691795550e-002 -2.096308204e+001 -2.096308204e+001 +2.0690e+000 +1.9191e+000
3168 0 +9.516868718e-003 -2.097048313e+001 -2.097048313e+001 +2.0649e+000 +1.9209e+000
3468 0 +8.869692279e-003 -2.097113031e+001 -2.097113031e+001 +2.0656e+000 +1.9206e+000
3583 0 +5.416468297e-003 -2.097458353e+001 -2.097458353e+001 +2.0650e+000 +1.9189e+000
3768 0 +1.608408273e-003 -2.097839159e+001 -2.097839159e+001 +2.0631e+000 +1.9192e+000
3821 0 +2.528050722e-004 -2.097974719e+001 -2.097974719e+001 +2.0593e+000 +1.9189e+000
4068 0 +1.222952085e-004 -2.097987770e+001 -2.097987770e+001 +2.0603e+000 +1.9190e+000
4268 0 +1.115476437e-004 -2.097988845e+001 -2.097988845e+001 +2.0602e+000 +1.9190e+000
4583 0 +8.322574256e-005 -2.097991677e+001 -2.097991677e+001 +2.0595e+000 +1.9193e+000
4668 0 +4.416950087e-005 -2.097995583e+001 -2.097995583e+001 +2.0599e+000 +1.9191e+000
4768 0 +1.959874723e-005 -2.097998040e+001 -2.097998040e+001 +2.0601e+000 +1.9191e+000
4868 0 +1.839779172e-005 -2.097998160e+001 -2.097998160e+001 +2.0602e+000 +1.9191e+000
4968 0 +1.744530646e-005 -2.097998255e+001 -2.097998255e+001 +2.0602e+000 +1.9191e+000
5304 0 +1.856358729e-007 -2.097999981e+001 -2.097999981e+001 +2.0600e+000 +1.9192e+000
5504 0 +1.248196178e-007 -2.097999988e+001 -2.097999988e+001 +2.0600e+000 +1.9192e+000
6368 0 +5.153159677e-008 -2.097999995e+001 -2.097999995e+001 +2.0600e+000 +1.9192e+000
6429 0 +1.696797369e-009 -2.098000000e+001 -2.098000000e+001 +2.0600e+000 +1.9192e+000
% f evaluations | g evaluations | best noise-free fitness - Fopt (1.353300000000e+002) + sum g_i+ | measured fitness | best measured fitness or single-digit g-values | x1 | x2...
1 0 +2.125732567e+001 +1.565873257e+002 +1.565873257e+002 +0.0000e+000 +0.0000e+000
55 0 +1.260472579e+001 +1.479347258e+002 +1.479347258e+002 +3.5309e+000 -1.5231e-002
194 0 +7.376511325e+000 +1.427065113e+002 +1.427065113e+002 +3.7321e-001 -2.7059e-001
204 0 +3.954773197e+000 +1.392847732e+002 +1.392847732e+002 +6.6991e-001 +3.9755e-001
466 0 +3.532234388e+000 +1.388622344e+002 +1.388622344e+002 +6.4606e-001 -1.6228e-003
620 0 +1.042254292e+000 +1.363722543e+002 +1.363722543e+002 +5.6044e-001 -2.8620e-001
1314 0 +3.038897993e-002 +1.353603890e+002 +1.353603890e+002 +5.5691e-001 +2.4696e-002
1664 0 +1.543146121e-002 +1.353454315e+002 +1.353454315e+002 +5.4943e-001 +2.6240e-002
2261 0 +1.147031959e-002 +1.353414703e+002 +1.353414703e+002 +5.5149e-001 +2.5445e-002
2461 0 +1.009156310e-002 +1.353400916e+002 +1.353400916e+002 +5.5178e-001 +2.4678e-002
2571 0 +8.586508419e-003 +1.353385865e+002 +1.353385865e+002 +5.3872e-001 +2.3140e-002
2675 0 +7.890864066e-005 +1.353300789e+002 +1.353300789e+002 +5.4419e-001 +2.3999e-002
3444 0 +1.622990700e-005 +1.353300162e+002 +1.353300162e+002 +5.4507e-001 +2.3958e-002
3644 0 +1.543284162e-005 +1.353300154e+002 +1.353300154e+002 +5.4506e-001 +2.3959e-002
3744 0 +6.230799414e-006 +1.353300062e+002 +1.353300062e+002 +5.4484e-001 +2.4056e-002
3761 0 +4.164930232e-006 +1.353300042e+002 +1.353300042e+002 +5.4477e-001 +2.4044e-002
3960 0 +2.778567534e-006 +1.353300028e+002 +1.353300028e+002 +5.4479e-001 +2.4038e-002
3961 0 +1.167311865e-006 +1.353300012e+002 +1.353300012e+002 +5.4485e-001 +2.4017e-002
4444 0 +9.467796929e-007 +1.353300009e+002 +1.353300009e+002 +5.4487e-001 +2.3997e-002
4473 0 +4.883945053e-007 +1.353300005e+002 +1.353300005e+002 +5.4484e-001 +2.3995e-002
4621 0 +2.924155922e-007 +1.353300003e+002 +1.353300003e+002 +5.4476e-001 +2.4003e-002
4689 0 +2.875174232e-008 +1.353300000e+002 +1.353300000e+002 +5.4479e-001 +2.4002e-002
5259 0 +1.767136837e-008 +1.353300000e+002 +1.353300000e+002 +5.4481e-001 +2.3999e-002
5485 0 +1.631690338e-009 +1.353300000e+002 +1.353300000e+002 +5.4480e-001 +2.4000e-002
8289 0 +0.000000000e+000 +1.353300000e+002 +1.353300000e+002 +5.4480e-001 +2.4000e-002
% f evaluations | g evaluations | best noise-free fitness - Fopt (4.066000000000e+001) + sum g_i+ | measured fitness | best measured fitness or single-digit g-values | x1 | x2...
1 0 +3.768401641e+001 +7.834401641e+001 +7.834401641e+001 +0.0000e+000 +0.0000e+000
6 0 +2.302520585e+001 +6.368520585e+001 +6.368520585e+001 +1.0101e-001 +2.0479e+000
33 0 +1.571843233e+001 +5.637843233e+001 +5.637843233e+001 +1.2535e+000 +8.7495e-001
82 0 +3.576848241e+000 +4.423684824e+001 +4.423684824e+001 +3.1572e+000 +1.6259e+000
508 0 +1.705179750e+000 +4.236517975e+001 +4.236517975e+001 +3.0552e+000 +1.5763e+000
786 0 +1.435794013e+000 +4.209579401e+001 +4.209579401e+001 +3.1347e+000 +1.2575e+000
835 0 +1.187833522e-001 +4.077878335e+001 +4.077878335e+001 +3.0274e+000 +1.2469e+000
1611 0 +1.018224037e-001 +4.076182240e+001 +4.076182240e+001 +3.0439e+000 +1.2400e+000
1664 0 +3.826713943e-002 +4.069826714e+001 +4.069826714e+001 +3.0432e+000 +1.2438e+000
1707 0 +3.258819470e-002 +4.069258819e+001 +4.069258819e+001 +3.0465e+000 +1.2438e+000
1811 0 +2.874735250e-002 +4.068874735e+001 +4.068874735e+001 +3.0399e+000 +1.2468e+000
1864 0 +1.609927623e-003 +4.066160993e+001 +4.066160993e+001 +3.0528e+000 +1.2463e+000
2320 0 +1.323104369e-003 +4.066132310e+001 +4.066132310e+001 +3.0527e+000 +1.2464e+000
2564 0 +1.242209447e-003 +4.066124221e+001 +4.066124221e+001 +3.0533e+000 +1.2465e+000
2764 0 +1.192578234e-003 +4.066119258e+001 +4.066119258e+001 +3.0534e+000 +1.2466e+000
3020 0 +8.713331390e-004 +4.066087133e+001 +4.066087133e+001 +3.0531e+000 +1.2467e+000
3105 0 +6.790687037e-004 +4.066067907e+001 +4.066067907e+001 +3.0533e+000 +1.2468e+000
3188 0 +3.398568165e-004 +4.066033986e+001 +4.066033986e+001 +3.0518e+000 +1.2476e+000
3424 0 +6.739934773e-005 +4.066006740e+001 +4.066006740e+001 +3.0526e+000 +1.2472e+000
3466 0 +6.201196032e-005 +4.066006201e+001 +4.066006201e+001 +3.0516e+000 +1.2473e+000
3487 0 +2.080537740e-005 +4.066002081e+001 +4.066002081e+001 +3.0523e+000 +1.2472e+000
3764 0 +8.013033650e-006 +4.066000801e+001 +4.066000801e+001 +3.0522e+000 +1.2472e+000
4014 0 +7.285042990e-006 +4.066000729e+001 +4.066000729e+001 +3.0522e+000 +1.2472e+000
4020 0 +2.319171990e-006 +4.066000232e+001 +4.066000232e+001 +3.0521e+000 +1.2472e+000
4220 0 +5.201790927e-007 +4.066000052e+001 +4.066000052e+001 +3.0520e+000 +1.2472e+000
4443 0 +4.960717277e-007 +4.066000050e+001 +4.066000050e+001 +3.0520e+000 +1.2472e+000
4580 0 +2.522169567e-007 +4.066000025e+001 +4.066000025e+001 +3.0520e+000 +1.2472e+000
4614 0 +1.231529225e-007 +4.066000012e+001 +4.066000012e+001 +3.0520e+000 +1.2472e+000
4714 0 +1.103347387e-007 +4.066000011e+001 +4.066000011e+001 +3.0520e+000 +1.2472e+000
4780 0 +6.743227488e-008 +4.066000007e+001 +4.066000007e+001 +3.0520e+000 +1.2472e+000
5014 0 +5.789547686e-008 +4.066000006e+001 +4.066000006e+001 +3.0520e+000 +1.2472e+000
5041 0 +2.371391616e-008 +4.066000002e+001 +4.066000002e+001 +3.0520e+000 +1.2472e+000
5114 0 +3.167798468e-009 +4.066000000e+001 +4.066000000e+001 +3.0520e+000 +1.2472e+000
8324 0 +0.000000000e+000 +4.066000000e+001 +4.066000000e+001 +3.0520e+000 +1.2472e+000
