% f evaluations | g evaluations | best noise-free fitness - Fopt (-1.000000000000e+003) + sum g_i+ | measured fitness | best measured fitness or single-digit g-values | x1 | x2...
1 0 +8.057169867e+001 -9.194283013e+002 -9.194283013e+002 +0.0000e+000 +0.0000e+000 +0.0000e+000 +0.0000e+000 +0.0000e+000
2 0 +6.895393584e+001 -9.310460642e+002 -9.310460642e+002 -2.8959e+000 +4.2910e+000 +8.6728e-001 +5.9725e-001 -1.4373e+000
4 0 +6.126770609e+001 -9.387322939e+002 -9.387322939e+002 +3.4571e+000 -3.3198e+000 -2.0020e+000 -5.7488e-001 +1.1710e-001
10 0 +5.690540942e+001 -9.430945906e+002 -9.430945906e+002 -4.8650e+000 +4.6130e+000 -2.9166e-001 +7.8490e-001 -1.0070e+000
27 0 +3.144908947e+001 -9.685509105e+002 -9.685509105e+002 -4.3820e+000 +1.2769e+000 +3.7071e+000 -4.7169e+000 +1.2849e+000
91 0 +8.909317371e+000 -9.910906826e+002 -9.910906826e+002 -2.7293e+000 +3.9344e+000 -1.9966e-001 -3.4248e+000 -4.8525e-001
360 0 +4.395925071e+000 -9.956040749e+002 -9.956040749e+002 -3.1416e+000 +3.9275e+000 -2.5932e-001 -3.9445e+000 -1.0908e+000
489 0 +1.986475257e+000 -9.980135247e+002 -9.980135247e+002 -3.2431e+000 +4.0732e+000 -6.2533e-001 -3.7694e+000 -1.0804e+000
610 0 +1.203423795e+000 -9.987965762e+002 -9.987965762e+002 -3.5236e+000 +4.4874e+000 -2.2666e-001 -3.0947e+000 -1.1586e+000
739 0 +9.851374098e-001 -9.990148626e+002 -9.990148626e+002 -3.4353e+000 +4.3646e+000 -2.2503e-001 -3.1437e+000 -1.1591e+000
841 0 +9.115751088e-001 -9.990884249e+002 -9.990884249e+002 -3.3191e+000 +4.2483e+000 -4.4210e-001 -3.0617e+000 -1.3500e+000
912 0 +8.097422927e-001 -9.991902577e+002 -9.991902577e+002 -3.4247e+000 +4.1553e+000 -3.4464e-001 -2.9271e+000 -1.2792e+000
913 0 +7.899767103e-001 -9.992100233e+002 -9.992100233e+002 -3.4152e+000 +4.3529e+000 -3.3650e-001 -3.0290e+000 -1.2496e+000
941 0 +7.389770429e-001 -9.992610230e+002 -9.992610230e+002 -3.4052e+000 +4.2545e+000 -4.0767e-001 -3.1090e+000 -1.2081e+000
1112 0 +7.185498081e-001 -9.992814502e+002 -9.992814502e+002 -3.4311e+000 +4.2017e+000 -3.8654e-001 -3.0269e+000 -1.2413e+000
1302 0 +7.060606247e-001 -9.992939394e+002 -9.992939394e+002 -3.4919e+000 +4.2119e+000 -4.2706e-001 -3.0007e+000 -1.2039e+000
% f evaluations | g evaluations | best noise-free fitness - Fopt (1.000000000000e+003) + sum g_i+ | measured fitness | best measured fitness or single-digit g-values | x1 | x2...
1 0 +7.299933294e+001 +1.072999333e+003 +1.072999333e+003 +0.0000e+000 +0.0000e+000 +0.0000e+000 +0.0000e+000 +0.0000e+000
5 0 +6.956957569e+001 +1.069569576e+003 +1.069569576e+003 -2.7508e+000 -2.5439e+000 -3.1450e+000 +3.8931e+000 +4.8463e+000
14 0 +4.981672050e+001 +1.049816721e+003 +1.049816721e+003 +2.5843e+000 +4.3278e+000 +4.8813e-001 +4.7212e+000 -1.1032e+000
59 0 +2.927206032e+001 +1.029272060e+003 +1.029272060e+003 -4.1233e+000 -1.0066e+000 +3.1353e+000 -4.9924e+000 -1.3301e+000
126 0 +2.264002200e+001 +1.022640022e+003 +1.022640022e+003 -4.9913e+000 -3.7594e-001 +3.8405e+000 +1.1713e+000 +3.9807e+000
214 0 +1.215632441e+001 +1.012156324e+003 +1.012156324e+003 -4.3385e+000 +3.0916e-001 +3.7152e+000 +1.4417e+000 +3.5131e+000
238 0 +9.547040199e+000 +1.009547040e+003 +1.009547040e+003 -4.5542e+000 -2.9937e-001 +3.9762e+000 +1.0068e+000 +4.1043e+000
381 0 +8.753304039e+000 +1.008753304e+003 +1.008753304e+003 -4.1726e+000 -1.3635e-001 +3.4144e+000 +1.1871e+000 +4.1729e+000
475 0 +8.167014450e+000 +1.008167014e+003 +1.008167014e+003 -4.3834e+000 -3.1327e-001 +3.4327e+000 +1.3594e+000 +4.5776e+000
592 0 +7.982410053e+000 +1.007982410e+003 +1.007982410e+003 -4.0040e+000 -5.7731e-001 +3.6619e+000 +1.1202e+000 +4.4473e+000
626 0 +7.697914530e+000 +1.007697915e+003 +1.007697915e+003 -4.3651e+000 -5.1417e-001 +3.5431e+000 +1.3617e+000 +4.6078e+000
693 0 +7.223346969e+000 +1.007223347e+003 +1.007223347e+003 -4.0852e+000 -1.0644e+000 +3.7187e+000 +1.5162e+000 +4.1195e+000
785 0 +6.391583319e+000 +1.006391583e+003 +1.006391583e+003 -3.9814e+000 -4.0330e-001 +4.4592e+000 +1.1063e+000 +4.0789e+000
912 0 +5.681487540e+000 +1.005681488e+003 +1.005681488e+003 -3.8203e+000 -3.4961e-001 +4.5394e+000 +1.5321e+000 +3.8323e+000
1089 0 +5.325993855e+000 +1.005325994e+003 +1.005325994e+003 -3.7869e+000 -3.7945e-001 +4.3659e+000 +1.5888e+000 +3.9065e+000
1384 0 +5.215835985e+000 +1.005215836e+003 +1.005215836e+003 -3.6891e+000 -4.1674e-001 +4.4438e+000 +1.7617e+000 +3.8398e+000
1538 0 +5.086177417e+000 +1.005086177e+003 +1.005086177e+003 -3.5864e+000 -2.2708e-001 +4.6590e+000 +1.7546e+000 +3.7609e+000
% f evaluations | g evaluations | best noise-free fitness - Fopt (-4.913000000000e+001) + sum g_i+ | measured fitness | best measured fitness or single-digit g-values | x1 | x2...
1 0 +6.940722089e+001 +2.027722089e+001 +2.027722089e+001 +0.0000e+000 +0.0000e+000 +0.0000e+000 +0.0000e+000 +0.0000e+000
15 0 +4.929846925e+001 +1.684692504e-001 +1.684692504e-001 -3.5760e-001 +3.4271e+000 +2.7924e+000 +3.2454e+000 -6.0439e-001
19 0 +2.857857641e+001 -2.055142359e+001 -2.055142359e+001 -8.8010e-001 +2.9224e+000 -4.1150e+000 +4.3825e+000 +3.4024e+000
22 0 +7.908518287e+000 -4.122148171e+001 -4.122148171e+001 +4.6017e+000 +4.1848e+000 +4.2015e+000 +1.0766e+000 -4.2458e+000
327 0 +7.266285558e+000 -4.186371444e+001 -4.186371444e+001 +4.0418e+000 +4.3344e+000 +3.5279e+000 +2.9895e-001 -4.4072e+000
517 0 +6.046133877e+000 -4.308386612e+001 -4.308386612e+001 +3.9847e+000 +4.4976e+000 +3.5688e+000 +5.4929e-002 -4.5784e+000
552 0 +5.906681140e+000 -4.322331886e+001 -4.322331886e+001 +4.2978e+000 +4.4052e+000 +4.1402e+000 +4.4158e-001 -4.3435e+000
779 0 +5.334587631e+000 -4.379541237e+001 -4.379541237e+001 +4.1700e+000 +4.3659e+000 +3.9820e+000 +2.2225e-001 -4.3131e+000
855 0 +5.222175948e+000 -4.390782405e+001 -4.390782405e+001 +4.0929e+000 +4.3209e+000 +3.8615e+000 +1.2833e-001 -4.3024e+000
1216 0 +5.111732264e+000 -4.401826774e+001 -4.401826774e+001 +4.1380e+000 +4.3459e+000 +3.8233e+000 +2.6137e-002 -4.3909e+000
% f evaluations | g evaluations | best noise-free fitness - Fopt (2.977300000000e+002) + sum g_i+ | measured fitness | best measured fitness or single-digit g-values | x1 | x2...
1 0 +4.678244042e+001 +3.445124404e+002 +3.445124404e+002 +0.0000e+000 +0.0000e+000 +0.0000e+000 +0.0000e+000 +0.0000e+000
4 0 +4.506186143e+001 +3.427918614e+002 +3.427918614e+002 -6.5584e-001 -6.7210e-001 -2.0969e+000 -2.0381e+000 -3.9334e+000
10 0 +4.399083793e+001 +3.417208379e+002 +3.417208379e+002 -5.5259e-001 -1.6663e+000 +2.8045e+000 -8.4601e-001 +2.1578e+000
22 0 +1.123853336e+001 +3.089685334e+002 +3.089685334e+002 -3.9149e+000 -6.2749e-001 +1.0046e+000 +1.6044e+000 -4.4045e+000
80 0 +8.745364661e+000 +3.064753647e+002 +3.064753647e+002 +2.7171e+000 -4.5474e+000 +1.2758e+000 -3.4124e+000 -7.5114e-001
369 0 +6.314301633e+000 +3.040443016e+002 +3.040443016e+002 +2.3187e+000 -3.3450e+000 +2.6457e+000 -4.2152e+000 -4.4881e-001
418 0 +4.791060946e+000 +3.025210609e+002 +3.025210609e+002 +3.1602e+000 -4.2055e+000 +2.4809e+000 -4.8910e+000 -8.8255e-001
480 0 +4.099927399e+000 +3.018299274e+002 +3.018299274e+002 +3.3391e+000 -4.6761e+000 +2.1366e+000 -4.1529e+000 -1.2678e+000
504 0 +3.565197561e+000 +3.012951976e+002 +3.012951976e+002 +3.4501e+000 -4.5556e+000 +2.0396e+000 -3.9282e+000 -1.2209e+000
536 0 +2.863831508e+000 +3.005938315e+002 +3.005938315e+002 +3.9107e+000 -3.9437e+000 +1.7390e+000 -3.6730e+000 -9.6786e-001
538 0 +2.136048172e+000 +2.998660482e+002 +2.998660482e+002 +2.8597e+000 -4.0437e+000 +1.2895e+000 -3.9823e+000 -1.0170e+000
736 0 +2.059105651e+000 +2.997891057e+002 +2.997891057e+002 +3.1241e+000 -4.0146e+000 +1.5238e+000 -4.0500e+000 -1.0677e+000
779 0 +2.030721759e+000 +2.997607218e+002 +2.997607218e+002 +2.6169e+000 -3.8749e+000 +1.8260e+000 -4.0311e+000 -5.7223e-001
1030 0 +1.981862503e+000 +2.997118625e+002 +2.997118625e+002 +2.8322e+000 -3.9966e+000 +1.8864e+000 -4.2439e+000 -7.6438e-001
% f evaluations | g evaluations | best noise-free fitness - Fopt (5.157000000000e+001) + sum g_i+ | measured fitness | best measured fitness or single-digit g-values | x1 | x2...
1 0 +7.372267219e+001 +1.252926722e+002 +1.252926722e+002 +0.0000e+000 +0.0000e+000 +0.0000e+000 +0.0000e+000 +0.0000e+000
2 0 +6.771945663e+001 +1.192894566e+002 +1.192894566e+002 -3.0455e+000 +2.1088e+000 +4.7484e+000 +2.3390e+000 +1.2366e+000
4 0 +6.305147675e+001 +1.146214768e+002 +1.146214768e+002 +4.1377e+000 -2.2516e-002 -9.3445e-001 +4.4765e-001 +4.1028e+000
12 0 +4.395764949e+001 +9.552764949e+001 +9.552764949e+001 +1.8431e-003 +1.4706e+000 -3.9334e+000 -4.8383e+000 +1.9973e+000
22 0 +2.285346613e+001 +7.442346613e+001 +7.442346613e+001 -2.8605e+000 -4.0041e+000 +4.6823e-001 -3.4532e+000 +1.8919e+000
34 0 +1.702263402e+001 +6.859263402e+001 +6.859263402e+001 -9.4475e-001 -1.1858e+000 -3.3052e-002 -3.3937e+000 +8.0322e-001
80 0 +9.259296193e+000 +6.082929619e+001 +6.082929619e+001 -1.4419e-001 +9.6525e-001 +1.5362e-001 -3.9968e+000 +2.3776e+000
222 0 +3.635523510e+000 +5.520552351e+001 +5.520552351e+001 -2.9038e+000 -2.8810e+000 -1.2679e-001 -3.7846e+000 +1.8333e+000
417 0 +2.207546915e+000 +5.377754691e+001 +5.377754691e+001 -2.3377e+000 -2.5458e+000 -6.4869e-001 -3.8750e+000 +1.7795e+000
433 0 +1.906869159e+000 +5.347686916e+001 +5.347686916e+001 -2.6816e+000 -2.2544e+000 -4.7538e-001 -3.5774e+000 +1.4912e+000
542 0 +1.860219730e+000 +5.343021973e+001 +5.343021973e+001 -2.4436e+000 -2.5535e+000 -1.0554e-001 -3.8365e+000 +1.3264e+000
546 0 +1.695076870e+000 +5.326507687e+001 +5.326507687e+001 -2.7799e+000 -2.6767e+000 -3.3923e-001 -3.5660e+000 +1.4330e+000
658 0 +1.257273681e+000 +5.282727368e+001 +5.282727368e+001 -2.2466e+000 -2.8066e+000 -4.2423e-001 -3.1242e+000 +1.2031e+000
712 0 +1.219191230e+000 +5.278919123e+001 +5.278919123e+001 -2.4004e+000 -2.7942e+000 -3.7385e-001 -3.0387e+000 +1.0306e+000
746 0 +1.112265785e+000 +5.268226579e+001 +5.268226579e+001 -2.4921e+000 -2.6712e+000 -3.6142e-001 -3.4099e+000 +1.4370e+000
780 0 +1.023179780e+000 +5.259317978e+001 +5.259317978e+001 -2.3168e+000 -2.7519e+000 -4.1375e-001 -3.2088e+000 +1.2622e+000
795 0 +8.792929734e-001 +5.244929297e+001 +5.244929297e+001 -2.5423e+000 -2.5146e+000 -4.5967e-001 -3.2755e+000 +1.0881e+000
858 0 +8.433533961e-001 +5.241335340e+001 +5.241335340e+001 -2.5215e+000 -2.5450e+000 -4.8038e-001 -3.2754e+000 +1.1147e+000
933 0 +8.118401768e-001 +5.238184018e+001 +5.238184018e+001 -2.5014e+000 -2.7108e+000 -4.8776e-001 -3.4080e+000 +1.1709e+000
1000 0 +7.904018696e-001 +5.236040187e+001 +5.236040187e+001 -2.5578e+000 -2.6342e+000 -4.1791e-001 -3.3511e+000 +1.1826e+000
1064 0 +7.623718157e-001 +5.233237182e+001 +5.233237182e+001 -2.5504e+000 -2.7079e+000 -4.8733e-001 -3.3351e+000 +1.1063e+000
1097 0 +7.432481820e-001 +5.231324818e+001 +5.231324818e+001 -2.4341e+000 -2.7663e+000 -3.2733e-001 -3.4371e+000 +9.6466e-001
1120 0 +7.271705399e-001 +5.229717054e+001 +5.229717054e+001 -2.5354e+000 -2.6613e+000 -4.0141e-001 -3.3525e+000 +1.0695e+000
1195 0 +7.015386912e-001 +5.227153869e+001 +5.227153869e+001 -2.4538e+000 -2.6528e+000 -3.7935e-001 -3.3768e+000 +9.6377e-001
% f evaluations | g evaluations | best noise-free fitness - Fopt (1.527100000000e+002) + sum g_i+ | measured fitness | best measured fitness or single-digit g-values | x1 | x2...
1 0 +7.482008365e+001 +2.275300837e+002 +2.275300837e+002 +0.0000e+000 +0.0000e+000 +0.0000e+000 +0.0000e+000 +0.0000e+000
6 0 +7.444718298e+001 +2.271571830e+002 +2.271571830e+002 +4.5597e+000 -3.5078e-001 +1.8548e+000 -4.9687e+000 -1.7948e+000
7 0 +2.908621415e+001 +1.817962142e+002 +1.817962142e+002 +1.3256e+000 -7.7552e-001 +6.3189e-001 -3.9501e+000 +2.3637e+000
15 0 +2.650614567e+001 +1.792161457e+002 +1.792161457e+002 +1.4421e+000 -2.6468e+000 +2.6857e+000 +1.5201e+000 +3.3506e+000
35 0 +1.476551120e+001 +1.674755112e+002 +1.674755112e+002 +3.1022e+000 +1.5987e+000 +8.5003e-001 -3.6255e+000 +4.6917e+000
207 0 +1.430142753e+001 +1.670114275e+002 +1.670114275e+002 +2.5901e+000 +7.6772e-001 +8.2969e-001 -3.7366e+000 +3.4670e+000
222 0 +1.310093683e+001 +1.658109368e+002 +1.658109368e+002 +2.6810e+000 +1.6735e+000 +2.3400e-001 -3.4840e+000 +3.4082e+000
229 0 +9.635803074e+000 +1.623458031e+002 +1.623458031e+002 +2.2701e+000 +1.7964e+000 +1.1363e+000 -2.6818e+000 +2.0029e+000
273 0 +8.867052056e+000 +1.615770521e+002 +1.615770521e+002 +2.4827e+000 +2.1477e+000 +8.4345e-001 -3.3629e+000 +3.6179e+000
332 0 +8.175086795e+000 +1.608850868e+002 +1.608850868e+002 +2.4981e+000 +2.0690e+000 +1.0580e+000 -2.3581e+000 +3.4626e+000
443 0 +7.627232329e+000 +1.603372323e+002 +1.603372323e+002 +2.4647e+000 +2.2271e+000 +8.6796e-001 -2.7099e+000 +2.9951e+000
541 0 +5.315564879e+000 +1.580255649e+002 +1.580255649e+002 +2.4552e+000 +1.6538e+000 +1.4589e+000 -3.3833e+000 +3.0001e+000
692 0 +4.912449260e+000 +1.576224493e+002 +1.576224493e+002 +2.5676e+000 +1.5832e+000 +1.6255e+000 -3.1504e+000 +3.2716e+000
707 0 +4.752968432e+000 +1.574629684e+002 +1.574629684e+002 +2.8891e+000 +2.0009e+000 +1.7306e+000 -3.3501e+000 +3.0514e+000
711 0 +4.173804600e+000 +1.568838046e+002 +1.568838046e+002 +2.5227e+000 +1.7299e+000 +2.0893e+000 -3.3105e+000 +2.9756e+000
810 0 +2.955261857e+000 +1.556652619e+002 +1.556652619e+002 +2.8752e+000 +1.1566e+000 +2.0057e+000 -3.4793e+000 +2.8905e+000
916 0 +2.763619049e+000 +1.554736190e+002 +1.554736190e+002 +2.8123e+000 +1.2684e+000 +2.0268e+000 -3.4542e+000 +2.9118e+000
1086 0 +2.742842139e+000 +1.554528421e+002 +1.554528421e+002 +2.8388e+000 +1.2541e+000 +2.2723e+000 -3.3817e+000 +2.7261e+000
1161 0 +2.661331994e+000 +1.553713320e+002 +1.553713320e+002 +2.7476e+000 +1.4443e+000 +2.0925e+000 -3.3000e+000 +2.7432e+000
1400 0 +2.618286362e+000 +1.553282864e+002 +1.553282864e+002 +2.7962e+000 +1.3176e+000 +2.2006e+000 -3.4768e+000 +2.7459e+000
% f evaluations | g evaluations | best noise-free fitness - Fopt (9.980000000000e+001) + sum g_i+ | measured fitness | best measured fitness or single-digit g-values | x1 | x2...
1 0 +7.487523812e+001 +1.746752381e+002 +1.746752381e+002 +0.0000e+000 +0.0000e+000 +0.0000e+000 +0.0000e+000 +0.0000e+000
3 0 +4.054927191e+001 +1.403492719e+002 +1.403492719e+002 -5.7458e-001 -4.9297e+000 -2.7338e+000 -4.9271e+000 -2.0901e+000
9 0 +2.312943053e+001 +1.229294305e+002 +1.229294305e+002 +8.6418e-001 -4.3717e+000 +2.3708e+000 +1.6736e+000 +2.6040e+000
24 0 +1.878493439e+001 +1.185849344e+002 +1.185849344e+002 +3.8788e+000 +1.3537e+000 -2.8496e+000 +1.9902e+000 +3.6381e+000
61 0 +1.009632929e+001 +1.098963293e+002 +1.098963293e+002 +2.3474e+000 +2.3212e+000 -1.4269e+000 +1.7014e+000 -3.4056e+000
278 0 +6.602728231e+000 +1.064027282e+002 +1.064027282e+002 +1.9786e+000 +2.4601e+000 -4.6362e-001 +1.3181e+000 -2.1683e+000
405 0 +4.287138228e+000 +1.040871382e+002 +1.040871382e+002 -3.3283e-001 +1.2587e+000 +1.2537e+000 +3.4842e+000 +1.5531e-001
510 0 +2.203864564e+000 +1.020038646e+002 +1.020038646e+002 -2.7290e-001 +7.0559e-001 +1.3833e+000 +3.1467e+000 +6.1870e-001
549 0 +2.148637280e+000 +1.019486373e+002 +1.019486373e+002 +3.5765e-001 +1.7851e+000 +1.3343e+000 +2.6162e+000 +3.1439e-001
605 0 +9.087486643e-001 +1.007087487e+002 +1.007087487e+002 +5.9159e-002 +1.5657e+000 +1.3554e+000 +3.0112e+000 +3.2805e-001
749 0 +8.554030235e-001 +1.006554030e+002 +1.006554030e+002 +7.0104e-002 +1.5752e+000 +1.3683e+000 +2.9745e+000 +3.3769e-001
780 0 +8.347378203e-001 +1.006347378e+002 +1.006347378e+002 -1.5206e-001 +1.4311e+000 +1.5656e+000 +2.6582e+000 +4.4628e-001
805 0 +8.075548859e-001 +1.006075549e+002 +1.006075549e+002 -5.2799e-002 +1.4857e+000 +1.4122e+000 +2.7527e+000 +2.9688e-001
985 0 +6.658976071e-001 +1.004658976e+002 +1.004658976e+002 -3.8615e-002 +1.4327e+000 +2.0369e+000 +3.4852e+000 +3.7092e-001
1005 0 +6.242721504e-001 +1.004242722e+002 +1.004242722e+002 -1.4742e-002 +1.4889e+000 +1.7342e+000 +3.2264e+000 +4.0815e-001
1023 0 +5.653440496e-001 +1.003653440e+002 +1.003653440e+002 -1.1995e-001 +1.4862e+000 +1.7743e+000 +2.9519e+000 +4.5392e-001
1113 0 +4.949516535e-001 +1.002949517e+002 +1.002949517e+002 -1.3328e-001 +1.4859e+000 +1.6673e+000 +2.8587e+000 +3.8910e-001
1285 0 +4.670986204e-001 +1.002670986e+002 +1.002670986e+002 -9.8610e-002 +1.4708e+000 +1.7803e+000 +3.0563e+000 +3.6989e-001
1390 0 +4.531910734e-001 +1.002531911e+002 +1.002531911e+002 -2.8659e-001 +1.3747e+000 +1.7237e+000 +3.0239e+000 +3.6907e-001
1399 0 +3.156081942e-001 +1.001156082e+002 +1.001156082e+002 -2.9740e-001 +1.3706e+000 +1.9004e+000 +2.8698e+000 +3.7942e-001
1462 0 +2.723253561e-001 +1.000723254e+002 +1.000723254e+002 -2.7608e-001 +1.5096e+000 +2.0969e+000 +3.0862e+000 +3.3011e-001
1512 0 +2.106861734e-001 +1.000106862e+002 +1.000106862e+002 -3.6147e-001 +1.4423e+000 +2.1924e+000 +3.0955e+000 +3.7866e-001
1518 0 +1.931553078e-001 +9.999315531e+001 +9.999315531e+001 -3.2076e-001 +1.5502e+000 +2.0147e+000 +2.9159e+000 +3.5271e-001
1598 0 +9.818232032e-002 +9.989818232e+001 +9.989818232e+001 -6.7515e-001 +1.7190e+000 +2.4080e+000 +2.7984e+000 +2.8700e-001
1713 0 +9.764872524e-002 +9.989764873e+001 +9.989764873e+001 -6.5637e-001 +1.7194e+000 +2.3720e+000 +2.7778e+000 +3.0025e-001
1813 0 +8.844818201e-002 +9.988844818e+001 +9.988844818e+001 -8.8041e-001 +1.8048e+000 +2.6693e+000 +2.7472e+000 +2.5829e-001
1820 0 +8.322369940e-002 +9.988322370e+001 +9.988322370e+001 -7.7440e-001 +1.7657e+000 +2.5035e+000 +2.7428e+000 +2.9404e-001
1846 0 +6.066967579e-002 +9.986066968e+001 +9.986066968e+001 -1.2539e+000 +1.4559e+000 +2.8665e+000 +2.5293e+000 +2.8533e-001
1871 0 +5.791506141e-002 +9.985791506e+001 +9.985791506e+001 -7.7622e-001 +1.7894e+000 +2.6089e+000 +2.7314e+000 +3.0150e-001
1940 0 +5.384235386e-002 +9.985384235e+001 +9.985384235e+001 -8.4329e-001 +1.7925e+000 +2.6669e+000 +2.7188e+000 +2.9659e-001
1946 0 +4.000769244e-002 +9.984000769e+001 +9.984000769e+001 -1.3019e+000 +1.4726e+000 +2.9205e+000 +2.5112e+000 +2.9710e-001
2018 0 +3.085882758e-002 +9.983085883e+001 +9.983085883e+001 -1.1826e+000 +1.5697e+000 +2.8633e+000 +2.5236e+000 +3.0431e-001
2048 0 +2.312456038e-002 +9.982312456e+001 +9.982312456e+001 -1.0688e+000 +1.4643e+000 +2.7401e+000 +2.6602e+000 +3.3696e-001
2058 0 +1.888314210e-002 +9.981888314e+001 +9.981888314e+001 -1.1099e+000 +1.4983e+000 +2.7515e+000 +2.6353e+000 +3.2739e-001
2079 0 +1.842528446e-002 +9.981842528e+001 +9.981842528e+001 -1.1721e+000 +1.6163e+000 +2.8979e+000 +2.5658e+000 +3.3110e-001
2090 0 +1.763751417e-002 +9.981763751e+001 +9.981763751e+001 -1.2169e+000 +1.5540e+000 +2.7819e+000 +2.5449e+000 +3.2288e-001
2132 0 +1.538026754e-002 +9.981538027e+001 +9.981538027e+001 -1.1932e+000 +1.4762e+000 +2.7319e+000 +2.5683e+000 +3.2820e-001
2171 0 +1.263702155e-002 +9.981263702e+001 +9.981263702e+001 -1.3892e+000 +1.3893e+000 +2.8084e+000 +2.4521e+000 +3.3460e-001
2212 0 +1.131759027e-002 +9.981131759e+001 +9.981131759e+001 -1.4678e+000 +1.3454e+000 +2.8583e+000 +2.4326e+000 +3.3966e-001
2271 0 +1.112137472e-002 +9.981112137e+001 +9.981112137e+001 -1.5012e+000 +1.3266e+000 +2.8288e+000 +2.4018e+000 +3.4571e-001
2312 0 +7.958204498e-003 +9.980795820e+001 +9.980795820e+001 -1.6754e+000 +1.1594e+000 +2.8942e+000 +2.3602e+000 +3.5134e-001
2347 0 +7.810315851e-003 +9.980781032e+001 +9.980781032e+001 -1.5983e+000 +1.1559e+000 +2.8250e+000 +2.4440e+000 +3.7514e-001
2412 0 +5.696810609e-003 +9.980569681e+001 +9.980569681e+001 -1.7021e+000 +1.0629e+000 +2.8430e+000 +2.4077e+000 +3.8096e-001
2447 0 +5.487393822e-003 +9.980548739e+001 +9.980548739e+001 -1.6933e+000 +1.1056e+000 +2.8613e+000 +2.3826e+000 +3.7124e-001
2510 0 +5.270327825e-003 +9.980527033e+001 +9.980527033e+001 -1.7526e+000 +1.0141e+000 +2.8253e+000 +2.3680e+000 +3.8681e-001
2555 0 +4.967374070e-003 +9.980496737e+001 +9.980496737e+001 -1.6581e+000 +1.0542e+000 +2.8407e+000 +2.4393e+000 +3.5990e-001
2567 0 +4.302825019e-003 +9.980430283e+001 +9.980430283e+001 -1.6794e+000 +1.0486e+000 +2.8063e+000 +2.4085e+000 +3.7948e-001
2604 0 +4.076747875e-003 +9.980407675e+001 +9.980407675e+001 -1.6947e+000 +1.0343e+000 +2.8101e+000 +2.4215e+000 +3.7570e-001
2610 0 +4.053386252e-003 +9.980405339e+001 +9.980405339e+001 -1.7418e+000 +9.7076e-001 +2.8157e+000 +2.3960e+000 +3.8765e-001
2645 0 +3.864675270e-003 +9.980386468e+001 +9.980386468e+001 -1.7146e+000 +9.9381e-001 +2.8175e+000 +2.4074e+000 +3.7826e-001
2704 0 +3.746762449e-003 +9.980374676e+001 +9.980374676e+001 -1.6950e+000 +9.8942e-001 +2.7684e+000 +2.4561e+000 +3.7093e-001
2721 0 +3.694259203e-003 +9.980369426e+001 +9.980369426e+001 -1.7129e+000 +1.0000e+000 +2.7916e+000 +2.3949e+000 +3.7414e-001
2807 0 +3.436321341e-003 +9.980343632e+001 +9.980343632e+001 -1.8190e+000 +8.7299e-001 +2.7700e+000 +2.3715e+000 +3.7230e-001
2921 0 +3.285360535e-003 +9.980328536e+001 +9.980328536e+001 -1.7329e+000 +8.7868e-001 +2.7100e+000 +2.4011e+000 +3.8678e-001
2941 0 +2.999179155e-003 +9.980299918e+001 +9.980299918e+001 -1.6779e+000 +8.8416e-001 +2.6643e+000 +2.4286e+000 +3.8308e-001
3007 0 +2.755196122e-003 +9.980275520e+001 +9.980275520e+001 -1.7082e+000 +8.5490e-001 +2.6666e+000 +2.4183e+000 +3.7813e-001
3012 0 +2.346487418e-003 +9.980234649e+001 +9.980234649e+001 -1.7200e+000 +8.3164e-001 +2.6546e+000 +2.4168e+000 +3.8419e-001
3055 0 +2.176672635e-003 +9.980217667e+001 +9.980217667e+001 -1.7497e+000 +8.2776e-001 +2.6588e+000 +2.3925e+000 +3.8712e-001
3086 0 +1.950463420e-003 +9.980195046e+001 +9.980195046e+001 -1.7434e+000 +7.6130e-001 +2.6287e+000 +2.4253e+000 +3.8806e-001
3109 0 +1.001473426e-003 +9.980100147e+001 +9.980100147e+001 -1.8089e+000 +7.5052e-001 +2.6033e+000 +2.4019e+000 +3.7997e-001
3207 0 +9.488814913e-004 +9.980094888e+001 +9.980094888e+001 -1.7890e+000 +7.2329e-001 +2.5705e+000 +2.4172e+000 +3.8634e-001
3209 0 +8.072948508e-004 +9.980080729e+001 +9.980080729e+001 -1.8498e+000 +6.5533e-001 +2.5524e+000 +2.3954e+000 +3.8179e-001
3307 0 +7.933087662e-004 +9.980079331e+001 +9.980079331e+001 -1.8993e+000 +6.2563e-001 +2.5391e+000 +2.3834e+000 +3.8035e-001
3308 0 +6.991560961e-004 +9.980069916e+001 +9.980069916e+001 -1.8551e+000 +6.2535e-001 +2.5317e+000 +2.4004e+000 +3.8359e-001
3309 0 +6.193122892e-004 +9.980061931e+001 +9.980061931e+001 -1.8703e+000 +6.0774e-001 +2.5269e+000 +2.3922e+000 +3.8269e-001
3310 0 +5.713566178e-004 +9.980057136e+001 +9.980057136e+001 -1.8930e+000 +5.9516e-001 +2.5076e+000 +2.3883e+000 +3.8171e-001
3362 0 +5.223252417e-004 +9.980052233e+001 +9.980052233e+001 -1.8795e+000 +5.8294e-001 +2.4852e+000 +2.3980e+000 +3.8493e-001
3403 0 +2.547894300e-004 +9.980025479e+001 +9.980025479e+001 -1.9936e+000 +4.5577e-001 +2.4782e+000 +2.3404e+000 +3.8633e-001
3414 0 +2.464869691e-004 +9.980024649e+001 +9.980024649e+001 -1.9435e+000 +4.6855e-001 +2.4445e+000 +2.3933e+000 +3.9040e-001
3503 0 +1.032047777e-004 +9.980010320e+001 +9.980010320e+001 -2.0905e+000 +3.1295e-001 +2.4264e+000 +2.3293e+000 +3.9522e-001
3602 0 +6.647649403e-005 +9.980006648e+001 +9.980006648e+001 -2.1433e+000 +2.3924e-001 +2.3985e+000 +2.3214e+000 +3.9986e-001
3651 0 +5.590751708e-005 +9.980005591e+001 +9.980005591e+001 -2.0895e+000 +2.6847e-001 +2.3857e+000 +2.3394e+000 +3.9981e-001
3703 0 +4.807872172e-005 +9.980004808e+001 +9.980004808e+001 -2.1592e+000 +2.0199e-001 +2.3745e+000 +2.3262e+000 +4.0117e-001
3705 0 +3.554984748e-005 +9.980003555e+001 +9.980003555e+001 -2.1978e+000 +1.5475e-001 +2.3527e+000 +2.3093e+000 +4.0050e-001
3708 0 +3.012997078e-005 +9.980003013e+001 +9.980003013e+001 -2.1750e+000 +1.5565e-001 +2.3411e+000 +2.3236e+000 +4.0093e-001
3720 0 +2.861179871e-005 +9.980002861e+001 +9.980002861e+001 -2.1970e+000 +1.3024e-001 +2.3374e+000 +2.3145e+000 +4.0254e-001
3803 0 +2.686114509e-005 +9.980002686e+001 +9.980002686e+001 -2.2069e+000 +1.1099e-001 +2.3247e+000 +2.3158e+000 +4.0329e-001
3816 0 +2.571545956e-005 +9.980002572e+001 +9.980002572e+001 -2.1695e+000 +1.4862e-001 +2.3250e+000 +2.3248e+000 +4.0136e-001
3820 0 +2.546287708e-005 +9.980002546e+001 +9.980002546e+001 -2.2481e+000 +4.6855e-002 +2.3005e+000 +2.3051e+000 +4.0623e-001
3902 0 +2.270553431e-005 +9.980002271e+001 +9.980002271e+001 -2.2330e+000 +4.6998e-002 +2.2815e+000 +2.3154e+000 +4.0497e-001
4002 0 +2.156053262e-005 +9.980002156e+001 +9.980002156e+001 -2.2448e+000 +1.1005e-002 +2.2524e+000 +2.3186e+000 +4.0576e-001
4032 0 +9.493318856e-006 +9.980000949e+001 +9.980000949e+001 -2.2167e+000 +4.0112e-002 +2.2684e+000 +2.3284e+000 +4.1301e-001
4104 0 +7.447269113e-006 +9.980000745e+001 +9.980000745e+001 -2.2354e+000 +2.8172e-003 +2.2464e+000 +2.3255e+000 +4.1438e-001
4142 0 +6.767005985e-006 +9.980000677e+001 +9.980000677e+001 -2.2281e+000 +6.8487e-003 +2.2489e+000 +2.3268e+000 +4.1464e-001
4227 0 +6.664527405e-006 +9.980000666e+001 +9.980000666e+001 -2.2222e+000 +9.4027e-003 +2.2468e+000 +2.3286e+000 +4.1377e-001
4303 0 +6.478966299e-006 +9.980000648e+001 +9.980000648e+001 -2.2187e+000 +1.0397e-002 +2.2410e+000 +2.3287e+000 +4.1334e-001
4317 0 +6.453817718e-006 +9.980000645e+001 +9.980000645e+001 -2.2091e+000 +1.9522e-002 +2.2402e+000 +2.3318e+000 +4.1277e-001
4350 0 +5.940576884e-006 +9.980000594e+001 +9.980000594e+001 -2.1930e+000 +2.1506e-002 +2.2307e+000 +2.3370e+000 +4.1292e-001
4402 0 +5.267478969e-006 +9.980000527e+001 +9.980000527e+001 -2.1855e+000 +2.8972e-002 +2.2348e+000 +2.3371e+000 +4.1404e-001
4439 0 +4.576935126e-006 +9.980000458e+001 +9.980000458e+001 -2.2075e+000 -2.0206e-002 +2.2060e+000 +2.3348e+000 +4.1584e-001
4481 0 +4.298609099e-006 +9.980000430e+001 +9.980000430e+001 -2.2095e+000 +1.5306e-003 +2.2217e+000 +2.3318e+000 +4.1441e-001
4512 0 +2.968955883e-006 +9.980000297e+001 +9.980000297e+001 -2.2001e+000 +4.6939e-003 +2.2186e+000 +2.3331e+000 +4.1449e-001
4604 0 +2.495495920e-006 +9.980000250e+001 +9.980000250e+001 -2.1931e+000 +4.0029e-003 +2.2092e+000 +2.3361e+000 +4.1488e-001
4612 0 +2.114474199e-006 +9.980000211e+001 +9.980000211e+001 -2.2010e+000 -2.0997e-003 +2.2100e+000 +2.3327e+000 +4.1515e-001
4659 0 +2.046265649e-006 +9.980000205e+001 +9.980000205e+001 -2.2146e+000 -2.4672e-002 +2.2002e+000 +2.3292e+000 +4.1523e-001
4703 0 +1.951408493e-006 +9.980000195e+001 +9.980000195e+001 -2.2109e+000 -2.0637e-002 +2.2001e+000 +2.3302e+000 +4.1525e-001
4709 0 +1.717213166e-006 +9.980000172e+001 +9.980000172e+001 -2.2181e+000 -4.5109e-002 +2.1818e+000 +2.3270e+000 +4.1593e-001
4791 0 +1.612425706e-006 +9.980000161e+001 +9.980000161e+001 -2.2049e+000 -2.4015e-002 +2.1975e+000 +2.3290e+000 +4.1845e-001
4803 0 +1.565554825e-006 +9.980000157e+001 +9.980000157e+001 -2.2186e+000 -3.8827e-002 +2.1918e+000 +2.3253e+000 +4.1756e-001
4838 0 +1.508992796e-006 +9.980000151e+001 +9.980000151e+001 -2.2093e+000 -2.6563e-002 +2.1961e+000 +2.3272e+000 +4.1772e-001
4903 0 +1.429644115e-006 +9.980000143e+001 +9.980000143e+001 -2.2210e+000 -4.7147e-002 +2.1874e+000 +2.3232e+000 +4.1891e-001
4913 0 +1.388755152e-006 +9.980000139e+001 +9.980000139e+001 -2.2154e+000 -4.0359e-002 +2.1901e+000 +2.3243e+000 +4.1952e-001
4914 0 +1.343455807e-006 +9.980000134e+001 +9.980000134e+001 -2.2081e+000 -3.6335e-002 +2.1875e+000 +2.3255e+000 +4.1948e-001
4966 0 +1.303128968e-006 +9.980000130e+001 +9.980000130e+001 -2.2250e+000 -5.4903e-002 +2.1856e+000 +2.3202e+000 +4.2105e-001
5016 0 +1.260774638e-006 +9.980000126e+001 +9.980000126e+001 -2.2191e+000 -5.0711e-002 +2.1842e+000 +2.3216e+000 +4.2095e-001
5052 0 +1.258242406e-006 +9.980000126e+001 +9.980000126e+001 -2.2341e+000 -7.4453e-002 +2.1738e+000 +2.3176e+000 +4.2219e-001
5108 0 +1.201283268e-006 +9.980000120e+001 +9.980000120e+001 -2.2256e+000 -5.6598e-002 +2.1841e+000 +2.3193e+000 +4.2125e-001
5109 0 +1.085889295e-006 +9.980000109e+001 +9.980000109e+001 -2.2315e+000 -6.0822e-002 +2.1841e+000 +2.3173e+000 +4.2087e-001
5205 0 +1.017526216e-006 +9.980000102e+001 +9.980000102e+001 -2.2237e+000 -6.2013e-002 +2.1763e+000 +2.3187e+000 +4.2269e-001
5209 0 +9.421270590e-007 +9.980000094e+001 +9.980000094e+001 -2.2318e+000 -6.1369e-002 +2.1836e+000 +2.3164e+000 +4.2143e-001
5225 0 +9.019320970e-007 +9.980000090e+001 +9.980000090e+001 -2.2221e+000 -4.9797e-002 +2.1848e+000 +2.3202e+000 +4.2010e-001
5303 0 +8.581992859e-007 +9.980000086e+001 +9.980000086e+001 -2.2205e+000 -5.0175e-002 +2.1833e+000 +2.3204e+000 +4.2071e-001
5305 0 +8.179300863e-007 +9.980000082e+001 +9.980000082e+001 -2.2201e+000 -5.5512e-002 +2.1777e+000 +2.3199e+000 +4.2188e-001
5315 0 +7.511063131e-007 +9.980000075e+001 +9.980000075e+001 -2.2207e+000 -5.1516e-002 +2.1826e+000 +2.3185e+000 +4.2156e-001
5340 0 +7.244227618e-007 +9.980000072e+001 +9.980000072e+001 -2.2215e+000 -4.9965e-002 +2.1828e+000 +2.3200e+000 +4.2028e-001
5368 0 +6.806194222e-007 +9.980000068e+001 +9.980000068e+001 -2.2188e+000 -4.8121e-002 +2.1827e+000 +2.3197e+000 +4.2050e-001
5403 0 +6.408771469e-007 +9.980000064e+001 +9.980000064e+001 -2.2180e+000 -4.4488e-002 +2.1840e+000 +2.3204e+000 +4.1960e-001
5415 0 +6.099759702e-007 +9.980000061e+001 +9.980000061e+001 -2.2206e+000 -4.7268e-002 +2.1844e+000 +2.3185e+000 +4.2006e-001
5503 0 +5.496734161e-007 +9.980000055e+001 +9.980000055e+001 -2.2178e+000 -4.3680e-002 +2.1838e+000 +2.3195e+000 +4.1941e-001
5522 0 +5.282872166e-007 +9.980000053e+001 +9.980000053e+001 -2.2192e+000 -4.4570e-002 +2.1846e+000 +2.3181e+000 +4.1962e-001
5523 0 +5.140893080e-007 +9.980000051e+001 +9.980000051e+001 -2.2262e+000 -5.4787e-002 +2.1814e+000 +2.3157e+000 +4.2067e-001
5603 0 +4.835724781e-007 +9.980000048e+001 +9.980000048e+001 -2.2255e+000 -5.3527e-002 +2.1814e+000 +2.3156e+000 +4.2048e-001
5618 0 +4.745002400e-007 +9.980000047e+001 +9.980000047e+001 -2.2245e+000 -5.1325e-002 +2.1822e+000 +2.3160e+000 +4.2018e-001
5621 0 +4.562760125e-007 +9.980000046e+001 +9.980000046e+001 -2.2222e+000 -4.8611e-002 +2.1823e+000 +2.3165e+000 +4.1995e-001
5702 0 +4.449045008e-007 +9.980000044e+001 +9.980000044e+001 -2.2224e+000 -4.8373e-002 +2.1824e+000 +2.3164e+000 +4.1979e-001
5706 0 +4.250579622e-007 +9.980000043e+001 +9.980000043e+001 -2.2287e+000 -5.4098e-002 +2.1827e+000 +2.3131e+000 +4.2010e-001
5713 0 +4.032186496e-007 +9.980000040e+001 +9.980000040e+001 -2.2250e+000 -5.3536e-002 +2.1796e+000 +2.3147e+000 +4.2052e-001
5795 0 +3.840097946e-007 +9.980000038e+001 +9.980000038e+001 -2.2270e+000 -5.3017e-002 +2.1810e+000 +2.3144e+000 +4.2003e-001
5802 0 +3.308868344e-007 +9.980000033e+001 +9.980000033e+001 -2.2234e+000 -4.9849e-002 +2.1806e+000 +2.3143e+000 +4.2037e-001
5826 0 +2.982980902e-007 +9.980000030e+001 +9.980000030e+001 -2.2271e+000 -5.4353e-002 +2.1788e+000 +2.3128e+000 +4.2027e-001
5902 0 +2.655114173e-007 +9.980000027e+001 +9.980000027e+001 -2.2254e+000 -5.2506e-002 +2.1790e+000 +2.3126e+000 +4.2061e-001
5908 0 +2.514889843e-007 +9.980000025e+001 +9.980000025e+001 -2.2294e+000 -5.6530e-002 +2.1780e+000 +2.3114e+000 +4.2036e-001
5926 0 +2.488284565e-007 +9.980000025e+001 +9.980000025e+001 -2.2288e+000 -5.3799e-002 +2.1795e+000 +2.3117e+000 +4.1977e-001
6002 0 +2.247513606e-007 +9.980000022e+001 +9.980000022e+001 -2.2294e+000 -5.6146e-002 +2.1778e+000 +2.3108e+000 +4.2036e-001
6008 0 +2.140148467e-007 +9.980000021e+001 +9.980000021e+001 -2.2303e+000 -5.7511e-002 +2.1770e+000 +2.3103e+000 +4.2038e-001
6010 0 +2.023969614e-007 +9.980000020e+001 +9.980000020e+001 -2.2315e+000 -5.8152e-002 +2.1772e+000 +2.3095e+000 +4.2041e-001
6105 0 +1.934628813e-007 +9.980000019e+001 +9.980000019e+001 -2.2312e+000 -5.8266e-002 +2.1764e+000 +2.3096e+000 +4.2038e-001
6108 0 +1.898280004e-007 +9.980000019e+001 +9.980000019e+001 -2.2310e+000 -5.7470e-002 +2.1768e+000 +2.3094e+000 +4.2019e-001
6110 0 +1.769709570e-007 +9.980000018e+001 +9.980000018e+001 -2.2331e+000 -5.9356e-002 +2.1765e+000 +2.3081e+000 +4.2038e-001
6194 0 +1.719737526e-007 +9.980000017e+001 +9.980000017e+001 -2.2335e+000 -6.0659e-002 +2.1753e+000 +2.3080e+000 +4.2043e-001
6205 0 +1.627881829e-007 +9.980000016e+001 +9.980000016e+001 -2.2337e+000 -6.1146e-002 +2.1747e+000 +2.3077e+000 +4.2049e-001
6209 0 +1.558905183e-007 +9.980000016e+001 +9.980000016e+001 -2.2333e+000 -6.0310e-002 +2.1749e+000 +2.3075e+000 +4.2039e-001
6216 0 +1.354331403e-007 +9.980000014e+001 +9.980000014e+001 -2.2350e+000 -6.2116e-002 +2.1740e+000 +2.3064e+000 +4.2043e-001
6305 0 +1.297183019e-007 +9.980000013e+001 +9.980000013e+001 -2.2358e+000 -6.3165e-002 +2.1734e+000 +2.3060e+000 +4.2052e-001
6309 0 +1.277825703e-007 +9.980000013e+001 +9.980000013e+001 -2.2355e+000 -6.2891e-002 +2.1734e+000 +2.3059e+000 +4.2051e-001
6316 0 +9.054147654e-008 +9.980000009e+001 +9.980000009e+001 -2.2374e+000 -6.4829e-002 +2.1721e+000 +2.3044e+000 +4.2056e-001
6402 0 +8.423917564e-008 +9.980000008e+001 +9.980000008e+001 -2.2378e+000 -6.5218e-002 +2.1718e+000 +2.3041e+000 +4.2057e-001
6413 0 +8.208735380e-008 +9.980000008e+001 +9.980000008e+001 -2.2382e+000 -6.6231e-002 +2.1712e+000 +2.3037e+000 +4.2071e-001
6416 0 +7.240494426e-008 +9.980000007e+001 +9.980000007e+001 -2.2386e+000 -6.6185e-002 +2.1711e+000 +2.3034e+000 +4.2063e-001
6441 0 +6.962314103e-008 +9.980000007e+001 +9.980000007e+001 -2.2387e+000 -6.6245e-002 +2.1710e+000 +2.3033e+000 +4.2062e-001
6477 0 +6.366305172e-008 +9.980000006e+001 +9.980000006e+001 -2.2382e+000 -6.5414e-002 +2.1711e+000 +2.3032e+000 +4.2050e-001
6502 0 +5.862051466e-008 +9.980000006e+001 +9.980000006e+001 -2.2393e+000 -6.7052e-002 +2.1702e+000 +2.3025e+000 +4.2072e-001
6506 0 +5.552548998e-008 +9.980000006e+001 +9.980000006e+001 -2.2405e+000 -6.7871e-002 +2.1701e+000 +2.3017e+000 +4.2062e-001
6511 0 +5.056948282e-008 +9.980000005e+001 +9.980000005e+001 -2.2410e+000 -6.9039e-002 +2.1688e+000 +2.3014e+000 +4.2076e-001
6550 0 +4.896743633e-008 +9.980000005e+001 +9.980000005e+001 -2.2417e+000 -6.8966e-002 +2.1691e+000 +2.3006e+000 +4.2062e-001
6603 0 +4.672899934e-008 +9.980000005e+001 +9.980000005e+001 -2.2428e+000 -7.0243e-002 +2.1680e+000 +2.2995e+000 +4.2066e-001
6637 0 +2.374332553e-008 +9.980000002e+001 +9.980000002e+001 -2.2473e+000 -6.5505e-002 +2.1734e+000 +2.2982e+000 +4.2084e-001
6703 0 +1.505765113e-008 +9.980000002e+001 +9.980000002e+001 -2.2475e+000 -7.1345e-002 +2.1682e+000 +2.2966e+000 +4.2084e-001
6732 0 +1.426639074e-008 +9.980000001e+001 +9.980000001e+001 -2.2473e+000 -6.7108e-002 +2.1716e+000 +2.2976e+000 +4.2075e-001
6749 0 +1.345783573e-008 +9.980000001e+001 +9.980000001e+001 -2.2489e+000 -6.7645e-002 +2.1717e+000 +2.2966e+000 +4.2084e-001
6803 0 +1.195193988e-008 +9.980000001e+001 +9.980000001e+001 -2.2509e+000 -7.0358e-002 +2.1700e+000 +2.2950e+000 +4.2097e-001
7010 0 +1.174007025e-008 +9.980000001e+001 +9.980000001e+001 -2.2530e+000 -7.0476e-002 +2.1700e+000 +2.2935e+000 +4.2098e-001
7011 0 +1.138742789e-008 +9.980000001e+001 +9.980000001e+001 -2.2516e+000 -7.0322e-002 +2.1698e+000 +2.2941e+000 +4.2088e-001
7106 0 +1.114443648e-008 +9.980000001e+001 +9.980000001e+001 -2.2524e+000 -7.0658e-002 +2.1696e+000 +2.2936e+000 +4.2090e-001
7111 0 +1.073952660e-008 +9.980000001e+001 +9.980000001e+001 -2.2514e+000 -7.1813e-002 +2.1683e+000 +2.2938e+000 +4.2087e-001
7204 0 +1.049258458e-008 +9.980000001e+001 +9.980000001e+001 -2.2518e+000 -7.1709e-002 +2.1685e+000 +2.2936e+000 +4.2086e-001
7206 0 +9.960658076e-009 +9.980000001e+001 +9.980000001e+001 -2.2519e+000 -7.2245e-002 +2.1680e+000 +2.2933e+000 +4.2085e-001
% f evaluations | g evaluations | best noise-free fitness - Fopt (-1.194100000000e+002) + sum g_i+ | measured fitness | best measured fitness or single-digit g-values | x1 | x2...
1 0 +7.600240222e+001 -4.340759778e+001 -4.340759778e+001 +0.0000e+000 +0.0000e+000 +0.0000e+000 +0.0000e+000 +0.0000e+000
2 0 +5.137375883e+001 -6.803624117e+001 -6.803624117e+001 +3.4482e+000 +3.0217e+000 +5.9951e-001 +3.5969e+000 +2.9839e+000
16 0 +4.298802807e+001 -7.642197193e+001 -7.642197193e+001 +1.4765e+000 +4.8299e+000 +3.9702e+000 +3.5616e+000 +3.9464e-001
33 0 +3.746626650e+001 -8.194373350e+001 -8.194373350e+001 +2.0761e-001 -1.6945e+000 +3.6598e+000 -1.6294e+000 +3.1761e+000
43 0 +2.830809658e+001 -9.110190342e+001 -9.110190342e+001 -2.0015e+000 -5.3585e-001 +4.0687e+000 +4.0526e+000 -2.5491e+000
98 0 +2.207225862e+001 -9.733774138e+001 -9.733774138e+001 -4.2002e+000 -3.0985e+000 -1.8406e+000 -2.4575e+000 +2.6946e+000
224 0 +1.265593228e+001 -1.067540677e+002 -1.067540677e+002 +2.4366e+000 -2.2991e+000 +3.3111e+000 -1.8365e+000 +2.5646e+000
405 0 +1.057415297e+001 -1.088358470e+002 -1.088358470e+002 +2.6848e+000 -2.4064e+000 +3.4511e+000 -1.6688e+000 +2.9937e+000
580 0 +9.537631440e+000 -1.098723686e+002 -1.098723686e+002 +3.1401e+000 -2.4848e+000 +5.2808e+000 -2.0880e+000 +3.3984e+000
599 0 +7.042237695e+000 -1.123677623e+002 -1.123677623e+002 +2.2484e+000 -2.1508e+000 +4.4948e+000 -2.0326e+000 +3.0570e+000
645 0 +6.857514576e+000 -1.125524854e+002 -1.125524854e+002 +2.1514e+000 -2.1894e+000 +4.3270e+000 -2.0879e+000 +3.0359e+000
662 0 +5.477312334e+000 -1.139326877e+002 -1.139326877e+002 +2.5571e+000 -2.6411e+000 +4.7813e+000 -2.6173e+000 +2.9974e+000
738 0 +4.452920259e+000 -1.149570797e+002 -1.149570797e+002 +2.7861e+000 -2.5565e+000 +4.5267e+000 -2.6457e+000 +3.5202e+000
845 0 +4.151276783e+000 -1.152587232e+002 -1.152587232e+002 +2.0455e+000 -1.9414e+000 +4.3937e+000 -2.6788e+000 +3.5388e+000
911 0 +3.985839958e+000 -1.154241600e+002 -1.154241600e+002 +2.1550e+000 -1.9037e+000 +4.4984e+000 -2.6339e+000 +3.4949e+000
938 0 +3.828614277e+000 -1.155813857e+002 -1.155813857e+002 +2.4284e+000 -2.3836e+000 +4.4502e+000 -2.4725e+000 +3.3958e+000
945 0 +3.293116606e+000 -1.161168834e+002 -1.161168834e+002 +2.5179e+000 -2.3310e+000 +4.4800e+000 -2.6679e+000 +3.5357e+000
1030 0 +3.192210714e+000 -1.162177893e+002 -1.162177893e+002 +2.5210e+000 -2.2232e+000 +4.3312e+000 -2.6652e+000 +3.5767e+000
1076 0 +3.069351774e+000 -1.163406482e+002 -1.163406482e+002 +2.3322e+000 -2.2432e+000 +4.5693e+000 -2.7935e+000 +3.4911e+000
1238 0 +2.991568661e+000 -1.164184313e+002 -1.164184313e+002 +2.2864e+000 -2.1081e+000 +4.4774e+000 -2.8609e+000 +3.5492e+000
1266 0 +2.820010434e+000 -1.165899896e+002 -1.165899896e+002 +2.2224e+000 -2.1155e+000 +4.3833e+000 -2.9803e+000 +3.3468e+000
1335 0 +2.809130220e+000 -1.166008698e+002 -1.166008698e+002 +2.2352e+000 -2.1032e+000 +4.3829e+000 -2.9288e+000 +3.3837e+000
1356 0 +2.695675107e+000 -1.167143249e+002 -1.167143249e+002 +2.3738e+000 -2.1687e+000 +4.3548e+000 -2.8304e+000 +3.3403e+000
1379 0 +2.625696891e+000 -1.167843031e+002 -1.167843031e+002 +2.4455e+000 -2.1125e+000 +4.4954e+000 -2.9696e+000 +3.3103e+000
% f evaluations | g evaluations | best noise-free fitness - Fopt (1.077000000000e+001) + sum g_i+ | measured fitness | best measured fitness or single-digit g-values | x1 | x2...
1 0 +6.658303204e+000 +1.742830320e+001 +1.742830320e+001 +0.0000e+000 +0.0000e+000 +0.0000e+000 +0.0000e+000 +0.0000e+000
72 0 +2.811894813e+000 +1.358189481e+001 +1.358189481e+001 -2.9693e+000 -3.1859e+000 +1.6532e-001 +1.2707e+000 -1.8852e+000
212 0 +2.069938805e+000 +1.283993880e+001 +1.283993880e+001 -2.9094e+000 -2.4812e+000 +3.9694e-001 +1.0316e+000 -1.8484e+000
502 0 +2.002181835e+000 +1.277218183e+001 +1.277218183e+001 -3.2868e+000 -2.6237e+000 +3.4309e-001 +1.1581e+000 -2.1278e+000
529 0 +1.713163530e+000 +1.248316353e+001 +1.248316353e+001 -3.7629e+000 -1.5104e+000 +1.7218e+000 +7.0513e-001 -2.3896e+000
684 0 +1.264260133e+000 +1.203426013e+001 +1.203426013e+001 -3.5949e+000 -1.9362e+000 +1.2901e+000 +8.5463e-001 -2.4434e+000
713 0 +1.124431951e+000 +1.189443195e+001 +1.189443195e+001 -3.6144e+000 -2.0465e+000 +1.2455e+000 +9.4158e-001 -2.4445e+000
801 0 +9.727235177e-001 +1.174272352e+001 +1.174272352e+001 -3.3236e+000 -1.4299e+000 +1.4834e+000 +8.2077e-001 -2.3856e+000
829 0 +8.227685041e-001 +1.159276850e+001 +1.159276850e+001 -3.4572e+000 -1.4129e+000 +1.4940e+000 +8.1650e-001 -2.4585e+000
1046 0 +7.880305433e-001 +1.155803054e+001 +1.155803054e+001 -3.5372e+000 -1.6068e+000 +1.4952e+000 +8.5241e-001 -2.5116e+000
1108 0 +7.541665756e-001 +1.152416658e+001 +1.152416658e+001 -3.6775e+000 -1.3239e+000 +1.8829e+000 +8.7302e-001 -2.5133e+000
1202 0 +7.205153087e-001 +1.149051531e+001 +1.149051531e+001 -3.6378e+000 -1.3059e+000 +1.8401e+000 +8.4365e-001 -2.4999e+000
1402 0 +7.070934568e-001 +1.147709346e+001 +1.147709346e+001 -3.5946e+000 -1.3151e+000 +1.7114e+000 +8.5805e-001 -2.5477e+000
% f evaluations | g evaluations | best noise-free fitness - Fopt (2.137000000000e+001) + sum g_i+ | measured fitness | best measured fitness or single-digit g-values | x1 | x2...
1 0 +7.510828647e+001 +9.647828647e+001 +9.647828647e+001 +0.0000e+000 +0.0000e+000 +0.0000e+000 +0.0000e+000 +0.0000e+000
6 0 +6.954868819e+001 +9.091868819e+001 +9.091868819e+001 -4.4420e+000 +3.3047e+000 +3.3396e+000 +3.0964e+000 -1.9574e+000
7 0 +6.880778765e+001 +9.017778765e+001 +9.017778765e+001 +1.6825e-001 +1.3459e+000 +1.6829e+000 +2.1384e+000 +1.5790e+000
16 0 +6.127421535e+001 +8.264421535e+001 +8.264421535e+001 +3.9347e+000 +3.1302e+000 -1.3233e+000 -2.4276e+000 -4.3617e+000
24 0 +5.380633132e+001 +7.517633132e+001 +7.517633132e+001 +1.5942e+000 +3.9351e+000 -8.1677e-001 -2.0128e+000 -8.5865e-001
43 0 +2.497779155e+001 +4.634779155e+001 +4.634779155e+001 +3.2092e+000 -1.4802e+000 -2.8834e+000 +2.4193e+000 +3.5602e+000
47 0 +1.262198098e+001 +3.399198098e+001 +3.399198098e+001 +2.5069e+000 +2.0425e+000 -1.6784e+000 -2.0928e+000 -2.5863e+000
200 0 +1.031137163e+001 +3.168137163e+001 +3.168137163e+001 +1.6475e+000 +4.2129e+000 -3.3030e+000 +5.9488e-001 +3.7581e+000
213 0 +7.531990320e+000 +2.890199032e+001 +2.890199032e+001 +2.9420e+000 +3.1124e+000 -2.3485e+000 +7.9769e-001 +2.7450e+000
214 0 +7.008605225e+000 +2.837860523e+001 +2.837860523e+001 +3.1903e+000 +3.0180e+000 -2.4167e+000 -1.4302e-001 +1.7986e+000
274 0 +5.307781187e+000 +2.667778119e+001 +2.667778119e+001 +3.0963e+000 +5.3840e+000 -1.4766e+000 -1.7213e+000 +1.0895e+000
313 0 +2.003626458e+000 +2.337362646e+001 +2.337362646e+001 +2.7600e-001 +4.1991e+000 -3.4221e+000 +9.5919e-001 +4.0311e+000
395 0 +1.425693214e+000 +2.279569321e+001 +2.279569321e+001 +2.8279e+000 +4.6945e+000 -2.6834e+000 -1.0864e+000 +9.3803e-001
611 0 +4.695760830e-001 +2.183957608e+001 +2.183957608e+001 +2.7686e+000 +2.7431e+000 -2.3142e+000 -4.6035e-001 +9.2574e-001
735 0 +4.416732377e-001 +2.181167324e+001 +2.181167324e+001 +2.6528e+000 +2.7285e+000 -2.3900e+000 -6.8721e-001 +1.0019e+000
792 0 +2.737114508e-001 +2.164371145e+001 +2.164371145e+001 +2.7469e+000 +2.9319e+000 -2.4523e+000 -4.2804e-001 +1.0770e+000
928 0 +1.350167940e-001 +2.150501679e+001 +2.150501679e+001 +2.7615e+000 +2.7462e+000 -2.4239e+000 -4.5643e-001 +1.1529e+000
1113 0 +1.335727168e-001 +2.150357272e+001 +2.150357272e+001 +2.8177e+000 +3.2044e+000 -2.4669e+000 -5.6830e-001 +1.1829e+000
1138 0 +3.880604065e-002 +2.140880604e+001 +2.140880604e+001 +2.7717e+000 +3.1817e+000 -1.8560e+000 -8.7959e-001 +1.0697e+000
1267 0 +3.358340415e-002 +2.140358340e+001 +2.140358340e+001 +2.7782e+000 +3.2277e+000 -1.9786e+000 -8.6194e-001 +1.1466e+000
1280 0 +1.898776939e-002 +2.138898777e+001 +2.138898777e+001 +2.8181e+000 +3.0917e+000 -2.0652e+000 -6.0420e-001 +1.4828e+000
1341 0 +1.742616580e-002 +2.138742617e+001 +2.138742617e+001 +2.7829e+000 +3.1172e+000 -2.0548e+000 -6.5517e-001 +1.2910e+000
1366 0 +1.580895677e-002 +2.138580896e+001 +2.138580896e+001 +2.7920e+000 +2.9861e+000 -1.9388e+000 -7.3229e-001 +1.3371e+000
1397 0 +4.804626871e-003 +2.137480463e+001 +2.137480463e+001 +2.7828e+000 +2.7438e+000 -2.0438e+000 -4.9256e-001 +1.4705e+000
1441 0 +2.976935569e-003 +2.137297694e+001 +2.137297694e+001 +2.7958e+000 +2.7813e+000 -1.9254e+000 -4.8275e-001 +1.5458e+000
1541 0 +2.800658632e-003 +2.137280066e+001 +2.137280066e+001 +2.8023e+000 +2.6134e+000 -1.8606e+000 -3.9654e-001 +1.6733e+000
1556 0 +1.822592740e-003 +2.137182259e+001 +2.137182259e+001 +2.7497e+000 +2.7289e+000 -1.8724e+000 -6.0608e-001 +1.4771e+000
1633 0 +1.619784592e-003 +2.137161978e+001 +2.137161978e+001 +2.7593e+000 +2.6869e+000 -1.7066e+000 -5.9198e-001 +1.6210e+000
1669 0 +9.029258818e-004 +2.137090293e+001 +2.137090293e+001 +2.7540e+000 +2.6369e+000 -1.8604e+000 -5.3496e-001 +1.5096e+000
1677 0 +6.627793026e-004 +2.137066278e+001 +2.137066278e+001 +2.7306e+000 +2.6968e+000 -1.6692e+000 -6.6389e-001 +1.4665e+000
1705 0 +5.254768134e-004 +2.137052548e+001 +2.137052548e+001 +2.7540e+000 +2.7423e+000 -1.7341e+000 -6.4981e-001 +1.4892e+000
1712 0 +2.338013045e-004 +2.137023380e+001 +2.137023380e+001 +2.7494e+000 +2.6358e+000 -1.6112e+000 -6.9228e-001 +1.4813e+000
1730 0 +1.878079268e-004 +2.137018781e+001 +2.137018781e+001 +2.7407e+000 +2.6406e+000 -1.6911e+000 -6.4650e-001 +1.4708e+000
1833 0 +9.037321474e-005 +2.137009037e+001 +2.137009037e+001 +2.7219e+000 +2.6384e+000 -1.5713e+000 -7.2692e-001 +1.4859e+000
1856 0 +7.984320938e-005 +2.137007984e+001 +2.137007984e+001 +2.7113e+000 +2.7132e+000 -1.5584e+000 -8.4201e-001 +1.3514e+000
1933 0 +5.969588616e-005 +2.137005970e+001 +2.137005970e+001 +2.7127e+000 +2.6607e+000 -1.5663e+000 -7.9181e-001 +1.3819e+000
1981 0 +3.180469130e-005 +2.137003180e+001 +2.137003180e+001 +2.7114e+000 +2.6918e+000 -1.5116e+000 -8.5949e-001 +1.3539e+000
2065 0 +9.631752057e-006 +2.137000963e+001 +2.137000963e+001 +2.7063e+000 +2.6307e+000 -1.4973e+000 -8.1927e-001 +1.3945e+000
2104 0 +7.509512574e-006 +2.137000751e+001 +2.137000751e+001 +2.7055e+000 +2.6363e+000 -1.4852e+000 -8.3498e-001 +1.3842e+000
2209 0 +6.644145799e-006 +2.137000664e+001 +2.137000664e+001 +2.7080e+000 +2.6157e+000 -1.4689e+000 -8.1835e-001 +1.4119e+000
2213 0 +6.414160090e-006 +2.137000641e+001 +2.137000641e+001 +2.6925e+000 +2.5769e+000 -1.4011e+000 -8.5919e-001 +1.4096e+000
2241 0 +4.749467319e-006 +2.137000475e+001 +2.137000475e+001 +2.7012e+000 +2.5871e+000 -1.4288e+000 -8.4860e-001 +1.4042e+000
2286 0 +2.565080607e-006 +2.137000257e+001 +2.137000257e+001 +2.6942e+000 +2.6210e+000 -1.3962e+000 -8.9323e-001 +1.3693e+000
2438 0 +2.343832222e-006 +2.137000234e+001 +2.137000234e+001 +2.6955e+000 +2.6091e+000 -1.4103e+000 -8.7557e-001 +1.3818e+000
2439 0 +1.453878177e-006 +2.137000145e+001 +2.137000145e+001 +2.6842e+000 +2.6030e+000 -1.3437e+000 -9.3543e-001 +1.3653e+000
2512 0 +1.430605405e-006 +2.137000143e+001 +2.137000143e+001 +2.6850e+000 +2.6051e+000 -1.3418e+000 -9.3605e-001 +1.3669e+000
2598 0 +1.196084380e-006 +2.137000120e+001 +2.137000120e+001 +2.6876e+000 +2.6057e+000 -1.3830e+000 -9.0608e-001 +1.3768e+000
2613 0 +9.556203260e-007 +2.137000096e+001 +2.137000096e+001 +2.6859e+000 +2.6127e+000 -1.3562e+000 -9.3466e-001 +1.3587e+000
2675 0 +7.043566264e-007 +2.137000070e+001 +2.137000070e+001 +2.6915e+000 +2.6299e+000 -1.3677e+000 -9.2916e-001 +1.3680e+000
2727 0 +4.742343975e-007 +2.137000047e+001 +2.137000047e+001 +2.6848e+000 +2.6226e+000 -1.3614e+000 -9.3218e-001 +1.3714e+000
2827 0 +3.491698521e-007 +2.137000035e+001 +2.137000035e+001 +2.6852e+000 +2.6283e+000 -1.3530e+000 -9.4803e-001 +1.3609e+000
2916 0 +3.150495402e-007 +2.137000032e+001 +2.137000032e+001 +2.6860e+000 +2.6267e+000 -1.3593e+000 -9.4069e-001 +1.3633e+000
2928 0 +2.229627825e-007 +2.137000022e+001 +2.137000022e+001 +2.6879e+000 +2.6365e+000 -1.3696e+000 -9.3808e-001 +1.3608e+000
3052 0 +1.882078209e-007 +2.137000019e+001 +2.137000019e+001 +2.6863e+000 +2.6402e+000 -1.3613e+000 -9.4745e-001 +1.3607e+000
3074 0 +1.465217885e-007 +2.137000015e+001 +2.137000015e+001 +2.6904e+000 +2.6547e+000 -1.3740e+000 -9.3655e-001 +1.3590e+000
3109 0 +5.244743306e-008 +2.137000005e+001 +2.137000005e+001 +2.6860e+000 +2.6506e+000 -1.3569e+000 -9.5381e-001 +1.3529e+000
3204 0 +4.901745143e-008 +2.137000005e+001 +2.137000005e+001 +2.6870e+000 +2.6559e+000 -1.3610e+000 -9.5245e-001 +1.3521e+000
3220 0 +4.852067548e-008 +2.137000005e+001 +2.137000005e+001 +2.6867e+000 +2.6538e+000 -1.3593e+000 -9.5270e-001 +1.3545e+000
3246 0 +4.506971507e-008 +2.137000005e+001 +2.137000005e+001 +2.6855e+000 +2.6553e+000 -1.3508e+000 -9.5991e-001 +1.3505e+000
3274 0 +4.008968091e-008 +2.137000004e+001 +2.137000004e+001 +2.6861e+000 +2.6585e+000 -1.3526e+000 -9.6065e-001 +1.3502e+000
3320 0 +2.077649341e-008 +2.137000002e+001 +2.137000002e+001 +2.6855e+000 +2.6611e+000 -1.3521e+000 -9.6196e-001 +1.3495e+000
3325 0 +1.752357548e-008 +2.137000002e+001 +2.137000002e+001 +2.6832e+000 +2.6609e+000 -1.3431e+000 -9.7094e-001 +1.3446e+000
3369 0 +1.351419243e-008 +2.137000001e+001 +2.137000001e+001 +2.6846e+000 +2.6649e+000 -1.3498e+000 -9.6806e-001 +1.3440e+000
3410 0 +1.186370113e-008 +2.137000001e+001 +2.137000001e+001 +2.6828e+000 +2.6649e+000 -1.3445e+000 -9.7376e-001 +1.3428e+000
3440 0 +1.046054976e-008 +2.137000001e+001 +2.137000001e+001 +2.6840e+000 +2.6709e+000 -1.3420e+000 -9.7562e-001 +1.3416e+000
3469 0 +1.003810723e-008 +2.137000001e+001 +2.137000001e+001 +2.6843e+000 +2.6716e+000 -1.3485e+000 -9.7324e-001 +1.3410e+000
3478 0 +7.264112867e-009 +2.137000001e+001 +2.137000001e+001 +2.6822e+000 +2.6690e+000 -1.3346e+000 -9.8148e-001 +1.3426e+000
4380 0 +0.000000000e+000 +2.137000000e+001 +2.137000000e+001 +2.6811e+000 +2.6930e+000 -1.3271e+000 -1.0032e+000 +1.3298e+000
% f evaluations | g evaluations | best noise-free fitness - Fopt (1.673000000000e+001) + sum g_i+ | measured fitness | best measured fitness or single-digit g-values | x1 | x2...
1 0 +6.848308311e+001 +8.521308311e+001 +8.521308311e+001 +0.0000e+000 +0.0000e+000 +0.0000e+000 +0.0000e+000 +0.0000e+000
3 0 +5.939210072e+001 +7.612210072e+001 +7.612210072e+001 -2.9747e-001 -3.0133e+000 -3.8121e+000 +1.0477e+000 -1.2256e+000
9 0 +2.645929944e+001 +4.318929944e+001 +4.318929944e+001 -2.5356e-001 -4.2646e+000 +2.8590e+000 +5.2964e-001 -1.9370e+000
15 0 +1.704489170e+001 +3.377489170e+001 +3.377489170e+001 +1.2941e+000 +9.5021e-001 -1.3880e+000 -6.4751e-001 -1.7064e+000
169 0 +8.928004093e+000 +2.565800409e+001 +2.565800409e+001 -4.5216e-002 +6.8753e-001 +2.3883e+000 +3.7938e+000 +3.6122e+000
353 0 +8.869288477e+000 +2.559928848e+001 +2.559928848e+001 +1.0678e-001 +9.5124e-001 +2.4999e+000 +4.1603e+000 +3.6969e+000
420 0 +8.365342649e+000 +2.509534265e+001 +2.509534265e+001 +2.3184e-001 +9.7937e-001 +2.5252e+000 +3.8898e+000 +3.0972e+000
460 0 +5.720715164e+000 +2.245071516e+001 +2.245071516e+001 +1.6187e-001 +4.8107e-001 +2.5129e+000 +3.1518e+000 +2.8467e+000
579 0 +5.393762635e+000 +2.212376263e+001 +2.212376263e+001 +1.2733e-001 +4.8523e-001 +2.4816e+000 +3.2079e+000 +3.0135e+000
641 0 +2.547027523e+000 +1.927702752e+001 +1.927702752e+001 -6.9346e-001 +1.3240e-001 +2.0400e+000 +2.0909e+000 +2.7549e+000
649 0 +2.182556012e+000 +1.891255601e+001 +1.891255601e+001 -1.5832e-001 +5.9663e-001 +2.4465e+000 +2.5777e+000 +3.0071e+000
734 0 +2.101007878e+000 +1.883100788e+001 +1.883100788e+001 -3.7219e-002 +5.8857e-001 +2.3848e+000 +2.4349e+000 +3.1717e+000
900 0 +2.077979074e+000 +1.880797907e+001 +1.880797907e+001 -2.5092e-001 +5.6871e-001 +2.3982e+000 +2.2568e+000 +3.0365e+000
921 0 +2.031230512e+000 +1.876123051e+001 +1.876123051e+001 -2.1289e-001 +9.7257e-001 +2.5065e+000 +2.3333e+000 +3.5610e+000
1255 0 +1.993853663e+000 +1.872385366e+001 +1.872385366e+001 -2.0948e-001 +9.5711e-001 +2.4224e+000 +2.4357e+000 +3.5347e+000
% f evaluations | g evaluations | best noise-free fitness - Fopt (1.000000000000e+003) + sum g_i+ | measured fitness | best measured fitness or single-digit g-values | x1 | x2...
1 0 +6.885104203e+001 +1.068851042e+003 +1.068851042e+003 +0.0000e+000 +0.0000e+000 +0.0000e+000 +0.0000e+000 +0.0000e+000
3 0 +6.542639797e+001 +1.065426398e+003 +1.065426398e+003 +1.7898e+000 -4.2817e+000 -1.3113e+000 +1.7736e+000 -3.0135e+000
8 0 +5.757534094e+001 +1.057575341e+003 +1.057575341e+003 +1.9610e+000 -3.4631e+000 -4.7271e+000 -3.0884e+000 +2.4164e+000
17 0 +2.000295691e+001 +1.020002957e+003 +1.020002957e+003 +2.7929e+000 +2.8287e+000 +7.6333e-001 +8.6296e-001 -1.7690e-001
135 0 +1.672609225e+001 +1.016726092e+003 +1.016726092e+003 -4.2916e+000 +2.0687e+000 +2.3589e+000 +5.5110e-001 +1.0143e+000
144 0 +1.255037902e+001 +1.012550379e+003 +1.012550379e+003 +1.7273e+000 +7.9897e-001 +4.0450e+000 +1.7918e+000 +3.2343e+000
407 0 +7.422049100e+000 +1.007422049e+003 +1.007422049e+003 +7.1809e-001 +8.4795e-001 +2.2269e+000 +1.7030e+000 +2.7767e+000
581 0 +6.349817064e+000 +1.006349817e+003 +1.006349817e+003 +2.0618e+000 +2.2303e+000 +2.9817e+000 -6.5417e-001 +2.0290e+000
591 0 +6.237064051e+000 +1.006237064e+003 +1.006237064e+003 +8.9681e-001 +1.4884e+000 +2.4104e+000 +1.1143e+000 +2.7410e+000
665 0 +3.489676576e+000 +1.003489677e+003 +1.003489677e+003 +1.0604e+000 +1.5344e+000 +2.6708e+000 +1.3526e+000 +2.7742e+000
753 0 +3.267497801e+000 +1.003267498e+003 +1.003267498e+003 +9.9197e-001 +1.8588e+000 +1.8000e+000 +1.0402e+000 +2.6841e+000
821 0 +2.954477528e+000 +1.002954478e+003 +1.002954478e+003 +1.1564e+000 +1.6601e+000 +2.0033e+000 +9.1031e-001 +2.7652e+000
881 0 +2.650489925e+000 +1.002650490e+003 +1.002650490e+003 +1.2434e+000 +1.7281e+000 +2.1068e+000 +6.9181e-001 +2.6134e+000
922 0 +2.406307847e+000 +1.002406308e+003 +1.002406308e+003 +1.1889e+000 +1.8450e+000 +2.0652e+000 +8.8109e-001 +2.7306e+000
941 0 +2.327217794e+000 +1.002327218e+003 +1.002327218e+003 +1.4263e+000 +2.4655e+000 +2.2381e+000 +4.8417e-001 +2.9326e+000
1060 0 +2.116481828e+000 +1.002116482e+003 +1.002116482e+003 +1.3900e+000 +2.3651e+000 +2.0781e+000 +6.0199e-001 +2.8638e+000
1253 0 +2.079894283e+000 +1.002079894e+003 +1.002079894e+003 +1.3900e+000 +2.3559e+000 +2.0905e+000 +4.5382e-001 +2.8097e+000
1434 0 +2.036855878e+000 +1.002036856e+003 +1.002036856e+003 +1.1534e+000 +2.3907e+000 +1.7897e+000 +7.4856e-001 +2.9609e+000
2005 0 +1.994833348e+000 +1.001994833e+003 +1.001994833e+003 +7.8277e-001 +2.6035e+000 +1.1936e+000 +8.7938e-001 +3.0586e+000
% f evaluations | g evaluations | best noise-free fitness - Fopt (-1.079600000000e+002) + sum g_i+ | measured fitness | best measured fitness or single-digit g-values | x1 | x2...
1 0 +6.147480593e+001 -4.648519407e+001 -4.648519407e+001 +0.0000e+000 +0.0000e+000 +0.0000e+000 +0.0000e+000 +0.0000e+000
7 0 +4.424427597e+001 -6.371572403e+001 -6.371572403e+001 +1.4944e+000 +6.4992e-001 +6.2164e-001 -8.4216e-001 -1.7556e+000
32 0 +3.672407990e+001 -7.123592010e+001 -7.123592010e+001 -2.0976e+000 +1.3065e+000 +3.2420e-001 +4.1128e+000 +6.5241e-001
49 0 +2.118829554e+001 -8.677170446e+001 -8.677170446e+001 -6.2835e-001 -8.1526e-001 +5.4060e-001 +8.5616e-001 +1.4951e+000
80 0 +8.486357740e+000 -9.947364226e+001 -9.947364226e+001 -2.8113e+000 +4.4924e+000 +1.8040e+000 +1.7836e+000 +1.9332e-001
294 0 +6.099936694e+000 -1.018600633e+002 -1.018600633e+002 -2.4734e+000 +1.8490e+000 +1.9661e+000 +1.2540e-001 -5.0000e+000
458 0 +5.559213521e+000 -1.024007865e+002 -1.024007865e+002 -2.8009e+000 +2.2057e+000 +1.8133e+000 -4.5299e-002 -4.8851e+000
494 0 +1.323666074e+000 -1.066363339e+002 -1.066363339e+002 -2.3531e+000 +1.9407e+000 +1.7380e+000 +1.4067e-001 -5.0000e+000
559 0 +7.861876939e-001 -1.071738123e+002 -1.071738123e+002 -2.1108e+000 +1.5671e+000 +1.3721e+000 +1.7152e-001 -5.0000e+000
626 0 +7.041898327e-001 -1.072558102e+002 -1.072558102e+002 -9.5258e-001 +9.8869e-001 +6.7526e-001 +3.2632e-001 -4.3744e+000
693 0 +5.586368951e-001 -1.074013631e+002 -1.074013631e+002 -2.1336e+000 +1.6777e+000 +1.3811e+000 +2.1314e-001 -5.0000e+000
742 0 +3.955424710e-001 -1.075644575e+002 -1.075644575e+002 -2.1958e+000 +1.6562e+000 +1.1526e+000 +6.2812e-002 -4.6422e+000
906 0 +2.854107358e-001 -1.076745893e+002 -1.076745893e+002 -1.9673e+000 +1.5628e+000 +1.3151e+000 +7.8641e-002 -4.6745e+000
926 0 +1.630140100e-001 -1.077969860e+002 -1.077969860e+002 -1.9662e+000 +1.5774e+000 +9.7348e-001 +1.5872e-001 -4.4994e+000
1104 0 +1.312993813e-001 -1.078287006e+002 -1.078287006e+002 -1.8435e+000 +1.5587e+000 +8.0415e-001 +1.9123e-001 -4.3653e+000
1204 0 +1.046511358e-001 -1.078553489e+002 -1.078553489e+002 -1.7691e+000 +1.4887e+000 +7.6440e-001 +1.8860e-001 -4.3282e+000
1304 0 +9.048865533e-002 -1.078695113e+002 -1.078695113e+002 -1.7319e+000 +1.4537e+000 +7.4452e-001 +1.8729e-001 -4.3097e+000
1309 0 +5.441109749e-002 -1.079055889e+002 -1.079055889e+002 -1.5842e+000 +1.3519e+000 +6.9505e-001 +2.3799e-001 -4.3459e+000
1403 0 +5.327741608e-002 -1.079067226e+002 -1.079067226e+002 -1.4037e+000 +1.3435e+000 +7.9915e-001 +1.1692e-001 -4.1615e+000
1404 0 +5.197466587e-002 -1.079080253e+002 -1.079080253e+002 -1.6068e+000 +1.3628e+000 +6.9891e-001 +2.2319e-001 -4.3265e+000
1413 0 +2.791334332e-002 -1.079320867e+002 -1.079320867e+002 -1.4830e+000 +1.2958e+000 +4.0686e-001 +3.4007e-001 -4.1934e+000
1422 0 +2.369732307e-002 -1.079363027e+002 -1.079363027e+002 -1.3664e+000 +1.4513e+000 +5.0329e-001 +6.3055e-001 -4.3299e+000
1502 0 +1.256753302e-002 -1.079474325e+002 -1.079474325e+002 -1.2923e+000 +1.3426e+000 +4.4379e-001 +5.2581e-001 -4.2515e+000
1508 0 +1.071963265e-002 -1.079492804e+002 -1.079492804e+002 -1.2647e+000 +1.3281e+000 +4.2800e-001 +5.7870e-001 -4.2185e+000
1513 0 +7.567802785e-003 -1.079524322e+002 -1.079524322e+002 -1.2461e+000 +1.3142e+000 +3.1339e-001 +6.3054e-001 -4.2228e+000
1610 0 +4.204442316e-003 -1.079557956e+002 -1.079557956e+002 -1.1131e+000 +1.2917e+000 +2.4243e-001 +6.0969e-001 -4.1191e+000
1667 0 +3.990892748e-003 -1.079560091e+002 -1.079560091e+002 -1.1918e+000 +1.3148e+000 +3.2662e-001 +5.7570e-001 -4.1597e+000
1706 0 +3.514407721e-003 -1.079564856e+002 -1.079564856e+002 -1.1659e+000 +1.2899e+000 +2.6404e-001 +6.1951e-001 -4.1387e+000
1710 0 +1.586141185e-003 -1.079584139e+002 -1.079584139e+002 -1.0680e+000 +1.2546e+000 +1.6895e-001 +6.7382e-001 -4.0825e+000
1806 0 +9.152623284e-004 -1.079590847e+002 -1.079590847e+002 -9.8027e-001 +1.1861e+000 +5.0721e-002 +7.4285e-001 -4.0135e+000
1831 0 +8.088059693e-004 -1.079591912e+002 -1.079591912e+002 -9.2009e-001 +1.1827e+000 +4.1758e-002 +7.3798e-001 -3.9884e+000
1931 0 +7.622256848e-004 -1.079592378e+002 -1.079592378e+002 -8.9589e-001 +1.1452e+000 +3.1702e-002 +7.0754e-001 -3.9586e+000
1936 0 +6.796390833e-004 -1.079593204e+002 -1.079593204e+002 -9.3476e-001 +1.1902e+000 +2.5103e-002 +7.3106e-001 -3.9607e+000
1957 0 +5.307576174e-004 -1.079594692e+002 -1.079594692e+002 -9.2063e-001 +1.1808e+000 +1.6527e-002 +7.1000e-001 -3.9563e+000
2004 0 +4.005705783e-004 -1.079595994e+002 -1.079595994e+002 -8.6410e-001 +1.1557e+000 -4.1681e-002 +7.3143e-001 -3.9081e+000
2052 0 +3.603715220e-004 -1.079596396e+002 -1.079596396e+002 -8.7886e-001 +1.1559e+000 -3.5581e-002 +7.3988e-001 -3.9216e+000
2102 0 +3.440091509e-004 -1.079596560e+002 -1.079596560e+002 -8.5869e-001 +1.1320e+000 -7.1399e-002 +7.2909e-001 -3.8846e+000
2231 0 +3.360603913e-004 -1.079596639e+002 -1.079596639e+002 -8.7283e-001 +1.1585e+000 -6.3277e-002 +7.4501e-001 -3.9025e+000
2331 0 +3.195031016e-004 -1.079596805e+002 -1.079596805e+002 -8.3955e-001 +1.1317e+000 -1.0237e-001 +7.5767e-001 -3.8774e+000
2385 0 +3.111335086e-004 -1.079596889e+002 -1.079596889e+002 -8.8225e-001 +1.1487e+000 -4.9048e-002 +7.2749e-001 -3.9091e+000
2412 0 +3.085438392e-004 -1.079596915e+002 -1.079596915e+002 -8.7887e-001 +1.1411e+000 -5.9271e-002 +7.2199e-001 -3.8986e+000
2438 0 +3.010511077e-004 -1.079596989e+002 -1.079596989e+002 -8.9307e-001 +1.1605e+000 -5.0134e-002 +7.4127e-001 -3.9211e+000
2485 0 +2.945142516e-004 -1.079597055e+002 -1.079597055e+002 -8.9051e-001 +1.1467e+000 -5.6936e-002 +7.2128e-001 -3.9049e+000
2604 0 +2.814469926e-004 -1.079597186e+002 -1.079597186e+002 -8.9242e-001 +1.1436e+000 -6.7281e-002 +7.2450e-001 -3.9021e+000
2613 0 +2.740498734e-004 -1.079597260e+002 -1.079597260e+002 -8.8190e-001 +1.1431e+000 -7.6987e-002 +7.4282e-001 -3.9042e+000
2754 0 +2.664262075e-004 -1.079597336e+002 -1.079597336e+002 -8.7638e-001 +1.1415e+000 -8.9574e-002 +7.5332e-001 -3.9010e+000
2826 0 +2.611533604e-004 -1.079597388e+002 -1.079597388e+002 -8.9406e-001 +1.1476e+000 -7.9076e-002 +7.4848e-001 -3.9124e+000
2845 0 +2.562049304e-004 -1.079597438e+002 -1.079597438e+002 -8.9010e-001 +1.1396e+000 -9.3543e-002 +7.4413e-001 -3.9006e+000
2909 0 +2.505633914e-004 -1.079597494e+002 -1.079597494e+002 -8.7718e-001 +1.1372e+000 -1.0839e-001 +7.5707e-001 -3.8941e+000
3005 0 +2.439881612e-004 -1.079597560e+002 -1.079597560e+002 -8.8008e-001 +1.1400e+000 -1.1195e-001 +7.6539e-001 -3.8985e+000
3053 0 +2.354629656e-004 -1.079597645e+002 -1.079597645e+002 -8.8963e-001 +1.1419e+000 -1.1156e-001 +7.6130e-001 -3.8998e+000
3104 0 +2.341082039e-004 -1.079597659e+002 -1.079597659e+002 -8.8937e-001 +1.1411e+000 -1.1404e-001 +7.6040e-001 -3.8979e+000
3155 0 +2.263455971e-004 -1.079597737e+002 -1.079597737e+002 -8.8970e-001 +1.1419e+000 -1.1997e-001 +7.6584e-001 -3.8965e+000
3207 0 +2.210916272e-004 -1.079597789e+002 -1.079597789e+002 -9.0130e-001 +1.1432e+000 -1.3312e-001 +7.8721e-001 -3.9087e+000
3223 0 +2.170660891e-004 -1.079597829e+002 -1.079597829e+002 -8.8720e-001 +1.1399e+000 -1.3377e-001 +7.7404e-001 -3.8924e+000
3299 0 +2.049315426e-004 -1.079597951e+002 -1.079597951e+002 -9.0302e-001 +1.1431e+000 -1.3350e-001 +7.7227e-001 -3.8981e+000
3303 0 +2.026048859e-004 -1.079597974e+002 -1.079597974e+002 -9.0007e-001 +1.1470e+000 -1.3432e-001 +7.7740e-001 -3.9000e+000
3315 0 +1.992939807e-004 -1.079598007e+002 -1.079598007e+002 -8.9676e-001 +1.1424e+000 -1.4689e-001 +7.8684e-001 -3.8981e+000
3330 0 +1.945055278e-004 -1.079598055e+002 -1.079598055e+002 -9.1334e-001 +1.1464e+000 -1.3693e-001 +7.7648e-001 -3.9039e+000
3403 0 +1.828348673e-004 -1.079598172e+002 -1.079598172e+002 -9.1240e-001 +1.1452e+000 -1.4661e-001 +7.8072e-001 -3.8985e+000
3416 0 +1.813530660e-004 -1.079598186e+002 -1.079598186e+002 -9.1407e-001 +1.1451e+000 -1.4869e-001 +7.8158e-001 -3.8998e+000
3430 0 +1.755650026e-004 -1.079598244e+002 -1.079598244e+002 -9.0660e-001 +1.1395e+000 -1.6520e-001 +7.8728e-001 -3.8911e+000
3458 0 +1.697297263e-004 -1.079598303e+002 -1.079598303e+002 -8.9716e-001 +1.1460e+000 -1.7452e-001 +7.9238e-001 -3.8851e+000
3503 0 +1.596121547e-004 -1.079598404e+002 -1.079598404e+002 -9.1057e-001 +1.1447e+000 -1.6741e-001 +7.8850e-001 -3.8907e+000
3514 0 +1.534418109e-004 -1.079598466e+002 -1.079598466e+002 -9.0877e-001 +1.1515e+000 -1.7486e-001 +7.9477e-001 -3.8896e+000
3603 0 +1.461704723e-004 -1.079598538e+002 -1.079598538e+002 -9.0864e-001 +1.1482e+000 -1.8201e-001 +7.9592e-001 -3.8862e+000
3611 0 +1.439100083e-004 -1.079598561e+002 -1.079598561e+002 -9.0796e-001 +1.1515e+000 -1.8827e-001 +8.0151e-001 -3.8857e+000
3645 0 +1.405276046e-004 -1.079598595e+002 -1.079598595e+002 -9.0693e-001 +1.1500e+000 -1.8433e-001 +8.1291e-001 -3.8923e+000
3702 0 +1.260385502e-004 -1.079598740e+002 -1.079598740e+002 -9.1207e-001 +1.1462e+000 -1.9926e-001 +8.0298e-001 -3.8779e+000
3746 0 +1.224045744e-004 -1.079598776e+002 -1.079598776e+002 -9.1143e-001 +1.1541e+000 -1.9916e-001 +8.2062e-001 -3.8902e+000
3802 0 +9.647605533e-005 -1.079599035e+002 -1.079599035e+002 -9.1718e-001 +1.1525e+000 -2.3049e-001 +8.3558e-001 -3.8824e+000
3902 0 +8.867400388e-005 -1.079599113e+002 -1.079599113e+002 -9.1974e-001 +1.1556e+000 -2.4610e-001 +8.5188e-001 -3.8846e+000
4002 0 +8.584497469e-005 -1.079599142e+002 -1.079599142e+002 -9.2102e-001 +1.1572e+000 -2.5391e-001 +8.6003e-001 -3.8858e+000
4004 0 +8.417859385e-005 -1.079599158e+002 -1.079599158e+002 -9.2130e-001 +1.1551e+000 -2.5154e-001 +8.5317e-001 -3.8820e+000
4015 0 +7.970255585e-005 -1.079599203e+002 -1.079599203e+002 -9.2301e-001 +1.1565e+000 -2.6024e-001 +8.6048e-001 -3.8823e+000
4052 0 +7.939850684e-005 -1.079599206e+002 -1.079599206e+002 -9.2350e-001 +1.1565e+000 -2.5994e-001 +8.6006e-001 -3.8824e+000
4104 0 +7.403308065e-005 -1.079599260e+002 -1.079599260e+002 -9.2531e-001 +1.1564e+000 -2.6793e-001 +8.6468e-001 -3.8811e+000
4115 0 +6.901051296e-005 -1.079599310e+002 -1.079599310e+002 -9.2654e-001 +1.1574e+000 -2.7829e-001 +8.7299e-001 -3.8809e+000
4204 0 +6.671755753e-005 -1.079599333e+002 -1.079599333e+002 -9.2815e-001 +1.1572e+000 -2.7947e-001 +8.7321e-001 -3.8807e+000
4205 0 +5.909946861e-005 -1.079599409e+002 -1.079599409e+002 -9.3115e-001 +1.1575e+000 -2.9177e-001 +8.8270e-001 -3.8800e+000
4250 0 +4.850263936e-005 -1.079599515e+002 -1.079599515e+002 -9.3063e-001 +1.1592e+000 -3.1655e-001 +8.9871e-001 -3.8756e+000
4302 0 +4.639233831e-005 -1.079599536e+002 -1.079599536e+002 -9.3142e-001 +1.1592e+000 -3.1902e-001 +8.9980e-001 -3.8750e+000
4305 0 +4.453392243e-005 -1.079599555e+002 -1.079599555e+002 -9.3422e-001 +1.1589e+000 -3.1901e-001 +9.0064e-001 -3.8765e+000
4312 0 +4.222653651e-005 -1.079599578e+002 -1.079599578e+002 -9.3559e-001 +1.1592e+000 -3.2199e-001 +9.0198e-001 -3.8764e+000
4350 0 +3.677362716e-005 -1.079599632e+002 -1.079599632e+002 -9.3449e-001 +1.1606e+000 -3.4477e-001 +9.1787e-001 -3.8720e+000
4402 0 +3.131708381e-005 -1.079599687e+002 -1.079599687e+002 -9.3700e-001 +1.1613e+000 -3.6634e-001 +9.3194e-001 -3.8690e+000
4417 0 +3.065961394e-005 -1.079599693e+002 -1.079599693e+002 -9.3857e-001 +1.1615e+000 -3.6666e-001 +9.3233e-001 -3.8696e+000
4502 0 +2.797711335e-005 -1.079599720e+002 -1.079599720e+002 -9.4089e-001 +1.1625e+000 -3.9022e-001 +9.4828e-001 -3.8664e+000
4517 0 +2.747223540e-005 -1.079599725e+002 -1.079599725e+002 -9.4208e-001 +1.1628e+000 -3.9374e-001 +9.5037e-001 -3.8660e+000
4604 0 +2.663906756e-005 -1.079599734e+002 -1.079599734e+002 -9.4365e-001 +1.1636e+000 -4.0775e-001 +9.5956e-001 -3.8641e+000
4627 0 +2.612043249e-005 -1.079599739e+002 -1.079599739e+002 -9.4427e-001 +1.1642e+000 -4.2016e-001 +9.6679e-001 -3.8618e+000
4702 0 +2.539040818e-005 -1.079599746e+002 -1.079599746e+002 -9.5460e-001 +1.1639e+000 -4.2653e-001 +9.7713e-001 -3.8669e+000
4708 0 +2.455906504e-005 -1.079599754e+002 -1.079599754e+002 -9.5455e-001 +1.1645e+000 -4.3692e-001 +9.8311e-001 -3.8647e+000
4718 0 +2.437733744e-005 -1.079599756e+002 -1.079599756e+002 -9.5497e-001 +1.1648e+000 -4.4066e-001 +9.8575e-001 -3.8643e+000
4727 0 +2.342708594e-005 -1.079599766e+002 -1.079599766e+002 -9.5324e-001 +1.1653e+000 -4.5003e-001 +9.8966e-001 -3.8610e+000
4803 0 +2.215651132e-005 -1.079599778e+002 -1.079599778e+002 -9.5914e-001 +1.1656e+000 -4.6254e-001 +1.0002e+000 -3.8618e+000
4844 0 +2.178810355e-005 -1.079599782e+002 -1.079599782e+002 -9.5973e-001 +1.1662e+000 -4.7205e-001 +1.0068e+000 -3.8606e+000
4882 0 +2.112620609e-005 -1.079599789e+002 -1.079599789e+002 -9.6267e-001 +1.1648e+000 -4.5496e-001 +9.9355e-001 -3.8661e+000
4902 0 +1.946479777e-005 -1.079599805e+002 -1.079599805e+002 -9.6456e-001 +1.1656e+000 -4.6974e-001 +1.0037e+000 -3.8640e+000
4903 0 +1.880779131e-005 -1.079599812e+002 -1.079599812e+002 -9.6434e-001 +1.1659e+000 -4.7739e-001 +1.0089e+000 -3.8620e+000
4905 0 +1.855867529e-005 -1.079599814e+002 -1.079599814e+002 -9.6676e-001 +1.1656e+000 -4.7583e-001 +1.0079e+000 -3.8640e+000
5002 0 +1.703400414e-005 -1.079599830e+002 -1.079599830e+002 -9.6819e-001 +1.1659e+000 -4.8303e-001 +1.0114e+000 -3.8634e+000
5005 0 +1.697316907e-005 -1.079599830e+002 -1.079599830e+002 -9.7111e-001 +1.1658e+000 -4.8606e-001 +1.0144e+000 -3.8645e+000
5016 0 +1.650237439e-005 -1.079599835e+002 -1.079599835e+002 -9.7108e-001 +1.1660e+000 -4.8875e-001 +1.0161e+000 -3.8638e+000
5101 0 +1.262375372e-005 -1.079599874e+002 -1.079599874e+002 -9.7126e-001 +1.1650e+000 -5.0779e-001 +1.0267e+000 -3.8580e+000
5103 0 +1.206126869e-005 -1.079599879e+002 -1.079599879e+002 -9.7269e-001 +1.1651e+000 -5.1126e-001 +1.0287e+000 -3.8582e+000
5136 0 +1.196884965e-005 -1.079599880e+002 -1.079599880e+002 -9.7465e-001 +1.1657e+000 -5.1742e-001 +1.0332e+000 -3.8584e+000
5185 0 +1.167830521e-005 -1.079599883e+002 -1.079599883e+002 -9.7382e-001 +1.1653e+000 -5.1497e-001 +1.0311e+000 -3.8580e+000
5201 0 +1.101128321e-005 -1.079599890e+002 -1.079599890e+002 -9.7384e-001 +1.1634e+000 -5.2634e-001 +1.0360e+000 -3.8487e+000
5202 0 +9.740300840e-006 -1.079599903e+002 -1.079599903e+002 -9.7417e-001 +1.1647e+000 -5.2129e-001 +1.0340e+000 -3.8545e+000
5208 0 +8.845971905e-006 -1.079599912e+002 -1.079599912e+002 -9.7531e-001 +1.1639e+000 -5.3440e-001 +1.0409e+000 -3.8491e+000
5303 0 +8.634810399e-006 -1.079599914e+002 -1.079599914e+002 -9.7848e-001 +1.1642e+000 -5.3940e-001 +1.0450e+000 -3.8525e+000
5306 0 +8.304495552e-006 -1.079599917e+002 -1.079599917e+002 -9.7955e-001 +1.1642e+000 -5.4243e-001 +1.0467e+000 -3.8518e+000
5319 0 +7.983766594e-006 -1.079599920e+002 -1.079599920e+002 -9.8046e-001 +1.1640e+000 -5.4829e-001 +1.0500e+000 -3.8502e+000
5389 0 +7.811340879e-006 -1.079599922e+002 -1.079599922e+002 -9.7848e-001 +1.1642e+000 -5.4466e-001 +1.0465e+000 -3.8522e+000
5402 0 +7.663759163e-006 -1.079599923e+002 -1.079599923e+002 -9.7832e-001 +1.1640e+000 -5.4529e-001 +1.0472e+000 -3.8505e+000
5406 0 +7.129079094e-006 -1.079599929e+002 -1.079599929e+002 -9.8152e-001 +1.1638e+000 -5.5785e-001 +1.0541e+000 -3.8497e+000
5426 0 +7.027020928e-006 -1.079599930e+002 -1.079599930e+002 -9.8190e-001 +1.1637e+000 -5.6365e-001 +1.0578e+000 -3.8473e+000
5437 0 +6.765026129e-006 -1.079599932e+002 -1.079599932e+002 -9.8755e-001 +1.1716e+000 -5.7396e-001 +1.0667e+000 -3.8455e+000
5505 0 +6.686070037e-006 -1.079599933e+002 -1.079599933e+002 -9.8822e-001 +1.1714e+000 -5.7772e-001 +1.0687e+000 -3.8452e+000
5506 0 +6.599772348e-006 -1.079599934e+002 -1.079599934e+002 -9.8808e-001 +1.1708e+000 -5.8045e-001 +1.0694e+000 -3.8448e+000
5722 0 +6.454339655e-006 -1.079599935e+002 -1.079599935e+002 -9.9427e-001 +1.1731e+000 -6.1131e-001 +1.0872e+000 -3.8388e+000
5902 0 +6.265117378e-006 -1.079599937e+002 -1.079599937e+002 -9.9479e-001 +1.1708e+000 -6.2022e-001 +1.0914e+000 -3.8376e+000
6002 0 +6.128248188e-006 -1.079599939e+002 -1.079599939e+002 -9.9537e-001 +1.1703e+000 -6.2520e-001 +1.0938e+000 -3.8367e+000
6011 0 +6.010475872e-006 -1.079599940e+002 -1.079599940e+002 -9.9598e-001 +1.1695e+000 -6.3013e-001 +1.0962e+000 -3.8362e+000
6104 0 +5.873822701e-006 -1.079599941e+002 -1.079599941e+002 -9.9759e-001 +1.1700e+000 -6.3721e-001 +1.1004e+000 -3.8347e+000
6110 0 +5.700326824e-006 -1.079599943e+002 -1.079599943e+002 -9.9819e-001 +1.1694e+000 -6.4255e-001 +1.1030e+000 -3.8337e+000
6204 0 +5.577487400e-006 -1.079599944e+002 -1.079599944e+002 -1.0001e+000 +1.1696e+000 -6.5139e-001 +1.1081e+000 -3.8321e+000
6209 0 +5.494219934e-006 -1.079599945e+002 -1.079599945e+002 -1.0023e+000 +1.1708e+000 -6.6131e-001 +1.1141e+000 -3.8304e+000
6344 0 +5.361001485e-006 -1.079599946e+002 -1.079599946e+002 -1.0022e+000 +1.1696e+000 -6.6378e-001 +1.1149e+000 -3.8296e+000
6422 0 +5.224828641e-006 -1.079599948e+002 -1.079599948e+002 -1.0042e+000 +1.1694e+000 -6.7646e-001 +1.1218e+000 -3.8270e+000
6502 0 +5.125911670e-006 -1.079599949e+002 -1.079599949e+002 -1.0034e+000 +1.1674e+000 -6.8348e-001 +1.1244e+000 -3.8238e+000
6713 0 +4.993677777e-006 -1.079599950e+002 -1.079599950e+002 -1.0010e+000 +1.1660e+000 -6.8090e-001 +1.1215e+000 -3.8221e+000
6734 0 +4.826855815e-006 -1.079599952e+002 -1.079599952e+002 -1.0005e+000 +1.1677e+000 -6.6773e-001 +1.1151e+000 -3.8273e+000
6804 0 +4.764465800e-006 -1.079599952e+002 -1.079599952e+002 -1.0009e+000 +1.1670e+000 -6.7388e-001 +1.1181e+000 -3.8252e+000
6834 0 +4.668494242e-006 -1.079599953e+002 -1.079599953e+002 -1.0002e+000 +1.1671e+000 -6.6908e-001 +1.1153e+000 -3.8266e+000
6896 0 +3.885711536e-006 -1.079599961e+002 -1.079599961e+002 -1.0032e+000 +1.1680e+000 -6.7010e-001 +1.1152e+000 -3.8250e+000
6904 0 +3.787691156e-006 -1.079599962e+002 -1.079599962e+002 -1.0029e+000 +1.1685e+000 -6.6640e-001 +1.1134e+000 -3.8266e+000
7004 0 +3.339333176e-006 -1.079599967e+002 -1.079599967e+002 -1.0040e+000 +1.1695e+000 -6.6117e-001 +1.1103e+000 -3.8279e+000
7057 0 +3.266571994e-006 -1.079599967e+002 -1.079599967e+002 -1.0043e+000 +1.1695e+000 -6.6256e-001 +1.1109e+000 -3.8274e+000
7104 0 +3.142976411e-006 -1.079599969e+002 -1.079599969e+002 -1.0046e+000 +1.1701e+000 -6.5865e-001 +1.1088e+000 -3.8285e+000
7116 0 +3.034119985e-006 -1.079599970e+002 -1.079599970e+002 -1.0048e+000 +1.1700e+000 -6.5964e-001 +1.1091e+000 -3.8281e+000
7132 0 +2.995372952e-006 -1.079599970e+002 -1.079599970e+002 -1.0049e+000 +1.1702e+000 -6.5910e-001 +1.1088e+000 -3.8283e+000
7172 0 +2.908218448e-006 -1.079599971e+002 -1.079599971e+002 -1.0050e+000 +1.1703e+000 -6.5753e-001 +1.1079e+000 -3.8289e+000
7203 0 +2.876467306e-006 -1.079599971e+002 -1.079599971e+002 -1.0049e+000 +1.1703e+000 -6.5714e-001 +1.1076e+000 -3.8288e+000
7212 0 +2.802334436e-006 -1.079599972e+002 -1.079599972e+002 -1.0052e+000 +1.1709e+000 -6.5336e-001 +1.1056e+000 -3.8299e+000
7216 0 +2.710334570e-006 -1.079599973e+002 -1.079599973e+002 -1.0059e+000 +1.1709e+000 -6.5600e-001 +1.1069e+000 -3.8291e+000
7225 0 +2.553497595e-006 -1.079599974e+002 -1.079599974e+002 -1.0057e+000 +1.1710e+000 -6.5283e-001 +1.1048e+000 -3.8297e+000
7303 0 +2.442163705e-006 -1.079599976e+002 -1.079599976e+002 -1.0063e+000 +1.1717e+000 -6.4987e-001 +1.1031e+000 -3.8307e+000
7325 0 +2.315920810e-006 -1.079599977e+002 -1.079599977e+002 -1.0066e+000 +1.1720e+000 -6.4759e-001 +1.1016e+000 -3.8312e+000
7345 0 +2.191535586e-006 -1.079599978e+002 -1.079599978e+002 -1.0072e+000 +1.1721e+000 -6.4896e-001 +1.1019e+000 -3.8303e+000
7402 0 +2.105178339e-006 -1.079599979e+002 -1.079599979e+002 -1.0077e+000 +1.1725e+000 -6.4678e-001 +1.1005e+000 -3.8309e+000
7422 0 +2.086182960e-006 -1.079599979e+002 -1.079599979e+002 -1.0080e+000 +1.1726e+000 -6.4717e-001 +1.1007e+000 -3.8308e+000
7445 0 +1.980259213e-006 -1.079599980e+002 -1.079599980e+002 -1.0083e+000 +1.1732e+000 -6.4152e-001 +1.0972e+000 -3.8320e+000
7484 0 +1.890636725e-006 -1.079599981e+002 -1.079599981e+002 -1.0072e+000 +1.1705e+000 -6.5624e-001 +1.1044e+000 -3.8304e+000
7502 0 +1.806402580e-006 -1.079599982e+002 -1.079599982e+002 -1.0083e+000 +1.1722e+000 -6.4800e-001 +1.1000e+000 -3.8313e+000
7522 0 +1.777001103e-006 -1.079599982e+002 -1.079599982e+002 -1.0081e+000 +1.1714e+000 -6.5248e-001 +1.1020e+000 -3.8309e+000
7604 0 +1.722896897e-006 -1.079599983e+002 -1.079599983e+002 -1.0087e+000 +1.1714e+000 -6.5237e-001 +1.1012e+000 -3.8314e+000
7610 0 +1.695998819e-006 -1.079599983e+002 -1.079599983e+002 -1.0090e+000 +1.1719e+000 -6.4880e-001 +1.0992e+000 -3.8319e+000
7654 0 +1.656673831e-006 -1.079599983e+002 -1.079599983e+002 -1.0099e+000 +1.1724e+000 -6.4762e-001 +1.0983e+000 -3.8321e+000
7754 0 +1.620202156e-006 -1.079599984e+002 -1.079599984e+002 -1.0107e+000 +1.1729e+000 -6.4497e-001 +1.0964e+000 -3.8329e+000
7803 0 +1.576434855e-006 -1.079599984e+002 -1.079599984e+002 -1.0113e+000 +1.1726e+000 -6.4713e-001 +1.0963e+000 -3.8329e+000
7856 0 +1.548388440e-006 -1.079599985e+002 -1.079599985e+002 -1.0118e+000 +1.1733e+000 -6.4339e-001 +1.0944e+000 -3.8334e+000
7906 0 +1.508539057e-006 -1.079599985e+002 -1.079599985e+002 -1.0124e+000 +1.1737e+000 -6.4207e-001 +1.0934e+000 -3.8337e+000
7907 0 +1.469213487e-006 -1.079599985e+002 -1.079599985e+002 -1.0128e+000 +1.1734e+000 -6.4474e-001 +1.0943e+000 -3.8332e+000
8006 0 +1.398067837e-006 -1.079599986e+002 -1.079599986e+002 -1.0136e+000 +1.1739e+000 -6.4227e-001 +1.0925e+000 -3.8337e+000
8102 0 +1.364424833e-006 -1.079599986e+002 -1.079599986e+002 -1.0140e+000 +1.1738e+000 -6.4255e-001 +1.0921e+000 -3.8340e+000
8104 0 +1.272749557e-006 -1.079599987e+002 -1.079599987e+002 -1.0148e+000 +1.1741e+000 -6.4219e-001 +1.0913e+000 -3.8340e+000
8202 0 +1.226966319e-006 -1.079599988e+002 -1.079599988e+002 -1.0152e+000 +1.1742e+000 -6.4187e-001 +1.0909e+000 -3.8341e+000
8204 0 +1.174875138e-006 -1.079599988e+002 -1.079599988e+002 -1.0157e+000 +1.1745e+000 -6.4025e-001 +1.0897e+000 -3.8345e+000
8302 0 +1.123695966e-006 -1.079599989e+002 -1.079599989e+002 -1.0161e+000 +1.1746e+000 -6.4057e-001 +1.0896e+000 -3.8344e+000
8311 0 +1.104490153e-006 -1.079599989e+002 -1.079599989e+002 -1.0162e+000 +1.1749e+000 -6.3913e-001 +1.0889e+000 -3.8347e+000
8312 0 +1.073121197e-006 -1.079599989e+002 -1.079599989e+002 -1.0164e+000 +1.1749e+000 -6.3908e-001 +1.0886e+000 -3.8347e+000
8329 0 +1.039441401e-006 -1.079599990e+002 -1.079599990e+002 -1.0168e+000 +1.1751e+000 -6.3844e-001 +1.0880e+000 -3.8349e+000
8402 0 +1.018845140e-006 -1.079599990e+002 -1.079599990e+002 -1.0170e+000 +1.1751e+000 -6.3853e-001 +1.0879e+000 -3.8349e+000
8411 0 +9.983473319e-007 -1.079599990e+002 -1.079599990e+002 -1.0171e+000 +1.1753e+000 -6.3775e-001 +1.0875e+000 -3.8350e+000
8412 0 +9.744237133e-007 -1.079599990e+002 -1.079599990e+002 -1.0174e+000 +1.1753e+000 -6.3759e-001 +1.0871e+000 -3.8351e+000
8429 0 +9.516283086e-007 -1.079599990e+002 -1.079599990e+002 -1.0177e+000 +1.1755e+000 -6.3720e-001 +1.0867e+000 -3.8353e+000
8503 0 +8.989976550e-007 -1.079599991e+002 -1.079599991e+002 -1.0183e+000 +1.1757e+000 -6.3638e-001 +1.0859e+000 -3.8355e+000
8515 0 +8.742880766e-007 -1.079599991e+002 -1.079599991e+002 -1.0185e+000 +1.1758e+000 -6.3605e-001 +1.0855e+000 -3.8355e+000
8602 0 +8.695663780e-007 -1.079599991e+002 -1.079599991e+002 -1.0186e+000 +1.1759e+000 -6.3534e-001 +1.0852e+000 -3.8357e+000
8603 0 +8.311274797e-007 -1.079599992e+002 -1.079599992e+002 -1.0192e+000 +1.1761e+000 -6.3490e-001 +1.0844e+000 -3.8359e+000
8615 0 +8.116613088e-007 -1.079599992e+002 -1.079599992e+002 -1.0193e+000 +1.1762e+000 -6.3463e-001 +1.0843e+000 -3.8359e+000
8625 0 +7.751128948e-007 -1.079599992e+002 -1.079599992e+002 -1.0198e+000 +1.1764e+000 -6.3402e-001 +1.0836e+000 -3.8360e+000
8706 0 +7.512955307e-007 -1.079599992e+002 -1.079599992e+002 -1.0202e+000 +1.1766e+000 -6.3326e-001 +1.0829e+000 -3.8362e+000
8725 0 +7.226478687e-007 -1.079599993e+002 -1.079599993e+002 -1.0207e+000 +1.1768e+000 -6.3260e-001 +1.0822e+000 -3.8364e+000
8814 0 +6.947782083e-007 -1.079599993e+002 -1.079599993e+002 -1.0212e+000 +1.1770e+000 -6.3184e-001 +1.0814e+000 -3.8366e+000
8818 0 +6.835603159e-007 -1.079599993e+002 -1.079599993e+002 -1.0214e+000 +1.1772e+000 -6.3125e-001 +1.0811e+000 -3.8367e+000
8842 0 +6.730131190e-007 -1.079599993e+002 -1.079599993e+002 -1.0216e+000 +1.1772e+000 -6.3112e-001 +1.0808e+000 -3.8367e+000
8914 0 +6.350955033e-007 -1.079599994e+002 -1.079599994e+002 -1.0226e+000 +1.1777e+000 -6.2956e-001 +1.0793e+000 -3.8371e+000
9002 0 +6.042447893e-007 -1.079599994e+002 -1.079599994e+002 -1.0235e+000 +1.1781e+000 -6.2831e-001 +1.0780e+000 -3.8374e+000
9102 0 +5.821818121e-007 -1.079599994e+002 -1.079599994e+002 -1.0244e+000 +1.1784e+000 -6.2708e-001 +1.0768e+000 -3.8377e+000
9202 0 +5.729884975e-007 -1.079599994e+002 -1.079599994e+002 -1.0248e+000 +1.1786e+000 -6.2646e-001 +1.0761e+000 -3.8379e+000
9303 0 +5.599448798e-007 -1.079599994e+002 -1.079599994e+002 -1.0255e+000 +1.1789e+000 -6.2540e-001 +1.0751e+000 -3.8381e+000
9363 0 +5.491917818e-007 -1.079599995e+002 -1.079599995e+002 -1.0263e+000 +1.1793e+000 -6.2435e-001 +1.0740e+000 -3.8384e+000
9514 0 +5.362923332e-007 -1.079599995e+002 -1.079599995e+002 -1.0275e+000 +1.1798e+000 -6.2255e-001 +1.0722e+000 -3.8388e+000
% f evaluations | g evaluations | best noise-free fitness - Fopt (-3.025900000000e+002) + sum g_i+ | measured fitness | best measured fitness or single-digit g-values | x1 | x2...
1 0 +4.273386691e+001 -2.598561331e+002 -2.598561331e+002 +0.0000e+000 +0.0000e+000 +0.0000e+000 +0.0000e+000 +0.0000e+000
32 0 +4.027000058e+001 -2.623199994e+002 -2.623199994e+002 -4.9374e+000 +4.8528e+000 -8.0291e-001 +8.4009e-001 +3.3154e+000
38 0 +3.593975134e+001 -2.666502487e+002 -2.666502487e+002 +3.2229e+000 -1.3377e+000 -3.1399e+000 -1.3369e+000 -4.9861e+000
51 0 +2.091706886e+001 -2.816729311e+002 -2.816729311e+002 +3.7882e+000 -6.9142e-001 +3.3066e+000 -4.4700e+000 -2.6566e+000
212 0 +1.925720256e+001 -2.833327974e+002 -2.833327974e+002 +3.7706e+000 -7.1210e-001 +3.2251e+000 -4.3872e+000 -2.7924e+000
221 0 +1.576568406e+001 -2.868243159e+002 -2.868243159e+002 +3.1499e+000 -1.6666e+000 -1.7713e+000 +1.8559e-001 -2.6337e+000
334 0 +7.621067085e+000 -2.949689329e+002 -2.949689329e+002 +1.3375e+000 -5.4988e-001 -1.3662e+000 +9.0341e-001 -1.6669e+000
353 0 +5.029252001e+000 -2.975607480e+002 -2.975607480e+002 +2.2110e+000 -1.5733e+000 -5.2579e-001 -6.4588e-001 -1.6483e+000
465 0 +2.079031225e+000 -3.005109688e+002 -3.005109688e+002 +9.0764e-001 -7.5766e-001 -1.5855e+000 -5.8154e-001 -7.3102e-001
616 0 +1.446317788e+000 -3.011436822e+002 -3.011436822e+002 +1.6337e+000 -1.0338e+000 -1.3120e+000 -6.3117e-001 -8.8590e-001
630 0 +5.720733856e-001 -3.020179266e+002 -3.020179266e+002 +8.7623e-001 -7.6418e-001 -2.0390e+000 -5.2928e-001 -4.7308e-001
709 0 +4.484786932e-001 -3.021415213e+002 -3.021415213e+002 +8.1957e-001 -9.1998e-001 -1.4110e+000 -3.6985e-001 -6.2842e-001
715 0 +4.280623842e-001 -3.021619376e+002 -3.021619376e+002 +1.0444e+000 -9.1918e-001 -1.9161e+000 -4.9743e-001 -6.0773e-001
734 0 +2.994730967e-001 -3.022905269e+002 -3.022905269e+002 +1.1812e+000 -6.1442e-001 -1.9768e+000 -5.9148e-002 -9.3231e-001
811 0 +1.201737968e-001 -3.024698262e+002 -3.024698262e+002 +1.0451e+000 -7.7393e-001 -1.3485e+000 -1.2414e-001 -9.3790e-001
905 0 +4.970175537e-002 -3.025402982e+002 -3.025402982e+002 +8.0644e-001 -5.0653e-001 -2.2026e+000 -2.2707e-001 -3.8551e-001
922 0 +4.641988798e-002 -3.025435801e+002 -3.025435801e+002 +1.0437e+000 -5.9157e-001 -2.1104e+000 -1.4377e-001 -5.2964e-001
946 0 +1.657658804e-002 -3.025734234e+002 -3.025734234e+002 +8.6466e-001 -4.1495e-001 -2.1718e+000 -2.2630e-001 -3.2156e-001
963 0 +1.463975789e-002 -3.025753602e+002 -3.025753602e+002 +1.0794e+000 -4.0822e-001 -2.2821e+000 -8.4381e-002 -4.8778e-001
1063 0 +1.433639555e-002 -3.025756636e+002 -3.025756636e+002 +1.2182e+000 -4.1652e-001 -2.3274e+000 -5.8915e-002 -5.8994e-001
1073 0 +8.316222742e-003 -3.025816838e+002 -3.025816838e+002 +1.1224e+000 -4.3544e-001 -2.2198e+000 -1.1590e-001 -5.4135e-001
1116 0 +3.738569527e-003 -3.025862614e+002 -3.025862614e+002 +1.1254e+000 -4.4007e-001 -2.4638e+000 -1.5024e-001 -4.5216e-001
1363 0 +3.711707894e-003 -3.025862883e+002 -3.025862883e+002 +1.1290e+000 -4.4586e-001 -2.4435e+000 -1.5804e-001 -4.6130e-001
1561 0 +9.178556890e-004 -3.025890821e+002 -3.025890821e+002 +8.8848e-001 -2.4290e-001 -2.2408e+000 -1.5853e-001 -3.8408e-001
1652 0 +9.073158650e-004 -3.025890927e+002 -3.025890927e+002 +9.0767e-001 -2.4746e-001 -2.1937e+000 -9.0990e-002 -4.5226e-001
1761 0 +8.618098108e-004 -3.025891382e+002 -3.025891382e+002 +8.9210e-001 -2.4340e-001 -2.2253e+000 -1.3099e-001 -4.0928e-001
1792 0 +7.970153623e-004 -3.025892030e+002 -3.025892030e+002 +8.5019e-001 -2.0385e-001 -2.1172e+000 -1.1050e-001 -4.3577e-001
1807 0 +6.844250211e-004 -3.025893156e+002 -3.025893156e+002 +8.5147e-001 -1.9304e-001 -2.1323e+000 -9.8078e-002 -4.2575e-001
1830 0 +5.026002082e-004 -3.025894974e+002 -3.025894974e+002 +8.3288e-001 -1.8076e-001 -2.1281e+000 -1.1104e-001 -4.0264e-001
1907 0 +3.987806280e-004 -3.025896012e+002 -3.025896012e+002 +7.4361e-001 -1.0474e-001 -1.9744e+000 -7.7848e-002 -4.2392e-001
1916 0 +3.257007084e-004 -3.025896743e+002 -3.025896743e+002 +7.6109e-001 -1.1983e-001 -2.0235e+000 -9.2496e-002 -4.0748e-001
2016 0 +2.763033593e-004 -3.025897237e+002 -3.025897237e+002 +7.1631e-001 -8.1656e-002 -1.9633e+000 -8.2762e-002 -3.9870e-001
2037 0 +2.460093076e-004 -3.025897540e+002 -3.025897540e+002 +7.0911e-001 -1.2302e-001 -1.8933e+000 -1.2911e-001 -3.8413e-001
2107 0 +2.345189442e-004 -3.025897655e+002 -3.025897655e+002 +6.7102e-001 -6.1253e-002 -1.8599e+000 -8.5008e-002 -4.0771e-001
2109 0 +2.114086753e-004 -3.025897886e+002 -3.025897886e+002 +7.1205e-001 -1.4672e-001 -1.9862e+000 -9.6084e-002 -3.9176e-001
2118 0 +1.530757245e-004 -3.025898469e+002 -3.025898469e+002 +6.5992e-001 -8.6549e-002 -1.8524e+000 -1.3784e-001 -3.6352e-001
2137 0 +1.281758567e-004 -3.025898718e+002 -3.025898718e+002 +6.6445e-001 -6.5513e-002 -1.8989e+000 -1.0000e-001 -3.7564e-001
2209 0 +1.181359966e-004 -3.025898819e+002 -3.025898819e+002 +5.7135e-001 -3.8205e-002 -1.8538e+000 -7.1881e-002 -3.6359e-001
2239 0 +1.008239802e-004 -3.025898992e+002 -3.025898992e+002 +6.6248e-001 -1.1566e-001 -1.8098e+000 -1.3951e-001 -3.8911e-001
2296 0 +8.540407100e-005 -3.025899146e+002 -3.025899146e+002 +6.1586e-001 -4.5521e-002 -1.7961e+000 -9.8593e-002 -3.8493e-001
2309 0 +3.819860729e-005 -3.025899618e+002 -3.025899618e+002 +5.3540e-001 +1.0397e-002 -1.7430e+000 -8.0423e-002 -3.6600e-001
2374 0 +3.196810667e-005 -3.025899680e+002 -3.025899680e+002 +5.5471e-001 -2.0152e-002 -1.7487e+000 -9.3642e-002 -3.7950e-001
2426 0 +3.145866992e-005 -3.025899685e+002 -3.025899685e+002 +5.5616e-001 -2.4123e-002 -1.7494e+000 -9.1397e-002 -3.8116e-001
2439 0 +2.795165585e-005 -3.025899720e+002 -3.025899720e+002 +5.4685e-001 -1.8773e-002 -1.7297e+000 -9.4519e-002 -3.8029e-001
2445 0 +2.492974613e-005 -3.025899751e+002 -3.025899751e+002 +5.6834e-001 -2.6776e-002 -1.7723e+000 -1.2265e-001 -3.5401e-001
2545 0 +2.096296095e-005 -3.025899790e+002 -3.025899790e+002 +5.3440e-001 -3.4407e-003 -1.7309e+000 -1.0493e-001 -3.6174e-001
2579 0 +9.443749661e-006 -3.025899906e+002 -3.025899906e+002 +5.1661e-001 +3.7502e-004 -1.6929e+000 -1.1325e-001 -3.5954e-001
2607 0 +7.322051601e-006 -3.025899927e+002 -3.025899927e+002 +5.1385e-001 +1.9772e-004 -1.6956e+000 -1.1634e-001 -3.5526e-001
2671 0 +6.827809102e-006 -3.025899932e+002 -3.025899932e+002 +5.1781e-001 -2.3036e-003 -1.7020e+000 -1.2736e-001 -3.4423e-001
2707 0 +6.723274680e-006 -3.025899933e+002 -3.025899933e+002 +4.8352e-001 +1.5857e-002 -1.6625e+000 -1.2195e-001 -3.4677e-001
2713 0 +6.528830340e-006 -3.025899935e+002 -3.025899935e+002 +5.0339e-001 +3.9282e-003 -1.6824e+000 -1.3058e-001 -3.4119e-001
2721 0 +5.113987527e-006 -3.025899949e+002 -3.025899949e+002 +4.1248e-001 +7.0550e-002 -1.5709e+000 -1.2069e-001 -3.1876e-001
2734 0 +6.169551057e-007 -3.025899994e+002 -3.025899994e+002 +4.0497e-001 +5.7668e-002 -1.5864e+000 -1.3294e-001 -3.0218e-001
2809 0 +3.930811090e-007 -3.025899996e+002 -3.025899996e+002 +4.4927e-001 +2.5287e-002 -1.6335e+000 -1.3775e-001 -3.1697e-001
2837 0 +2.601470896e-007 -3.025899997e+002 -3.025899997e+002 +4.1377e-001 +5.4040e-002 -1.5988e+000 -1.3136e-001 -3.0718e-001
2843 0 +1.631934197e-007 -3.025899998e+002 -3.025899998e+002 +4.0285e-001 +5.5110e-002 -1.5860e+000 -1.3661e-001 -3.0397e-001
2917 0 +5.236114475e-008 -3.025899999e+002 -3.025899999e+002 +3.7342e-001 +7.0446e-002 -1.5372e+000 -1.2772e-001 -3.1114e-001
3058 0 +5.064504194e-008 -3.025899999e+002 -3.025899999e+002 +4.2743e-001 +2.1410e-002 -1.5802e+000 -1.2875e-001 -3.3254e-001
3067 0 +3.252733904e-008 -3.025900000e+002 -3.025900000e+002 +4.1265e-001 +4.8258e-002 -1.6009e+000 -1.2413e-001 -3.1376e-001
3109 0 +1.380095682e-008 -3.025900000e+002 -3.025900000e+002 +4.1868e-001 +4.4073e-002 -1.5981e+000 -1.2938e-001 -3.1632e-001
3207 0 +1.284138307e-008 -3.025900000e+002 -3.025900000e+002 +4.1746e-001 +4.3578e-002 -1.6011e+000 -1.2720e-001 -3.1454e-001
3216 0 +1.095475000e-008 -3.025900000e+002 -3.025900000e+002 +4.0527e-001 +4.9974e-002 -1.5832e+000 -1.2757e-001 -3.1296e-001
3336 0 +5.089589195e-009 -3.025900000e+002 -3.025900000e+002 +4.0889e-001 +4.6058e-002 -1.5852e+000 -1.3254e-001 -3.1332e-001
4817 0 +0.000000000e+000 -3.025900000e+002 -3.025900000e+002 +4.0514e-001 +4.2435e-002 -1.5643e+000 -1.3217e-001 -3.1965e-001
% f evaluations | g evaluations | best noise-free fitness - Fopt (-3.065500000000e+002) + sum g_i+ | measured fitness | best measured fitness or single-digit g-values | x1 | x2...
1 0 +6.255320396e+001 -2.439967960e+002 -2.439967960e+002 +0.0000e+000 +0.0000e+000 +0.0000e+000 +0.0000e+000 +0.0000e+000
3 0 +5.986330395e+001 -2.466866961e+002 -2.466866961e+002 +2.4981e-001 -4.5240e+000 +3.0102e+000 +3.0265e+000 -4.6023e-001
24 0 +4.244758912e+001 -2.641024109e+002 -2.641024109e+002 -4.5535e-001 +4.2585e+000 +1.6920e+000 +4.9003e+000 -4.1064e+000
54 0 +2.628427770e+001 -2.802657223e+002 -2.802657223e+002 +2.8076e+000 +4.7093e-001 -2.8590e+000 -3.1780e-002 -2.3675e+000
55 0 +2.416076833e+001 -2.823892317e+002 -2.823892317e+002 -7.8869e-001 +1.4256e+000 +4.1599e+000 -2.6474e+000 +1.8511e+000
70 0 +1.776869625e+001 -2.887813037e+002 -2.887813037e+002 +2.6382e+000 +3.1129e+000 -3.0465e+000 +2.2288e+000 -3.2657e+000
254 0 +1.682309937e+001 -2.897269006e+002 -2.897269006e+002 +2.6269e+000 +2.2994e+000 -3.1579e+000 +1.2272e+000 -2.5873e+000
306 0 +1.633229876e+001 -2.902177012e+002 -2.902177012e+002 +5.3103e+000 +2.0238e+000 -4.0798e+000 +2.6625e+000 -4.8105e+000
319 0 +8.613212401e+000 -2.979367876e+002 -2.979367876e+002 +4.1659e+000 +2.8186e+000 -4.2519e+000 +2.0024e+000 -3.1141e+000
365 0 +8.324194580e+000 -2.982258054e+002 -2.982258054e+002 +4.2934e+000 +1.5232e+000 -4.2852e+000 +7.2137e-001 -3.1899e+000
432 0 +6.948464238e+000 -2.996015358e+002 -2.996015358e+002 +4.3887e+000 +2.1486e+000 -3.6134e+000 +2.9290e+000 -2.8850e+000
484 0 +3.501152237e+000 -3.030488478e+002 -3.030488478e+002 +4.0210e+000 +2.7179e+000 -3.4268e+000 +2.0547e+000 -3.8047e+000
507 0 +2.143466224e+000 -3.044065338e+002 -3.044065338e+002 +3.7905e+000 +2.2840e+000 -3.0698e+000 +1.9564e+000 -3.1750e+000
622 0 +2.126341653e+000 -3.044236583e+002 -3.044236583e+002 +3.8768e+000 +1.5687e+000 -3.0101e+000 +1.1420e+000 -3.0835e+000
631 0 +1.991992444e+000 -3.045580076e+002 -3.045580076e+002 +4.7686e+000 +1.1744e+000 -3.2114e+000 +1.4266e+000 -3.5581e+000
707 0 +1.939893304e+000 -3.046101067e+002 -3.046101067e+002 +3.8858e+000 +1.9327e+000 -3.1350e+000 +1.7108e+000 -3.0368e+000
717 0 +1.598189489e+000 -3.049518105e+002 -3.049518105e+002 +4.1657e+000 +1.8996e+000 -3.2053e+000 +1.8047e+000 -3.0557e+000
734 0 +1.530150207e+000 -3.050198498e+002 -3.050198498e+002 +4.0396e+000 +2.0460e+000 -3.1136e+000 +1.8436e+000 -3.3602e+000
793 0 +1.314244869e+000 -3.052357551e+002 -3.052357551e+002 +4.0618e+000 +1.6663e+000 -3.2401e+000 +1.8007e+000 -3.0583e+000
933 0 +1.234697870e+000 -3.053153021e+002 -3.053153021e+002 +4.1010e+000 +1.7446e+000 -3.2059e+000 +1.8480e+000 -3.1121e+000
934 0 +8.901890595e-001 -3.056598109e+002 -3.056598109e+002 +4.2471e+000 +1.8812e+000 -3.3891e+000 +1.7687e+000 -3.5197e+000
990 0 +8.051843516e-001 -3.057448156e+002 -3.057448156e+002 +4.0875e+000 +1.5965e+000 -3.3541e+000 +1.6501e+000 -3.5964e+000
1045 0 +7.739922439e-001 -3.057760078e+002 -3.057760078e+002 +4.0399e+000 +1.5920e+000 -3.2545e+000 +1.6968e+000 -3.3906e+000
1111 0 +7.474650284e-001 -3.058025350e+002 -3.058025350e+002 +4.2708e+000 +1.6092e+000 -3.3468e+000 +1.6206e+000 -3.4663e+000
1147 0 +7.357868748e-001 -3.058142131e+002 -3.058142131e+002 +4.0730e+000 +1.6074e+000 -3.2884e+000 +1.6982e+000 -3.4612e+000
1164 0 +7.113495811e-001 -3.058386504e+002 -3.058386504e+002 +4.2159e+000 +1.5974e+000 -3.3578e+000 +1.6863e+000 -3.4833e+000
1333 0 +7.019663099e-001 -3.058480337e+002 -3.058480337e+002 +4.1883e+000 +1.5946e+000 -3.3056e+000 +1.6890e+000 -3.4708e+000
