% f evaluations | g evaluations | best noise-free fitness - Fopt (-4.620900000000e+002) + sum g_i+ | measured fitness | best measured fitness or single-digit g-values | x1 | x2...
1 0 +7.012980258e+001 -3.919601974e+002 -3.919601974e+002 +0.0000e+000 +0.0000e+000
6 0 +4.798844003e+001 -4.141015600e+002 -4.141015600e+002 +2.7870e+000 +2.7998e+000
13 0 +1.944562532e+001 -4.426443747e+002 -4.426443747e+002 -8.1552e-001 +2.8476e+000
50 0 +3.652418525e+000 -4.584375815e+002 -4.584375815e+002 +1.3220e+000 +2.6382e+000
529 0 +2.182801372e+000 -4.599071986e+002 -4.599071986e+002 +1.3373e+000 +2.6153e+000
803 0 +2.126640630e+000 -4.599633594e+002 -4.599633594e+002 +1.3551e+000 +2.6126e+000
1331 0 +1.170445801e+000 -4.609195542e+002 -4.609195542e+002 +2.3338e+000 +2.6151e+000
1531 0 +1.096413952e+000 -4.609935860e+002 -4.609935860e+002 +2.3187e+000 +2.6039e+000
2131 0 +1.063846017e+000 -4.610261540e+002 -4.610261540e+002 +2.3249e+000 +2.6085e+000
2345 0 +1.009059682e+000 -4.610809403e+002 -4.610809403e+002 +2.3414e+000 +2.6074e+000
2845 0 +9.967231876e-001 -4.610932768e+002 -4.610932768e+002 +2.3381e+000 +2.6052e+000
3191 0 +1.246729547e-001 -4.619653270e+002 -4.619653270e+002 +2.3177e+000 +2.3034e+000
3404 0 +1.795374991e-002 -4.620720463e+002 -4.620720463e+002 +2.3353e+000 +2.2975e+000
3804 0 +7.701610853e-004 -4.620892298e+002 -4.620892298e+002 +2.3396e+000 +2.3005e+000
4512 0 +8.513067320e-005 -4.620899149e+002 -4.620899149e+002 +2.3404e+000 +2.2998e+000
5100 0 +7.470054857e-005 -4.620899253e+002 -4.620899253e+002 +2.3406e+000 +2.3002e+000
5200 0 +6.940857685e-005 -4.620899306e+002 -4.620899306e+002 +2.3408e+000 +2.3002e+000
5678 0 +6.318262859e-005 -4.620899368e+002 -4.620899368e+002 +2.3409e+000 +2.3000e+000
5778 0 +1.545968001e-005 -4.620899845e+002 -4.620899845e+002 +2.3406e+000 +2.2999e+000
5904 0 +2.818134590e-006 -4.620899972e+002 -4.620899972e+002 +2.3408e+000 +2.3000e+000
5978 0 +1.026783593e-006 -4.620899990e+002 -4.620899990e+002 +2.3407e+000 +2.3000e+000
6354 0 +8.309654618e-007 -4.620899992e+002 -4.620899992e+002 +2.3407e+000 +2.3000e+000
6412 0 +5.382504469e-007 -4.620899995e+002 -4.620899995e+002 +2.3408e+000 +2.3000e+000
6904 0 +2.783747277e-007 -4.620899997e+002 -4.620899997e+002 +2.3408e+000 +2.3000e+000
7012 0 +1.046446414e-007 -4.620899999e+002 -4.620899999e+002 +2.3408e+000 +2.3000e+000
7100 0 +2.189915449e-008 -4.620900000e+002 -4.620900000e+002 +2.3408e+000 +2.3000e+000
7454 0 +1.426815288e-008 -4.620900000e+002 -4.620900000e+002 +2.3408e+000 +2.3000e+000
7504 0 +6.986454082e-009 -4.620900000e+002 -4.620900000e+002 +2.3408e+000 +2.3000e+000
% f evaluations | g evaluations | best noise-free fitness - Fopt (7.766000000000e+001) + sum g_i+ | measured fitness | best measured fitness or single-digit g-values | x1 | x2...
1 0 +4.609031571e+001 +1.237503157e+002 +1.237503157e+002 +0.0000e+000 +0.0000e+000
10 0 +2.132814216e+001 +9.898814216e+001 +9.898814216e+001 +1.4689e-002 -8.2452e-001
44 0 +1.453805394e+001 +9.219805394e+001 +9.219805394e+001 +3.1789e-001 -1.8128e+000
83 0 +1.250280283e+001 +9.016280283e+001 +9.016280283e+001 +1.4730e+000 -7.7544e-001
109 0 +1.112287455e+001 +8.878287455e+001 +8.878287455e+001 +2.3115e+000 -9.4137e-001
275 0 +6.323212926e+000 +8.398321293e+001 +8.398321293e+001 +1.3813e+000 -1.2073e+000
299 0 +3.170794810e+000 +8.083079481e+001 +8.083079481e+001 +2.4008e+000 -8.9357e-001
317 0 +2.156668149e+000 +7.981666815e+001 +7.981666815e+001 +2.4088e+000 -8.6307e-001
1113 0 +1.059478247e+000 +7.871947825e+001 +7.871947825e+001 +2.3473e+000 -8.3901e-001
1239 0 +7.643935345e-001 +7.842439353e+001 +7.842439353e+001 +2.3350e+000 -8.6186e-001
1294 0 +4.382386988e-001 +7.809823870e+001 +7.809823870e+001 +2.3790e+000 -8.6940e-001
1381 0 +3.763422036e-001 +7.803634220e+001 +7.803634220e+001 +2.3716e+000 -8.6716e-001
1562 0 +1.542343125e-001 +7.781423431e+001 +7.781423431e+001 +2.3753e+000 -8.6062e-001
1629 0 +7.726799162e-002 +7.773726799e+001 +7.773726799e+001 +2.3919e+000 -8.6185e-001
1762 0 +3.525099000e-002 +7.769525099e+001 +7.769525099e+001 +2.3857e+000 -8.5724e-001
2082 0 +1.784730007e-002 +7.767784730e+001 +7.767784730e+001 +2.3945e+000 -8.5307e-001
2088 0 +1.553063750e-002 +7.767553064e+001 +7.767553064e+001 +2.3941e+000 -8.5846e-001
2125 0 +5.604668057e-003 +7.766560467e+001 +7.766560467e+001 +2.3972e+000 -8.5766e-001
2564 0 +3.470428443e-003 +7.766347043e+001 +7.766347043e+001 +2.3952e+000 -8.5686e-001
2694 0 +8.933395725e-004 +7.766089334e+001 +7.766089334e+001 +2.3973e+000 -8.5655e-001
2763 0 +3.538625791e-004 +7.766035386e+001 +7.766035386e+001 +2.3973e+000 -8.5626e-001
3039 0 +3.202171336e-004 +7.766032022e+001 +7.766032022e+001 +2.3981e+000 -8.5637e-001
3082 0 +2.598406447e-004 +7.766025984e+001 +7.766025984e+001 +2.3985e+000 -8.5587e-001
3262 0 +1.297992126e-004 +7.766012980e+001 +7.766012980e+001 +2.3976e+000 -8.5593e-001
3263 0 +8.532463691e-005 +7.766008532e+001 +7.766008532e+001 +2.3978e+000 -8.5599e-001
3325 0 +4.536250482e-005 +7.766004536e+001 +7.766004536e+001 +2.3980e+000 -8.5601e-001
3663 0 +1.739952008e-005 +7.766001740e+001 +7.766001740e+001 +2.3981e+000 -8.5594e-001
3746 0 +9.635862938e-006 +7.766000964e+001 +7.766000964e+001 +2.3984e+000 -8.5593e-001
3863 0 +2.790458666e-006 +7.766000279e+001 +7.766000279e+001 +2.3983e+000 -8.5598e-001
4339 0 +2.608197946e-006 +7.766000261e+001 +7.766000261e+001 +2.3983e+000 -8.5600e-001
4652 0 +8.215079674e-007 +7.766000082e+001 +7.766000082e+001 +2.3984e+000 -8.5598e-001
4852 0 +6.655182858e-007 +7.766000067e+001 +7.766000067e+001 +2.3984e+000 -8.5599e-001
5046 0 +1.478341005e-007 +7.766000015e+001 +7.766000015e+001 +2.3984e+000 -8.5599e-001
5362 0 +8.538566476e-008 +7.766000009e+001 +7.766000009e+001 +2.3984e+000 -8.5599e-001
5549 0 +7.333353835e-008 +7.766000007e+001 +7.766000007e+001 +2.3984e+000 -8.5599e-001
5661 0 +3.007964722e-008 +7.766000003e+001 +7.766000003e+001 +2.3984e+000 -8.5600e-001
5831 0 +2.302581947e-008 +7.766000002e+001 +7.766000002e+001 +2.3984e+000 -8.5600e-001
5962 0 +1.383268966e-008 +7.766000001e+001 +7.766000001e+001 +2.3984e+000 -8.5600e-001
6061 0 +1.380089998e-008 +7.766000001e+001 +7.766000001e+001 +2.3984e+000 -8.5600e-001
6088 0 +1.329841837e-008 +7.766000001e+001 +7.766000001e+001 +2.3984e+000 -8.5600e-001
6261 0 +2.209759487e-009 +7.766000000e+001 +7.766000000e+001 +2.3984e+000 -8.5600e-001
9599 0 +0.000000000e+000 +7.766000000e+001 +7.766000000e+001 +2.3984e+000 -8.5600e-001
% f evaluations | g evaluations | best noise-free fitness - Fopt (1.156800000000e+002) + sum g_i+ | measured fitness | best measured fitness or single-digit g-values | x1 | x2...
1 0 +1.905594479e+001 +1.347359448e+002 +1.347359448e+002 +0.0000e+000 +0.0000e+000
14 0 +1.015744237e+001 +1.258374424e+002 +1.258374424e+002 +3.2829e-001 -7.1879e-001
23 0 +8.794122317e+000 +1.244741223e+002 +1.244741223e+002 +4.0111e-001 -6.5454e-001
329 0 +7.893706235e+000 +1.235737062e+002 +1.235737062e+002 +3.5556e-001 -1.3149e+000
484 0 +6.710433611e+000 +1.223904336e+002 +1.223904336e+002 +5.8859e-002 -9.7887e-001
718 0 +4.360598940e+000 +1.200405989e+002 +1.200405989e+002 +1.6207e-001 -9.8591e-001
997 0 +4.233277009e+000 +1.199132770e+002 +1.199132770e+002 +1.8519e-001 -9.7568e-001
1041 0 +4.066020635e+000 +1.197460206e+002 +1.197460206e+002 +2.4559e-001 -9.8700e-001
1551 0 +2.508580381e+000 +1.181885804e+002 +1.181885804e+002 +1.2444e+000 -9.7738e-001
1692 0 +8.742907653e-001 +1.165542908e+002 +1.165542908e+002 +2.1107e+000 -9.9137e-001
2014 0 +4.500492096e-001 +1.161300492e+002 +1.161300492e+002 +2.1397e+000 -9.9126e-001
2040 0 +1.233186078e-001 +1.158033186e+002 +1.158033186e+002 +2.1581e+000 -9.8740e-001
2677 0 +1.131023268e-001 +1.157931023e+002 +1.157931023e+002 +2.1543e+000 -9.8325e-001
2933 0 +5.589197019e-002 +1.157358920e+002 +1.157358920e+002 +2.1672e+000 -9.8693e-001
2954 0 +8.371542619e-004 +1.156808372e+002 +1.156808372e+002 +2.1783e+000 -9.8255e-001
3931 0 +8.017253773e-004 +1.156808017e+002 +1.156808017e+002 +2.1782e+000 -9.8381e-001
4131 0 +5.702448070e-004 +1.156805702e+002 +1.156805702e+002 +2.1777e+000 -9.8365e-001
4231 0 +4.727500683e-004 +1.156804728e+002 +1.156804728e+002 +2.1769e+000 -9.8335e-001
4279 0 +7.343030857e-005 +1.156800734e+002 +1.156800734e+002 +2.1778e+000 -9.8324e-001
4546 0 +5.752967152e-005 +1.156800575e+002 +1.156800575e+002 +2.1784e+000 -9.8325e-001
4831 0 +2.062768269e-005 +1.156800206e+002 +1.156800206e+002 +2.1782e+000 -9.8328e-001
5031 0 +1.741909422e-005 +1.156800174e+002 +1.156800174e+002 +2.1784e+000 -9.8329e-001
5515 0 +1.443818145e-005 +1.156800144e+002 +1.156800144e+002 +2.1783e+000 -9.8328e-001
5578 0 +1.389607920e-005 +1.156800139e+002 +1.156800139e+002 +2.1782e+000 -9.8325e-001
5731 0 +1.091130598e-005 +1.156800109e+002 +1.156800109e+002 +2.1784e+000 -9.8327e-001
5751 0 +6.925902341e-006 +1.156800069e+002 +1.156800069e+002 +2.1782e+000 -9.8320e-001
5851 0 +1.878067735e-006 +1.156800019e+002 +1.156800019e+002 +2.1783e+000 -9.8320e-001
5951 0 +5.460382511e-007 +1.156800005e+002 +1.156800005e+002 +2.1784e+000 -9.8320e-001
6051 0 +1.055288976e-007 +1.156800001e+002 +1.156800001e+002 +2.1784e+000 -9.8320e-001
6151 0 +4.932520881e-008 +1.156800000e+002 +1.156800000e+002 +2.1784e+000 -9.8320e-001
6251 0 +3.389975234e-008 +1.156800000e+002 +1.156800000e+002 +2.1784e+000 -9.8320e-001
6351 0 +3.236966961e-008 +1.156800000e+002 +1.156800000e+002 +2.1784e+000 -9.8320e-001
6533 0 +1.531931559e-008 +1.156800000e+002 +1.156800000e+002 +2.1784e+000 -9.8320e-001
6751 0 +2.638188334e-009 +1.156800000e+002 +1.156800000e+002 +2.1784e+000 -9.8320e-001
9233 0 +0.000000000e+000 +1.156800000e+002 +1.156800000e+002 +2.1784e+000 -9.8320e-001
% f evaluations | g evaluations | best noise-free fitness - Fopt (-3.710000000000e+000) + sum g_i+ | measured fitness | best measured fitness or single-digit g-values | x1 | x2...
1 0 +8.293437844e+001 +7.922437844e+001 +7.922437844e+001 +0.0000e+000 +0.0000e+000
3 0 +2.353848112e+001 +1.982848112e+001 +1.982848112e+001 +8.2035e-001 -1.6629e+000
9 0 +1.521286605e+001 +1.150286605e+001 +1.150286605e+001 +1.9487e+000 -2.5693e+000
75 0 +1.285384131e+001 +9.143841313e+000 +9.143841313e+000 +1.1444e+000 -2.2173e+000
170 0 +5.831280214e+000 +2.121280214e+000 +2.121280214e+000 +1.2555e+000 -1.9846e+000
356 0 +1.397621813e+000 -2.312378187e+000 -2.312378187e+000 +2.0920e+000 -2.2946e+000
844 0 +1.086125014e+000 -2.623874986e+000 -2.623874986e+000 +2.1320e+000 -2.3006e+000
1088 0 +1.066291541e+000 -2.643708459e+000 -2.643708459e+000 +2.1369e+000 -2.2959e+000
1407 0 +1.039617388e+000 -2.670382612e+000 -2.670382612e+000 +2.1339e+000 -2.2942e+000
1963 0 +9.971594325e-001 -2.712840567e+000 -2.712840567e+000 +2.1222e+000 -2.2943e+000
7249 0 +9.179335964e-001 -2.792066404e+000 -2.792066404e+000 +3.1269e+000 -2.2997e+000
7319 0 +4.935335654e-001 -3.216466435e+000 -3.216466435e+000 +3.0744e+000 -2.2991e+000
7404 0 +5.690110556e-002 -3.653098894e+000 -3.653098894e+000 +3.1107e+000 -2.2994e+000
7407 0 +3.561164167e-002 -3.674388358e+000 -3.674388358e+000 +3.1186e+000 -2.2991e+000
8231 0 +3.173244994e-002 -3.678267550e+000 -3.678267550e+000 +3.1182e+000 -2.2989e+000
8331 0 +2.824532764e-002 -3.681754672e+000 -3.681754672e+000 +3.1189e+000 -2.2987e+000
8431 0 +2.661822401e-002 -3.683381776e+000 -3.683381776e+000 +3.1193e+000 -2.2987e+000
8531 0 +2.584496610e-002 -3.684155034e+000 -3.684155034e+000 +3.1195e+000 -2.2986e+000
8619 0 +2.541500796e-002 -3.684584992e+000 -3.684584992e+000 +3.1203e+000 -2.2985e+000
8707 0 +2.472586164e-002 -3.685274138e+000 -3.685274138e+000 +3.1146e+000 -2.2982e+000
8831 0 +2.435487179e-002 -3.685645128e+000 -3.685645128e+000 +3.1200e+000 -2.2985e+000
8913 0 +2.005860932e-002 -3.689941391e+000 -3.689941391e+000 +3.1152e+000 -2.2980e+000
9057 0 +1.480872217e-002 -3.695191278e+000 -3.695191278e+000 +3.1173e+000 -2.2979e+000
9119 0 +1.380000762e-002 -3.696199992e+000 -3.696199992e+000 +3.1202e+000 -2.2978e+000
9155 0 +1.047814205e-002 -3.699521858e+000 -3.699521858e+000 +3.1183e+000 -2.2975e+000
9219 0 +9.189434898e-003 -3.700810565e+000 -3.700810565e+000 +3.1195e+000 -2.2974e+000
9243 0 +7.637521150e-003 -3.702362479e+000 -3.702362479e+000 +3.1204e+000 -2.2968e+000
9319 0 +6.963231559e-003 -3.703036768e+000 -3.703036768e+000 +3.1193e+000 -2.2971e+000
9367 0 +3.063552282e-003 -3.706936448e+000 -3.706936448e+000 +3.1168e+000 -2.2959e+000
9377 0 +1.444510441e-003 -3.708555490e+000 -3.708555490e+000 +3.1193e+000 -2.2961e+000
9419 0 +1.987724628e-004 -3.709801228e+000 -3.709801228e+000 +3.1193e+000 -2.2950e+000
9767 0 +8.314484242e-005 -3.709916855e+000 -3.709916855e+000 +3.1194e+000 -2.2951e+000
9993 0 +5.281081866e-005 -3.709947189e+000 -3.709947189e+000 +3.1195e+000 -2.2952e+000
10085 0 +2.728765977e-005 -3.709972712e+000 -3.709972712e+000 +3.1200e+000 -2.2951e+000
% f evaluations | g evaluations | best noise-free fitness - Fopt (1.321800000000e+002) + sum g_i+ | measured fitness | best measured fitness or single-digit g-values | x1 | x2...
1 0 +5.157176513e+001 +1.837517651e+002 +1.837517651e+002 +0.0000e+000 +0.0000e+000
3 0 +2.424772246e+001 +1.564277225e+002 +1.564277225e+002 +2.0401e+000 +2.2308e+000
6 0 +8.993206928e+000 +1.411732069e+002 +1.411732069e+002 +2.8254e+000 +8.4317e-001
24 0 +7.878632674e+000 +1.400586327e+002 +1.400586327e+002 +3.5557e+000 +1.4709e+000
224 0 +2.017589024e+000 +1.341975890e+002 +1.341975890e+002 +2.7687e+000 +1.7917e+000
756 0 +2.948612473e-001 +1.324748612e+002 +1.324748612e+002 +3.7337e+000 +1.4747e+000
1272 0 +1.229894878e-001 +1.323029895e+002 +1.323029895e+002 +3.7623e+000 +1.4901e+000
1829 0 +3.531365243e-003 +1.321835314e+002 +1.321835314e+002 +3.7630e+000 +1.4838e+000
2172 0 +2.178663094e-003 +1.321821787e+002 +1.321821787e+002 +3.7608e+000 +1.4822e+000
2529 0 +9.664772226e-004 +1.321809665e+002 +1.321809665e+002 +3.7620e+000 +1.4827e+000
2539 0 +2.524238053e-004 +1.321802524e+002 +1.321802524e+002 +3.7629e+000 +1.4824e+000
2872 0 +1.082781012e-006 +1.321800011e+002 +1.321800011e+002 +3.7639e+000 +1.4824e+000
4272 0 +1.007139019e-006 +1.321800010e+002 +1.321800010e+002 +3.7640e+000 +1.4824e+000
4372 0 +6.697540869e-007 +1.321800007e+002 +1.321800007e+002 +3.7639e+000 +1.4824e+000
4572 0 +6.431116049e-007 +1.321800006e+002 +1.321800006e+002 +3.7639e+000 +1.4824e+000
4908 0 +3.073638766e-007 +1.321800003e+002 +1.321800003e+002 +3.7640e+000 +1.4824e+000
5236 0 +1.179893729e-007 +1.321800001e+002 +1.321800001e+002 +3.7640e+000 +1.4824e+000
5335 0 +6.757622373e-008 +1.321800001e+002 +1.321800001e+002 +3.7640e+000 +1.4824e+000
5436 0 +2.587256631e-009 +1.321800000e+002 +1.321800000e+002 +3.7640e+000 +1.4824e+000
8722 0 +0.000000000e+000 +1.321800000e+002 +1.321800000e+002 +3.7640e+000 +1.4824e+000
% f evaluations | g evaluations | best noise-free fitness - Fopt (-3.930000000000e+001) + sum g_i+ | measured fitness | best measured fitness or single-digit g-values | x1 | x2...
1 0 +5.456369357e+001 +1.526369357e+001 +1.526369357e+001 +0.0000e+000 +0.0000e+000
9 0 +1.692212659e+001 -2.237787341e+001 -2.237787341e+001 +2.2736e+000 -1.1732e+000
84 0 +1.043000745e+001 -2.886999255e+001 -2.886999255e+001 +6.1450e-001 -6.1711e-001
288 0 +8.314931677e+000 -3.098506832e+001 -3.098506832e+001 +4.9687e-001 -1.2711e+000
386 0 +6.301688265e+000 -3.299831173e+001 -3.299831173e+001 +6.1704e-001 -1.5178e+000
446 0 +3.406191229e+000 -3.589380877e+001 -3.589380877e+001 +1.5965e+000 -9.1691e-001
463 0 +1.237523591e+000 -3.806247641e+001 -3.806247641e+001 +2.4554e+000 -1.2412e+000
1188 0 +6.712886113e-001 -3.862871139e+001 -3.862871139e+001 +2.4821e+000 -1.2384e+000
1388 0 +8.546848363e-002 -3.921453152e+001 -3.921453152e+001 +2.5249e+000 -1.2357e+000
1563 0 +1.314528889e-002 -3.928685471e+001 -3.928685471e+001 +2.5326e+000 -1.2271e+000
1657 0 +9.258101333e-003 -3.929074190e+001 -3.929074190e+001 +2.5304e+000 -1.2316e+000
2338 0 +8.152543606e-003 -3.929184746e+001 -3.929184746e+001 +2.5277e+000 -1.2304e+000
2521 0 +7.537394228e-003 -3.929246261e+001 -3.929246261e+001 +2.5276e+000 -1.2292e+000
2968 0 +6.684982116e-003 -3.929331502e+001 -3.929331502e+001 +2.5322e+000 -1.2314e+000
2989 0 +4.454159309e-003 -3.929554584e+001 -3.929554584e+001 +2.5296e+000 -1.2290e+000
2990 0 +3.429737767e-003 -3.929657026e+001 -3.929657026e+001 +2.5331e+000 -1.2282e+000
3121 0 +1.605925441e-003 -3.929839407e+001 -3.929839407e+001 +2.5310e+000 -1.2292e+000
3361 0 +5.728992999e-004 -3.929942710e+001 -3.929942710e+001 +2.5323e+000 -1.2299e+000
3432 0 +3.171216388e-004 -3.929968288e+001 -3.929968288e+001 +2.5332e+000 -1.2292e+000
3442 0 +8.087326431e-005 -3.929991913e+001 -3.929991913e+001 +2.5331e+000 -1.2297e+000
3593 0 +2.970333508e-005 -3.929997030e+001 -3.929997030e+001 +2.5335e+000 -1.2295e+000
4117 0 +2.179060980e-005 -3.929997821e+001 -3.929997821e+001 +2.5333e+000 -1.2297e+000
4314 0 +1.758905371e-005 -3.929998241e+001 -3.929998241e+001 +2.5335e+000 -1.2295e+000
4573 0 +1.443277633e-005 -3.929998557e+001 -3.929998557e+001 +2.5333e+000 -1.2296e+000
4632 0 +1.142056338e-005 -3.929998858e+001 -3.929998858e+001 +2.5334e+000 -1.2296e+000
4693 0 +1.026138121e-005 -3.929998974e+001 -3.929998974e+001 +2.5334e+000 -1.2296e+000
4993 0 +9.888120694e-006 -3.929999011e+001 -3.929999011e+001 +2.5334e+000 -1.2296e+000
5242 0 +1.784173648e-006 -3.929999822e+001 -3.929999822e+001 +2.5335e+000 -1.2296e+000
5338 0 +2.448991836e-007 -3.929999976e+001 -3.929999976e+001 +2.5336e+000 -1.2296e+000
5535 0 +1.569259709e-007 -3.929999984e+001 -3.929999984e+001 +2.5336e+000 -1.2296e+000
5912 0 +8.866933854e-009 -3.929999999e+001 -3.929999999e+001 +2.5336e+000 -1.2296e+000
% f evaluations | g evaluations | best noise-free fitness - Fopt (4.296000000000e+001) + sum g_i+ | measured fitness | best measured fitness or single-digit g-values | x1 | x2...
1 0 +5.958609716e+001 +1.025460972e+002 +1.025460972e+002 +0.0000e+000 +0.0000e+000
8 0 +4.398649912e+001 +8.694649912e+001 +8.694649912e+001 -4.7776e+000 +1.9872e+000
11 0 +2.873185298e+001 +7.169185298e+001 +7.169185298e+001 -3.4392e+000 +1.7094e+000
35 0 +1.934096481e+001 +6.230096481e+001 +6.230096481e+001 -6.6943e-001 +2.2757e+000
163 0 +1.826212135e+001 +6.122212135e+001 +6.122212135e+001 -2.3871e+000 +2.0581e+000
165 0 +1.077902521e+001 +5.373902521e+001 +5.373902521e+001 +4.4234e-001 +1.0014e+000
295 0 +9.847318288e+000 +5.280731829e+001 +5.280731829e+001 -3.0702e-001 +1.0588e+000
422 0 +7.499179156e+000 +5.045917916e+001 +5.045917916e+001 -2.7627e-001 +1.7152e+000
688 0 +2.062558900e+000 +4.502255890e+001 +4.502255890e+001 +4.6600e-001 +1.7417e+000
938 0 +1.554768286e+000 +4.451476829e+001 +4.451476829e+001 +5.5322e-001 +1.7330e+000
1308 0 +1.490404538e+000 +4.445040454e+001 +4.445040454e+001 +4.8268e-001 +1.7409e+000
1556 0 +1.276222111e+000 +4.423622211e+001 +4.423622211e+001 +5.3785e-001 +1.7291e+000
1600 0 +1.174993789e+000 +4.413499379e+001 +4.413499379e+001 +5.0465e-001 +1.7446e+000
1659 0 +1.009678486e+000 +4.396967849e+001 +4.396967849e+001 +5.1029e-001 +1.7367e+000
2338 0 +9.984569240e-001 +4.395845692e+001 +4.395845692e+001 +5.1400e-001 +1.7376e+000
4013 0 +7.651047697e-001 +4.372510477e+001 +4.372510477e+001 +1.4452e+000 +1.7382e+000
4120 0 +9.323215241e-002 +4.305323215e+001 +4.305323215e+001 +1.4948e+000 +1.7405e+000
4148 0 +7.106618507e-002 +4.303106619e+001 +4.303106619e+001 +1.4945e+000 +1.7383e+000
4413 0 +1.154657153e-002 +4.297154657e+001 +4.297154657e+001 +1.5067e+000 +1.7384e+000
4489 0 +1.356457577e-003 +4.296135646e+001 +4.296135646e+001 +1.5105e+000 +1.7372e+000
4959 0 +8.183387112e-004 +4.296081834e+001 +4.296081834e+001 +1.5113e+000 +1.7372e+000
5148 0 +1.128782489e-004 +4.296011288e+001 +4.296011288e+001 +1.5121e+000 +1.7369e+000
5294 0 +8.575047227e-005 +4.296008575e+001 +4.296008575e+001 +1.5124e+000 +1.7370e+000
6174 0 +7.448526768e-005 +4.296007449e+001 +4.296007449e+001 +1.5125e+000 +1.7370e+000
6202 0 +3.186641014e-005 +4.296003187e+001 +4.296003187e+001 +1.5126e+000 +1.7369e+000
6341 0 +1.481582932e-005 +4.296001482e+001 +4.296001482e+001 +1.5126e+000 +1.7369e+000
6402 0 +8.590790024e-006 +4.296000859e+001 +4.296000859e+001 +1.5127e+000 +1.7368e+000
6674 0 +4.357980963e-006 +4.296000436e+001 +4.296000436e+001 +1.5128e+000 +1.7368e+000
7053 0 +1.978345637e-006 +4.296000198e+001 +4.296000198e+001 +1.5128e+000 +1.7368e+000
7180 0 +1.254997727e-006 +4.296000125e+001 +4.296000125e+001 +1.5127e+000 +1.7368e+000
7439 0 +2.461567092e-007 +4.296000025e+001 +4.296000025e+001 +1.5128e+000 +1.7368e+000
7506 0 +2.230639566e-007 +4.296000022e+001 +4.296000022e+001 +1.5128e+000 +1.7368e+000
7765 0 +1.961063560e-007 +4.296000020e+001 +4.296000020e+001 +1.5128e+000 +1.7368e+000
7795 0 +1.914441441e-007 +4.296000019e+001 +4.296000019e+001 +1.5128e+000 +1.7368e+000
7904 0 +4.654777541e-008 +4.296000005e+001 +4.296000005e+001 +1.5128e+000 +1.7368e+000
8148 0 +1.704238173e-008 +4.296000002e+001 +4.296000002e+001 +1.5128e+000 +1.7368e+000
8174 0 +1.372589509e-008 +4.296000001e+001 +4.296000001e+001 +1.5128e+000 +1.7368e+000
8297 0 +7.745384778e-009 +4.296000001e+001 +4.296000001e+001 +1.5128e+000 +1.7368e+000
% f evaluations | g evaluations | best noise-free fitness - Fopt (2.842200000000e+002) + sum g_i+ | measured fitness | best measured fitness or single-digit g-values | x1 | x2...
1 0 +2.009807145e+001 +3.043180714e+002 +3.043180714e+002 +0.0000e+000 +0.0000e+000
10 0 +1.043035209e+001 +2.946503521e+002 +2.946503521e+002 +1.0854e+000 -1.1880e+000
462 0 +6.583497215e+000 +2.908034972e+002 +2.908034972e+002 +1.9465e+000 -2.4789e-001
502 0 +2.789039074e+000 +2.870090391e+002 +2.870090391e+002 +2.0198e+000 -1.8729e-001
517 0 +2.073246604e+000 +2.862932466e+002 +2.862932466e+002 +1.1207e+000 -1.9662e-001
1148 0 +1.290604592e+000 +2.855106046e+002 +2.855106046e+002 +1.0801e+000 -2.2462e-001
1404 0 +1.119687294e+000 +2.853396873e+002 +2.853396873e+002 +1.0861e+000 -2.1750e-001
1851 0 +1.093600053e+000 +2.853136001e+002 +2.853136001e+002 +1.1034e+000 -2.1126e-001
1931 0 +1.008021553e+000 +2.852280216e+002 +2.852280216e+002 +1.1031e+000 -2.1587e-001
2131 0 +9.978935142e-001 +2.852178935e+002 +2.852178935e+002 +1.1033e+000 -2.1725e-001
4866 0 +6.996617618e-001 +2.849196618e+002 +2.849196618e+002 +2.0495e+000 -2.2834e-001
4908 0 +6.861220261e-001 +2.849061220e+002 +2.849061220e+002 +2.0507e+000 -2.2840e-001
4974 0 +5.679774209e-001 +2.847879774e+002 +2.847879774e+002 +2.0598e+000 -2.2894e-001
4984 0 +4.169699891e-001 +2.846369700e+002 +2.846369700e+002 +2.0721e+000 -2.3005e-001
5014 0 +3.523627770e-001 +2.845723628e+002 +2.845723628e+002 +2.1030e+000 -2.2896e-001
5019 0 +3.187214999e-001 +2.845387215e+002 +2.845387215e+002 +2.0925e+000 -2.3091e-001
5126 0 +3.025491402e-001 +2.845225491e+002 +2.845225491e+002 +2.0636e+000 -2.1676e-001
5214 0 +2.312623355e-001 +2.844512623e+002 +2.844512623e+002 +2.0707e+000 -2.2320e-001
5262 0 +1.737080066e-001 +2.843937080e+002 +2.843937080e+002 +2.0769e+000 -2.2427e-001
5314 0 +6.289078431e-002 +2.842828908e+002 +2.842828908e+002 +2.0839e+000 -2.2065e-001
5366 0 +2.462614055e-002 +2.842446261e+002 +2.842446261e+002 +2.0923e+000 -2.1543e-001
5734 0 +1.886869744e-002 +2.842388687e+002 +2.842388687e+002 +2.0955e+000 -2.2111e-001
5814 0 +1.185707878e-002 +2.842318571e+002 +2.842318571e+002 +2.0984e+000 -2.2088e-001
6050 0 +1.054403846e-004 +2.842201054e+002 +2.842201054e+002 +2.0996e+000 -2.1861e-001
7038 0 +6.874797731e-005 +2.842200687e+002 +2.842200687e+002 +2.1000e+000 -2.1851e-001
7161 0 +4.716106150e-005 +2.842200472e+002 +2.842200472e+002 +2.0999e+000 -2.1855e-001
7373 0 +2.838164983e-005 +2.842200284e+002 +2.842200284e+002 +2.0998e+000 -2.1829e-001
7538 0 +2.161468876e-005 +2.842200216e+002 +2.842200216e+002 +2.1000e+000 -2.1850e-001
7773 0 +4.828418980e-006 +2.842200048e+002 +2.842200048e+002 +2.1000e+000 -2.1835e-001
8214 0 +3.051282533e-007 +2.842200003e+002 +2.842200003e+002 +2.1000e+000 -2.1841e-001
8273 0 +1.644722261e-007 +2.842200002e+002 +2.842200002e+002 +2.1000e+000 -2.1841e-001
8873 0 +4.385952934e-008 +2.842200000e+002 +2.842200000e+002 +2.1000e+000 -2.1840e-001
8938 0 +3.363084033e-008 +2.842200000e+002 +2.842200000e+002 +2.1000e+000 -2.1840e-001
9138 0 +1.996056653e-008 +2.842200000e+002 +2.842200000e+002 +2.1000e+000 -2.1840e-001
9166 0 +3.670379556e-010 +2.842200000e+002 +2.842200000e+002 +2.1000e+000 -2.1840e-001
% f evaluations | g evaluations | best noise-free fitness - Fopt (-3.217000000000e+001) + sum g_i+ | measured fitness | best measured fitness or single-digit g-values | x1 | x2...
1 0 +5.887951244e+001 +2.670951244e+001 +2.670951244e+001 +0.0000e+000 +0.0000e+000
3 0 +3.710172048e+001 +4.931720485e+000 +4.931720485e+000 -1.4838e-001 +2.3361e+000
24 0 +1.912979157e+001 -1.304020843e+001 -1.304020843e+001 +7.7719e-001 +1.5538e+000
98 0 +1.461758884e+001 -1.755241116e+001 -1.755241116e+001 -4.2664e-001 +2.8109e+000
182 0 +1.058860279e+001 -2.158139721e+001 -2.158139721e+001 -2.9909e-001 +2.1934e+000
336 0 +5.202940862e+000 -2.696705914e+001 -2.696705914e+001 +3.7254e-001 +2.1834e+000
519 0 +2.376693505e+000 -2.979330649e+001 -2.979330649e+001 +1.3904e+000 +1.8863e+000
570 0 +1.900321231e+000 -3.026967877e+001 -3.026967877e+001 +4.7156e-001 +1.8742e+000
895 0 +1.782185502e+000 -3.038781450e+001 -3.038781450e+001 +4.2332e-001 +1.8388e+000
1137 0 +1.155101082e+000 -3.101489892e+001 -3.101489892e+001 +4.3002e-001 +1.8549e+000
1183 0 +1.144749508e+000 -3.102525049e+001 -3.102525049e+001 +4.5558e-001 +1.8625e+000
1355 0 +1.100767916e+000 -3.106923208e+001 -3.106923208e+001 +1.4443e+000 +2.1675e+000
1916 0 +3.607598335e-001 -3.180924017e+001 -3.180924017e+001 +1.4338e+000 +1.8672e+000
2235 0 +3.208766191e-001 -3.184912338e+001 -3.184912338e+001 +1.4112e+000 +1.8588e+000
2554 0 +5.711253477e-002 -3.211288747e+001 -3.211288747e+001 +1.4415e+000 +1.8594e+000
2997 0 +2.924984596e-002 -3.214075015e+001 -3.214075015e+001 +1.4376e+000 +1.8515e+000
3015 0 +1.337066586e-002 -3.215662933e+001 -3.215662933e+001 +1.4384e+000 +1.8555e+000
3054 0 +6.812653990e-004 -3.216931873e+001 -3.216931873e+001 +1.4447e+000 +1.8541e+000
3338 0 +1.725253422e-004 -3.216982747e+001 -3.216982747e+001 +1.4454e+000 +1.8544e+000
3554 0 +1.024170964e-004 -3.216989758e+001 -3.216989758e+001 +1.4458e+000 +1.8545e+000
3854 0 +8.708386627e-005 -3.216991292e+001 -3.216991292e+001 +1.4458e+000 +1.8545e+000
4354 0 +8.466533016e-005 -3.216991533e+001 -3.216991533e+001 +1.4458e+000 +1.8544e+000
4742 0 +9.849185766e-006 -3.216999015e+001 -3.216999015e+001 +1.4463e+000 +1.8543e+000
4884 0 +6.679586534e-006 -3.216999332e+001 -3.216999332e+001 +1.4462e+000 +1.8544e+000
4913 0 +2.749732289e-006 -3.216999725e+001 -3.216999725e+001 +1.4464e+000 +1.8544e+000
5015 0 +1.168402044e-006 -3.216999883e+001 -3.216999883e+001 +1.4464e+000 +1.8544e+000
5413 0 +1.110079772e-006 -3.216999889e+001 -3.216999889e+001 +1.4464e+000 +1.8544e+000
5513 0 +8.371699920e-007 -3.216999916e+001 -3.216999916e+001 +1.4464e+000 +1.8544e+000
5759 0 +2.949731766e-007 -3.216999971e+001 -3.216999971e+001 +1.4464e+000 +1.8544e+000
5813 0 +2.754440729e-007 -3.216999972e+001 -3.216999972e+001 +1.4464e+000 +1.8544e+000
5919 0 +1.087190071e-008 -3.216999999e+001 -3.216999999e+001 +1.4464e+000 +1.8544e+000
6119 0 +7.775199151e-009 -3.216999999e+001 -3.216999999e+001 +1.4464e+000 +1.8544e+000
% f evaluations | g evaluations | best noise-free fitness - Fopt (-5.858000000000e+001) + sum g_i+ | measured fitness | best measured fitness or single-digit g-values | x1 | x2...
1 0 +1.119647237e+002 +5.338472373e+001 +5.338472373e+001 +0.0000e+000 +0.0000e+000
4 0 +9.143260208e+001 +3.285260208e+001 +3.285260208e+001 -1.1078e+000 -1.1624e-001
5 0 +7.243356011e+001 +1.385356011e+001 +1.385356011e+001 -3.6717e+000 -4.3071e+000
10 0 +5.607524418e+001 -2.504755817e+000 -2.504755817e+000 -4.6319e+000 -2.2376e+000
11 0 +1.714467614e+001 -4.143532386e+001 -4.143532386e+001 +1.4031e+000 -2.1428e+000
71 0 +6.363829088e+000 -5.221617091e+001 -5.221617091e+001 +7.4295e-001 -2.2123e+000
452 0 +6.192043578e+000 -5.238795642e+001 -5.238795642e+001 +6.9707e-001 -2.8350e+000
638 0 +5.831182266e+000 -5.274881773e+001 -5.274881773e+001 +6.4852e-001 -2.8350e+000
685 0 +4.501060436e+000 -5.407893956e+001 -5.407893956e+001 +5.7732e-001 -2.5176e+000
725 0 +3.298934041e+000 -5.528106596e+001 -5.528106596e+001 +1.5276e+000 -2.5236e+000
1348 0 +1.434928544e+000 -5.714507146e+001 -5.714507146e+001 +1.5639e+000 -2.5135e+000
1496 0 +1.325920870e+000 -5.725407913e+001 -5.725407913e+001 +1.5887e+000 -2.5199e+000
1692 0 +1.286064666e+000 -5.729393533e+001 -5.729393533e+001 +2.5038e+000 -2.5122e+000
1717 0 +3.143861361e-001 -5.826561386e+001 -5.826561386e+001 +2.5709e+000 -2.5185e+000
1777 0 +2.823284670e-001 -5.829767153e+001 -5.829767153e+001 +2.5864e+000 -2.5192e+000
2390 0 +9.836435473e-002 -5.848163565e+001 -5.848163565e+001 +2.5852e+000 -2.5145e+000
2590 0 +9.551180520e-002 -5.848448819e+001 -5.848448819e+001 +2.5861e+000 -2.5144e+000
2856 0 +1.586477956e-002 -5.856413522e+001 -5.856413522e+001 +2.5840e+000 -2.5093e+000
2928 0 +2.740824657e-004 -5.857972592e+001 -5.857972592e+001 +2.5893e+000 -2.5073e+000
3728 0 +1.145689473e-004 -5.857988543e+001 -5.857988543e+001 +2.5902e+000 -2.5069e+000
4564 0 +6.959004325e-005 -5.857993041e+001 -5.857993041e+001 +2.5901e+000 -2.5070e+000
4801 0 +6.275970600e-005 -5.857993724e+001 -5.857993724e+001 +2.5899e+000 -2.5071e+000
4836 0 +4.157790817e-005 -5.857995842e+001 -5.857995842e+001 +2.5900e+000 -2.5073e+000
4912 0 +3.726513128e-006 -5.857999627e+001 -5.857999627e+001 +2.5903e+000 -2.5072e+000
5464 0 +1.668159157e-006 -5.857999833e+001 -5.857999833e+001 +2.5903e+000 -2.5072e+000
5790 0 +4.017470445e-007 -5.857999960e+001 -5.857999960e+001 +2.5904e+000 -2.5072e+000
5929 0 +2.817359572e-007 -5.857999972e+001 -5.857999972e+001 +2.5904e+000 -2.5072e+000
6090 0 +1.486415542e-007 -5.857999985e+001 -5.857999985e+001 +2.5904e+000 -2.5072e+000
6390 0 +1.243754113e-007 -5.857999988e+001 -5.857999988e+001 +2.5904e+000 -2.5072e+000
6393 0 +4.377645269e-008 -5.857999996e+001 -5.857999996e+001 +2.5904e+000 -2.5072e+000
6490 0 +2.129596055e-009 -5.858000000e+001 -5.858000000e+001 +2.5904e+000 -2.5072e+000
% f evaluations | g evaluations | best noise-free fitness - Fopt (-6.049200000000e+002) + sum g_i+ | measured fitness | best measured fitness or single-digit g-values | x1 | x2...
1 0 +2.176479109e+001 -5.831552089e+002 -5.831552089e+002 +0.0000e+000 +0.0000e+000
16 0 +1.566952372e+001 -5.892504763e+002 -5.892504763e+002 -1.2223e+000 -1.6768e+000
184 0 +8.389659822e+000 -5.965303402e+002 -5.965303402e+002 +9.4894e-001 -6.1866e-001
308 0 +7.032302928e+000 -5.978876971e+002 -5.978876971e+002 +1.1083e+000 -1.3324e+000
348 0 +3.897811929e+000 -6.010221881e+002 -6.010221881e+002 +9.5194e-001 -1.3562e+000
354 0 +1.122842090e+000 -6.037971579e+002 -6.037971579e+002 +1.4785e-002 -1.0092e+000
1323 0 +1.054830444e+000 -6.038651696e+002 -6.038651696e+002 -8.8448e-003 -1.0126e+000
2007 0 +1.038654833e+000 -6.038813452e+002 -6.038813452e+002 +7.1264e-003 -1.0190e+000
2135 0 +9.976672015e-001 -6.039223328e+002 -6.039223328e+002 +1.6144e-003 -1.0164e+000
% f evaluations | g evaluations | best noise-free fitness - Fopt (1.337000000000e+002) + sum g_i+ | measured fitness | best measured fitness or single-digit g-values | x1 | x2...
1 0 +3.289086595e+001 +1.665908660e+002 +1.665908660e+002 +0.0000e+000 +0.0000e+000
26 0 +1.640929563e+001 +1.501092956e+002 +1.501092956e+002 +1.4451e+000 +1.0520e+000
140 0 +1.017539213e+001 +1.438753921e+002 +1.438753921e+002 +1.3374e+000 +6.2493e-001
294 0 +9.407006030e+000 +1.431070060e+002 +1.431070060e+002 +1.3351e+000 +6.4753e-001
340 0 +8.505307648e+000 +1.422053076e+002 +1.422053076e+002 +5.5308e-001 +1.2225e+000
388 0 +5.619034910e+000 +1.393190349e+002 +1.393190349e+002 +4.3953e-001 +6.4323e-001
817 0 +5.241132587e+000 +1.389411326e+002 +1.389411326e+002 +5.7089e-001 +1.2583e+000
1017 0 +4.905378587e+000 +1.386053786e+002 +1.386053786e+002 +6.1399e-001 +9.4931e-001
1198 0 +3.433688205e+000 +1.371336882e+002 +1.371336882e+002 +1.4561e+000 +9.2176e-001
1202 0 +3.240276471e+000 +1.369402765e+002 +1.369402765e+002 +1.4563e+000 +1.2866e+000
1211 0 +1.818802824e+000 +1.355188028e+002 +1.355188028e+002 +1.4803e+000 +9.3380e-001
1435 0 +1.709292251e+000 +1.354092923e+002 +1.354092923e+002 +2.4176e+000 +1.2672e+000
1775 0 +1.042232784e+000 +1.347422328e+002 +1.347422328e+002 +2.4607e+000 +1.2614e+000
2790 0 +1.005912251e+000 +1.347059123e+002 +1.347059123e+002 +2.4688e+000 +1.2613e+000
3038 0 +4.770361814e-001 +1.341770362e+002 +1.341770362e+002 +2.4347e+000 +9.6172e-001
3238 0 +4.643586611e-001 +1.341643587e+002 +1.341643587e+002 +2.4309e+000 +9.5813e-001
3239 0 +2.864728469e-001 +1.339864728e+002 +1.339864728e+002 +2.4396e+000 +9.5329e-001
3545 0 +1.400844807e-001 +1.338400845e+002 +1.338400845e+002 +2.4528e+000 +9.5019e-001
3922 0 +3.435156676e-002 +1.337343516e+002 +1.337343516e+002 +2.4644e+000 +9.5679e-001
4092 0 +1.501082328e-002 +1.337150108e+002 +1.337150108e+002 +2.4724e+000 +9.5718e-001
4270 0 +2.189108557e-004 +1.337002189e+002 +1.337002189e+002 +2.4743e+000 +9.5458e-001
4646 0 +2.087198835e-004 +1.337002087e+002 +1.337002087e+002 +2.4744e+000 +9.5460e-001
5313 0 +1.899472394e-004 +1.337001899e+002 +1.337001899e+002 +2.4749e+000 +9.5410e-001
5514 0 +1.197054506e-004 +1.337001197e+002 +1.337001197e+002 +2.4746e+000 +9.5454e-001
5714 0 +7.673273811e-005 +1.337000767e+002 +1.337000767e+002 +2.4746e+000 +9.5442e-001
5943 0 +6.137039063e-005 +1.337000614e+002 +1.337000614e+002 +2.4747e+000 +9.5444e-001
6113 0 +5.517561337e-005 +1.337000552e+002 +1.337000552e+002 +2.4750e+000 +9.5425e-001
6221 0 +2.325166631e-005 +1.337000233e+002 +1.337000233e+002 +2.4749e+000 +9.5435e-001
6384 0 +1.959612487e-005 +1.337000196e+002 +1.337000196e+002 +2.4751e+000 +9.5430e-001
6413 0 +1.144260361e-005 +1.337000114e+002 +1.337000114e+002 +2.4750e+000 +9.5443e-001
6451 0 +3.767808892e-007 +1.337000004e+002 +1.337000004e+002 +2.4752e+000 +9.5440e-001
6651 0 +1.711529762e-008 +1.337000000e+002 +1.337000000e+002 +2.4752e+000 +9.5440e-001
6851 0 +1.678583317e-008 +1.337000000e+002 +1.337000000e+002 +2.4752e+000 +9.5440e-001
7751 0 +1.237577862e-008 +1.337000000e+002 +1.337000000e+002 +2.4752e+000 +9.5440e-001
7951 0 +2.967226465e-011 +1.337000000e+002 +1.337000000e+002 +2.4752e+000 +9.5440e-001
% f evaluations | g evaluations | best noise-free fitness - Fopt (-2.098000000000e+001) + sum g_i+ | measured fitness | best measured fitness or single-digit g-values | x1 | x2...
1 0 +5.120020188e+001 +3.022020188e+001 +3.022020188e+001 +0.0000e+000 +0.0000e+000
8 0 +3.873442141e+001 +1.775442141e+001 +1.775442141e+001 -1.8785e+000 +2.8249e+000
36 0 +1.107575734e+001 -9.904242663e+000 -9.904242663e+000 +2.3480e+000 +1.6286e+000
208 0 +1.710728873e+000 -1.926927113e+001 -1.926927113e+001 +2.0219e+000 +1.6216e+000
710 0 +1.559840734e+000 -1.942015927e+001 -1.942015927e+001 +2.0465e+000 +1.8915e+000
799 0 +1.535507948e+000 -1.944449205e+001 -1.944449205e+001 +2.0353e+000 +1.6221e+000
1002 0 +1.480431574e+000 -1.949956843e+001 -1.949956843e+001 +2.0126e+000 +1.6102e+000
1099 0 +1.428175104e+000 -1.955182490e+001 -1.955182490e+001 +2.0324e+000 +1.6197e+000
1296 0 +5.534606256e-001 -2.042653937e+001 -2.042653937e+001 +2.0117e+000 +1.9141e+000
1565 0 +9.371296981e-002 -2.088628703e+001 -2.088628703e+001 +2.0381e+000 +1.9191e+000
1951 0 +8.980154092e-002 -2.089019846e+001 -2.089019846e+001 +2.0386e+000 +1.9186e+000
2012 0 +1.202684412e-003 -2.097879732e+001 -2.097879732e+001 +2.0575e+000 +1.9192e+000
2451 0 +8.291950081e-004 -2.097917080e+001 -2.097917080e+001 +2.0588e+000 +1.9187e+000
2600 0 +6.438214773e-004 -2.097935618e+001 -2.097935618e+001 +2.0588e+000 +1.9196e+000
2808 0 +1.263122120e-004 -2.097987369e+001 -2.097987369e+001 +2.0601e+000 +1.9190e+000
2908 0 +2.876989910e-006 -2.097999712e+001 -2.097999712e+001 +2.0599e+000 +1.9192e+000
3408 0 +4.204387700e-007 -2.097999958e+001 -2.097999958e+001 +2.0600e+000 +1.9192e+000
4195 0 +4.161821749e-007 -2.097999958e+001 -2.097999958e+001 +2.0600e+000 +1.9192e+000
4200 0 +2.634797127e-007 -2.097999974e+001 -2.097999974e+001 +2.0600e+000 +1.9192e+000
4300 0 +6.541250386e-008 -2.097999993e+001 -2.097999993e+001 +2.0600e+000 +1.9192e+000
4508 0 +4.464126846e-009 -2.098000000e+001 -2.098000000e+001 +2.0600e+000 +1.9192e+000
9065 0 +0.000000000e+000 -2.098000000e+001 -2.098000000e+001 +2.0600e+000 +1.9192e+000
% f evaluations | g evaluations | best noise-free fitness - Fopt (1.353300000000e+002) + sum g_i+ | measured fitness | best measured fitness or single-digit g-values | x1 | x2...
1 0 +2.125732567e+001 +1.565873257e+002 +1.565873257e+002 +0.0000e+000 +0.0000e+000
17 0 +1.032981516e+001 +1.456598152e+002 +1.456598152e+002 -2.5079e+000 +3.4446e-001
177 0 +9.883845753e+000 +1.452138458e+002 +1.452138458e+002 -4.5155e-001 -7.1925e-001
215 0 +9.255987563e+000 +1.445859876e+002 +1.445859876e+002 +4.1496e-001 +2.8476e-001
259 0 +7.686662079e+000 +1.430166621e+002 +1.430166621e+002 -4.8412e-001 -2.3668e-001
262 0 +7.128860701e+000 +1.424588607e+002 +1.424588607e+002 -1.3126e+000 +3.5867e-001
445 0 +5.310076482e+000 +1.406400765e+002 +1.406400765e+002 -1.2950e+000 +2.0148e-002
715 0 +4.749112600e+000 +1.400791126e+002 +1.400791126e+002 -1.4783e+000 +1.1391e-002
900 0 +2.769649148e+000 +1.380996491e+002 +1.380996491e+002 +4.8871e-001 -8.2536e-003
927 0 +4.600250420e-001 +1.357900250e+002 +1.357900250e+002 +5.2308e-001 +1.0527e-002
1148 0 +2.088461067e-001 +1.355388461e+002 +1.355388461e+002 +5.1863e-001 +1.7893e-002
1880 0 +1.772673732e-001 +1.355072674e+002 +1.355072674e+002 +5.2580e-001 +1.6103e-002
2003 0 +7.549811590e-002 +1.354054981e+002 +1.354054981e+002 +5.2542e-001 +2.4628e-002
2083 0 +2.423014086e-002 +1.353542301e+002 +1.353542301e+002 +5.4543e-001 +2.1129e-002
2287 0 +9.809620888e-003 +1.353398096e+002 +1.353398096e+002 +5.3939e-001 +2.2672e-002
2340 0 +2.760493555e-003 +1.353327605e+002 +1.353327605e+002 +5.4411e-001 +2.2823e-002
2527 0 +8.493605904e-004 +1.353308494e+002 +1.353308494e+002 +5.4472e-001 +2.3355e-002
2603 0 +4.880537721e-004 +1.353304881e+002 +1.353304881e+002 +5.4373e-001 +2.3644e-002
2737 0 +4.029650630e-004 +1.353304030e+002 +1.353304030e+002 +5.4416e-001 +2.4387e-002
2881 0 +2.285200769e-004 +1.353302285e+002 +1.353302285e+002 +5.4481e-001 +2.4328e-002
3040 0 +2.219005505e-004 +1.353302219e+002 +1.353302219e+002 +5.4408e-001 +2.4266e-002
3181 0 +1.488631206e-004 +1.353301489e+002 +1.353301489e+002 +5.4449e-001 +2.4273e-002
3568 0 +6.974373250e-005 +1.353300697e+002 +1.353300697e+002 +5.4480e-001 +2.4173e-002
3700 0 +4.811836590e-006 +1.353300048e+002 +1.353300048e+002 +5.4469e-001 +2.3965e-002
4295 0 +1.003784575e-007 +1.353300001e+002 +1.353300001e+002 +5.4479e-001 +2.4006e-002
4795 0 +8.272678542e-009 +1.353300000e+002 +1.353300000e+002 +5.4480e-001 +2.4001e-002
8921 0 +0.000000000e+000 +1.353300000e+002 +1.353300000e+002 +5.4480e-001 +2.4000e-002
% f evaluations | g evaluations | best noise-free fitness - Fopt (4.066000000000e+001) + sum g_i+ | measured fitness | best measured fitness or single-digit g-values | x1 | x2...
1 0 +3.768401641e+001 +7.834401641e+001 +7.834401641e+001 +0.0000e+000 +0.0000e+000
39 0 +2.554380665e+001 +6.620380665e+001 +6.620380665e+001 -2.3698e-001 +5.9020e-001
57 0 +9.108492131e+000 +4.976849213e+001 +4.976849213e+001 +2.1594e+000 +5.7762e-001
198 0 +7.094695494e+000 +4.775469549e+001 +4.775469549e+001 +1.2214e+000 +1.5365e+000
241 0 +5.156621199e+000 +4.581662120e+001 +4.581662120e+001 +2.0515e+000 +5.7115e-001
608 0 +2.789582317e+000 +4.344958232e+001 +4.344958232e+001 +2.0229e+000 +1.5400e+000
657 0 +2.264774723e+000 +4.292477472e+001 +4.292477472e+001 +3.0629e+000 +1.2473e+000
789 0 +2.076173593e+000 +4.273617359e+001 +4.273617359e+001 +2.0418e+000 +1.2243e+000
1224 0 +1.706468152e+000 +4.236646815e+001 +4.236646815e+001 +2.0986e+000 +1.2463e+000
1299 0 +1.320908294e+000 +4.198090829e+001 +4.198090829e+001 +2.0811e+000 +1.2535e+000
1352 0 +1.077766246e+000 +4.173776625e+001 +4.173776625e+001 +2.0497e+000 +1.2414e+000
1584 0 +1.008981617e+000 +4.166898162e+001 +4.166898162e+001 +2.0543e+000 +1.2500e+000
1880 0 +9.977189336e-001 +4.165771893e+001 +4.165771893e+001 +2.0536e+000 +1.2480e+000
4657 0 +5.002458682e-001 +4.116024587e+001 +4.116024587e+001 +3.0035e+000 +1.2482e+000
4703 0 +4.721210793e-001 +4.113212108e+001 +4.113212108e+001 +3.0054e+000 +1.2466e+000
4725 0 +1.794334632e-001 +4.083943346e+001 +4.083943346e+001 +3.0226e+000 +1.2472e+000
4986 0 +8.855047101e-002 +4.074855047e+001 +4.074855047e+001 +3.0309e+000 +1.2464e+000
5186 0 +2.371335400e-002 +4.068371335e+001 +4.068371335e+001 +3.0530e+000 +1.2463e+000
5212 0 +1.128242791e-002 +4.067128243e+001 +4.067128243e+001 +3.0463e+000 +1.2457e+000
5213 0 +6.241878481e-004 +4.066062419e+001 +4.066062419e+001 +3.0502e+000 +1.2473e+000
6024 0 +5.141640489e-004 +4.066051416e+001 +4.066051416e+001 +3.0513e+000 +1.2477e+000
7149 0 +3.543244359e-004 +4.066035432e+001 +4.066035432e+001 +3.0518e+000 +1.2476e+000
7325 0 +1.546966853e-004 +4.066015470e+001 +4.066015470e+001 +3.0517e+000 +1.2475e+000
7483 0 +1.113061134e-004 +4.066011131e+001 +4.066011131e+001 +3.0517e+000 +1.2474e+000
7713 0 +7.041161730e-006 +4.066000704e+001 +4.066000704e+001 +3.0519e+000 +1.2473e+000
7840 0 +4.351147282e-006 +4.066000435e+001 +4.066000435e+001 +3.0519e+000 +1.2472e+000
8083 0 +2.937091509e-006 +4.066000294e+001 +4.066000294e+001 +3.0519e+000 +1.2472e+000
8213 0 +2.877529418e-006 +4.066000288e+001 +4.066000288e+001 +3.0520e+000 +1.2472e+000
8283 0 +1.604302113e-006 +4.066000160e+001 +4.066000160e+001 +3.0519e+000 +1.2472e+000
8483 0 +1.439036794e-006 +4.066000144e+001 +4.066000144e+001 +3.0519e+000 +1.2472e+000
8613 0 +3.622911038e-007 +4.066000036e+001 +4.066000036e+001 +3.0520e+000 +1.2472e+000
8784 0 +1.326971173e-007 +4.066000013e+001 +4.066000013e+001 +3.0520e+000 +1.2472e+000
9061 0 +1.852131248e-008 +4.066000002e+001 +4.066000002e+001 +3.0520e+000 +1.2472e+000
9262 0 +2.110880359e-010 +4.066000000e+001 +4.066000000e+001 +3.0520e+000 +1.2472e+000
