% f evaluations | g evaluations | best noise-free fitness - Fopt (3.590000000000e+001) + sum g_i+ | measured fitness | best measured fitness or single-digit g-values | x1 | x2...
1 0 +8.796120645e+005 +8.796479645e+005 +8.796479645e+005
280 0 +8.147659861e+005 +8.148018861e+005 +8.148018861e+005
431 0 +7.369225547e+005 +7.369584547e+005 +7.369584547e+005
595 0 +5.829311984e+005 +5.829670984e+005 +5.829670984e+005
808 0 +5.392367767e+005 +5.392726767e+005 +5.392726767e+005
1113 0 +3.354102729e+005 +3.354461729e+005 +3.354461729e+005
1644 0 +3.157708298e+005 +3.158067298e+005 +3.158067298e+005
1709 0 +2.596091395e+005 +2.596450395e+005 +2.596450395e+005
1826 0 +2.260573363e+005 +2.260932363e+005 +2.260932363e+005
2139 0 +2.174623188e+005 +2.174982188e+005 +2.174982188e+005
2576 0 +2.080333911e+005 +2.080692911e+005 +2.080692911e+005
2969 0 +1.911367116e+005 +1.911726116e+005 +1.911726116e+005
3104 0 +1.739443431e+005 +1.739802431e+005 +1.739802431e+005
3566 0 +1.697692318e+005 +1.698051318e+005 +1.698051318e+005
4209 0 +1.598433320e+005 +1.598792320e+005 +1.598792320e+005
4483 0 +1.581735755e+005 +1.582094755e+005 +1.582094755e+005
4609 0 +1.545381070e+005 +1.545740070e+005 +1.545740070e+005
6067 0 +1.177795401e+005 +1.178154401e+005 +1.178154401e+005
6939 0 +1.167210467e+005 +1.167569467e+005 +1.167569467e+005
7933 0 +1.140257715e+005 +1.140616715e+005 +1.140616715e+005
9234 0 +1.118125645e+005 +1.118484645e+005 +1.118484645e+005
9434 0 +1.068924951e+005 +1.069283951e+005 +1.069283951e+005
% f evaluations | g evaluations | best noise-free fitness - Fopt (3.137000000000e+001) + sum g_i+ | measured fitness | best measured fitness or single-digit g-values | x1 | x2...
1 0 +9.070069087e+005 +9.070382787e+005 +9.070382787e+005
4 0 +7.033642577e+005 +7.033956277e+005 +7.033956277e+005
266 0 +5.948283520e+005 +5.948597220e+005 +5.948597220e+005
304 0 +5.805489265e+005 +5.805802965e+005 +5.805802965e+005
499 0 +5.642801407e+005 +5.643115107e+005 +5.643115107e+005
620 0 +5.462664572e+005 +5.462978272e+005 +5.462978272e+005
993 0 +3.968174674e+005 +3.968488374e+005 +3.968488374e+005
1003 0 +3.799991667e+005 +3.800305367e+005 +3.800305367e+005
1412 0 +3.554552081e+005 +3.554865781e+005 +3.554865781e+005
1812 0 +3.458528375e+005 +3.458842075e+005 +3.458842075e+005
2080 0 +3.340143737e+005 +3.340457437e+005 +3.340457437e+005
2354 0 +3.220331113e+005 +3.220644813e+005 +3.220644813e+005
3233 0 +3.136069255e+005 +3.136382955e+005 +3.136382955e+005
3421 0 +2.998980309e+005 +2.999294009e+005 +2.999294009e+005
3454 0 +2.779006234e+005 +2.779319934e+005 +2.779319934e+005
3954 0 +2.741020696e+005 +2.741334396e+005 +2.741334396e+005
4341 0 +2.650851065e+005 +2.651164765e+005 +2.651164765e+005
4941 0 +2.386179188e+005 +2.386492888e+005 +2.386492888e+005
5447 0 +2.265237161e+005 +2.265550861e+005 +2.265550861e+005
6039 0 +2.096094138e+005 +2.096407838e+005 +2.096407838e+005
6439 0 +2.080246480e+005 +2.080560180e+005 +2.080560180e+005
7077 0 +1.998799347e+005 +1.999113047e+005 +1.999113047e+005
7244 0 +1.735368929e+005 +1.735682629e+005 +1.735682629e+005
7431 0 +1.627017726e+005 +1.627331426e+005 +1.627331426e+005
7434 0 +1.355680391e+005 +1.355994091e+005 +1.355994091e+005
8015 0 +1.092439109e+005 +1.092752809e+005 +1.092752809e+005
9521 0 +1.050019968e+005 +1.050333668e+005 +1.050333668e+005
9644 0 +9.074315477e+004 +9.077452477e+004 +9.077452477e+004
% f evaluations | g evaluations | best noise-free fitness - Fopt (-1.000000000000e+003) + sum g_i+ | measured fitness | best measured fitness or single-digit g-values | x1 | x2...
1 0 +7.020516639e+005 +7.010516639e+005 +7.010516639e+005
22 0 +6.127640654e+005 +6.117640654e+005 +6.117640654e+005
75 0 +5.955931710e+005 +5.945931710e+005 +5.945931710e+005
262 0 +4.626023650e+005 +4.616023650e+005 +4.616023650e+005
270 0 +3.135090307e+005 +3.125090307e+005 +3.125090307e+005
609 0 +2.996575678e+005 +2.986575678e+005 +2.986575678e+005
675 0 +2.913817721e+005 +2.903817721e+005 +2.903817721e+005
819 0 +2.844518865e+005 +2.834518865e+005 +2.834518865e+005
894 0 +2.785448680e+005 +2.775448680e+005 +2.775448680e+005
1120 0 +2.533360796e+005 +2.523360796e+005 +2.523360796e+005
1184 0 +2.484273421e+005 +2.474273421e+005 +2.474273421e+005
1320 0 +2.328221942e+005 +2.318221942e+005 +2.318221942e+005
1600 0 +1.546433801e+005 +1.536433801e+005 +1.536433801e+005
2511 0 +1.376369666e+005 +1.366369666e+005 +1.366369666e+005
2781 0 +1.270124675e+005 +1.260124675e+005 +1.260124675e+005
2896 0 +1.167715652e+005 +1.157715652e+005 +1.157715652e+005
3647 0 +1.097837432e+005 +1.087837432e+005 +1.087837432e+005
4556 0 +1.000865410e+005 +9.908654101e+004 +9.908654101e+004
5722 0 +8.326518062e+004 +8.226518062e+004 +8.226518062e+004
5833 0 +6.566561380e+004 +6.466561380e+004 +6.466561380e+004
5883 0 +6.099697483e+004 +5.999697483e+004 +5.999697483e+004
6901 0 +5.189699556e+004 +5.089699556e+004 +5.089699556e+004
7290 0 +5.095700232e+004 +4.995700232e+004 +4.995700232e+004
7654 0 +4.989687834e+004 +4.889687834e+004 +4.889687834e+004
8054 0 +4.576643630e+004 +4.476643630e+004 +4.476643630e+004
9181 0 +4.552216128e+004 +4.452216128e+004 +4.452216128e+004
% f evaluations | g evaluations | best noise-free fitness - Fopt (1.319200000000e+002) + sum g_i+ | measured fitness | best measured fitness or single-digit g-values | x1 | x2...
1 0 +9.326751654e+005 +9.328070854e+005 +9.328070854e+005
45 0 +9.114161267e+005 +9.115480467e+005 +9.115480467e+005
211 0 +8.262305672e+005 +8.263624872e+005 +8.263624872e+005
741 0 +7.164780043e+005 +7.166099243e+005 +7.166099243e+005
884 0 +7.071305838e+005 +7.072625038e+005 +7.072625038e+005
1013 0 +6.730496364e+005 +6.731815564e+005 +6.731815564e+005
1232 0 +6.447276986e+005 +6.448596186e+005 +6.448596186e+005
1446 0 +5.954407491e+005 +5.955726691e+005 +5.955726691e+005
1690 0 +5.874282911e+005 +5.875602111e+005 +5.875602111e+005
1714 0 +5.737063545e+005 +5.738382745e+005 +5.738382745e+005
3526 0 +5.566039976e+005 +5.567359176e+005 +5.567359176e+005
4026 0 +5.442145086e+005 +5.443464286e+005 +5.443464286e+005
5134 0 +5.291947958e+005 +5.293267158e+005 +5.293267158e+005
5675 0 +5.162822815e+005 +5.164142015e+005 +5.164142015e+005
7215 0 +4.994767222e+005 +4.996086422e+005 +4.996086422e+005
% f evaluations | g evaluations | best noise-free fitness - Fopt (5.908400000000e+002) + sum g_i+ | measured fitness | best measured fitness or single-digit g-values | x1 | x2...
1 0 +1.109177450e+006 +1.109768290e+006 +1.109768290e+006
2 0 +1.082323158e+006 +1.082913998e+006 +1.082913998e+006
53 0 +1.029705967e+006 +1.030296807e+006 +1.030296807e+006
58 0 +7.108290010e+005 +7.114198410e+005 +7.114198410e+005
291 0 +6.608653016e+005 +6.614561416e+005 +6.614561416e+005
446 0 +5.745524809e+005 +5.751433209e+005 +5.751433209e+005
517 0 +3.747525067e+005 +3.753433467e+005 +3.753433467e+005
646 0 +3.191366281e+005 +3.197274681e+005 +3.197274681e+005
957 0 +3.109476170e+005 +3.115384570e+005 +3.115384570e+005
1094 0 +3.035237389e+005 +3.041145789e+005 +3.041145789e+005
1174 0 +2.928590765e+005 +2.934499165e+005 +2.934499165e+005
1362 0 +2.349230901e+005 +2.355139301e+005 +2.355139301e+005
2022 0 +1.910564126e+005 +1.916472526e+005 +1.916472526e+005
2276 0 +1.860139785e+005 +1.866048185e+005 +1.866048185e+005
2295 0 +1.792069035e+005 +1.797977435e+005 +1.797977435e+005
2507 0 +1.709379559e+005 +1.715287959e+005 +1.715287959e+005
3210 0 +1.664648873e+005 +1.670557273e+005 +1.670557273e+005
3667 0 +1.632096805e+005 +1.638005205e+005 +1.638005205e+005
4519 0 +1.601946999e+005 +1.607855399e+005 +1.607855399e+005
4744 0 +1.520803734e+005 +1.526712134e+005 +1.526712134e+005
5024 0 +1.239783947e+005 +1.245692347e+005 +1.245692347e+005
5998 0 +1.212493602e+005 +1.218402002e+005 +1.218402002e+005
6862 0 +1.165222602e+005 +1.171131002e+005 +1.171131002e+005
7403 0 +1.087111045e+005 +1.093019445e+005 +1.093019445e+005
7787 0 +9.910044064e+004 +9.969128064e+004 +9.969128064e+004
8684 0 +9.367649118e+004 +9.426733118e+004 +9.426733118e+004
8787 0 +9.295685768e+004 +9.354769768e+004 +9.354769768e+004
8881 0 +9.002834900e+004 +9.061918900e+004 +9.061918900e+004
% f evaluations | g evaluations | best noise-free fitness - Fopt (6.749000000000e+001) + sum g_i+ | measured fitness | best measured fitness or single-digit g-values | x1 | x2...
1 0 +5.086526473e+005 +5.087201373e+005 +5.087201373e+005
331 0 +4.545903452e+005 +4.546578352e+005 +4.546578352e+005
531 0 +3.728736943e+005 +3.729411843e+005 +3.729411843e+005
675 0 +3.579162738e+005 +3.579837638e+005 +3.579837638e+005
1100 0 +3.543468261e+005 +3.544143161e+005 +3.544143161e+005
1157 0 +3.465947148e+005 +3.466622048e+005 +3.466622048e+005
1414 0 +3.114995923e+005 +3.115670823e+005 +3.115670823e+005
1969 0 +2.881149768e+005 +2.881824668e+005 +2.881824668e+005
2487 0 +2.796579219e+005 +2.797254119e+005 +2.797254119e+005
2603 0 +2.727984951e+005 +2.728659851e+005 +2.728659851e+005
2803 0 +2.538495026e+005 +2.539169926e+005 +2.539169926e+005
3217 0 +2.494454222e+005 +2.495129122e+005 +2.495129122e+005
3768 0 +2.372866532e+005 +2.373541432e+005 +2.373541432e+005
3948 0 +2.275064597e+005 +2.275739497e+005 +2.275739497e+005
4185 0 +2.072293654e+005 +2.072968554e+005 +2.072968554e+005
4648 0 +2.031753147e+005 +2.032428047e+005 +2.032428047e+005
5279 0 +1.961212878e+005 +1.961887778e+005 +1.961887778e+005
5442 0 +1.930514798e+005 +1.931189698e+005 +1.931189698e+005
5817 0 +1.890078960e+005 +1.890753860e+005 +1.890753860e+005
5977 0 +1.850061735e+005 +1.850736635e+005 +1.850736635e+005
6638 0 +1.726052659e+005 +1.726727559e+005 +1.726727559e+005
7942 0 +1.649147746e+005 +1.649822646e+005 +1.649822646e+005
8077 0 +1.566257583e+005 +1.566932483e+005 +1.566932483e+005
% f evaluations | g evaluations | best noise-free fitness - Fopt (3.085000000000e+001) + sum g_i+ | measured fitness | best measured fitness or single-digit g-values | x1 | x2...
1 0 +9.169484226e+005 +9.169792726e+005 +9.169792726e+005
204 0 +7.174225578e+005 +7.174534078e+005 +7.174534078e+005
282 0 +5.810453427e+005 +5.810761927e+005 +5.810761927e+005
582 0 +5.661183909e+005 +5.661492409e+005 +5.661492409e+005
605 0 +5.603300355e+005 +5.603608855e+005 +5.603608855e+005
671 0 +5.453183378e+005 +5.453491878e+005 +5.453491878e+005
785 0 +2.203355367e+005 +2.203663867e+005 +2.203663867e+005
824 0 +1.874718264e+005 +1.875026764e+005 +1.875026764e+005
1199 0 +1.671094930e+005 +1.671403430e+005 +1.671403430e+005
1305 0 +1.426138913e+005 +1.426447413e+005 +1.426447413e+005
1770 0 +1.349056869e+005 +1.349365369e+005 +1.349365369e+005
2049 0 +1.339748381e+005 +1.340056881e+005 +1.340056881e+005
2203 0 +1.056865173e+005 +1.057173673e+005 +1.057173673e+005
2742 0 +1.034869724e+005 +1.035178224e+005 +1.035178224e+005
3170 0 +1.019037948e+005 +1.019346448e+005 +1.019346448e+005
3751 0 +7.767526483e+004 +7.770611483e+004 +7.770611483e+004
3939 0 +7.574821768e+004 +7.577906768e+004 +7.577906768e+004
4094 0 +6.976743902e+004 +6.979828902e+004 +6.979828902e+004
4379 0 +6.739940709e+004 +6.743025709e+004 +6.743025709e+004
5532 0 +6.477392702e+004 +6.480477702e+004 +6.480477702e+004
6242 0 +5.491449330e+004 +5.494534330e+004 +5.494534330e+004
7879 0 +4.977582006e+004 +4.980667006e+004 +4.980667006e+004
8640 0 +4.384227047e+004 +4.387312047e+004 +4.387312047e+004
9439 0 +4.123696352e+004 +4.126781352e+004 +4.126781352e+004
% f evaluations | g evaluations | best noise-free fitness - Fopt (-1.255000000000e+001) + sum g_i+ | measured fitness | best measured fitness or single-digit g-values | x1 | x2...
1 0 +1.169271559e+006 +1.169259009e+006 +1.169259009e+006
13 0 +1.124097968e+006 +1.124085418e+006 +1.124085418e+006
231 0 +1.072664757e+006 +1.072652207e+006 +1.072652207e+006
318 0 +5.992388020e+005 +5.992262520e+005 +5.992262520e+005
759 0 +5.826084123e+005 +5.825958623e+005 +5.825958623e+005
771 0 +5.647059573e+005 +5.646934073e+005 +5.646934073e+005
817 0 +4.103273939e+005 +4.103148439e+005 +4.103148439e+005
1024 0 +3.823681921e+005 +3.823556421e+005 +3.823556421e+005
1122 0 +3.475393287e+005 +3.475267787e+005 +3.475267787e+005
1281 0 +3.375346541e+005 +3.375221041e+005 +3.375221041e+005
1322 0 +3.221650943e+005 +3.221525443e+005 +3.221525443e+005
1370 0 +3.158686713e+005 +3.158561213e+005 +3.158561213e+005
1411 0 +2.923721076e+005 +2.923595576e+005 +2.923595576e+005
1469 0 +2.858451419e+005 +2.858325919e+005 +2.858325919e+005
1611 0 +2.431594970e+005 +2.431469470e+005 +2.431469470e+005
1708 0 +1.980958578e+005 +1.980833078e+005 +1.980833078e+005
1822 0 +1.928321446e+005 +1.928195946e+005 +1.928195946e+005
2131 0 +1.845866129e+005 +1.845740629e+005 +1.845740629e+005
2311 0 +1.715507768e+005 +1.715382268e+005 +1.715382268e+005
2639 0 +1.247487129e+005 +1.247361629e+005 +1.247361629e+005
2839 0 +1.184430083e+005 +1.184304583e+005 +1.184304583e+005
3017 0 +6.407407579e+004 +6.406152579e+004 +6.406152579e+004
3217 0 +5.451481404e+004 +5.450226404e+004 +5.450226404e+004
3252 0 +5.333074290e+004 +5.331819290e+004 +5.331819290e+004
4307 0 +2.129408718e+004 +2.128153718e+004 +2.128153718e+004
5346 0 +5.663723723e+003 +5.651173723e+003 +5.651173723e+003
5501 0 +2.298922514e+003 +2.286372514e+003 +2.286372514e+003
6801 0 +2.014194909e+003 +2.001644909e+003 +2.001644909e+003
7931 0 +1.331718715e+003 +1.319168715e+003 +1.319168715e+003
8377 0 +1.308917111e+003 +1.296367111e+003 +1.296367111e+003
9774 0 +1.239548790e+003 +1.226998790e+003 +1.226998790e+003
% f evaluations | g evaluations | best noise-free fitness - Fopt (5.383900000000e+002) + sum g_i+ | measured fitness | best measured fitness or single-digit g-values | x1 | x2...
1 0 +1.071212762e+006 +1.071751152e+006 +1.071751152e+006
7 0 +1.027133566e+006 +1.027671956e+006 +1.027671956e+006
249 0 +9.504363793e+005 +9.509747693e+005 +9.509747693e+005
297 0 +5.793105027e+005 +5.798488927e+005 +5.798488927e+005
533 0 +5.336174339e+005 +5.341558239e+005 +5.341558239e+005
641 0 +5.108250602e+005 +5.113634502e+005 +5.113634502e+005
664 0 +4.232675227e+005 +4.238059127e+005 +4.238059127e+005
772 0 +3.842595126e+005 +3.847979026e+005 +3.847979026e+005
811 0 +3.592785035e+005 +3.598168935e+005 +3.598168935e+005
916 0 +3.473293057e+005 +3.478676957e+005 +3.478676957e+005
1601 0 +3.223422646e+005 +3.228806546e+005 +3.228806546e+005
1686 0 +2.003509694e+005 +2.008893594e+005 +2.008893594e+005
1864 0 +1.987546691e+005 +1.992930591e+005 +1.992930591e+005
2150 0 +1.822701665e+005 +1.828085565e+005 +1.828085565e+005
3366 0 +1.792388033e+005 +1.797771933e+005 +1.797771933e+005
3503 0 +1.697708321e+005 +1.703092221e+005 +1.703092221e+005
3561 0 +1.598145153e+005 +1.603529053e+005 +1.603529053e+005
3843 0 +1.392708928e+005 +1.398092828e+005 +1.398092828e+005
4312 0 +1.341210760e+005 +1.346594660e+005 +1.346594660e+005
4897 0 +1.141398182e+005 +1.146782082e+005 +1.146782082e+005
5370 0 +1.058342920e+005 +1.063726820e+005 +1.063726820e+005
7208 0 +9.969698464e+004 +1.002353746e+005 +1.002353746e+005
7508 0 +9.562140521e+004 +9.615979521e+004 +9.615979521e+004
7818 0 +7.597356303e+004 +7.651195303e+004 +7.651195303e+004
9918 0 +7.519040026e+004 +7.572879026e+004 +7.572879026e+004
10095 0 +6.921286734e+004 +6.975125734e+004 +6.975125734e+004
% f evaluations | g evaluations | best noise-free fitness - Fopt (-1.055600000000e+002) + sum g_i+ | measured fitness | best measured fitness or single-digit g-values | x1 | x2...
1 0 +8.239180605e+005 +8.238125005e+005 +8.238125005e+005
2 0 +5.928601054e+005 +5.927545454e+005 +5.927545454e+005
248 0 +5.165093890e+005 +5.164038290e+005 +5.164038290e+005
409 0 +3.208617535e+005 +3.207561935e+005 +3.207561935e+005
749 0 +3.139268279e+005 +3.138212679e+005 +3.138212679e+005
1202 0 +3.053738164e+005 +3.052682564e+005 +3.052682564e+005
1759 0 +3.010556874e+005 +3.009501274e+005 +3.009501274e+005
2471 0 +2.738134049e+005 +2.737078449e+005 +2.737078449e+005
2549 0 +2.463402148e+005 +2.462346548e+005 +2.462346548e+005
3103 0 +2.297837206e+005 +2.296781606e+005 +2.296781606e+005
4069 0 +2.255213193e+005 +2.254157593e+005 +2.254157593e+005
4098 0 +2.191753539e+005 +2.190697939e+005 +2.190697939e+005
4269 0 +2.070118085e+005 +2.069062485e+005 +2.069062485e+005
4678 0 +1.053651989e+005 +1.052596389e+005 +1.052596389e+005
4934 0 +1.022749423e+005 +1.021693823e+005 +1.021693823e+005
5134 0 +9.140254035e+004 +9.129698035e+004 +9.129698035e+004
5302 0 +8.580235402e+004 +8.569679402e+004 +8.569679402e+004
5434 0 +7.619761335e+004 +7.609205335e+004 +7.609205335e+004
6034 0 +6.517861623e+004 +6.507305623e+004 +6.507305623e+004
6431 0 +6.427815873e+004 +6.417259873e+004 +6.417259873e+004
6449 0 +6.275545980e+004 +6.264989980e+004 +6.264989980e+004
6949 0 +5.655767240e+004 +5.645211240e+004 +5.645211240e+004
7531 0 +4.356862354e+004 +4.346306354e+004 +4.346306354e+004
7634 0 +4.067201082e+004 +4.056645082e+004 +4.056645082e+004
9131 0 +3.907892516e+004 +3.897336516e+004 +3.897336516e+004
9169 0 +3.844064868e+004 +3.833508868e+004 +3.833508868e+004
9263 0 +3.620845010e+004 +3.610289010e+004 +3.610289010e+004
% f evaluations | g evaluations | best noise-free fitness - Fopt (9.803000000000e+001) + sum g_i+ | measured fitness | best measured fitness or single-digit g-values | x1 | x2...
1 0 +1.122604373e+006 +1.122702403e+006 +1.122702403e+006
79 0 +1.065622672e+006 +1.065720702e+006 +1.065720702e+006
237 0 +9.881876017e+005 +9.882856317e+005 +9.882856317e+005
373 0 +9.701948411e+005 +9.702928711e+005 +9.702928711e+005
437 0 +9.475360955e+005 +9.476341255e+005 +9.476341255e+005
665 0 +8.984433582e+005 +8.985413882e+005 +8.985413882e+005
713 0 +8.164397445e+005 +8.165377745e+005 +8.165377745e+005
827 0 +7.014305509e+005 +7.015285809e+005 +7.015285809e+005
1035 0 +6.654641838e+005 +6.655622138e+005 +6.655622138e+005
1066 0 +6.406445364e+005 +6.407425664e+005 +6.407425664e+005
1113 0 +5.874543362e+005 +5.875523662e+005 +5.875523662e+005
1705 0 +5.623508546e+005 +5.624488846e+005 +5.624488846e+005
1818 0 +5.559331885e+005 +5.560312185e+005 +5.560312185e+005
2272 0 +5.489743335e+005 +5.490723635e+005 +5.490723635e+005
2903 0 +5.321766944e+005 +5.322747244e+005 +5.322747244e+005
3008 0 +5.015857061e+005 +5.016837361e+005 +5.016837361e+005
3519 0 +4.594965775e+005 +4.595946075e+005 +4.595946075e+005
4330 0 +4.163074732e+005 +4.164055032e+005 +4.164055032e+005
4430 0 +3.965270394e+005 +3.966250694e+005 +3.966250694e+005
5026 0 +3.634154686e+005 +3.635134986e+005 +3.635134986e+005
6045 0 +3.617044795e+005 +3.618025095e+005 +3.618025095e+005
6700 0 +3.491722188e+005 +3.492702488e+005 +3.492702488e+005
7209 0 +3.460545551e+005 +3.461525851e+005 +3.461525851e+005
7887 0 +3.381364249e+005 +3.382344549e+005 +3.382344549e+005
% f evaluations | g evaluations | best noise-free fitness - Fopt (1.000000000000e+003) + sum g_i+ | measured fitness | best measured fitness or single-digit g-values | x1 | x2...
1 0 +6.587247980e+005 +6.597247980e+005 +6.597247980e+005
202 0 +5.739285288e+005 +5.749285288e+005 +5.749285288e+005
339 0 +5.385446956e+005 +5.395446956e+005 +5.395446956e+005
438 0 +4.817374519e+005 +4.827374519e+005 +4.827374519e+005
727 0 +4.578474070e+005 +4.588474070e+005 +4.588474070e+005
758 0 +3.811766888e+005 +3.821766888e+005 +3.821766888e+005
802 0 +3.086151842e+005 +3.096151842e+005 +3.096151842e+005
873 0 +2.070990634e+005 +2.080990634e+005 +2.080990634e+005
1140 0 +1.921507423e+005 +1.931507423e+005 +1.931507423e+005
1208 0 +1.180532108e+005 +1.190532108e+005 +1.190532108e+005
1790 0 +1.154109612e+005 +1.164109612e+005 +1.164109612e+005
1849 0 +1.108921685e+005 +1.118921685e+005 +1.118921685e+005
2186 0 +1.066179898e+005 +1.076179898e+005 +1.076179898e+005
2573 0 +1.042064509e+005 +1.052064509e+005 +1.052064509e+005
2692 0 +8.643704624e+004 +8.743704624e+004 +8.743704624e+004
2930 0 +8.223613963e+004 +8.323613963e+004 +8.323613963e+004
3062 0 +7.381672841e+004 +7.481672841e+004 +7.481672841e+004
3482 0 +7.078586881e+004 +7.178586881e+004 +7.178586881e+004
3669 0 +6.856737889e+004 +6.956737889e+004 +6.956737889e+004
3762 0 +6.658210474e+004 +6.758210474e+004 +6.758210474e+004
4393 0 +6.219414524e+004 +6.319414524e+004 +6.319414524e+004
4962 0 +6.077794567e+004 +6.177794567e+004 +6.177794567e+004
5462 0 +6.007389872e+004 +6.107389872e+004 +6.107389872e+004
6254 0 +4.728009452e+004 +4.828009452e+004 +4.828009452e+004
6713 0 +3.587574491e+004 +3.687574491e+004 +3.687574491e+004
6939 0 +3.370651850e+004 +3.470651850e+004 +3.470651850e+004
9601 0 +3.174614639e+004 +3.274614639e+004 +3.274614639e+004
% f evaluations | g evaluations | best noise-free fitness - Fopt (1.490000000000e+000) + sum g_i+ | measured fitness | best measured fitness or single-digit g-values | x1 | x2...
1 0 +6.243605410e+005 +6.243620310e+005 +6.243620310e+005
429 0 +5.850728415e+005 +5.850743315e+005 +5.850743315e+005
438 0 +5.745709518e+005 +5.745724418e+005 +5.745724418e+005
655 0 +5.061307493e+005 +5.061322393e+005 +5.061322393e+005
714 0 +4.740952737e+005 +4.740967637e+005 +4.740967637e+005
805 0 +3.545527449e+005 +3.545542349e+005 +3.545542349e+005
1059 0 +3.158055643e+005 +3.158070543e+005 +3.158070543e+005
1276 0 +3.022057111e+005 +3.022072011e+005 +3.022072011e+005
1493 0 +3.004905632e+005 +3.004920532e+005 +3.004920532e+005
1575 0 +2.812828025e+005 +2.812842925e+005 +2.812842925e+005
1969 0 +2.630941090e+005 +2.630955990e+005 +2.630955990e+005
2169 0 +2.527795867e+005 +2.527810767e+005 +2.527810767e+005
2296 0 +2.406370056e+005 +2.406384956e+005 +2.406384956e+005
3096 0 +2.373720714e+005 +2.373735614e+005 +2.373735614e+005
3254 0 +2.037806456e+005 +2.037821356e+005 +2.037821356e+005
4253 0 +1.875576981e+005 +1.875591881e+005 +1.875591881e+005
5225 0 +1.749808466e+005 +1.749823366e+005 +1.749823366e+005
6025 0 +1.669738005e+005 +1.669752905e+005 +1.669752905e+005
7174 0 +1.305151370e+005 +1.305166270e+005 +1.305166270e+005
8976 0 +1.238035778e+005 +1.238050678e+005 +1.238050678e+005
9276 0 +1.229860129e+005 +1.229875029e+005 +1.229875029e+005
% f evaluations | g evaluations | best noise-free fitness - Fopt (5.963500000000e+002) + sum g_i+ | measured fitness | best measured fitness or single-digit g-values | x1 | x2...
1 0 +1.090599586e+006 +1.091195936e+006 +1.091195936e+006
43 0 +1.078796006e+006 +1.079392356e+006 +1.079392356e+006
258 0 +1.068039184e+006 +1.068635534e+006 +1.068635534e+006
266 0 +1.018464653e+006 +1.019061003e+006 +1.019061003e+006
334 0 +6.130507047e+005 +6.136470547e+005 +6.136470547e+005
527 0 +5.804794767e+005 +5.810758267e+005 +5.810758267e+005
651 0 +5.696384127e+005 +5.702347627e+005 +5.702347627e+005
1187 0 +4.843380852e+005 +4.849344352e+005 +4.849344352e+005
1274 0 +4.699106414e+005 +4.705069914e+005 +4.705069914e+005
1425 0 +4.487766967e+005 +4.493730467e+005 +4.493730467e+005
1625 0 +3.154566338e+005 +3.160529838e+005 +3.160529838e+005
2489 0 +2.886829379e+005 +2.892792879e+005 +2.892792879e+005
2789 0 +2.773363698e+005 +2.779327198e+005 +2.779327198e+005
2989 0 +2.738220530e+005 +2.744184030e+005 +2.744184030e+005
3258 0 +2.488533839e+005 +2.494497339e+005 +2.494497339e+005
3416 0 +2.386003235e+005 +2.391966735e+005 +2.391966735e+005
3428 0 +2.150479050e+005 +2.156442550e+005 +2.156442550e+005
3812 0 +1.865888541e+005 +1.871852041e+005 +1.871852041e+005
4046 0 +1.046566235e+005 +1.052529735e+005 +1.052529735e+005
4889 0 +9.308247005e+004 +9.367882005e+004 +9.367882005e+004
5482 0 +9.039737518e+004 +9.099372518e+004 +9.099372518e+004
5682 0 +6.934376317e+004 +6.994011317e+004 +6.994011317e+004
6516 0 +6.773977171e+004 +6.833612171e+004 +6.833612171e+004
7082 0 +6.419520444e+004 +6.479155444e+004 +6.479155444e+004
9657 0 +6.290794451e+004 +6.350429451e+004 +6.350429451e+004
% f evaluations | g evaluations | best noise-free fitness - Fopt (-1.189700000000e+002) + sum g_i+ | measured fitness | best measured fitness or single-digit g-values | x1 | x2...
1 0 +5.485691236e+005 +5.484501536e+005 +5.484501536e+005
202 0 +5.034250765e+005 +5.033061065e+005 +5.033061065e+005
436 0 +3.161019011e+005 +3.159829311e+005 +3.159829311e+005
561 0 +2.806463271e+005 +2.805273571e+005 +2.805273571e+005
659 0 +2.735557617e+005 +2.734367917e+005 +2.734367917e+005
699 0 +2.676746379e+005 +2.675556679e+005 +2.675556679e+005
701 0 +2.484589969e+005 +2.483400269e+005 +2.483400269e+005
713 0 +2.278614556e+005 +2.277424856e+005 +2.277424856e+005
1060 0 +1.784856644e+005 +1.783666944e+005 +1.783666944e+005
1173 0 +1.609061643e+005 +1.607871943e+005 +1.607871943e+005
1232 0 +1.572929066e+005 +1.571739366e+005 +1.571739366e+005
1287 0 +1.266528422e+005 +1.265338722e+005 +1.265338722e+005
1428 0 +1.177948044e+005 +1.176758344e+005 +1.176758344e+005
1558 0 +1.169592110e+005 +1.168402410e+005 +1.168402410e+005
1749 0 +1.131347977e+005 +1.130158277e+005 +1.130158277e+005
1804 0 +1.115558735e+005 +1.114369035e+005 +1.114369035e+005
1828 0 +1.071128733e+005 +1.069939033e+005 +1.069939033e+005
1932 0 +9.040184382e+004 +9.028287382e+004 +9.028287382e+004
1963 0 +7.902067091e+004 +7.890170091e+004 +7.890170091e+004
2448 0 +5.709862867e+004 +5.697965867e+004 +5.697965867e+004
2611 0 +5.290808563e+004 +5.278911563e+004 +5.278911563e+004
3032 0 +4.929416977e+004 +4.917519977e+004 +4.917519977e+004
3301 0 +4.415773542e+004 +4.403876542e+004 +4.403876542e+004
3707 0 +4.050015235e+004 +4.038118235e+004 +4.038118235e+004
3784 0 +3.277694910e+004 +3.265797910e+004 +3.265797910e+004
4309 0 +3.128331774e+004 +3.116434774e+004 +3.116434774e+004
5510 0 +3.021660859e+004 +3.009763859e+004 +3.009763859e+004
5646 0 +3.017088912e+004 +3.005191912e+004 +3.005191912e+004
5758 0 +1.843920990e+004 +1.832023990e+004 +1.832023990e+004
6154 0 +1.476448769e+004 +1.464551769e+004 +1.464551769e+004
6954 0 +1.406298337e+004 +1.394401337e+004 +1.394401337e+004
7109 0 +1.248624864e+004 +1.236727864e+004 +1.236727864e+004
9225 0 +1.145163630e+004 +1.133266630e+004 +1.133266630e+004
9947 0 +1.088843007e+004 +1.076946007e+004 +1.076946007e+004
