% f evaluations | g evaluations | best noise-free fitness - Fopt (1.000000000000e+003) + sum g_i+ | measured fitness | best measured fitness or single-digit g-values | x1 | x2...
1 0 +4.236494560e+002 +1.423649456e+003 +1.423649456e+003 +0.0000e+000 +0.0000e+000 +0.0000e+000
2 0 +2.099227984e+002 +1.209922798e+003 +1.209922798e+003 -1.5286e+000 -4.5688e+000 +2.9135e+000
11 0 +6.790427994e+001 +1.067904280e+003 +1.067904280e+003 -2.3704e+000 -9.0628e-001 +4.2608e+000
48 0 +6.572752680e+001 +1.065727527e+003 +1.065727527e+003 -4.4609e+000 +1.3492e-001 +4.5412e+000
52 0 +5.926660714e+001 +1.059266607e+003 +1.059266607e+003 -2.8528e+000 +3.0620e+000 +2.0763e+000
67 0 +5.848330446e+001 +1.058483304e+003 +1.058483304e+003 -3.9225e+000 +3.0306e+000 +1.7816e+000
77 0 +4.193834417e+001 +1.041938344e+003 +1.041938344e+003 -7.5561e-001 +1.3026e+000 +4.5051e+000
118 0 +1.416927423e+001 +1.014169274e+003 +1.014169274e+003 -2.4122e+000 +1.8184e+000 +5.0000e+000
323 0 +6.022413419e+000 +1.006022413e+003 +1.006022413e+003 -2.6910e+000 +2.6979e+000 +3.4589e+000
770 0 +4.487768519e+000 +1.004487769e+003 +1.004487769e+003 -2.7537e+000 +3.4874e+000 +3.6067e+000
993 0 +3.926028176e+000 +1.003926028e+003 +1.003926028e+003 -2.7061e+000 +2.9717e+000 +4.2331e+000
1368 0 +3.874882015e+000 +1.003874882e+003 +1.003874882e+003 -2.8042e+000 +3.1154e+000 +4.1224e+000
1403 0 +1.781455320e+000 +1.001781455e+003 +1.001781455e+003 -2.7751e+000 +3.0378e+000 +4.1826e+000
1497 0 +1.704135177e+000 +1.001704135e+003 +1.001704135e+003 -2.7338e+000 +3.0348e+000 +4.1833e+000
1597 0 +1.467471311e+000 +1.001467471e+003 +1.001467471e+003 -2.7735e+000 +3.0476e+000 +4.1733e+000
1619 0 +1.265392062e+000 +1.001265392e+003 +1.001265392e+003 -2.7508e+000 +3.0396e+000 +4.1890e+000
1752 0 +1.199000899e+000 +1.001199001e+003 +1.001199001e+003 -2.7349e+000 +3.0368e+000 +4.1963e+000
2019 0 +1.172764543e+000 +1.001172765e+003 +1.001172765e+003 -2.7526e+000 +3.0474e+000 +4.1847e+000
2054 0 +1.125509583e+000 +1.001125510e+003 +1.001125510e+003 -2.7501e+000 +3.0477e+000 +4.1926e+000
2182 0 +1.109297544e+000 +1.001109298e+003 +1.001109298e+003 -2.7467e+000 +3.0592e+000 +4.1844e+000
2197 0 +1.095615998e+000 +1.001095616e+003 +1.001095616e+003 -2.7364e+000 +3.0424e+000 +4.1959e+000
2219 0 +1.051880267e+000 +1.001051880e+003 +1.001051880e+003 -2.7380e+000 +3.0450e+000 +4.1984e+000
2347 0 +1.021377965e+000 +1.001021378e+003 +1.001021378e+003 -2.7338e+000 +3.0569e+000 +4.1982e+000
2453 0 +9.960503696e-001 +1.000996050e+003 +1.000996050e+003 -2.7264e+000 +3.0495e+000 +4.2038e+000
% f evaluations | g evaluations | best noise-free fitness - Fopt (7.003000000000e+001) + sum g_i+ | measured fitness | best measured fitness or single-digit g-values | x1 | x2...
1 0 +1.296769467e+002 +1.997069467e+002 +1.997069467e+002 +0.0000e+000 +0.0000e+000 +0.0000e+000
2 0 +1.098441922e+002 +1.798741922e+002 +1.798741922e+002 +2.1398e+000 -3.3426e+000 -3.0399e+000
4 0 +1.091316572e+002 +1.791616572e+002 +1.791616572e+002 -2.6250e+000 -3.0596e+000 +2.9393e-002
11 0 +6.678864956e+001 +1.368186496e+002 +1.368186496e+002 -1.4169e+000 -3.5807e+000 -1.6787e+000
12 0 +2.832168431e+001 +9.835168431e+001 +9.835168431e+001 -2.9189e+000 -4.6179e+000 -4.7403e+000
103 0 +2.394500174e+001 +9.397500174e+001 +9.397500174e+001 -2.0470e+000 -4.1129e+000 -4.0747e+000
145 0 +2.049539404e+001 +9.052539404e+001 +9.052539404e+001 -1.1780e+000 -3.3590e+000 -5.0000e+000
171 0 +1.301994165e+001 +8.304994165e+001 +8.304994165e+001 -9.3195e-001 -1.4057e+000 -5.0000e+000
360 0 +8.413777177e+000 +7.844377718e+001 +7.844377718e+001 -3.6889e-001 -1.7018e+000 -5.0000e+000
678 0 +7.530109860e+000 +7.756010986e+001 +7.756010986e+001 -7.4429e-001 -2.3083e+000 -5.0000e+000
741 0 +5.004103029e+000 +7.503410303e+001 +7.503410303e+001 -1.4671e+000 -3.1218e+000 -3.8366e+000
1141 0 +4.270137983e+000 +7.430013798e+001 +7.430013798e+001 -1.4533e+000 -3.1039e+000 -3.8571e+000
1210 0 +3.646352296e+000 +7.367635230e+001 +7.367635230e+001 -1.3013e+000 -2.9778e+000 -3.8288e+000
1272 0 +1.688191935e+000 +7.171819194e+001 +7.171819194e+001 -1.3039e+000 -3.0130e+000 -3.8670e+000
1392 0 +1.597963475e+000 +7.162796348e+001 +7.162796348e+001 -1.3136e+000 -2.9942e+000 -3.9023e+000
1455 0 +1.559086409e+000 +7.158908641e+001 +7.158908641e+001 -1.3860e+000 -3.0945e+000 -3.8211e+000
1510 0 +1.004311852e+000 +7.103431185e+001 +7.103431185e+001 -1.3971e+000 -3.1053e+000 -3.8540e+000
2062 0 +9.970931728e-001 +7.102709317e+001 +7.102709317e+001 -1.3930e+000 -3.1013e+000 -3.8570e+000
% f evaluations | g evaluations | best noise-free fitness - Fopt (-4.822000000000e+001) + sum g_i+ | measured fitness | best measured fitness or single-digit g-values | x1 | x2...
1 0 +2.095914222e+002 +1.613714222e+002 +1.613714222e+002 +0.0000e+000 +0.0000e+000 +0.0000e+000
4 0 +1.047180786e+002 +5.649807858e+001 +5.649807858e+001 +2.3983e+000 -7.8124e-001 -4.7587e+000
10 0 +8.230399431e+001 +3.408399431e+001 +3.408399431e+001 -1.8692e+000 -4.6748e+000 -3.1180e+000
24 0 +7.171917885e+001 +2.349917885e+001 +2.349917885e+001 -4.2974e+000 +1.2480e+000 -1.9079e+000
33 0 +3.843799177e+001 -9.782008229e+000 -9.782008229e+000 +7.2472e-001 -2.6014e-001 -4.3621e+000
74 0 +3.624188607e+001 -1.197811393e+001 -1.197811393e+001 -2.0612e+000 +1.1845e+000 -2.1582e+000
98 0 +3.095216600e+001 -1.726783400e+001 -1.726783400e+001 -2.7030e+000 -1.3433e-001 -8.8553e-001
233 0 +2.190821315e+001 -2.631178685e+001 -2.631178685e+001 -1.0323e+000 -3.6906e-001 -2.6793e+000
322 0 +1.952852565e+001 -2.869147435e+001 -2.869147435e+001 -1.2973e+000 -1.3574e+000 -2.5439e+000
384 0 +1.888053528e+001 -2.933946472e+001 -2.933946472e+001 -2.1590e+000 -2.0239e+000 -1.8065e+000
399 0 +1.781867446e+001 -3.040132554e+001 -3.040132554e+001 -3.5196e+000 -9.9395e-001 -1.0071e+000
413 0 +1.210936360e+001 -3.611063640e+001 -3.611063640e+001 -1.3846e+000 -6.1430e-001 -3.1167e+000
542 0 +9.403922806e+000 -3.881607719e+001 -3.881607719e+001 -2.1442e+000 -1.3261e+000 -1.9856e+000
547 0 +8.256731710e+000 -3.996326829e+001 -3.996326829e+001 -2.0980e+000 -1.0145e-001 -1.4350e+000
565 0 +5.481659145e+000 -4.273834086e+001 -4.273834086e+001 -1.4744e+000 -5.6841e-001 -3.2465e+000
658 0 +3.770035146e+000 -4.444996485e+001 -4.444996485e+001 -1.4714e+000 -5.3102e-001 -3.1966e+000
1028 0 +2.577038780e+000 -4.564296122e+001 -4.564296122e+001 -1.4258e+000 -5.7655e-001 -3.2169e+000
1420 0 +2.342501828e+000 -4.587749817e+001 -4.587749817e+001 -1.4344e+000 -5.6812e-001 -3.2089e+000
1674 0 +2.228744182e+000 -4.599125582e+001 -4.599125582e+001 -1.4609e+000 -5.5150e-001 -3.1799e+000
1890 0 +2.107583559e+000 -4.611241644e+001 -4.611241644e+001 -1.4546e+000 -5.5323e-001 -3.1805e+000
1913 0 +2.027496070e+000 -4.619250393e+001 -4.619250393e+001 -1.4421e+000 -5.6060e-001 -3.1820e+000
2157 0 +1.848272891e+000 -4.637172711e+001 -4.637172711e+001 -1.4697e+000 -6.2970e-001 -2.6588e+000
2401 0 +1.730785714e+000 -4.648921429e+001 -4.648921429e+001 -1.5368e+000 -6.4570e-001 -2.5658e+000
2448 0 +1.165336876e+000 -4.705466312e+001 -4.705466312e+001 -1.4970e+000 -6.3485e-001 -2.6251e+000
2627 0 +1.128287130e+000 -4.709171287e+001 -4.709171287e+001 -1.5048e+000 -6.3837e-001 -2.6206e+000
2689 0 +1.114698478e+000 -4.710530152e+001 -4.710530152e+001 -1.5241e+000 -6.4395e-001 -2.5994e+000
2755 0 +1.086689026e+000 -4.713331097e+001 -4.713331097e+001 -1.4936e+000 -6.4932e-001 -2.6111e+000
2905 0 +1.046996912e+000 -4.717300309e+001 -4.717300309e+001 -1.4927e+000 -6.4710e-001 -2.6208e+000
3170 0 +1.000181957e+000 -4.721981804e+001 -4.721981804e+001 -1.5026e+000 -6.4899e-001 -2.6101e+000
3348 0 +9.999984549e-001 -4.722000155e+001 -4.722000155e+001 -1.5041e+000 -6.4894e-001 -2.6091e+000
% f evaluations | g evaluations | best noise-free fitness - Fopt (2.547000000000e+001) + sum g_i+ | measured fitness | best measured fitness or single-digit g-values | x1 | x2...
1 0 +3.449735612e+002 +3.704435612e+002 +3.704435612e+002 +0.0000e+000 +0.0000e+000 +0.0000e+000
3 0 +7.568866323e+001 +1.011586632e+002 +1.011586632e+002 -2.6031e+000 -4.1267e+000 -2.8297e+000
5 0 +2.544802214e+001 +5.091802214e+001 +5.091802214e+001 -2.9450e+000 -1.4451e+000 -1.2609e+000
205 0 +2.401499022e+001 +4.948499022e+001 +4.948499022e+001 -3.6908e+000 -2.2397e+000 -3.1986e+000
258 0 +1.451789873e+001 +3.998789873e+001 +3.998789873e+001 -2.2810e+000 -2.1069e+000 -2.1088e+000
558 0 +1.443727331e+001 +3.990727331e+001 +3.990727331e+001 -2.2801e+000 -2.1055e+000 -2.1094e+000
565 0 +1.101485602e+001 +3.648485602e+001 +3.648485602e+001 -2.4682e+000 -2.5408e+000 -1.4899e+000
640 0 +9.139335788e+000 +3.460933579e+001 +3.460933579e+001 -3.1731e+000 -2.3616e+000 -1.0957e+000
766 0 +8.692850321e+000 +3.416285032e+001 +3.416285032e+001 -3.6345e+000 -2.7060e+000 -1.0116e+000
769 0 +7.981222803e+000 +3.345122280e+001 +3.345122280e+001 -3.6903e+000 -2.6031e+000 -9.0471e-001
913 0 +6.522634286e+000 +3.199263429e+001 +3.199263429e+001 -3.4170e+000 -2.2322e+000 -1.4896e+000
983 0 +5.427903881e+000 +3.089790388e+001 +3.089790388e+001 -3.9753e+000 -2.3499e+000 -1.5629e+000
1338 0 +4.597895740e+000 +3.006789574e+001 +3.006789574e+001 -3.8151e+000 -2.4003e+000 -5.1383e-001
1405 0 +2.641074761e+000 +2.811107476e+001 +2.811107476e+001 -3.7339e+000 -1.9625e+000 -1.1545e+000
1819 0 +1.702090801e+000 +2.717209080e+001 +2.717209080e+001 -3.7826e+000 -1.9477e+000 -1.1678e+000
1901 0 +1.571722240e+000 +2.704172224e+001 +2.704172224e+001 -3.8165e+000 -1.8909e+000 -1.1277e+000
1905 0 +1.469109815e-001 +2.561691098e+001 +2.561691098e+001 -3.7782e+000 -1.9205e+000 -1.1754e+000
2079 0 +1.220319246e-001 +2.559203192e+001 +2.559203192e+001 -3.7801e+000 -1.9123e+000 -1.1489e+000
2105 0 +9.357771857e-002 +2.556357772e+001 +2.556357772e+001 -3.7760e+000 -1.9204e+000 -1.1672e+000
2241 0 +4.792000617e-002 +2.551792001e+001 +2.551792001e+001 -3.7809e+000 -1.9148e+000 -1.1532e+000
2405 0 +8.276476383e-003 +2.547827648e+001 +2.547827648e+001 -3.7848e+000 -1.9130e+000 -1.1675e+000
2705 0 +2.907875182e-003 +2.547290788e+001 +2.547290788e+001 -3.7835e+000 -1.9116e+000 -1.1642e+000
2965 0 +5.845382635e-004 +2.547058454e+001 +2.547058454e+001 -3.7849e+000 -1.9115e+000 -1.1656e+000
3219 0 +1.619207809e-004 +2.547016192e+001 +2.547016192e+001 -3.7845e+000 -1.9125e+000 -1.1637e+000
3305 0 +7.719869281e-005 +2.547007720e+001 +2.547007720e+001 -3.7847e+000 -1.9121e+000 -1.1635e+000
3474 0 +6.782310018e-005 +2.547006782e+001 +2.547006782e+001 -3.7850e+000 -1.9119e+000 -1.1642e+000
3519 0 +4.659522120e-005 +2.547004660e+001 +2.547004660e+001 -3.7847e+000 -1.9122e+000 -1.1637e+000
3605 0 +4.028045318e-005 +2.547004028e+001 +2.547004028e+001 -3.7846e+000 -1.9122e+000 -1.1638e+000
3619 0 +3.745142480e-005 +2.547003745e+001 +2.547003745e+001 -3.7849e+000 -1.9119e+000 -1.1643e+000
3805 0 +2.065401663e-006 +2.547000207e+001 +2.547000207e+001 -3.7848e+000 -1.9120e+000 -1.1641e+000
4205 0 +1.859049370e-006 +2.547000186e+001 +2.547000186e+001 -3.7848e+000 -1.9120e+000 -1.1640e+000
4359 0 +1.131208268e-006 +2.547000113e+001 +2.547000113e+001 -3.7848e+000 -1.9120e+000 -1.1640e+000
4365 0 +7.417549384e-007 +2.547000074e+001 +2.547000074e+001 -3.7848e+000 -1.9120e+000 -1.1640e+000
4465 0 +2.012859639e-007 +2.547000020e+001 +2.547000020e+001 -3.7848e+000 -1.9120e+000 -1.1640e+000
4508 0 +1.751613503e-007 +2.547000018e+001 +2.547000018e+001 -3.7848e+000 -1.9120e+000 -1.1640e+000
4565 0 +1.334507438e-007 +2.547000013e+001 +2.547000013e+001 -3.7848e+000 -1.9120e+000 -1.1640e+000
4665 0 +1.188994467e-007 +2.547000012e+001 +2.547000012e+001 -3.7848e+000 -1.9120e+000 -1.1640e+000
4769 0 +7.419796688e-008 +2.547000007e+001 +2.547000007e+001 -3.7848e+000 -1.9120e+000 -1.1640e+000
4954 0 +3.366194079e-008 +2.547000003e+001 +2.547000003e+001 -3.7848e+000 -1.9120e+000 -1.1640e+000
5105 0 +1.830475327e-008 +2.547000002e+001 +2.547000002e+001 -3.7848e+000 -1.9120e+000 -1.1640e+000
5208 0 +1.248574577e-008 +2.547000001e+001 +2.547000001e+001 -3.7848e+000 -1.9120e+000 -1.1640e+000
5265 0 +9.503366982e-010 +2.547000000e+001 +2.547000000e+001 -3.7848e+000 -1.9120e+000 -1.1640e+000
7965 0 +0.000000000e+000 +2.547000000e+001 +2.547000000e+001 -3.7848e+000 -1.9120e+000 -1.1640e+000
% f evaluations | g evaluations | best noise-free fitness - Fopt (-1.008100000000e+002) + sum g_i+ | measured fitness | best measured fitness or single-digit g-values | x1 | x2...
1 0 +4.702658538e+001 -5.378341462e+001 -5.378341462e+001 +0.0000e+000 +0.0000e+000 +0.0000e+000
7 0 +3.489348865e+001 -6.591651135e+001 -6.591651135e+001 +2.3432e+000 -1.4472e+000 +2.1206e+000
266 0 +2.973927941e+001 -7.107072059e+001 -7.107072059e+001 +6.0176e-001 -1.0597e-001 +4.2590e-001
302 0 +2.715262226e+001 -7.365737774e+001 -7.365737774e+001 +2.1603e+000 -5.5477e-001 +7.3967e-001
340 0 +1.934330986e+001 -8.146669014e+001 -8.146669014e+001 +5.6599e-001 +5.6226e-002 +1.2630e+000
353 0 +5.938829942e+000 -9.487117006e+001 -9.487117006e+001 +9.8620e-001 +8.2174e-001 +2.1424e+000
836 0 +4.604129170e+000 -9.620587083e+001 -9.620587083e+001 +9.2602e-001 +8.4911e-001 +2.0499e+000
890 0 +3.212331064e+000 -9.759766894e+001 -9.759766894e+001 +9.4558e-001 +8.2944e-001 +2.1063e+000
932 0 +2.785532212e+000 -9.802446779e+001 -9.802446779e+001 +9.2702e-001 +8.4912e-001 +2.0979e+000
1087 0 +2.568901342e+000 -9.824109866e+001 -9.824109866e+001 +9.1971e-001 +8.5114e-001 +2.0965e+000
1363 0 +2.371043404e+000 -9.843895660e+001 -9.843895660e+001 +8.8110e-001 +8.4662e-001 +2.0677e+000
1483 0 +2.126684784e+000 -9.868331522e+001 -9.868331522e+001 +8.9484e-001 +8.5159e-001 +2.0961e+000
1604 0 +2.031049998e+000 -9.877895000e+001 -9.877895000e+001 +8.8131e-001 +8.5984e-001 +2.0795e+000
1792 0 +1.994400708e+000 -9.881559929e+001 -9.881559929e+001 +8.8427e-001 +8.6315e-001 +2.0890e+000
% f evaluations | g evaluations | best noise-free fitness - Fopt (-3.531300000000e+002) + sum g_i+ | measured fitness | best measured fitness or single-digit g-values | x1 | x2...
1 0 +4.611803948e+001 -3.070119605e+002 -3.070119605e+002 +0.0000e+000 +0.0000e+000 +0.0000e+000
3 0 +3.185817659e+001 -3.212718234e+002 -3.212718234e+002 -5.8136e-001 +1.2789e+000 -1.7258e+000
36 0 +2.863061067e+001 -3.244993893e+002 -3.244993893e+002 -1.9559e+000 +2.6879e+000 -1.9771e+000
61 0 +1.871069526e+001 -3.344193047e+002 -3.344193047e+002 -1.7449e+000 +7.8101e-001 +1.7151e-001
260 0 +1.535567311e+001 -3.377743269e+002 -3.377743269e+002 -8.1697e-001 +6.4550e-001 +8.1692e-001
383 0 +2.654921439e+000 -3.504750786e+002 -3.504750786e+002 -1.5131e+000 +9.1058e-001 -1.0463e+000
997 0 +2.449325921e+000 -3.506806741e+002 -3.506806741e+002 -1.5189e+000 +8.8779e-001 -1.0816e+000
1021 0 +2.296637884e+000 -3.508333621e+002 -3.508333621e+002 -1.5024e+000 +9.0074e-001 -1.1163e+000
1126 0 +2.156483633e+000 -3.509735164e+002 -3.509735164e+002 -1.5066e+000 +8.9795e-001 -1.1224e+000
1232 0 +2.101887325e+000 -3.510281127e+002 -3.510281127e+002 -1.5057e+000 +8.9524e-001 -1.1015e+000
1367 0 +2.074847561e+000 -3.510551524e+002 -3.510551524e+002 -1.5158e+000 +8.9922e-001 -1.1242e+000
1542 0 +2.004901063e+000 -3.511250989e+002 -3.511250989e+002 -1.5131e+000 +8.9859e-001 -1.1097e+000
2025 0 +1.994194198e+000 -3.511358058e+002 -3.511358058e+002 -1.5168e+000 +9.0084e-001 -1.1020e+000
2588 0 +1.730484944e+000 -3.513995151e+002 -3.513995151e+002 -2.0352e+000 +1.0692e+000 -1.4160e+000
2616 0 +1.543823923e+000 -3.515861761e+002 -3.515861761e+002 -2.0292e+000 +1.0814e+000 -1.4116e+000
2681 0 +1.245634643e+000 -3.518843654e+002 -3.518843654e+002 -2.0314e+000 +1.0727e+000 -1.4748e+000
2753 0 +1.148486727e+000 -3.519815133e+002 -3.519815133e+002 -2.0311e+000 +1.0749e+000 -1.4642e+000
2776 0 +1.128981365e+000 -3.520010186e+002 -3.520010186e+002 -2.0427e+000 +1.0746e+000 -1.4737e+000
2905 0 +9.980042916e-001 -3.521319957e+002 -3.521319957e+002 -2.0351e+000 +1.0700e+000 -1.4515e+000
% f evaluations | g evaluations | best noise-free fitness - Fopt (8.716000000000e+001) + sum g_i+ | measured fitness | best measured fitness or single-digit g-values | x1 | x2...
1 0 +1.179484041e+002 +2.051084041e+002 +2.051084041e+002 +0.0000e+000 +0.0000e+000 +0.0000e+000
2 0 +3.373777224e+001 +1.208977722e+002 +1.208977722e+002 +1.0824e+000 -2.9644e-001 -4.1520e+000
8 0 +8.460084756e+000 +9.562008476e+001 +9.562008476e+001 +2.1911e+000 -5.5753e-001 -2.7394e+000
697 0 +3.158827303e+000 +9.031882730e+001 +9.031882730e+001 +2.1983e+000 -5.4260e-001 -2.6690e+000
1552 0 +2.658906770e+000 +8.981890677e+001 +8.981890677e+001 +2.3179e+000 -5.6730e-003 -2.9532e+000
1975 0 +2.202345547e+000 +8.936234555e+001 +8.936234555e+001 +2.3396e+000 +3.8595e-002 -2.9395e+000
2133 0 +2.139931559e+000 +8.929993156e+001 +8.929993156e+001 +2.3415e+000 +2.4656e-002 -2.9356e+000
2253 0 +2.016277889e+000 +8.917627789e+001 +8.917627789e+001 +2.3391e+000 +4.0519e-002 -2.9252e+000
2333 0 +1.994208664e+000 +8.915420866e+001 +8.915420866e+001 +2.3350e+000 +3.2606e-002 -2.9230e+000
4405 0 +1.768992224e+000 +8.892899222e+001 +8.892899222e+001 +1.9960e+000 +2.1857e-001 -3.2170e+000
4515 0 +1.641383725e+000 +8.880138372e+001 +8.880138372e+001 +2.0073e+000 +2.1196e-001 -3.2075e+000
4574 0 +1.259002482e+000 +8.841900248e+001 +8.841900248e+001 +2.0075e+000 +1.8081e-001 -3.1892e+000
4669 0 +1.143438009e+000 +8.830343801e+001 +8.830343801e+001 +2.0053e+000 +1.8212e-001 -3.1920e+000
4800 0 +1.074955687e+000 +8.823495569e+001 +8.823495569e+001 +1.9969e+000 +1.7975e-001 -3.1949e+000
4931 0 +1.044736142e+000 +8.820473614e+001 +8.820473614e+001 +2.0015e+000 +1.8470e-001 -3.1952e+000
5405 0 +1.015073315e+000 +8.817507331e+001 +8.817507331e+001 +1.9982e+000 +1.8761e-001 -3.1983e+000
6415 0 +9.964884676e-001 +8.815648847e+001 +8.815648847e+001 +1.9999e+000 +1.8162e-001 -3.2015e+000
% f evaluations | g evaluations | best noise-free fitness - Fopt (-3.475000000000e+001) + sum g_i+ | measured fitness | best measured fitness or single-digit g-values | x1 | x2...
1 0 +6.060428681e+001 +2.585428681e+001 +2.585428681e+001 +0.0000e+000 +0.0000e+000 +0.0000e+000
23 0 +3.989127916e+001 +5.141279162e+000 +5.141279162e+000 +1.5205e+000 +2.3318e+000 +1.4097e+000
55 0 +2.605507131e+001 -8.694928691e+000 -8.694928691e+000 +2.0083e+000 -2.1779e-001 +9.6404e-002
96 0 +1.793746763e+001 -1.681253237e+001 -1.681253237e+001 +2.5329e+000 +3.9120e+000 -1.6880e+000
458 0 +9.267523569e+000 -2.548247643e+001 -2.548247643e+001 +2.3316e+000 +3.3300e+000 -1.5028e+000
532 0 +7.653015624e+000 -2.709698438e+001 -2.709698438e+001 +2.3163e+000 +3.3798e+000 -1.5440e+000
561 0 +4.842448458e+000 -2.990755154e+001 -2.990755154e+001 +2.8135e+000 +3.3135e+000 -3.7554e-002
763 0 +3.601678104e+000 -3.114832190e+001 -3.114832190e+001 +2.8249e+000 +2.1552e+000 +1.2408e-001
960 0 +2.366096727e+000 -3.238390327e+001 -3.238390327e+001 +2.8543e+000 +2.2420e+000 +1.1586e-001
1292 0 +2.145167619e+000 -3.260483238e+001 -3.260483238e+001 +2.8697e+000 +2.2479e+000 +1.1114e-001
1360 0 +2.091072739e+000 -3.265892726e+001 -3.265892726e+001 +2.8699e+000 +2.2519e+000 +1.0692e-001
1575 0 +2.024506899e+000 -3.272549310e+001 -3.272549310e+001 +2.8601e+000 +2.2540e+000 +9.7336e-002
1595 0 +1.400123639e+000 -3.334987636e+001 -3.334987636e+001 +2.3562e+000 +2.4516e+000 -4.3704e-001
2017 0 +1.192086432e+000 -3.355791357e+001 -3.355791357e+001 +2.3598e+000 +2.4296e+000 -4.4434e-001
2147 0 +1.154324003e+000 -3.359567600e+001 -3.359567600e+001 +2.3099e+000 +2.2938e+000 -4.2198e-001
2217 0 +9.461984810e-001 -3.380380152e+001 -3.380380152e+001 +2.3549e+000 +2.3952e+000 -4.0313e-001
2244 0 +4.545300198e-001 -3.429546998e+001 -3.429546998e+001 +2.3208e+000 +2.3632e+000 -4.4738e-001
2245 0 +2.373205566e-001 -3.451267944e+001 -3.451267944e+001 +2.3157e+000 +2.3540e+000 -4.3502e-001
2293 0 +1.092585641e-001 -3.464074144e+001 -3.464074144e+001 +2.3389e+000 +2.3789e+000 -4.3247e-001
2659 0 +1.054586950e-001 -3.464454131e+001 -3.464454131e+001 +2.3388e+000 +2.3743e+000 -4.3150e-001
2690 0 +1.028422533e-001 -3.464715775e+001 -3.464715775e+001 +2.3380e+000 +2.3805e+000 -4.3352e-001
2693 0 +8.591543274e-002 -3.466408457e+001 -3.466408457e+001 +2.3394e+000 +2.3799e+000 -4.2987e-001
2744 0 +8.084084203e-002 -3.466915916e+001 -3.466915916e+001 +2.3297e+000 +2.3466e+000 -4.1816e-001
2745 0 +6.958474957e-002 -3.468041525e+001 -3.468041525e+001 +2.3364e+000 +2.3779e+000 -4.3188e-001
2747 0 +6.397335725e-002 -3.468602664e+001 -3.468602664e+001 +2.3357e+000 +2.3730e+000 -4.3129e-001
2773 0 +3.894545047e-002 -3.471105455e+001 -3.471105455e+001 +2.3358e+000 +2.3678e+000 -4.2655e-001
2789 0 +3.052361848e-002 -3.471947638e+001 -3.471947638e+001 +2.3374e+000 +2.3684e+000 -4.2290e-001
2934 0 +1.497560453e-002 -3.473502440e+001 -3.473502440e+001 +2.3348e+000 +2.3635e+000 -4.2064e-001
2953 0 +3.386209973e-003 -3.474661379e+001 -3.474661379e+001 +2.3329e+000 +2.3662e+000 -4.2206e-001
3034 0 +5.434470960e-004 -3.474945655e+001 -3.474945655e+001 +2.3311e+000 +2.3626e+000 -4.2251e-001
3489 0 +2.646342449e-004 -3.474973537e+001 -3.474973537e+001 +2.3307e+000 +2.3633e+000 -4.2304e-001
3547 0 +2.001703848e-004 -3.474979983e+001 -3.474979983e+001 +2.3312e+000 +2.3637e+000 -4.2269e-001
3568 0 +6.883520487e-005 -3.474993116e+001 -3.474993116e+001 +2.3315e+000 +2.3640e+000 -4.2297e-001
3819 0 +4.686371927e-005 -3.474995314e+001 -3.474995314e+001 +2.3310e+000 +2.3640e+000 -4.2333e-001
3868 0 +2.109513426e-005 -3.474997890e+001 -3.474997890e+001 +2.3314e+000 +2.3641e+000 -4.2314e-001
4000 0 +1.129511105e-005 -3.474998870e+001 -3.474998870e+001 +2.3312e+000 +2.3640e+000 -4.2330e-001
4047 0 +7.212113303e-006 -3.474999279e+001 -3.474999279e+001 +2.3312e+000 +2.3640e+000 -4.2326e-001
4319 0 +6.266364522e-006 -3.474999373e+001 -3.474999373e+001 +2.3312e+000 +2.3640e+000 -4.2326e-001
4489 0 +5.391429980e-006 -3.474999461e+001 -3.474999461e+001 +2.3312e+000 +2.3640e+000 -4.2326e-001
4493 0 +4.940870554e-006 -3.474999506e+001 -3.474999506e+001 +2.3311e+000 +2.3640e+000 -4.2322e-001
4644 0 +3.840530567e-006 -3.474999616e+001 -3.474999616e+001 +2.3312e+000 +2.3640e+000 -4.2315e-001
4647 0 +2.934697960e-006 -3.474999707e+001 -3.474999707e+001 +2.3312e+000 +2.3640e+000 -4.2325e-001
4675 0 +1.913408859e-006 -3.474999809e+001 -3.474999809e+001 +2.3312e+000 +2.3640e+000 -4.2315e-001
4734 0 +1.288074358e-006 -3.474999871e+001 -3.474999871e+001 +2.3312e+000 +2.3640e+000 -4.2317e-001
4747 0 +1.597540020e-007 -3.474999984e+001 -3.474999984e+001 +2.3312e+000 +2.3640e+000 -4.2319e-001
4951 0 +1.342784586e-007 -3.474999987e+001 -3.474999987e+001 +2.3312e+000 +2.3640e+000 -4.2319e-001
5051 0 +1.025525549e-007 -3.474999990e+001 -3.474999990e+001 +2.3312e+000 +2.3640e+000 -4.2320e-001
5134 0 +9.533803791e-008 -3.474999990e+001 -3.474999990e+001 +2.3312e+000 +2.3640e+000 -4.2319e-001
5259 0 +6.353174342e-008 -3.474999994e+001 -3.474999994e+001 +2.3312e+000 +2.3640e+000 -4.2321e-001
5447 0 +4.838719292e-008 -3.474999995e+001 -3.474999995e+001 +2.3312e+000 +2.3640e+000 -4.2320e-001
5478 0 +4.784113372e-008 -3.474999995e+001 -3.474999995e+001 +2.3312e+000 +2.3640e+000 -4.2320e-001
5503 0 +2.263065113e-008 -3.474999998e+001 -3.474999998e+001 +2.3312e+000 +2.3640e+000 -4.2320e-001
5534 0 +2.187164938e-008 -3.474999998e+001 -3.474999998e+001 +2.3312e+000 +2.3640e+000 -4.2320e-001
5610 0 +1.426580098e-008 -3.474999999e+001 -3.474999999e+001 +2.3312e+000 +2.3640e+000 -4.2320e-001
5662 0 +5.942844439e-009 -3.474999999e+001 -3.474999999e+001 +2.3312e+000 +2.3640e+000 -4.2320e-001
8293 0 +0.000000000e+000 -3.475000000e+001 -3.475000000e+001 +2.3312e+000 +2.3640e+000 -4.2320e-001
% f evaluations | g evaluations | best noise-free fitness - Fopt (-1.000000000000e+003) + sum g_i+ | measured fitness | best measured fitness or single-digit g-values | x1 | x2...
1 0 +1.144789854e+002 -8.855210146e+002 -8.855210146e+002 +0.0000e+000 +0.0000e+000 +0.0000e+000
10 0 +6.210920948e+001 -9.378907905e+002 -9.378907905e+002 -2.2212e+000 -2.7579e+000 +2.8223e+000
21 0 +5.954561446e+001 -9.404543855e+002 -9.404543855e+002 -8.0707e-001 -9.1591e-001 -1.2273e+000
34 0 +3.937871496e+001 -9.606212850e+002 -9.606212850e+002 -3.7025e+000 -1.0509e+000 -1.7183e+000
108 0 +1.425661318e+001 -9.857433868e+002 -9.857433868e+002 -5.0921e+000 -5.0572e+000 +2.0966e+000
465 0 +1.212632163e+001 -9.878736784e+002 -9.878736784e+002 -4.3645e+000 -4.1934e+000 -4.3471e-001
643 0 +6.806213075e+000 -9.931937869e+002 -9.931937869e+002 -3.9786e+000 -3.9665e+000 +3.2059e-001
759 0 +5.023083357e+000 -9.949769166e+002 -9.949769166e+002 -3.6176e+000 -2.4946e+000 -1.4167e+000
875 0 +3.191833946e+000 -9.968081661e+002 -9.968081661e+002 -4.5592e+000 -3.4644e+000 -1.1294e-001
1403 0 +3.123572429e+000 -9.968764276e+002 -9.968764276e+002 -4.5581e+000 -3.4660e+000 -1.1076e-001
1457 0 +3.070998635e+000 -9.969290014e+002 -9.969290014e+002 -4.5494e+000 -3.4419e+000 -1.4067e-001
1557 0 +2.454150270e+000 -9.975458497e+002 -9.975458497e+002 -4.5340e+000 -3.4375e+000 -1.2966e-001
1633 0 +2.273912413e+000 -9.977260876e+002 -9.977260876e+002 -4.5167e+000 -3.4166e+000 -1.5391e-001
1676 0 +2.108733431e+000 -9.978912666e+002 -9.978912666e+002 -4.5094e+000 -3.4397e+000 -1.3668e-001
1781 0 +2.020473406e+000 -9.979795266e+002 -9.979795266e+002 -4.5158e+000 -3.4354e+000 -1.4482e-001
2383 0 +1.992743311e+000 -9.980072567e+002 -9.980072567e+002 -4.5093e+000 -3.4278e+000 -1.5026e-001
% f evaluations | g evaluations | best noise-free fitness - Fopt (-9.247000000000e+001) + sum g_i+ | measured fitness | best measured fitness or single-digit g-values | x1 | x2...
1 0 +9.865433210e+001 +6.184332101e+000 +6.184332101e+000 +0.0000e+000 +0.0000e+000 +0.0000e+000
3 0 +9.524481731e+001 +2.774817306e+000 +2.774817306e+000 +1.2802e+000 -6.7534e-001 -1.6898e+000
9 0 +7.163050433e+001 -2.083949567e+001 -2.083949567e+001 +2.9965e+000 +3.3393e+000 +1.0187e+000
27 0 +4.294492390e+001 -4.952507610e+001 -4.952507610e+001 +4.0343e+000 -2.1221e+000 +3.6159e+000
104 0 +3.625073354e+001 -5.621926646e+001 -5.621926646e+001 +2.1894e+000 +8.2460e-001 -1.0173e+000
113 0 +2.854137568e+001 -6.392862432e+001 -6.392862432e+001 +3.7542e+000 -1.5808e-001 +1.8984e+000
118 0 +2.353492050e+001 -6.893507950e+001 -6.893507950e+001 +3.3263e+000 -1.8470e+000 +1.6188e+000
207 0 +1.885053832e+001 -7.361946168e+001 -7.361946168e+001 +2.3970e+000 -1.4054e+000 +3.8731e+000
359 0 +1.708822348e+001 -7.538177652e+001 -7.538177652e+001 +2.6223e+000 -1.7612e+000 +2.3749e+000
444 0 +1.687399558e+001 -7.559600442e+001 -7.559600442e+001 +3.2710e+000 -5.4297e-001 +3.7076e+000
473 0 +8.888235437e+000 -8.358176456e+001 -8.358176456e+001 +2.3427e+000 -4.5198e-001 +1.5988e+000
660 0 +7.087088491e+000 -8.538291151e+001 -8.538291151e+001 +2.3333e+000 -1.2179e+000 +2.8450e+000
766 0 +4.684190952e+000 -8.778580905e+001 -8.778580905e+001 +2.3074e+000 -1.1823e+000 +2.8149e+000
815 0 +2.031230133e+000 -9.043876987e+001 -9.043876987e+001 +2.6150e+000 -6.6221e-001 +2.8909e+000
1341 0 +1.317375618e+000 -9.115262438e+001 -9.115262438e+001 +2.5915e+000 -6.1563e-001 +2.8551e+000
1643 0 +1.206994039e+000 -9.126300596e+001 -9.126300596e+001 +2.6118e+000 -6.3325e-001 +2.8807e+000
1711 0 +1.128582156e+000 -9.134141784e+001 -9.134141784e+001 +2.6092e+000 -6.3487e-001 +2.8834e+000
1802 0 +1.079204663e+000 -9.139079534e+001 -9.139079534e+001 +2.6031e+000 -6.3238e-001 +2.8779e+000
2017 0 +1.029269440e+000 -9.144073056e+001 -9.144073056e+001 +2.6046e+000 -6.2449e-001 +2.8759e+000
2386 0 +9.995422420e-001 -9.147045776e+001 -9.147045776e+001 +2.6044e+000 -6.2374e-001 +2.8859e+000
% f evaluations | g evaluations | best noise-free fitness - Fopt (-2.153000000000e+002) + sum g_i+ | measured fitness | best measured fitness or single-digit g-values | x1 | x2...
1 0 +5.677705300e+001 -1.585229470e+002 -1.585229470e+002 +0.0000e+000 +0.0000e+000 +0.0000e+000
25 0 +4.933521359e+001 -1.659647864e+002 -1.659647864e+002 -1.3883e+000 +2.9721e+000 -2.1668e+000
30 0 +4.187979071e+001 -1.734202093e+002 -1.734202093e+002 -2.4558e+000 +4.3009e+000 -2.3281e+000
101 0 +2.943897623e+001 -1.858610238e+002 -1.858610238e+002 -2.6427e+000 +4.6552e+000 -1.7176e+000
247 0 +2.518313130e+001 -1.901168687e+002 -1.901168687e+002 -1.6509e+000 +4.0464e+000 -2.6434e+000
287 0 +1.212357330e+001 -2.031764267e+002 -2.031764267e+002 -2.6930e+000 +3.1605e+000 -2.3198e+000
291 0 +7.843901775e+000 -2.074560982e+002 -2.074560982e+002 -3.4582e+000 +4.5034e+000 -1.5037e+000
555 0 +6.016772609e+000 -2.092832274e+002 -2.092832274e+002 -3.5746e+000 +3.5266e+000 -2.3237e+000
934 0 +5.745802502e+000 -2.095541975e+002 -2.095541975e+002 -3.3712e+000 +3.6133e+000 -1.8225e+000
951 0 +4.738561199e+000 -2.105614388e+002 -2.105614388e+002 -3.5986e+000 +3.5444e+000 -2.2968e+000
1051 0 +4.561881497e+000 -2.107381185e+002 -2.107381185e+002 -3.6008e+000 +3.5639e+000 -2.3164e+000
1073 0 +3.225776771e+000 -2.120742232e+002 -2.120742232e+002 -2.5974e+000 +3.8082e+000 -1.1451e+000
1307 0 +2.852916105e+000 -2.124470839e+002 -2.124470839e+002 -4.0885e+000 +3.8531e+000 -1.8081e+000
1315 0 +2.568386541e+000 -2.127316135e+002 -2.127316135e+002 -2.9437e+000 +3.8797e+000 -1.6325e+000
1473 0 +2.334078778e+000 -2.129659212e+002 -2.129659212e+002 -2.9139e+000 +3.8580e+000 -1.6283e+000
1496 0 +1.095079743e+000 -2.142049203e+002 -2.142049203e+002 -2.9807e+000 +3.8733e+000 -1.6523e+000
2203 0 +1.038681902e+000 -2.142613181e+002 -2.142613181e+002 -2.9608e+000 +3.8733e+000 -1.6552e+000
2283 0 +1.012798412e+000 -2.142872016e+002 -2.142872016e+002 -2.9633e+000 +3.8713e+000 -1.6591e+000
2703 0 +9.969728995e-001 -2.143030271e+002 -2.143030271e+002 -2.9619e+000 +3.8700e+000 -1.6557e+000
% f evaluations | g evaluations | best noise-free fitness - Fopt (-5.449000000000e+001) + sum g_i+ | measured fitness | best measured fitness or single-digit g-values | x1 | x2...
1 0 +2.219120079e+002 +1.674220079e+002 +1.674220079e+002 +0.0000e+000 +0.0000e+000 +0.0000e+000
2 0 +3.826990062e+001 -1.622009938e+001 -1.622009938e+001 +3.7917e+000 -1.9142e+000 +1.9644e+000
61 0 +3.714000875e+001 -1.734999125e+001 -1.734999125e+001 +3.3937e+000 -3.6471e-001 -1.8821e+000
76 0 +1.073848120e+001 -4.375151880e+001 -4.375151880e+001 +3.8305e+000 -5.6134e-001 +4.0357e+000
286 0 +9.289668177e+000 -4.520033182e+001 -4.520033182e+001 +3.8017e+000 -7.6900e-001 +3.3382e+000
553 0 +8.329659775e+000 -4.616034023e+001 -4.616034023e+001 +3.6070e+000 -1.2068e+000 +3.2696e+000
694 0 +7.809627952e+000 -4.668037205e+001 -4.668037205e+001 +3.1391e+000 -1.2266e+000 +3.0586e+000
852 0 +7.161015199e+000 -4.732898480e+001 -4.732898480e+001 +3.4261e+000 -1.5147e+000 +3.3509e+000
1052 0 +6.145126306e+000 -4.834487369e+001 -4.834487369e+001 +3.4325e+000 -1.5179e+000 +3.3586e+000
1085 0 +5.583606802e+000 -4.890639320e+001 -4.890639320e+001 +3.4795e+000 -1.5271e+000 +3.3049e+000
1206 0 +4.191028244e+000 -5.029897176e+001 -5.029897176e+001 +3.0492e+000 -5.6788e-001 +2.4661e+000
1273 0 +2.891713783e+000 -5.159828622e+001 -5.159828622e+001 +3.6552e+000 -1.2245e+000 +3.1972e+000
1331 0 +2.037163344e+000 -5.245283666e+001 -5.245283666e+001 +3.6508e+000 -1.2042e+000 +3.2067e+000
2514 0 +1.992889641e+000 -5.249711036e+001 -5.249711036e+001 +3.6538e+000 -1.2012e+000 +3.2143e+000
3206 0 +1.294031712e+000 -5.319596829e+001 -5.319596829e+001 +3.3303e+000 -8.6143e-001 +2.8147e+000
3318 0 +1.196311291e+000 -5.329368871e+001 -5.329368871e+001 +3.3313e+000 -8.6385e-001 +2.8173e+000
3349 0 +1.083825823e+000 -5.340617418e+001 -5.340617418e+001 +3.3377e+000 -8.6589e-001 +2.8200e+000
3667 0 +1.058540000e+000 -5.343146000e+001 -5.343146000e+001 +3.3427e+000 -8.6598e-001 +2.8274e+000
3889 0 +1.040356225e+000 -5.344964377e+001 -5.344964377e+001 +3.3382e+000 -8.6738e-001 +2.8361e+000
4167 0 +1.019808636e+000 -5.347019136e+001 -5.347019136e+001 +3.3391e+000 -8.6623e-001 +2.8327e+000
5512 0 +9.994972533e-001 -5.349050275e+001 -5.349050275e+001 +3.3323e+000 -8.5659e-001 +2.8392e+000
% f evaluations | g evaluations | best noise-free fitness - Fopt (5.049000000000e+001) + sum g_i+ | measured fitness | best measured fitness or single-digit g-values | x1 | x2...
1 0 +1.102093613e+002 +1.606993613e+002 +1.606993613e+002 +0.0000e+000 +0.0000e+000 +0.0000e+000
15 0 +9.384341007e+001 +1.443334101e+002 +1.443334101e+002 +1.3283e+000 -1.7736e+000 +2.2181e+000
35 0 +8.917470591e+001 +1.396647059e+002 +1.396647059e+002 +1.2251e+000 +2.6718e-001 +5.0595e-002
51 0 +6.364397597e+001 +1.141339760e+002 +1.141339760e+002 +4.0394e+000 -2.7437e-001 -8.4717e-001
63 0 +4.134683500e+001 +9.183683500e+001 +9.183683500e+001 +2.1757e+000 +1.1407e+000 +1.0633e+000
127 0 +3.350128742e+001 +8.399128742e+001 +8.399128742e+001 +2.5812e+000 +1.5713e-001 +8.6756e-001
128 0 +3.145145660e+001 +8.194145660e+001 +8.194145660e+001 +3.1206e+000 +1.2358e+000 +4.0397e+000
217 0 +1.640476401e+001 +6.689476401e+001 +6.689476401e+001 +3.1175e+000 -7.2833e-001 +3.8691e+000
323 0 +1.188101399e+001 +6.237101399e+001 +6.237101399e+001 +4.7461e+000 -7.5796e-001 +3.6524e+000
459 0 +1.097945972e+001 +6.146945972e+001 +6.146945972e+001 +4.8006e+000 -7.2462e-001 +3.6499e+000
705 0 +1.072487564e+001 +6.121487564e+001 +6.121487564e+001 +2.8857e+000 +2.0823e-001 +3.1007e+000
709 0 +9.664251648e+000 +6.015425165e+001 +6.015425165e+001 +3.7802e+000 -3.5186e-002 +4.5853e+000
842 0 +8.396927789e+000 +5.888692779e+001 +5.888692779e+001 +4.1046e+000 -8.2800e-001 +4.2166e+000
1220 0 +7.432644016e+000 +5.792264402e+001 +5.792264402e+001 +3.8944e+000 +1.3692e-001 +3.6017e+000
1301 0 +5.880740774e+000 +5.637074077e+001 +5.637074077e+001 +3.0581e+000 -3.1126e-001 +4.3694e+000
1310 0 +5.049656255e+000 +5.553965625e+001 +5.553965625e+001 +3.0313e+000 -3.1639e-001 +4.3731e+000
1360 0 +4.150682441e+000 +5.464068244e+001 +5.464068244e+001 +3.4617e+000 -3.5238e-001 +3.9101e+000
1473 0 +2.057045271e+000 +5.254704527e+001 +5.254704527e+001 +3.4713e+000 -3.5699e-001 +3.8439e+000
1727 0 +1.830043099e+000 +5.232004310e+001 +5.232004310e+001 +3.5208e+000 -3.5413e-001 +3.7510e+000
1793 0 +1.808148732e+000 +5.229814873e+001 +5.229814873e+001 +3.4547e+000 -3.3295e-001 +3.7829e+000
1830 0 +1.663934359e+000 +5.215393436e+001 +5.215393436e+001 +3.4664e+000 -3.3470e-001 +3.8413e+000
1906 0 +1.314177042e+000 +5.180417704e+001 +5.180417704e+001 +3.4706e+000 -3.3724e-001 +3.8060e+000
2078 0 +1.164041995e+000 +5.165404199e+001 +5.165404199e+001 +3.5009e+000 -3.4829e-001 +3.7789e+000
2125 0 +1.115000639e+000 +5.160500064e+001 +5.160500064e+001 +3.5073e+000 -3.4393e-001 +3.7887e+000
2172 0 +1.079843092e+000 +5.156984309e+001 +5.156984309e+001 +3.5032e+000 -3.4428e-001 +3.8090e+000
2227 0 +1.057592057e+000 +5.154759206e+001 +5.154759206e+001 +3.4915e+000 -3.4771e-001 +3.8194e+000
2272 0 +1.007274901e+000 +5.149727490e+001 +5.149727490e+001 +3.4949e+000 -3.4224e-001 +3.8012e+000
2404 0 +9.992683452e-001 +5.148926835e+001 +5.148926835e+001 +3.4970e+000 -3.4523e-001 +3.8048e+000
% f evaluations | g evaluations | best noise-free fitness - Fopt (-3.641300000000e+002) + sum g_i+ | measured fitness | best measured fitness or single-digit g-values | x1 | x2...
1 0 +1.204089730e+002 -2.437210270e+002 -2.437210270e+002 +0.0000e+000 +0.0000e+000 +0.0000e+000
4 0 +2.293846266e+001 -3.411915373e+002 -3.411915373e+002 -2.1032e+000 +2.1207e+000 +2.1109e+000
35 0 +7.737190650e+000 -3.563928093e+002 -3.563928093e+002 -3.6702e+000 -1.0181e+000 +5.7780e-001
553 0 +5.639778924e+000 -3.584902211e+002 -3.584902211e+002 -5.0388e+000 -1.3643e+000 +1.2929e+000
670 0 +4.517131913e+000 -3.596128681e+002 -3.596128681e+002 -4.9743e+000 -1.3278e+000 +1.3444e+000
1021 0 +3.080214991e+000 -3.610497850e+002 -3.610497850e+002 -4.3602e+000 -1.0288e+000 +1.3069e+000
1223 0 +1.897684293e+000 -3.622323157e+002 -3.622323157e+002 -4.3717e+000 -1.0379e+000 +1.2626e+000
1449 0 +1.694050497e+000 -3.624359495e+002 -3.624359495e+002 -4.3653e+000 -1.0220e+000 +1.2812e+000
1457 0 +1.183200069e+000 -3.629467999e+002 -3.629467999e+002 -4.3794e+000 -1.0072e+000 +1.2686e+000
1589 0 +1.131877500e+000 -3.629981225e+002 -3.629981225e+002 -4.3641e+000 -9.7324e-001 +1.2546e+000
1620 0 +1.074687589e+000 -3.630553124e+002 -3.630553124e+002 -4.3503e+000 -9.6702e-001 +1.2723e+000
1729 0 +1.055280703e+000 -3.630747193e+002 -3.630747193e+002 -4.3551e+000 -9.7259e-001 +1.2731e+000
2075 0 +1.039819390e+000 -3.630901806e+002 -3.630901806e+002 -4.3515e+000 -9.6986e-001 +1.2658e+000
2296 0 +1.018406063e+000 -3.631115939e+002 -3.631115939e+002 -4.3543e+000 -9.7306e-001 +1.2668e+000
2441 0 +9.983267976e-001 -3.631316732e+002 -3.631316732e+002 -4.3589e+000 -9.7561e-001 +1.2649e+000
% f evaluations | g evaluations | best noise-free fitness - Fopt (1.592700000000e+002) + sum g_i+ | measured fitness | best measured fitness or single-digit g-values | x1 | x2...
1 0 +4.454241971e+002 +6.046941971e+002 +6.046941971e+002 +0.0000e+000 +0.0000e+000 +0.0000e+000
3 0 +3.008567753e+001 +1.893556775e+002 +1.893556775e+002 +2.7841e-001 -2.8334e+000 +3.9044e+000
7 0 +2.603317725e+001 +1.853031773e+002 +1.853031773e+002 -3.6364e+000 -1.8935e+000 +4.3013e+000
79 0 +9.937212649e+000 +1.692072126e+002 +1.692072126e+002 -1.1033e+000 -1.6113e+000 +3.6354e+000
446 0 +7.665492749e+000 +1.669354927e+002 +1.669354927e+002 -1.3004e+000 -1.6630e+000 +3.5813e+000
790 0 +5.799023994e+000 +1.650690240e+002 +1.650690240e+002 -1.8147e+000 -1.4940e+000 +3.9594e+000
864 0 +2.890975088e+000 +1.621609751e+002 +1.621609751e+002 -1.7028e+000 -1.4797e+000 +3.9813e+000
955 0 +1.039879753e+000 +1.603098798e+002 +1.603098798e+002 -2.1534e+000 -1.1651e+000 +3.9598e+000
1373 0 +3.065525489e-001 +1.595765525e+002 +1.595765525e+002 -1.6564e+000 -1.4673e+000 +3.9450e+000
1573 0 +1.180479281e-001 +1.593880479e+002 +1.593880479e+002 -1.6821e+000 -1.4515e+000 +3.9423e+000
1768 0 +6.274691446e-002 +1.593327469e+002 +1.593327469e+002 -1.6742e+000 -1.4501e+000 +3.9424e+000
2028 0 +6.095390844e-003 +1.592760954e+002 +1.592760954e+002 -1.6646e+000 -1.4486e+000 +3.9457e+000
2447 0 +4.525694247e-003 +1.592745257e+002 +1.592745257e+002 -1.6668e+000 -1.4474e+000 +3.9459e+000
2502 0 +4.382843829e-003 +1.592743828e+002 +1.592743828e+002 -1.6655e+000 -1.4478e+000 +3.9457e+000
2649 0 +4.257023775e-003 +1.592742570e+002 +1.592742570e+002 -1.6645e+000 -1.4491e+000 +3.9464e+000
2688 0 +2.932378539e-003 +1.592729324e+002 +1.592729324e+002 -1.6653e+000 -1.4480e+000 +3.9461e+000
2740 0 +2.288461786e-003 +1.592722885e+002 +1.592722885e+002 -1.6651e+000 -1.4485e+000 +3.9465e+000
2843 0 +1.317130267e-003 +1.592713171e+002 +1.592713171e+002 -1.6645e+000 -1.4478e+000 +3.9477e+000
2902 0 +1.049076567e-003 +1.592710491e+002 +1.592710491e+002 -1.6652e+000 -1.4477e+000 +3.9467e+000
2928 0 +9.671434487e-004 +1.592709671e+002 +1.592709671e+002 -1.6654e+000 -1.4479e+000 +3.9470e+000
3060 0 +8.877625484e-004 +1.592708878e+002 +1.592708878e+002 -1.6651e+000 -1.4480e+000 +3.9472e+000
3133 0 +8.293974469e-004 +1.592708294e+002 +1.592708294e+002 -1.6651e+000 -1.4475e+000 +3.9468e+000
3140 0 +7.016889431e-004 +1.592707017e+002 +1.592707017e+002 -1.6642e+000 -1.4472e+000 +3.9467e+000
3236 0 +6.329483403e-004 +1.592706329e+002 +1.592706329e+002 -1.6654e+000 -1.4474e+000 +3.9473e+000
3340 0 +3.079005053e-004 +1.592703079e+002 +1.592703079e+002 -1.6649e+000 -1.4466e+000 +3.9470e+000
3482 0 +2.073951005e-004 +1.592702074e+002 +1.592702074e+002 -1.6649e+000 -1.4466e+000 +3.9471e+000
3525 0 +1.519616922e-004 +1.592701520e+002 +1.592701520e+002 -1.6635e+000 -1.4464e+000 +3.9470e+000
3608 0 +1.138745699e-004 +1.592701139e+002 +1.592701139e+002 -1.6644e+000 -1.4462e+000 +3.9472e+000
3613 0 +7.142504293e-005 +1.592700714e+002 +1.592700714e+002 -1.6640e+000 -1.4461e+000 +3.9471e+000
3688 0 +5.506426302e-005 +1.592700551e+002 +1.592700551e+002 -1.6637e+000 -1.4465e+000 +3.9472e+000
3736 0 +4.926580260e-005 +1.592700493e+002 +1.592700493e+002 -1.6642e+000 -1.4467e+000 +3.9473e+000
3802 0 +4.395026676e-005 +1.592700440e+002 +1.592700440e+002 -1.6642e+000 -1.4467e+000 +3.9472e+000
3808 0 +3.083376950e-005 +1.592700308e+002 +1.592700308e+002 -1.6637e+000 -1.4463e+000 +3.9472e+000
3828 0 +2.725910554e-005 +1.592700273e+002 +1.592700273e+002 -1.6641e+000 -1.4467e+000 +3.9472e+000
3829 0 +7.695443202e-006 +1.592700077e+002 +1.592700077e+002 -1.6641e+000 -1.4464e+000 +3.9473e+000
3988 0 +7.194685310e-006 +1.592700072e+002 +1.592700072e+002 -1.6640e+000 -1.4465e+000 +3.9472e+000
4029 0 +6.164305603e-006 +1.592700062e+002 +1.592700062e+002 -1.6640e+000 -1.4465e+000 +3.9472e+000
4188 0 +5.810206716e-006 +1.592700058e+002 +1.592700058e+002 -1.6641e+000 -1.4465e+000 +3.9472e+000
4260 0 +4.376489528e-006 +1.592700044e+002 +1.592700044e+002 -1.6641e+000 -1.4465e+000 +3.9472e+000
4305 0 +2.743289969e-006 +1.592700027e+002 +1.592700027e+002 -1.6640e+000 -1.4465e+000 +3.9472e+000
4413 0 +5.484884014e-007 +1.592700005e+002 +1.592700005e+002 -1.6640e+000 -1.4464e+000 +3.9472e+000
4647 0 +1.412805943e-007 +1.592700001e+002 +1.592700001e+002 -1.6640e+000 -1.4464e+000 +3.9472e+000
4725 0 +3.797831027e-008 +1.592700000e+002 +1.592700000e+002 -1.6640e+000 -1.4464e+000 +3.9472e+000
4824 0 +1.141256689e-008 +1.592700000e+002 +1.592700000e+002 -1.6640e+000 -1.4464e+000 +3.9472e+000
5200 0 +3.139604132e-009 +1.592700000e+002 +1.592700000e+002 -1.6640e+000 -1.4464e+000 +3.9472e+000
7564 0 +0.000000000e+000 +1.592700000e+002 +1.592700000e+002 -1.6640e+000 -1.4464e+000 +3.9472e+000
