% f evaluations | g evaluations | best noise-free fitness - Fopt (-6.211100000000e+002) + sum g_i+ | measured fitness | best measured fitness or single-digit g-values | x1 | x2...
1 0 +2.538036525e+008 +2.538030314e+008 +2.538030314e+008 +0.0000e+000 +0.0000e+000
2 0 +7.940245326e+006 +7.939624216e+006 +7.939624216e+006 +1.9771e+000 +2.1484e+000
4 0 +3.732432362e+005 +3.726221262e+005 +3.726221262e+005 -2.7946e+000 +4.5927e+000
11 0 +3.517765835e+005 +3.511554735e+005 +3.511554735e+005 +1.2387e+000 +3.3097e+000
12 0 +2.915087789e+005 +2.908876689e+005 +2.908876689e+005 -1.6503e+000 +4.5274e+000
13 0 +2.390278183e+004 +2.328167183e+004 +2.328167183e+004 +6.4371e-001 +4.1534e+000
35 0 +5.007801614e+003 +4.386691614e+003 +4.386691614e+003 -2.5050e+000 +3.8794e+000
311 0 +3.532411108e+003 +2.911301108e+003 +2.911301108e+003 +5.4189e-001 +4.0577e+000
334 0 +2.836787869e+003 +2.215677869e+003 +2.215677869e+003 -2.0603e+000 +3.9080e+000
342 0 +2.084375501e+003 +1.463265501e+003 +1.463265501e+003 -1.3690e+000 +3.9236e+000
453 0 +6.218080881e+002 +6.980880866e-001 +6.980880866e-001 -1.2830e+000 +4.0142e+000
483 0 +4.119470678e+002 -2.091629322e+002 -2.091629322e+002 +1.8448e+000 +4.0249e+000
493 0 +6.317159211e+001 -5.579384079e+002 -5.579384079e+002 -1.4681e+000 +3.9778e+000
571 0 +1.175084419e+001 -6.093591558e+002 -6.093591558e+002 -3.6148e+000 +3.9787e+000
717 0 +8.398497802e+000 -6.127115022e+002 -6.127115022e+002 -4.5733e-002 +3.9982e+000
853 0 +7.487465360e+000 -6.136225346e+002 -6.136225346e+002 +1.4108e+000 +4.0012e+000
967 0 +6.057560597e+000 -6.150524394e+002 -6.150524394e+002 -2.0632e-001 +3.9922e+000
1133 0 +3.653741698e+000 -6.174562583e+002 -6.174562583e+002 -7.2335e-001 +3.9899e+000
1149 0 +2.523773675e+000 -6.185862263e+002 -6.185862263e+002 +4.0162e-001 +3.9967e+000
1363 0 +1.289384945e+000 -6.198206151e+002 -6.198206151e+002 -1.3536e+000 +3.9899e+000
1371 0 +6.099085121e-001 -6.205000915e+002 -6.205000915e+002 -1.2270e-001 +3.9952e+000
1572 0 +3.684636169e-001 -6.207415364e+002 -6.207415364e+002 -6.7362e-001 +3.9917e+000
1663 0 +1.442249502e-001 -6.209657750e+002 -6.209657750e+002 -1.1377e+000 +3.9896e+000
1772 0 +1.756647988e-003 -6.211082434e+002 -6.211082434e+002 -8.6418e-001 +3.9914e+000
2363 0 +2.211978689e-004 -6.211097788e+002 -6.211097788e+002 -8.9427e-001 +3.9912e+000
2763 0 +2.783409786e-005 -6.211099722e+002 -6.211099722e+002 -8.9689e-001 +3.9912e+000
3020 0 +1.316333908e-005 -6.211099868e+002 -6.211099868e+002 -8.8914e-001 +3.9912e+000
3259 0 +7.991094208e-006 -6.211099920e+002 -6.211099920e+002 -8.9111e-001 +3.9912e+000
3463 0 +2.260472229e-006 -6.211099977e+002 -6.211099977e+002 -8.9274e-001 +3.9912e+000
3499 0 +1.018392027e-006 -6.211099990e+002 -6.211099990e+002 -8.9301e-001 +3.9912e+000
3756 0 +3.591013638e-007 -6.211099996e+002 -6.211099996e+002 -8.9140e-001 +3.9912e+000
3863 0 +5.210597465e-008 -6.211099999e+002 -6.211099999e+002 -8.9183e-001 +3.9912e+000
4056 0 +4.847345281e-008 -6.211100000e+002 -6.211100000e+002 -8.9217e-001 +3.9912e+000
4356 0 +4.645835361e-008 -6.211100000e+002 -6.211100000e+002 -8.9212e-001 +3.9912e+000
4384 0 +3.426248441e-008 -6.211100000e+002 -6.211100000e+002 -8.9217e-001 +3.9912e+000
4456 0 +3.040156571e-008 -6.211100000e+002 -6.211100000e+002 -8.9217e-001 +3.9912e+000
4656 0 +2.755018613e-008 -6.211100000e+002 -6.211100000e+002 -8.9217e-001 +3.9912e+000
4663 0 +2.509091246e-008 -6.211100000e+002 -6.211100000e+002 -8.9196e-001 +3.9912e+000
4699 0 +9.066752682e-009 -6.211100000e+002 -6.211100000e+002 -8.9193e-001 +3.9912e+000
6963 0 +0.000000000e+000 -6.211100000e+002 -6.211100000e+002 -8.9200e-001 +3.9912e+000
% f evaluations | g evaluations | best noise-free fitness - Fopt (-2.548200000000e+002) + sum g_i+ | measured fitness | best measured fitness or single-digit g-values | x1 | x2...
1 0 +2.881702870e+008 +2.881700322e+008 +2.881700322e+008 +0.0000e+000 +0.0000e+000
2 0 +1.345322142e+008 +1.345319594e+008 +1.345319594e+008 +3.8391e+000 -3.7389e+000
4 0 +9.976631011e+007 +9.976605529e+007 +9.976605529e+007 +1.8584e+000 -8.4776e-001
7 0 +4.249087281e+007 +4.249061799e+007 +4.249061799e+007 +4.8721e+000 -2.2099e+000
8 0 +4.214877427e+006 +4.214622607e+006 +4.214622607e+006 +4.5656e+000 +1.6662e+000
9 0 +1.363354483e+006 +1.363099663e+006 +1.363099663e+006 +2.5335e+000 +4.8752e+000
18 0 +1.537420578e+005 +1.534872378e+005 +1.534872378e+005 +3.0188e+000 +3.3367e+000
20 0 +3.299291679e+004 +3.273809679e+004 +3.273809679e+004 +4.4081e+000 +3.5792e+000
37 0 +8.916857784e+003 +8.662037784e+003 +8.662037784e+003 +4.0973e+000 +3.8552e+000
57 0 +6.138376619e+002 +3.590176619e+002 +3.590176619e+002 +3.0551e+000 +3.6847e+000
235 0 +1.223977111e+002 -1.324222889e+002 -1.324222889e+002 +6.2156e+000 +3.7500e+000
609 0 +3.852544491e+001 -2.162945551e+002 -2.162945551e+002 +5.5398e+000 +3.7667e+000
627 0 +8.802691108e+000 -2.460173089e+002 -2.460173089e+002 +5.8293e+000 +3.7629e+000
699 0 +2.242311848e+000 -2.525776882e+002 -2.525776882e+002 +5.1625e+000 +3.7603e+000
1376 0 +1.442090339e-001 -2.546757910e+002 -2.546757910e+002 +4.0825e+000 +3.7610e+000
2159 0 +9.162302727e-002 -2.547283770e+002 -2.547283770e+002 +4.0414e+000 +3.7608e+000
2209 0 +6.827481266e-002 -2.547517252e+002 -2.547517252e+002 +3.9837e+000 +3.7607e+000
2354 0 +4.075806292e-002 -2.547792419e+002 -2.547792419e+002 +3.8745e+000 +3.7610e+000
2454 0 +1.100486640e-002 -2.548089951e+002 -2.548089951e+002 +3.8223e+000 +3.7609e+000
2554 0 +3.617191375e-003 -2.548163828e+002 -2.548163828e+002 +3.7962e+000 +3.7608e+000
2654 0 +1.795584674e-003 -2.548182044e+002 -2.548182044e+002 +3.7831e+000 +3.7608e+000
2754 0 +1.352839026e-003 -2.548186472e+002 -2.548186472e+002 +3.7766e+000 +3.7608e+000
2838 0 +1.904550479e-004 -2.548198095e+002 -2.548198095e+002 +3.7402e+000 +3.7608e+000
3075 0 +9.156186223e-006 -2.548199908e+002 -2.548199908e+002 +3.7414e+000 +3.7608e+000
3772 0 +2.137483108e-006 -2.548199979e+002 -2.548199979e+002 +3.7401e+000 +3.7608e+000
3972 0 +8.014706339e-007 -2.548199992e+002 -2.548199992e+002 +3.7401e+000 +3.7608e+000
4326 0 +6.738024751e-007 -2.548199993e+002 -2.548199993e+002 +3.7401e+000 +3.7608e+000
4511 0 +4.314563853e-007 -2.548199996e+002 -2.548199996e+002 +3.7402e+000 +3.7608e+000
4872 0 +4.227377417e-007 -2.548199996e+002 -2.548199996e+002 +3.7402e+000 +3.7608e+000
4938 0 +3.838320595e-007 -2.548199996e+002 -2.548199996e+002 +3.7401e+000 +3.7608e+000
5569 0 +3.002700737e-007 -2.548199997e+002 -2.548199997e+002 +3.7402e+000 +3.7608e+000
5800 0 +2.698028254e-007 -2.548199997e+002 -2.548199997e+002 +3.7403e+000 +3.7608e+000
5900 0 +2.491106841e-007 -2.548199998e+002 -2.548199998e+002 +3.7403e+000 +3.7608e+000
5989 0 +2.261190559e-007 -2.548199998e+002 -2.548199998e+002 +3.7403e+000 +3.7608e+000
6138 0 +1.751992897e-007 -2.548199998e+002 -2.548199998e+002 +3.7404e+000 +3.7608e+000
6338 0 +1.715693543e-007 -2.548199998e+002 -2.548199998e+002 +3.7404e+000 +3.7608e+000
6400 0 +1.648755301e-007 -2.548199998e+002 -2.548199998e+002 +3.7404e+000 +3.7608e+000
6469 0 +1.593344052e-007 -2.548199998e+002 -2.548199998e+002 +3.7404e+000 +3.7608e+000
6482 0 +1.547703903e-007 -2.548199998e+002 -2.548199998e+002 +3.7404e+000 +3.7608e+000
6638 0 +1.468080484e-007 -2.548199999e+002 -2.548199999e+002 +3.7404e+000 +3.7608e+000
6689 0 +1.434241881e-007 -2.548199999e+002 -2.548199999e+002 +3.7404e+000 +3.7608e+000
6692 0 +1.311582025e-007 -2.548199999e+002 -2.548199999e+002 +3.7404e+000 +3.7608e+000
6838 0 +1.268913081e-007 -2.548199999e+002 -2.548199999e+002 +3.7404e+000 +3.7608e+000
6859 0 +1.010395181e-007 -2.548199999e+002 -2.548199999e+002 +3.7405e+000 +3.7608e+000
6938 0 +9.896945130e-008 -2.548199999e+002 -2.548199999e+002 +3.7405e+000 +3.7608e+000
7038 0 +8.954705777e-008 -2.548199999e+002 -2.548199999e+002 +3.7405e+000 +3.7608e+000
7138 0 +8.436359167e-008 -2.548199999e+002 -2.548199999e+002 +3.7405e+000 +3.7608e+000
7211 0 +7.892663234e-008 -2.548199999e+002 -2.548199999e+002 +3.7405e+000 +3.7608e+000
7230 0 +4.005343612e-008 -2.548200000e+002 -2.548200000e+002 +3.7406e+000 +3.7608e+000
7432 0 +3.187480502e-008 -2.548200000e+002 -2.548200000e+002 +3.7406e+000 +3.7608e+000
7437 0 +2.987241032e-008 -2.548200000e+002 -2.548200000e+002 +3.7406e+000 +3.7608e+000
7540 0 +2.783394848e-008 -2.548200000e+002 -2.548200000e+002 +3.7407e+000 +3.7608e+000
7568 0 +2.299810831e-008 -2.548200000e+002 -2.548200000e+002 +3.7406e+000 +3.7608e+000
7583 0 +1.974635211e-008 -2.548200000e+002 -2.548200000e+002 +3.7407e+000 +3.7608e+000
7744 0 +1.372319502e-008 -2.548200000e+002 -2.548200000e+002 +3.7407e+000 +3.7608e+000
7840 0 +1.320933052e-008 -2.548200000e+002 -2.548200000e+002 +3.7407e+000 +3.7608e+000
7940 0 +1.317263809e-008 -2.548200000e+002 -2.548200000e+002 +3.7407e+000 +3.7608e+000
7944 0 +1.263916261e-008 -2.548200000e+002 -2.548200000e+002 +3.7407e+000 +3.7608e+000
7946 0 +1.184807275e-008 -2.548200000e+002 -2.548200000e+002 +3.7407e+000 +3.7608e+000
8046 0 +6.609894854e-009 -2.548200000e+002 -2.548200000e+002 +3.7407e+000 +3.7608e+000
% f evaluations | g evaluations | best noise-free fitness - Fopt (5.661000000000e+001) + sum g_i+ | measured fitness | best measured fitness or single-digit g-values | x1 | x2...
1 0 +1.170257328e+008 +1.170257894e+008 +1.170257894e+008 +0.0000e+000 +0.0000e+000
2 0 +6.051267604e+007 +6.051273265e+007 +6.051273265e+007 +7.6004e-001 -8.2666e-001
6 0 +9.499484453e+006 +9.499541063e+006 +9.499541063e+006 +4.2831e+000 -4.4552e+000
7 0 +2.058345213e+005 +2.058911313e+005 +2.058911313e+005 -2.6415e+000 -2.5992e+000
19 0 +2.876955420e+004 +2.882616420e+004 +2.882616420e+004 -4.0564e+000 -1.7928e+000
167 0 +1.162760262e+004 +1.168421262e+004 +1.168421262e+004 -6.6773e+000 -2.7236e-001
196 0 +7.390941268e+003 +7.447551268e+003 +7.447551268e+003 -4.1060e-001 -5.0000e+000
208 0 +1.308565170e+003 +1.365175170e+003 +1.365175170e+003 -1.5488e+000 -3.9830e+000
258 0 +1.060094478e+003 +1.116704478e+003 +1.116704478e+003 -3.2194e-001 -5.0000e+000
351 0 +7.124601898e+002 +7.690701898e+002 +7.690701898e+002 -3.1212e-001 -5.0000e+000
428 0 +6.033308219e+002 +6.599408219e+002 +6.599408219e+002 -2.2866e-001 -5.0000e+000
448 0 +1.036457104e+002 +1.602557104e+002 +1.602557104e+002 -4.8772e-001 -4.8453e+000
502 0 +2.996909105e+001 +8.657909105e+001 +8.657909105e+001 -2.7376e-001 -5.0000e+000
515 0 +1.843708090e+000 +5.845370809e+001 +5.845370809e+001 -3.2915e+000 -2.7042e+000
719 0 +5.997993909e-002 +5.666997994e+001 +5.666997994e+001 -3.9305e+000 -2.2046e+000
1470 0 +4.252851890e-002 +5.665252852e+001 +5.665252852e+001 -3.9290e+000 -2.2069e+000
1884 0 +3.920999198e-002 +5.664920999e+001 +5.664920999e+001 -3.9941e+000 -2.1412e+000
2095 0 +2.579470342e-002 +5.663579470e+001 +5.663579470e+001 -3.9691e+000 -2.1663e+000
2164 0 +1.206178849e-002 +5.662206179e+001 +5.662206179e+001 -3.9319e+000 -2.2035e+000
2236 0 +1.163897326e-002 +5.662163897e+001 +5.662163897e+001 -3.9139e+000 -2.2217e+000
2364 0 +1.066792095e-002 +5.662066792e+001 +5.662066792e+001 -3.9263e+000 -2.2091e+000
2456 0 +5.160675890e-003 +5.661516068e+001 +5.661516068e+001 -3.8720e+000 -2.2622e+000
2632 0 +3.400813778e-003 +5.661340081e+001 +5.661340081e+001 -3.8905e+000 -2.2445e+000
2856 0 +2.136039430e-003 +5.661213604e+001 +5.661213604e+001 -3.8856e+000 -2.2493e+000
2906 0 +1.803829635e-003 +5.661180383e+001 +5.661180383e+001 -3.8662e+000 -2.2676e+000
3095 0 +8.050955717e-004 +5.661080510e+001 +5.661080510e+001 -3.8725e+000 -2.2618e+000
3517 0 +7.941837396e-004 +5.661079418e+001 +5.661079418e+001 -3.8729e+000 -2.2615e+000
3686 0 +3.622693984e-004 +5.661036227e+001 +5.661036227e+001 -3.8591e+000 -2.2741e+000
3754 0 +1.985793302e-004 +5.661019858e+001 +5.661019858e+001 -3.8621e+000 -2.2714e+000
3931 0 +1.870754476e-004 +5.661018708e+001 +5.661018708e+001 -3.8609e+000 -2.2725e+000
4131 0 +1.701021287e-004 +5.661017010e+001 +5.661017010e+001 -3.8604e+000 -2.2729e+000
4142 0 +1.187358770e-004 +5.661011874e+001 +5.661011874e+001 -3.8579e+000 -2.2751e+000
4220 0 +6.049963318e-005 +5.661006050e+001 +5.661006050e+001 -3.8456e+000 -2.2851e+000
4501 0 +3.937296179e-005 +5.661003937e+001 +5.661003937e+001 -3.8462e+000 -2.2846e+000
4923 0 +1.942442615e-005 +5.661001942e+001 +5.661001942e+001 -3.8506e+000 -2.2812e+000
5020 0 +1.795013958e-005 +5.661001795e+001 +5.661001795e+001 -3.8481e+000 -2.2832e+000
5223 0 +7.788687746e-006 +5.661000779e+001 +5.661000779e+001 -3.8493e+000 -2.2823e+000
5292 0 +2.607023546e-006 +5.661000261e+001 +5.661000261e+001 -3.8506e+000 -2.2812e+000
5322 0 +1.957817808e-006 +5.661000196e+001 +5.661000196e+001 -3.8503e+000 -2.2815e+000
5571 0 +1.848711634e-006 +5.661000185e+001 +5.661000185e+001 -3.8522e+000 -2.2800e+000
5908 0 +6.539239408e-007 +5.661000065e+001 +5.661000065e+001 -3.8518e+000 -2.2803e+000
6298 0 +5.826976519e-007 +5.661000058e+001 +5.661000058e+001 -3.8506e+000 -2.2812e+000
6460 0 +4.445418469e-007 +5.661000044e+001 +5.661000044e+001 -3.8509e+000 -2.2811e+000
6514 0 +3.613402981e-007 +5.661000036e+001 +5.661000036e+001 -3.8509e+000 -2.2810e+000
6560 0 +3.536619744e-007 +5.661000035e+001 +5.661000035e+001 -3.8510e+000 -2.2810e+000
6601 0 +3.430876632e-007 +5.661000034e+001 +5.661000034e+001 -3.8512e+000 -2.2808e+000
6608 0 +1.954608138e-007 +5.661000020e+001 +5.661000020e+001 -3.8515e+000 -2.2805e+000
6657 0 +1.120221427e-007 +5.661000011e+001 +5.661000011e+001 -3.8512e+000 -2.2808e+000
6766 0 +2.740011240e-008 +5.661000003e+001 +5.661000003e+001 -3.8513e+000 -2.2808e+000
7141 0 +6.104478700e-009 +5.661000001e+001 +5.661000001e+001 -3.8512e+000 -2.2808e+000
9007 0 +0.000000000e+000 +5.661000000e+001 +5.661000000e+001 -3.8512e+000 -2.2808e+000
% f evaluations | g evaluations | best noise-free fitness - Fopt (-1.810000000000e+001) + sum g_i+ | measured fitness | best measured fitness or single-digit g-values | x1 | x2...
1 0 +3.264899073e+005 +3.264718073e+005 +3.264718073e+005 +0.0000e+000 +0.0000e+000
4 0 +1.199890114e+004 +1.198080114e+004 +1.198080114e+004 -2.1806e+000 +1.0086e+000
46 0 +5.629404703e+003 +5.611304703e+003 +5.611304703e+003 -1.7568e+000 +1.0573e+000
72 0 +1.900032755e+003 +1.881932755e+003 +1.881932755e+003 +3.0590e+000 -1.2829e-001
246 0 +4.125086929e+001 +2.315086929e+001 +2.315086929e+001 +2.7418e+000 -2.0061e-002
609 0 +2.769512926e+001 +9.595129259e+000 +9.595129259e+000 +4.3198e-001 +4.9573e-001
958 0 +9.987918823e+000 -8.112081177e+000 -8.112081177e+000 +2.3755e+000 +6.4774e-002
1025 0 +6.364938945e+000 -1.173506105e+001 -1.173506105e+001 +9.1179e-001 +3.8759e-001
1125 0 +5.849465321e+000 -1.225053468e+001 -1.225053468e+001 +9.6943e-001 +3.7112e-001
1325 0 +3.867207934e+000 -1.423279207e+001 -1.423279207e+001 +9.5926e-001 +3.7403e-001
1358 0 +2.959729481e+000 -1.514027052e+001 -1.514027052e+001 +1.0651e+000 +3.5197e-001
1591 0 +2.142868047e+000 -1.595713195e+001 -1.595713195e+001 -1.9440e-001 +6.2595e-001
1650 0 +6.932647144e-001 -1.740673529e+001 -1.740673529e+001 +4.2991e-002 +5.7499e-001
1848 0 +4.606626937e-001 -1.763933731e+001 -1.763933731e+001 +4.2891e-002 +5.7560e-001
1892 0 +1.385242987e-001 -1.796147570e+001 -1.796147570e+001 -2.7051e-001 +6.4415e-001
2192 0 +1.295125954e-001 -1.797048740e+001 -1.797048740e+001 -2.7287e-001 +6.4463e-001
2392 0 +1.177105286e-001 -1.798228947e+001 -1.798228947e+001 -2.8069e-001 +6.4621e-001
2465 0 +3.430447628e-002 -1.806569552e+001 -1.806569552e+001 -4.7399e-001 +6.8863e-001
2627 0 +2.985321332e-002 -1.807014679e+001 -1.807014679e+001 -4.6342e-001 +6.8611e-001
2678 0 +2.532589980e-002 -1.807467410e+001 -1.807467410e+001 -4.6196e-001 +6.8584e-001
2777 0 +1.533475462e-002 -1.808466525e+001 -1.808466525e+001 -5.5480e-001 +7.0606e-001
2792 0 +1.442441355e-002 -1.808557559e+001 -1.808557559e+001 -5.1069e-001 +6.9659e-001
2892 0 +6.300132287e-003 -1.809369987e+001 -1.809369987e+001 -5.3739e-001 +7.0236e-001
2987 0 +3.670957153e-003 -1.809632904e+001 -1.809632904e+001 -6.3776e-001 +7.2360e-001
3020 0 +6.143743600e-004 -1.809938563e+001 -1.809938563e+001 -6.2497e-001 +7.2124e-001
3054 0 +5.611993956e-004 -1.809943880e+001 -1.809943880e+001 -6.2350e-001 +7.2096e-001
3387 0 +5.480539749e-004 -1.809945195e+001 -1.809945195e+001 -6.4161e-001 +7.2438e-001
3625 0 +6.678380332e-005 -1.809993322e+001 -1.809993322e+001 -6.0704e-001 +7.1759e-001
4219 0 +2.145973305e-005 -1.809997854e+001 -1.809997854e+001 -6.1180e-001 +7.1864e-001
4482 0 +8.030331639e-006 -1.809999197e+001 -1.809999197e+001 -6.1179e-001 +7.1863e-001
4619 0 +5.064301238e-006 -1.809999494e+001 -1.809999494e+001 -6.1221e-001 +7.1872e-001
4782 0 +3.369670885e-006 -1.809999663e+001 -1.809999663e+001 -6.1289e-001 +7.1887e-001
4877 0 +2.531994632e-006 -1.809999747e+001 -1.809999747e+001 -6.1285e-001 +7.1886e-001
4893 0 +2.445429949e-006 -1.809999755e+001 -1.809999755e+001 -6.1333e-001 +7.1897e-001
4933 0 +7.151032442e-007 -1.809999928e+001 -1.809999928e+001 -6.1364e-001 +7.1903e-001
5119 0 +1.646954644e-007 -1.809999984e+001 -1.809999984e+001 -6.1400e-001 +7.1911e-001
5219 0 +1.737463862e-008 -1.809999998e+001 -1.809999998e+001 -6.1428e-001 +7.1917e-001
5319 0 +1.321831178e-008 -1.809999999e+001 -1.809999999e+001 -6.1442e-001 +7.1920e-001
5619 0 +4.324199665e-009 -1.810000000e+001 -1.810000000e+001 -6.1439e-001 +7.1920e-001
8930 0 +0.000000000e+000 -1.810000000e+001 -1.810000000e+001 -6.1440e-001 +7.1920e-001
% f evaluations | g evaluations | best noise-free fitness - Fopt (3.777000000000e+001) + sum g_i+ | measured fitness | best measured fitness or single-digit g-values | x1 | x2...
1 0 +4.240305599e+006 +4.240343369e+006 +4.240343369e+006 +0.0000e+000 +0.0000e+000
3 0 +1.884951428e+006 +1.884989198e+006 +1.884989198e+006 -4.2739e+000 +3.4321e+000
7 0 +1.016394117e+006 +1.016431887e+006 +1.016431887e+006 +3.6558e+000 +9.7462e-001
13 0 +7.515642667e+005 +7.516020367e+005 +7.516020367e+005 +4.1813e+000 -9.6637e-002
14 0 +1.242177147e+005 +1.242554847e+005 +1.242554847e+005 -3.8408e+000 +1.7068e+000
34 0 +4.284992547e+004 +4.288769547e+004 +4.288769547e+004 -3.5008e+000 +2.2662e+000
52 0 +2.688035316e+003 +2.725805316e+003 +2.725805316e+003 -2.7529e-001 +2.0828e+000
224 0 +1.243303512e+002 +1.621003512e+002 +1.621003512e+002 -2.6593e+000 +2.0482e+000
756 0 +5.402422544e+001 +9.179422544e+001 +9.179422544e+001 -4.2338e+000 +2.0526e+000
801 0 +6.758344589e+000 +4.452834459e+001 +4.452834459e+001 -3.4267e+000 +2.0583e+000
1262 0 +4.313640227e+000 +4.208364023e+001 +4.208364023e+001 -2.6132e+000 +2.0605e+000
1305 0 +3.463815535e+000 +4.123381554e+001 +4.123381554e+001 -2.8398e+000 +2.0592e+000
1852 0 +2.789719458e+000 +4.055971946e+001 +4.055971946e+001 -2.6207e+000 +2.0595e+000
1965 0 +2.228228173e+000 +3.999822817e+001 +3.999822817e+001 -2.4706e+000 +2.0591e+000
2047 0 +1.679091839e+000 +3.944909184e+001 +3.944909184e+001 -2.2715e+000 +2.0591e+000
2243 0 +1.224755803e+000 +3.899475580e+001 +3.899475580e+001 -1.8726e+000 +2.0585e+000
2316 0 +1.171512534e+000 +3.894151253e+001 +3.894151253e+001 -1.9931e+000 +2.0596e+000
2395 0 +8.681291429e-001 +3.863812914e+001 +3.863812914e+001 -1.9109e+000 +2.0592e+000
2428 0 +4.189454534e-001 +3.818894545e+001 +3.818894545e+001 -1.6235e+000 +2.0591e+000
2554 0 +4.153721216e-001 +3.818537212e+001 +3.818537212e+001 -1.6235e+000 +2.0592e+000
2572 0 +3.038196091e-001 +3.807381961e+001 +3.807381961e+001 -1.5285e+000 +2.0592e+000
2616 0 +2.186640393e-001 +3.798866404e+001 +3.798866404e+001 -1.4440e+000 +2.0593e+000
2672 0 +1.790963879e-001 +3.794909639e+001 +3.794909639e+001 -1.4024e+000 +2.0592e+000
2716 0 +1.636993296e-001 +3.793369933e+001 +3.793369933e+001 -1.3724e+000 +2.0591e+000
2752 0 +1.174575779e-001 +3.788745758e+001 +3.788745758e+001 -1.3219e+000 +2.0592e+000
2833 0 +1.107567224e-001 +3.788075672e+001 +3.788075672e+001 -1.3024e+000 +2.0593e+000
2836 0 +8.935463272e-002 +3.785935463e+001 +3.785935463e+001 -1.1274e+000 +2.0595e+000
2848 0 +7.442329169e-002 +3.784442329e+001 +3.784442329e+001 -1.1822e+000 +2.0594e+000
2898 0 +2.675710781e-002 +3.779675711e+001 +3.779675711e+001 -1.1179e+000 +2.0593e+000
2912 0 +1.428351354e-002 +3.778428351e+001 +3.778428351e+001 -1.0687e+000 +2.0591e+000
2964 0 +1.298600886e-002 +3.778298601e+001 +3.778298601e+001 -1.0446e+000 +2.0593e+000
2993 0 +1.092824839e-002 +3.778092825e+001 +3.778092825e+001 -8.5736e-001 +2.0809e+000
4117 0 +9.818273928e-003 +3.777981827e+001 +3.777981827e+001 -8.5971e-001 +2.0806e+000
4180 0 +9.372449748e-003 +3.777937245e+001 +3.777937245e+001 -8.6354e-001 +2.0798e+000
4307 0 +4.555239611e-003 +3.777455524e+001 +3.777455524e+001 -9.1907e-001 +2.0692e+000
4517 0 +2.998802432e-003 +3.777299880e+001 +3.777299880e+001 -9.1925e-001 +2.0691e+000
4617 0 +1.919297824e-003 +3.777191930e+001 +3.777191930e+001 -9.3839e-001 +2.0654e+000
4980 0 +1.808840482e-003 +3.777180884e+001 +3.777180884e+001 -9.2888e-001 +2.0672e+000
5017 0 +1.516432543e-003 +3.777151643e+001 +3.777151643e+001 -9.3259e-001 +2.0665e+000
5317 0 +1.500436271e-003 +3.777150044e+001 +3.777150044e+001 -9.3565e-001 +2.0659e+000
5380 0 +1.388640023e-003 +3.777138864e+001 +3.777138864e+001 -9.3711e-001 +2.0657e+000
5507 0 +1.204589514e-003 +3.777120459e+001 +3.777120459e+001 -9.3794e-001 +2.0655e+000
6117 0 +1.165826576e-003 +3.777116583e+001 +3.777116583e+001 -9.3855e-001 +2.0654e+000
6217 0 +1.147038336e-003 +3.777114704e+001 +3.777114704e+001 -9.3888e-001 +2.0654e+000
6468 0 +1.056339502e-003 +3.777105634e+001 +3.777105634e+001 -9.4066e-001 +2.0650e+000
6568 0 +1.036799977e-003 +3.777103680e+001 +3.777103680e+001 -9.4098e-001 +2.0650e+000
6651 0 +9.934615038e-004 +3.777099346e+001 +3.777099346e+001 -9.4239e-001 +2.0647e+000
6751 0 +9.742359519e-004 +3.777097424e+001 +3.777097424e+001 -9.4314e-001 +2.0646e+000
7051 0 +9.539695861e-004 +3.777095397e+001 +3.777095397e+001 -9.4330e-001 +2.0645e+000
7067 0 +6.999911127e-004 +3.777069999e+001 +3.777069999e+001 -9.5505e-001 +2.0625e+000
7120 0 +5.019096915e-004 +3.777050191e+001 +3.777050191e+001 -9.5336e-001 +2.0628e+000
7136 0 +4.831012802e-004 +3.777048310e+001 +3.777048310e+001 -9.5447e-001 +2.0626e+000
7269 0 +4.545688464e-004 +3.777045457e+001 +3.777045457e+001 -9.5549e-001 +2.0624e+000
7307 0 +3.798517893e-004 +3.777037985e+001 +3.777037985e+001 -9.5684e-001 +2.0622e+000
7567 0 +3.632488633e-004 +3.777036325e+001 +3.777036325e+001 -9.5706e-001 +2.0621e+000
7598 0 +3.518337327e-004 +3.777035183e+001 +3.777035183e+001 -9.5784e-001 +2.0620e+000
7667 0 +3.447951956e-004 +3.777034480e+001 +3.777034480e+001 -9.5774e-001 +2.0620e+000
7698 0 +2.996680885e-004 +3.777029967e+001 +3.777029967e+001 -9.5932e-001 +2.0618e+000
7867 0 +2.848011700e-004 +3.777028480e+001 +3.777028480e+001 -9.5989e-001 +2.0617e+000
8336 0 +2.731493615e-004 +3.777027315e+001 +3.777027315e+001 -9.6017e-001 +2.0616e+000
8368 0 +2.600530990e-004 +3.777026005e+001 +3.777026005e+001 -9.6075e-001 +2.0615e+000
8407 0 +2.531507595e-004 +3.777025315e+001 +3.777025315e+001 -9.6090e-001 +2.0615e+000
8468 0 +2.497994004e-004 +3.777024980e+001 +3.777024980e+001 -9.6098e-001 +2.0615e+000
8469 0 +2.428113062e-004 +3.777024281e+001 +3.777024281e+001 -9.6126e-001 +2.0615e+000
8507 0 +2.381649769e-004 +3.777023816e+001 +3.777023816e+001 -9.6159e-001 +2.0614e+000
8607 0 +2.301647006e-004 +3.777023016e+001 +3.777023016e+001 -9.6193e-001 +2.0614e+000
8648 0 +2.240635492e-004 +3.777022406e+001 +3.777022406e+001 -9.6201e-001 +2.0613e+000
8707 0 +2.212551750e-004 +3.777022126e+001 +3.777022126e+001 -9.6215e-001 +2.0613e+000
8732 0 +2.140636726e-004 +3.777021406e+001 +3.777021406e+001 -9.6247e-001 +2.0613e+000
8748 0 +2.117809210e-004 +3.777021178e+001 +3.777021178e+001 -9.6248e-001 +2.0613e+000
8820 0 +2.086205316e-004 +3.777020862e+001 +3.777020862e+001 -9.6261e-001 +2.0612e+000
8920 0 +2.029250288e-004 +3.777020293e+001 +3.777020293e+001 -9.6285e-001 +2.0612e+000
8998 0 +1.965696028e-004 +3.777019657e+001 +3.777019657e+001 -9.6316e-001 +2.0612e+000
9034 0 +1.755882656e-004 +3.777017559e+001 +3.777017559e+001 -9.6443e-001 +2.0610e+000
9125 0 +1.670288419e-004 +3.777016703e+001 +3.777016703e+001 -9.6445e-001 +2.0610e+000
9217 0 +1.505259933e-004 +3.777015053e+001 +3.777015053e+001 -9.6522e-001 +2.0608e+000
9307 0 +1.446356269e-004 +3.777014464e+001 +3.777014464e+001 -9.6550e-001 +2.0608e+000
9317 0 +1.405308037e-004 +3.777014053e+001 +3.777014053e+001 -9.6610e-001 +2.0607e+000
9407 0 +1.351542396e-004 +3.777013515e+001 +3.777013515e+001 -9.6660e-001 +2.0606e+000
9443 0 +1.326743759e-004 +3.777013267e+001 +3.777013267e+001 -9.6619e-001 +2.0607e+000
9538 0 +1.311213788e-004 +3.777013112e+001 +3.777013112e+001 -9.6628e-001 +2.0607e+000
9568 0 +1.261139709e-004 +3.777012611e+001 +3.777012611e+001 -9.6645e-001 +2.0607e+000
9620 0 +1.241101970e-004 +3.777012411e+001 +3.777012411e+001 -9.6701e-001 +2.0606e+000
9668 0 +1.219543461e-004 +3.777012195e+001 +3.777012195e+001 -9.6675e-001 +2.0606e+000
9720 0 +1.185001892e-004 +3.777011850e+001 +3.777011850e+001 -9.6703e-001 +2.0606e+000
9820 0 +1.171958029e-004 +3.777011720e+001 +3.777011720e+001 -9.6694e-001 +2.0606e+000
9925 0 +1.145034451e-004 +3.777011450e+001 +3.777011450e+001 -9.6719e-001 +2.0606e+000
9930 0 +1.097592145e-004 +3.777010976e+001 +3.777010976e+001 -9.6733e-001 +2.0605e+000
10034 0 +1.084548515e-004 +3.777010845e+001 +3.777010845e+001 -9.6747e-001 +2.0605e+000
% f evaluations | g evaluations | best noise-free fitness - Fopt (-6.325500000000e+002) + sum g_i+ | measured fitness | best measured fitness or single-digit g-values | x1 | x2...
1 0 +4.034793644e+005 +4.028468144e+005 +4.028468144e+005 +0.0000e+000 +0.0000e+000
3 0 +1.187357921e+005 +1.181032421e+005 +1.181032421e+005 +1.4173e+000 +1.0109e+000
24 0 +3.381329325e+002 -2.944170675e+002 -2.944170675e+002 -5.9116e-001 +6.1685e-001
29 0 +1.140251994e+002 -5.185248006e+002 -5.185248006e+002 +2.5279e-001 +6.4587e-001
367 0 +4.391881076e+000 -6.281581189e+002 -6.281581189e+002 +2.0600e-001 +6.3314e-001
542 0 +9.328959602e-002 -6.324567104e+002 -6.324567104e+002 +7.4654e-001 +6.6633e-001
1030 0 +3.117279163e-002 -6.325188272e+002 -6.325188272e+002 +5.1753e-001 +6.3503e-001
1393 0 +1.159669978e-002 -6.325384033e+002 -6.325384033e+002 +6.9567e-001 +6.5706e-001
1956 0 +1.029555517e-002 -6.325397044e+002 -6.325397044e+002 +6.9661e-001 +6.5726e-001
2112 0 +7.816153279e-004 -6.325492184e+002 -6.325492184e+002 +5.9411e-001 +6.3846e-001
2423 0 +6.241170562e-004 -6.325493759e+002 -6.325493759e+002 +5.8353e-001 +6.3684e-001
2868 0 +2.115041048e-004 -6.325497885e+002 -6.325497885e+002 +5.8630e-001 +6.3723e-001
3352 0 +1.671699788e-004 -6.325498328e+002 -6.325498328e+002 +5.8460e-001 +6.3697e-001
3723 0 +1.228457824e-004 -6.325498772e+002 -6.325498772e+002 +5.8140e-001 +6.3651e-001
4035 0 +9.762156560e-005 -6.325499024e+002 -6.325499024e+002 +5.8077e-001 +6.3641e-001
4223 0 +9.508247820e-005 -6.325499049e+002 -6.325499049e+002 +5.8076e-001 +6.3642e-001
4323 0 +8.929486262e-005 -6.325499107e+002 -6.325499107e+002 +5.8041e-001 +6.3637e-001
4381 0 +8.866302289e-005 -6.325499113e+002 -6.325499113e+002 +5.8038e-001 +6.3636e-001
4492 0 +8.537949941e-005 -6.325499146e+002 -6.325499146e+002 +5.8014e-001 +6.3633e-001
4552 0 +8.473453147e-005 -6.325499153e+002 -6.325499153e+002 +5.7991e-001 +6.3629e-001
4709 0 +7.919912298e-005 -6.325499208e+002 -6.325499208e+002 +5.7976e-001 +6.3628e-001
4850 0 +7.703219501e-005 -6.325499230e+002 -6.325499230e+002 +5.7962e-001 +6.3626e-001
4903 0 +7.559437529e-005 -6.325499244e+002 -6.325499244e+002 +5.7892e-001 +6.3616e-001
5005 0 +6.998232266e-005 -6.325499300e+002 -6.325499300e+002 +5.7911e-001 +6.3619e-001
5105 0 +6.865086357e-005 -6.325499313e+002 -6.325499313e+002 +5.7880e-001 +6.3614e-001
5246 0 +6.608576564e-005 -6.325499339e+002 -6.325499339e+002 +5.7863e-001 +6.3612e-001
5350 0 +6.398758671e-005 -6.325499360e+002 -6.325499360e+002 +5.7850e-001 +6.3611e-001
5409 0 +6.279785066e-005 -6.325499372e+002 -6.325499372e+002 +5.7843e-001 +6.3610e-001
5450 0 +6.123468415e-005 -6.325499388e+002 -6.325499388e+002 +5.7834e-001 +6.3608e-001
5509 0 +5.973948760e-005 -6.325499403e+002 -6.325499403e+002 +5.7828e-001 +6.3608e-001
5544 0 +5.558601379e-005 -6.325499444e+002 -6.325499444e+002 +5.7805e-001 +6.3605e-001
5576 0 +4.805178264e-005 -6.325499519e+002 -6.325499519e+002 +5.7740e-001 +6.3597e-001
5676 0 +4.459974059e-005 -6.325499554e+002 -6.325499554e+002 +5.7695e-001 +6.3591e-001
5752 0 +4.237597773e-005 -6.325499576e+002 -6.325499576e+002 +5.7673e-001 +6.3588e-001
5781 0 +3.774891479e-005 -6.325499623e+002 -6.325499623e+002 +5.7646e-001 +6.3585e-001
5927 0 +3.665603504e-005 -6.325499633e+002 -6.325499633e+002 +5.7609e-001 +6.3580e-001
5944 0 +3.390117547e-005 -6.325499661e+002 -6.325499661e+002 +5.7611e-001 +6.3580e-001
6003 0 +3.360022868e-005 -6.325499664e+002 -6.325499664e+002 +5.7584e-001 +6.3577e-001
6109 0 +3.268399894e-005 -6.325499673e+002 -6.325499673e+002 +5.7566e-001 +6.3575e-001
6113 0 +3.050791679e-005 -6.325499695e+002 -6.325499695e+002 +5.7573e-001 +6.3576e-001
6213 0 +3.014831668e-005 -6.325499699e+002 -6.325499699e+002 +5.7548e-001 +6.3573e-001
6300 0 +2.860082088e-005 -6.325499714e+002 -6.325499714e+002 +5.7553e-001 +6.3573e-001
6378 0 +2.776052327e-005 -6.325499722e+002 -6.325499722e+002 +5.7546e-001 +6.3573e-001
6409 0 +2.753157696e-005 -6.325499725e+002 -6.325499725e+002 +5.7543e-001 +6.3572e-001
6446 0 +2.659296445e-005 -6.325499734e+002 -6.325499734e+002 +5.7534e-001 +6.3571e-001
6504 0 +2.524018839e-005 -6.325499748e+002 -6.325499748e+002 +5.7518e-001 +6.3569e-001
6569 0 +2.507161776e-005 -6.325499749e+002 -6.325499749e+002 +5.7518e-001 +6.3569e-001
6604 0 +2.411497792e-005 -6.325499759e+002 -6.325499759e+002 +5.7505e-001 +6.3568e-001
6669 0 +2.391830776e-005 -6.325499761e+002 -6.325499761e+002 +5.7504e-001 +6.3568e-001
6705 0 +2.309024296e-005 -6.325499769e+002 -6.325499769e+002 +5.7495e-001 +6.3567e-001
6780 0 +2.276676855e-005 -6.325499772e+002 -6.325499772e+002 +5.7491e-001 +6.3566e-001
6805 0 +2.197978392e-005 -6.325499780e+002 -6.325499780e+002 +5.7481e-001 +6.3565e-001
6865 0 +2.015061091e-005 -6.325499798e+002 -6.325499798e+002 +5.7459e-001 +6.3563e-001
6937 0 +1.987470023e-005 -6.325499801e+002 -6.325499801e+002 +5.7455e-001 +6.3562e-001
6956 0 +1.829484722e-005 -6.325499817e+002 -6.325499817e+002 +5.7411e-001 +6.3557e-001
7009 0 +1.589420890e-005 -6.325499841e+002 -6.325499841e+002 +5.7398e-001 +6.3556e-001
7013 0 +1.547926797e-005 -6.325499845e+002 -6.325499845e+002 +5.7393e-001 +6.3555e-001
7056 0 +1.355029303e-005 -6.325499864e+002 -6.325499864e+002 +5.7360e-001 +6.3552e-001
7109 0 +1.348581054e-005 -6.325499865e+002 -6.325499865e+002 +5.7349e-001 +6.3550e-001
7117 0 +1.271493375e-005 -6.325499873e+002 -6.325499873e+002 +5.7351e-001 +6.3551e-001
7229 0 +1.228686835e-005 -6.325499877e+002 -6.325499877e+002 +5.7345e-001 +6.3550e-001
7258 0 +1.158833015e-005 -6.325499884e+002 -6.325499884e+002 +5.7332e-001 +6.3549e-001
7312 0 +1.092114508e-005 -6.325499891e+002 -6.325499891e+002 +5.7319e-001 +6.3547e-001
7358 0 +1.064059870e-005 -6.325499894e+002 -6.325499894e+002 +5.7313e-001 +6.3547e-001
7412 0 +1.024602193e-005 -6.325499898e+002 -6.325499898e+002 +5.7299e-001 +6.3545e-001
7477 0 +9.888229556e-006 -6.325499901e+002 -6.325499901e+002 +5.7297e-001 +6.3545e-001
7523 0 +9.242909186e-006 -6.325499908e+002 -6.325499908e+002 +5.7292e-001 +6.3545e-001
7609 0 +9.017379398e-006 -6.325499910e+002 -6.325499910e+002 +5.7288e-001 +6.3544e-001
7670 0 +8.874947866e-006 -6.325499911e+002 -6.325499911e+002 +5.7270e-001 +6.3543e-001
7696 0 +8.504054335e-006 -6.325499915e+002 -6.325499915e+002 +5.7279e-001 +6.3544e-001
7713 0 +8.188214224e-006 -6.325499918e+002 -6.325499918e+002 +5.7273e-001 +6.3543e-001
7813 0 +7.709674605e-006 -6.325499923e+002 -6.325499923e+002 +5.7261e-001 +6.3542e-001
7913 0 +7.516847404e-006 -6.325499925e+002 -6.325499925e+002 +5.7256e-001 +6.3541e-001
7965 0 +7.384751484e-006 -6.325499926e+002 -6.325499926e+002 +5.7252e-001 +6.3541e-001
8048 0 +7.203340601e-006 -6.325499928e+002 -6.325499928e+002 +5.7250e-001 +6.3541e-001
8065 0 +6.973235486e-006 -6.325499930e+002 -6.325499930e+002 +5.7247e-001 +6.3540e-001
8124 0 +6.598635082e-006 -6.325499934e+002 -6.325499934e+002 +5.7237e-001 +6.3539e-001
8164 0 +5.061567435e-006 -6.325499949e+002 -6.325499949e+002 +5.7203e-001 +6.3536e-001
8302 0 +4.842207545e-006 -6.325499952e+002 -6.325499952e+002 +5.7187e-001 +6.3535e-001
8323 0 +4.666121299e-006 -6.325499953e+002 -6.325499953e+002 +5.7188e-001 +6.3535e-001
8402 0 +4.521600090e-006 -6.325499955e+002 -6.325499955e+002 +5.7178e-001 +6.3534e-001
8423 0 +4.432346600e-006 -6.325499956e+002 -6.325499956e+002 +5.7180e-001 +6.3534e-001
8427 0 +4.360601906e-006 -6.325499956e+002 -6.325499956e+002 +5.7180e-001 +6.3534e-001
8457 0 +4.193680297e-006 -6.325499958e+002 -6.325499958e+002 +5.7179e-001 +6.3534e-001
8527 0 +3.965788096e-006 -6.325499960e+002 -6.325499960e+002 +5.7174e-001 +6.3534e-001
8603 0 +3.859582421e-006 -6.325499961e+002 -6.325499961e+002 +5.7172e-001 +6.3534e-001
8652 0 +3.698763749e-006 -6.325499963e+002 -6.325499963e+002 +5.7161e-001 +6.3533e-001
8702 0 +3.577676239e-006 -6.325499964e+002 -6.325499964e+002 +5.7163e-001 +6.3533e-001
8712 0 +3.484518629e-006 -6.325499965e+002 -6.325499965e+002 +5.7161e-001 +6.3533e-001
8802 0 +3.399314551e-006 -6.325499966e+002 -6.325499966e+002 +5.7158e-001 +6.3532e-001
8812 0 +3.322211683e-006 -6.325499967e+002 -6.325499967e+002 +5.7156e-001 +6.3532e-001
8813 0 +3.309008775e-006 -6.325499967e+002 -6.325499967e+002 +5.7155e-001 +6.3532e-001
8913 0 +3.193566499e-006 -6.325499968e+002 -6.325499968e+002 +5.7147e-001 +6.3531e-001
9012 0 +3.157802894e-006 -6.325499968e+002 -6.325499968e+002 +5.7150e-001 +6.3532e-001
9085 0 +3.052761485e-006 -6.325499969e+002 -6.325499969e+002 +5.7138e-001 +6.3531e-001
9102 0 +3.013025321e-006 -6.325499970e+002 -6.325499970e+002 +5.7141e-001 +6.3531e-001
9105 0 +2.875718110e-006 -6.325499971e+002 -6.325499971e+002 +5.7142e-001 +6.3531e-001
9205 0 +2.653444312e-006 -6.325499973e+002 -6.325499973e+002 +5.7135e-001 +6.3530e-001
9304 0 +2.584650588e-006 -6.325499974e+002 -6.325499974e+002 +5.7132e-001 +6.3530e-001
9305 0 +2.553634886e-006 -6.325499974e+002 -6.325499974e+002 +5.7131e-001 +6.3530e-001
9333 0 +2.424830768e-006 -6.325499976e+002 -6.325499976e+002 +5.7127e-001 +6.3530e-001
9407 0 +2.397913818e-006 -6.325499976e+002 -6.325499976e+002 +5.7124e-001 +6.3530e-001
9481 0 +2.336926059e-006 -6.325499977e+002 -6.325499977e+002 +5.7124e-001 +6.3530e-001
9502 0 +2.245993301e-006 -6.325499978e+002 -6.325499978e+002 +5.7120e-001 +6.3529e-001
9513 0 +2.235481247e-006 -6.325499978e+002 -6.325499978e+002 +5.7116e-001 +6.3529e-001
9523 0 +2.185052267e-006 -6.325499978e+002 -6.325499978e+002 +5.7117e-001 +6.3529e-001
9602 0 +2.124916932e-006 -6.325499979e+002 -6.325499979e+002 +5.7113e-001 +6.3529e-001
9614 0 +2.069308152e-006 -6.325499979e+002 -6.325499979e+002 +5.7106e-001 +6.3528e-001
9707 0 +2.040556524e-006 -6.325499980e+002 -6.325499980e+002 +5.7111e-001 +6.3529e-001
9714 0 +1.981101946e-006 -6.325499980e+002 -6.325499980e+002 +5.7103e-001 +6.3528e-001
9741 0 +1.927790549e-006 -6.325499981e+002 -6.325499981e+002 +5.7106e-001 +6.3528e-001
9763 0 +1.822389095e-006 -6.325499982e+002 -6.325499982e+002 +5.7105e-001 +6.3528e-001
9802 0 +1.766294417e-006 -6.325499982e+002 -6.325499982e+002 +5.7102e-001 +6.3528e-001
9902 0 +1.671054292e-006 -6.325499983e+002 -6.325499983e+002 +5.7098e-001 +6.3528e-001
9904 0 +1.653129857e-006 -6.325499983e+002 -6.325499983e+002 +5.7097e-001 +6.3527e-001
9986 0 +1.489418992e-006 -6.325499985e+002 -6.325499985e+002 +5.7082e-001 +6.3526e-001
10004 0 +1.454542598e-006 -6.325499985e+002 -6.325499985e+002 +5.7086e-001 +6.3527e-001
10013 0 +1.401033046e-006 -6.325499986e+002 -6.325499986e+002 +5.7084e-001 +6.3527e-001
% f evaluations | g evaluations | best noise-free fitness - Fopt (-8.530000000000e+001) + sum g_i+ | measured fitness | best measured fitness or single-digit g-values | x1 | x2...
1 0 +4.711536058e+005 +4.710683058e+005 +4.710683058e+005 +0.0000e+000 +0.0000e+000
7 0 +6.108571853e+003 +6.023271853e+003 +6.023271853e+003 -6.7161e-001 +6.9810e-001
19 0 +5.168329775e+002 +4.315329775e+002 +4.315329775e+002 -9.4221e-001 -1.0509e+000
32 0 +3.768119034e+001 -4.761880966e+001 -4.761880966e+001 -2.1962e-001 +2.0730e+000
249 0 +2.462894475e+001 -6.067105525e+001 -6.067105525e+001 -3.2439e-002 +2.7846e+000
406 0 +1.005887143e+001 -7.524112857e+001 -7.524112857e+001 -4.4368e-002 +2.7536e+000
1558 0 +9.735526014e+000 -7.556447399e+001 -7.556447399e+001 -5.9752e-002 +2.6953e+000
1586 0 +4.333969636e+000 -8.096603036e+001 -8.096603036e+001 -4.4287e-001 +1.2598e+000
1620 0 +2.925817173e+000 -8.237418283e+001 -8.237418283e+001 -4.4742e-001 +1.2399e+000
1806 0 +2.369142871e+000 -8.293085713e+001 -8.293085713e+001 -5.0985e-001 +1.0054e+000
1920 0 +2.340457449e+000 -8.295954255e+001 -8.295954255e+001 -4.7600e-001 +1.1314e+000
1998 0 +1.763118035e+000 -8.353688197e+001 -8.353688197e+001 -5.1585e-001 +9.8005e-001
2053 0 +5.226273210e-001 -8.477737268e+001 -8.477737268e+001 -6.8054e-001 +3.5929e-001
2193 0 +2.301355502e-001 -8.506986445e+001 -8.506986445e+001 -7.5470e-001 +8.0030e-002
2245 0 +1.691381117e-001 -8.513086189e+001 -8.513086189e+001 -7.5721e-001 +7.1077e-002
2337 0 +8.134371957e-002 -8.521865628e+001 -8.521865628e+001 -7.9604e-001 -7.5146e-002
2345 0 +4.729261391e-002 -8.525270739e+001 -8.525270739e+001 -8.5764e-001 -3.0949e-001
2349 0 +3.735957975e-002 -8.526264042e+001 -8.526264042e+001 -8.4938e-001 -2.7452e-001
2437 0 +2.273580488e-002 -8.527726420e+001 -8.527726420e+001 -8.5217e-001 -2.8635e-001
2732 0 +4.199819196e-004 -8.529958002e+001 -8.529958002e+001 -8.5269e-001 -2.8767e-001
2902 0 +2.023464930e-004 -8.529979765e+001 -8.529979765e+001 -8.5317e-001 -2.8953e-001
3422 0 +1.502572405e-005 -8.529998497e+001 -8.529998497e+001 -8.5624e-001 -3.0109e-001
3649 0 +5.936002211e-006 -8.529999406e+001 -8.529999406e+001 -8.5669e-001 -3.0278e-001
3852 0 +2.089719786e-006 -8.529999791e+001 -8.529999791e+001 -8.5653e-001 -3.0220e-001
3906 0 +2.040263865e-006 -8.529999796e+001 -8.529999796e+001 -8.5652e-001 -3.0216e-001
3997 0 +1.759025807e-006 -8.529999824e+001 -8.529999824e+001 -8.5655e-001 -3.0225e-001
4376 0 +1.714831143e-006 -8.529999829e+001 -8.529999829e+001 -8.5669e-001 -3.0279e-001
4476 0 +6.767516538e-007 -8.529999932e+001 -8.529999932e+001 -8.5678e-001 -3.0312e-001
4622 0 +4.823461666e-007 -8.529999952e+001 -8.529999952e+001 -8.5675e-001 -3.0299e-001
4632 0 +1.465879791e-007 -8.529999985e+001 -8.529999985e+001 -8.5670e-001 -3.0284e-001
4776 0 +1.070351345e-007 -8.529999989e+001 -8.529999989e+001 -8.5679e-001 -3.0316e-001
4805 0 +9.765095399e-008 -8.529999990e+001 -8.529999990e+001 -8.5675e-001 -3.0302e-001
4876 0 +5.401984993e-008 -8.529999995e+001 -8.529999995e+001 -8.5677e-001 -3.0308e-001
4976 0 +4.446010848e-008 -8.529999996e+001 -8.529999996e+001 -8.5676e-001 -3.0304e-001
5045 0 +3.890554012e-008 -8.529999996e+001 -8.529999996e+001 -8.5679e-001 -3.0317e-001
5176 0 +3.758306377e-008 -8.529999996e+001 -8.529999996e+001 -8.5676e-001 -3.0304e-001
5237 0 +1.926368043e-008 -8.529999998e+001 -8.529999998e+001 -8.5679e-001 -3.0316e-001
5420 0 +1.396574589e-008 -8.529999999e+001 -8.529999999e+001 -8.5678e-001 -3.0311e-001
5520 0 +1.933415206e-009 -8.530000000e+001 -8.530000000e+001 -8.5680e-001 -3.0319e-001
8237 0 +0.000000000e+000 -8.530000000e+001 -8.530000000e+001 -8.5680e-001 -3.0320e-001
% f evaluations | g evaluations | best noise-free fitness - Fopt (1.719500000000e+002) + sum g_i+ | measured fitness | best measured fitness or single-digit g-values | x1 | x2...
1 0 +1.162538573e+007 +1.162555768e+007 +1.162555768e+007 +0.0000e+000 +0.0000e+000
2 0 +7.090983216e+006 +7.091155166e+006 +7.091155166e+006 -1.3146e+000 +7.4671e-001
3 0 +2.451311719e+005 +2.453031219e+005 +2.453031219e+005 -3.6480e-001 +2.9145e+000
55 0 +2.036285753e+005 +2.038005253e+005 +2.038005253e+005 +1.2098e+000 +3.8608e+000
57 0 +4.479654289e+004 +4.496849289e+004 +4.496849289e+004 +4.8821e+000 +3.6247e+000
156 0 +1.492035762e+004 +1.509230762e+004 +1.509230762e+004 +6.6782e+000 +2.9542e+000
206 0 +1.197765483e+003 +1.369715483e+003 +1.369715483e+003 +1.5197e+000 +3.3751e+000
386 0 +2.557531957e+002 +4.277031957e+002 +4.277031957e+002 +1.5066e+000 +3.3938e+000
603 0 +4.055377859e+001 +2.125037786e+002 +2.125037786e+002 +2.2718e+000 +3.4158e+000
615 0 +5.390311053e+000 +1.773403111e+002 +1.773403111e+002 +1.9729e+000 +3.4112e+000
968 0 +1.931049959e+000 +1.738810500e+002 +1.738810500e+002 +3.4755e+000 +3.4082e+000
1047 0 +6.792701586e-001 +1.726292702e+002 +1.726292702e+002 +3.1655e+000 +3.4102e+000
1601 0 +3.787588312e-001 +1.723287588e+002 +1.723287588e+002 +3.2340e+000 +3.4100e+000
1795 0 +1.487824975e-001 +1.720987825e+002 +1.720987825e+002 +3.3298e+000 +3.4094e+000
2034 0 +2.243356622e-002 +1.719724336e+002 +1.719724336e+002 +3.5619e+000 +3.4095e+000
2567 0 +1.260614599e-002 +1.719626061e+002 +1.719626061e+002 +3.5744e+000 +3.4096e+000
2899 0 +3.642134272e-003 +1.719536421e+002 +1.719536421e+002 +3.6274e+000 +3.4096e+000
3016 0 +5.487771509e-004 +1.719505488e+002 +1.719505488e+002 +3.6738e+000 +3.4096e+000
3302 0 +5.311151583e-005 +1.719500531e+002 +1.719500531e+002 +3.6779e+000 +3.4096e+000
3502 0 +3.095245944e-005 +1.719500310e+002 +1.719500310e+002 +3.6785e+000 +3.4096e+000
3616 0 +2.553316577e-005 +1.719500255e+002 +1.719500255e+002 +3.6797e+000 +3.4096e+000
3624 0 +2.320172601e-005 +1.719500232e+002 +1.719500232e+002 +3.6823e+000 +3.4096e+000
3816 0 +1.174976131e-005 +1.719500117e+002 +1.719500117e+002 +3.6808e+000 +3.4096e+000
4276 0 +5.058843698e-006 +1.719500051e+002 +1.719500051e+002 +3.6821e+000 +3.4096e+000
4452 0 +2.761416994e-006 +1.719500028e+002 +1.719500028e+002 +3.6840e+000 +3.4096e+000
4516 0 +5.044999227e-007 +1.719500005e+002 +1.719500005e+002 +3.6841e+000 +3.4096e+000
5036 0 +3.061941243e-007 +1.719500003e+002 +1.719500003e+002 +3.6841e+000 +3.4096e+000
5136 0 +2.272090001e-007 +1.719500002e+002 +1.719500002e+002 +3.6838e+000 +3.4096e+000
5224 0 +2.225609421e-007 +1.719500002e+002 +1.719500002e+002 +3.6836e+000 +3.4096e+000
5236 0 +8.956951092e-008 +1.719500001e+002 +1.719500001e+002 +3.6837e+000 +3.4096e+000
5352 0 +4.333742254e-009 +1.719500000e+002 +1.719500000e+002 +3.6840e+000 +3.4096e+000
7736 0 +0.000000000e+000 +1.719500000e+002 +1.719500000e+002 +3.6840e+000 +3.4096e+000
% f evaluations | g evaluations | best noise-free fitness - Fopt (6.816000000000e+001) + sum g_i+ | measured fitness | best measured fitness or single-digit g-values | x1 | x2...
1 0 +1.330804827e+007 +1.330811643e+007 +1.330811643e+007 +0.0000e+000 +0.0000e+000
4 0 +1.055682738e+007 +1.055689554e+007 +1.055689554e+007 +3.8866e+000 -5.5387e-001
7 0 +8.946193986e+006 +8.946262146e+006 +8.946262146e+006 +4.2826e+000 +4.7738e+000
11 0 +1.013009624e+006 +1.013077784e+006 +1.013077784e+006 -3.8297e-001 +2.8168e+000
19 0 +2.143282958e+004 +2.150098958e+004 +2.150098958e+004 +8.7612e-001 +3.8025e+000
28 0 +1.978619913e+004 +1.985435913e+004 +1.985435913e+004 +2.9698e+000 +2.8765e+000
111 0 +4.903640243e+001 +1.171964024e+002 +1.171964024e+002 +1.8739e+000 +3.3492e+000
428 0 +3.760201979e+001 +1.057620198e+002 +1.057620198e+002 +2.2932e+000 +3.2190e+000
465 0 +3.882263419e-001 +6.854822634e+001 +6.854822634e+001 +2.6439e+000 +3.1021e+000
1404 0 +3.499106186e-001 +6.850991062e+001 +6.850991062e+001 +2.2497e+000 +3.2237e+000
1486 0 +8.092108386e-002 +6.824092108e+001 +6.824092108e+001 +2.4843e+000 +3.1501e+000
1672 0 +1.858136426e-002 +6.817858136e+001 +6.817858136e+001 +2.6014e+000 +3.1153e+000
2231 0 +1.808305675e-002 +6.817808306e+001 +6.817808306e+001 +2.6521e+000 +3.1005e+000
2326 0 +5.456836264e-003 +6.816545684e+001 +6.816545684e+001 +2.6099e+000 +3.1127e+000
2384 0 +2.451307306e-003 +6.816245131e+001 +6.816245131e+001 +2.6192e+000 +3.1099e+000
2584 0 +2.360507615e-003 +6.816236051e+001 +6.816236051e+001 +2.6196e+000 +3.1098e+000
3010 0 +1.505361103e-003 +6.816150536e+001 +6.816150536e+001 +2.6289e+000 +3.1072e+000
3031 0 +5.789236982e-004 +6.816057892e+001 +6.816057892e+001 +2.6460e+000 +3.1023e+000
3155 0 +5.271411156e-004 +6.816052714e+001 +6.816052714e+001 +2.6445e+000 +3.1027e+000
3217 0 +2.856182700e-004 +6.816028562e+001 +6.816028562e+001 +2.6512e+000 +3.1009e+000
3821 0 +2.564083542e-004 +6.816025641e+001 +6.816025641e+001 +2.6513e+000 +3.1008e+000
3887 0 +2.438925830e-004 +6.816024389e+001 +6.816024389e+001 +2.6513e+000 +3.1008e+000
3914 0 +1.715930547e-004 +6.816017159e+001 +6.816017159e+001 +2.6639e+000 +3.0974e+000
4017 0 +7.648568787e-005 +6.816007649e+001 +6.816007649e+001 +2.6592e+000 +3.0987e+000
4031 0 +5.548321008e-005 +6.816005548e+001 +6.816005548e+001 +2.6592e+000 +3.0987e+000
4121 0 +3.598462989e-005 +6.816003598e+001 +6.816003598e+001 +2.6612e+000 +3.0982e+000
4168 0 +2.047813190e-005 +6.816002048e+001 +6.816002048e+001 +2.6694e+000 +3.0960e+000
4248 0 +2.439223749e-006 +6.816000244e+001 +6.816000244e+001 +2.6668e+000 +3.0967e+000
4581 0 +1.738189354e-006 +6.816000174e+001 +6.816000174e+001 +2.6664e+000 +3.0968e+000
4702 0 +4.233605466e-008 +6.816000004e+001 +6.816000004e+001 +2.6663e+000 +3.0968e+000
5281 0 +3.871798526e-008 +6.816000004e+001 +6.816000004e+001 +2.6663e+000 +3.0968e+000
5409 0 +2.889096606e-008 +6.816000003e+001 +6.816000003e+001 +2.6663e+000 +3.0968e+000
5545 0 +1.230397118e-008 +6.816000001e+001 +6.816000001e+001 +2.6663e+000 +3.0968e+000
6035 0 +1.201205180e-008 +6.816000001e+001 +6.816000001e+001 +2.6664e+000 +3.0968e+000
6106 0 +8.092300163e-009 +6.816000001e+001 +6.816000001e+001 +2.6663e+000 +3.0968e+000
8473 0 +0.000000000e+000 +6.816000000e+001 +6.816000000e+001 +2.6664e+000 +3.0968e+000
% f evaluations | g evaluations | best noise-free fitness - Fopt (1.000000000000e+003) + sum g_i+ | measured fitness | best measured fitness or single-digit g-values | x1 | x2...
1 0 +8.049072351e+006 +8.050072351e+006 +8.050072351e+006 +0.0000e+000 +0.0000e+000
2 0 +5.586030478e+006 +5.587030478e+006 +5.587030478e+006 -4.8892e+000 +2.4559e+000
5 0 +2.896945752e+005 +2.906945752e+005 +2.906945752e+005 +2.3252e+000 +2.7073e+000
9 0 +8.900861887e+004 +9.000861887e+004 +9.000861887e+004 -3.6237e+000 +4.2326e+000
11 0 +8.104256871e+004 +8.204256871e+004 +8.204256871e+004 -3.2302e+000 +4.7386e+000
38 0 +2.997379785e+003 +3.997379785e+003 +3.997379785e+003 -2.5747e+000 +4.0947e+000
130 0 +1.034700275e+003 +2.034700275e+003 +2.034700275e+003 +5.6546e-001 +2.8630e+000
271 0 +3.298964263e+001 +1.032989643e+003 +1.032989643e+003 -4.6622e+000 +5.0000e+000
424 0 +3.108218098e+001 +1.031082181e+003 +1.031082181e+003 -4.6401e+000 +5.0000e+000
544 0 +1.510603002e+001 +1.015106030e+003 +1.015106030e+003 -4.6553e+000 +5.0000e+000
596 0 +7.874671754e+000 +1.007874672e+003 +1.007874672e+003 +9.2004e-001 +2.6861e+000
744 0 +3.085945589e+000 +1.003085946e+003 +1.003085946e+003 -3.0500e+000 +4.3771e+000
823 0 +1.328090834e+000 +1.001328091e+003 +1.001328091e+003 -2.3500e+000 +4.0674e+000
1159 0 +9.601777837e-003 +1.000009602e+003 +1.000009602e+003 -1.5472e+000 +3.6754e+000
1919 0 +5.596079030e-003 +1.000005596e+003 +1.000005596e+003 -1.4711e+000 +3.6395e+000
2022 0 +1.258181911e-003 +1.000001258e+003 +1.000001258e+003 -1.4350e+000 +3.6248e+000
2419 0 +6.288111571e-004 +1.000000629e+003 +1.000000629e+003 -1.4408e+000 +3.6271e+000
2701 0 +5.720139173e-004 +1.000000572e+003 +1.000000572e+003 -1.4849e+000 +3.6456e+000
3333 0 +5.138926828e-004 +1.000000514e+003 +1.000000514e+003 -1.4721e+000 +3.6398e+000
3422 0 +2.996741515e-004 +1.000000300e+003 +1.000000300e+003 -1.4790e+000 +3.6429e+000
3440 0 +1.453263015e-004 +1.000000145e+003 +1.000000145e+003 -1.4729e+000 +3.6402e+000
3512 0 +7.000379117e-005 +1.000000070e+003 +1.000000070e+003 -1.4709e+000 +3.6393e+000
3552 0 +1.158415682e-005 +1.000000012e+003 +1.000000012e+003 -1.4659e+000 +3.6371e+000
3636 0 +2.823423074e-006 +1.000000003e+003 +1.000000003e+003 -1.4644e+000 +3.6365e+000
3931 0 +1.229143663e-006 +1.000000001e+003 +1.000000001e+003 -1.4630e+000 +3.6359e+000
4010 0 +3.138161446e-007 +1.000000000e+003 +1.000000000e+003 -1.4629e+000 +3.6359e+000
4931 0 +1.184616849e-008 +1.000000000e+003 +1.000000000e+003 -1.4631e+000 +3.6360e+000
5465 0 +9.094947018e-012 +1.000000000e+003 +1.000000000e+003 -1.4632e+000 +3.6360e+000
7681 0 +0.000000000e+000 +1.000000000e+003 +1.000000000e+003 -1.4632e+000 +3.6360e+000
% f evaluations | g evaluations | best noise-free fitness - Fopt (-6.837000000000e+001) + sum g_i+ | measured fitness | best measured fitness or single-digit g-values | x1 | x2...
1 0 +2.285799783e+008 +2.285799100e+008 +2.285799100e+008 +0.0000e+000 +0.0000e+000
3 0 +9.609462234e+006 +9.609393864e+006 +9.609393864e+006 +3.6713e+000 +3.5319e-001
9 0 +2.148801167e+006 +2.148732797e+006 +2.148732797e+006 -2.7804e+000 +4.9465e+000
24 0 +4.868437942e+005 +4.867754242e+005 +4.867754242e+005 +1.2965e-001 +2.8300e+000
27 0 +1.389876161e+005 +1.389192461e+005 +1.389192461e+005 -2.1828e+000 +4.2501e+000
40 0 +1.127922234e+005 +1.127238534e+005 +1.127238534e+005 +1.0507e+000 +3.0560e+000
62 0 +1.746696247e+004 +1.739859247e+004 +1.739859247e+004 +3.7856e+000 +2.4428e+000
202 0 +1.570435233e+003 +1.502065233e+003 +1.502065233e+003 +6.0696e+000 +2.6460e+000
316 0 +1.083273606e+003 +1.014903606e+003 +1.014903606e+003 +6.9930e+000 +2.6392e+000
516 0 +9.398105619e+002 +8.714405619e+002 +8.714405619e+002 +6.9935e+000 +2.6369e+000
559 0 +6.542320935e+002 +5.858620935e+002 +5.858620935e+002 +8.3242e+000 +2.5812e+000
649 0 +7.503069102e+001 +6.660691025e+000 +6.660691025e+000 +9.3983e+000 +2.5998e+000
716 0 +3.217858775e+001 -3.619141225e+001 -3.619141225e+001 +9.0989e+000 +2.6084e+000
993 0 +2.787239852e+001 -4.049760148e+001 -4.049760148e+001 +8.9942e+000 +2.6072e+000
996 0 +2.052516143e+001 -4.784483857e+001 -4.784483857e+001 +7.2341e+000 +2.6093e+000
1029 0 +4.305972490e+000 -6.406402751e+001 -6.406402751e+001 +5.8468e+000 +2.6063e+000
1821 0 +3.399101023e+000 -6.497089898e+001 -6.497089898e+001 +5.5484e+000 +2.6069e+000
1893 0 +2.310841221e+000 -6.605915878e+001 -6.605915878e+001 +5.1090e+000 +2.6071e+000
1916 0 +1.792490395e+000 -6.657750960e+001 -6.657750960e+001 +5.0652e+000 +2.6067e+000
1937 0 +4.896404682e-001 -6.788035953e+001 -6.788035953e+001 +4.1687e+000 +2.6058e+000
2016 0 +1.664634061e-001 -6.820353659e+001 -6.820353659e+001 +4.0562e+000 +2.6067e+000
2238 0 +1.653339168e-002 -6.835346661e+001 -6.835346661e+001 +3.8999e+000 +2.6064e+000
2438 0 +1.029942504e-002 -6.835970057e+001 -6.835970057e+001 +3.8680e+000 +2.6064e+000
2516 0 +2.410931308e-003 -6.836758907e+001 -6.836758907e+001 +3.8132e+000 +2.6064e+000
2616 0 +7.116234581e-004 -6.836928838e+001 -6.836928838e+001 +3.7745e+000 +2.6064e+000
2916 0 +2.953949393e-004 -6.836970461e+001 -6.836970461e+001 +3.7886e+000 +2.6064e+000
3113 0 +4.551901105e-005 -6.836995448e+001 -6.836995448e+001 +3.7795e+000 +2.6064e+000
3251 0 +6.615888665e-006 -6.836999338e+001 -6.836999338e+001 +3.7741e+000 +2.6064e+000
3616 0 +8.288097604e-007 -6.836999917e+001 -6.836999917e+001 +3.7727e+000 +2.6064e+000
3738 0 +4.011101709e-007 -6.836999960e+001 -6.836999960e+001 +3.7730e+000 +2.6064e+000
3849 0 +8.641933391e-009 -6.836999999e+001 -6.836999999e+001 +3.7728e+000 +2.6064e+000
8233 0 +0.000000000e+000 -6.837000000e+001 -6.837000000e+001 +3.7728e+000 +2.6064e+000
% f evaluations | g evaluations | best noise-free fitness - Fopt (-5.548000000000e+001) + sum g_i+ | measured fitness | best measured fitness or single-digit g-values | x1 | x2...
1 0 +1.212155150e+007 +1.212149602e+007 +1.212149602e+007 +0.0000e+000 +0.0000e+000
4 0 +1.749902407e+006 +1.749846927e+006 +1.749846927e+006 -1.5557e+000 -2.1588e+000
6 0 +8.269674774e+005 +8.269119974e+005 +8.269119974e+005 -3.8897e+000 -2.5722e+000
8 0 +2.662211023e+005 +2.661656223e+005 +2.661656223e+005 -4.9835e+000 -3.0487e+000
10 0 +2.718716678e+003 +2.663236678e+003 +2.663236678e+003 +8.0119e-001 -3.4296e+000
95 0 +1.026601271e+003 +9.711212706e+002 +9.711212706e+002 +1.8678e-002 -3.4498e+000
152 0 +5.373756552e+001 -1.742434481e+000 -1.742434481e+000 +1.7814e+000 -3.4766e+000
299 0 +4.218043745e+001 -1.329956255e+001 -1.329956255e+001 +1.8351e+000 -3.4852e+000
486 0 +3.821399326e+001 -1.726600674e+001 -1.726600674e+001 +2.1341e+000 -3.4839e+000
717 0 +3.591014037e+001 -1.956985963e+001 -1.956985963e+001 +2.1401e+000 -3.4799e+000
1074 0 +4.937886242e+000 -5.054211376e+001 -5.054211376e+001 -3.6013e+000 -3.4794e+000
1117 0 +2.333333815e+000 -5.314666619e+001 -5.314666619e+001 -2.7551e+000 -3.4803e+000
1338 0 +2.306806297e-001 -5.524931937e+001 -5.524931937e+001 -3.4845e+000 -3.4821e+000
1448 0 +5.110584941e-002 -5.542889415e+001 -5.542889415e+001 -3.6272e+000 -3.4859e+000
2338 0 +2.988525680e-002 -5.545011474e+001 -5.545011474e+001 -3.5102e+000 -3.4817e+000
2401 0 +6.155430615e-003 -5.547384457e+001 -5.547384457e+001 -3.5224e+000 -3.4816e+000
2565 0 +2.972521925e-003 -5.547702748e+001 -5.547702748e+001 -3.5455e+000 -3.4816e+000
2719 0 +1.142464699e-004 -5.547988575e+001 -5.547988575e+001 -3.6043e+000 -3.4823e+000
4155 0 +5.855212437e-005 -5.547994145e+001 -5.547994145e+001 -3.6047e+000 -3.4823e+000
4339 0 +3.067437034e-005 -5.547996933e+001 -5.547996933e+001 -3.6021e+000 -3.4820e+000
4772 0 +1.490188206e-005 -5.547998510e+001 -5.547998510e+001 -3.6008e+000 -3.4819e+000
5050 0 +8.254386792e-006 -5.547999175e+001 -5.547999175e+001 -3.5987e+000 -3.4817e+000
5339 0 +7.277026889e-006 -5.547999272e+001 -5.547999272e+001 -3.5996e+000 -3.4818e+000
5341 0 +1.825397931e-006 -5.547999817e+001 -5.547999817e+001 -3.5980e+000 -3.4817e+000
5812 0 +1.740108914e-006 -5.547999826e+001 -5.547999826e+001 -3.5981e+000 -3.4817e+000
5909 0 +1.574204944e-007 -5.547999984e+001 -5.547999984e+001 -3.5964e+000 -3.4816e+000
6645 0 +1.106871466e-007 -5.547999989e+001 -5.547999989e+001 -3.5971e+000 -3.4816e+000
6721 0 +3.301515505e-008 -5.547999997e+001 -5.547999997e+001 -3.5967e+000 -3.4816e+000
6769 0 +7.496652188e-010 -5.548000000e+001 -5.548000000e+001 -3.5968e+000 -3.4816e+000
9907 0 +0.000000000e+000 -5.548000000e+001 -5.548000000e+001 -3.5968e+000 -3.4816e+000
% f evaluations | g evaluations | best noise-free fitness - Fopt (-5.349000000000e+001) + sum g_i+ | measured fitness | best measured fitness or single-digit g-values | x1 | x2...
1 0 +3.521281989e+005 +3.520747089e+005 +3.520747089e+005 +0.0000e+000 +0.0000e+000
26 0 +5.120550324e+004 +5.115201324e+004 +5.115201324e+004 -1.5491e+000 +3.0281e+000
56 0 +9.632976478e+003 +9.579486478e+003 +9.579486478e+003 -7.9128e-002 -1.4892e+000
166 0 +8.094020802e+001 +2.745020802e+001 +2.745020802e+001 +2.6608e+000 -5.0000e+000
626 0 +7.838546605e+001 +2.489546605e+001 +2.489546605e+001 +2.6639e+000 -5.0000e+000
627 0 +5.702527015e+001 +3.535270154e+000 +3.535270154e+000 +2.3136e+000 -4.6026e+000
756 0 +4.227815672e+001 -1.121184328e+001 -1.121184328e+001 +3.5889e-001 -2.0798e+000
1072 0 +2.023741934e+000 -5.146625807e+001 -5.146625807e+001 -7.1945e-001 +2.8215e-001
1533 0 +3.629139751e-002 -5.345370860e+001 -5.345370860e+001 -8.0202e-001 +9.3396e-001
2408 0 +1.996164351e-002 -5.347003836e+001 -5.347003836e+001 -8.0206e-001 +9.3457e-001
2711 0 +1.815181397e-002 -5.347184819e+001 -5.347184819e+001 -7.9048e-001 +8.8790e-001
2811 0 +1.676166558e-002 -5.347323833e+001 -5.347323833e+001 -7.8609e-001 +8.7008e-001
2911 0 +1.636603961e-002 -5.347363396e+001 -5.347363396e+001 -7.8390e-001 +8.6116e-001
2952 0 +5.450281855e-003 -5.348454972e+001 -5.348454972e+001 -7.8552e-001 +8.6738e-001
3311 0 +5.040409707e-003 -5.348495959e+001 -5.348495959e+001 -7.8539e-001 +8.6682e-001
3535 0 +1.523375480e-003 -5.348847662e+001 -5.348847662e+001 -7.7161e-001 +8.1081e-001
3696 0 +1.462739297e-003 -5.348853726e+001 -5.348853726e+001 -7.7660e-001 +8.3089e-001
3710 0 +1.182836344e-004 -5.348988172e+001 -5.348988172e+001 -7.6909e-001 +8.0035e-001
3811 0 +8.934623531e-005 -5.348991065e+001 -5.348991065e+001 -7.6878e-001 +7.9909e-001
4211 0 +1.200865509e-005 -5.348998799e+001 -5.348998799e+001 -7.6870e-001 +7.9875e-001
4897 0 +1.032324852e-005 -5.348998968e+001 -5.348998968e+001 -7.6877e-001 +7.9904e-001
5010 0 +6.891710825e-006 -5.348999311e+001 -5.348999311e+001 -7.6895e-001 +7.9983e-001
5097 0 +9.241628618e-007 -5.348999908e+001 -5.348999908e+001 -7.6875e-001 +7.9899e-001
5420 0 +5.632726072e-007 -5.348999944e+001 -5.348999944e+001 -7.6876e-001 +7.9903e-001
5533 0 +4.103639384e-008 -5.348999996e+001 -5.348999996e+001 -7.6877e-001 +7.9905e-001
5797 0 +3.074865162e-008 -5.348999997e+001 -5.348999997e+001 -7.6876e-001 +7.9903e-001
7236 0 +1.963666563e-008 -5.348999998e+001 -5.348999998e+001 -7.6881e-001 +7.9922e-001
7436 0 +1.159303764e-008 -5.348999999e+001 -5.348999999e+001 -7.6880e-001 +7.9922e-001
7535 0 +3.928803949e-010 -5.349000000e+001 -5.349000000e+001 -7.6880e-001 +7.9922e-001
% f evaluations | g evaluations | best noise-free fitness - Fopt (1.172700000000e+002) + sum g_i+ | measured fitness | best measured fitness or single-digit g-values | x1 | x2...
1 0 +1.357830263e+006 +1.357947533e+006 +1.357947533e+006 +0.0000e+000 +0.0000e+000
7 0 +1.996347606e+005 +1.997520306e+005 +1.997520306e+005 -4.2533e+000 +3.0702e+000
28 0 +2.299092373e+004 +2.310819373e+004 +2.310819373e+004 +1.9087e+000 +5.5799e-001
77 0 +3.467618449e+003 +3.584888449e+003 +3.584888449e+003 -4.8090e+000 +2.7121e+000
102 0 +9.865658840e+002 +1.103835884e+003 +1.103835884e+003 +3.4684e+000 +1.7458e-001
187 0 +6.902300035e+001 +1.862930004e+002 +1.862930004e+002 -4.6495e+000 +2.7254e+000
602 0 +2.347104645e+001 +1.407410464e+002 +1.407410464e+002 +3.4655e+000 +2.3251e-001
690 0 +2.047679605e+001 +1.377467960e+002 +1.377467960e+002 -2.0921e-001 +1.3621e+000
1105 0 +1.614561271e+001 +1.334156127e+002 +1.334156127e+002 -5.0343e-001 +1.4560e+000
1257 0 +1.426945009e+001 +1.315394501e+002 +1.315394501e+002 -3.4690e-001 +1.4076e+000
1283 0 +1.265262323e+001 +1.299226232e+002 +1.299226232e+002 +1.6210e-001 +1.2497e+000
1333 0 +1.142459882e+001 +1.286945988e+002 +1.286945988e+002 +4.5552e-003 +1.2997e+000
1354 0 +1.116826043e+001 +1.284382604e+002 +1.284382604e+002 +3.7638e-002 +1.2893e+000
1379 0 +6.721347299e+000 +1.239913473e+002 +1.239913473e+002 +1.5432e+000 +8.3043e-001
1577 0 +4.695386393e+000 +1.219653864e+002 +1.219653864e+002 +1.1792e+000 +9.3959e-001
1620 0 +4.590614867e+000 +1.218606149e+002 +1.218606149e+002 +1.5368e+000 +8.3166e-001
1742 0 +2.517096563e+000 +1.197870966e+002 +1.197870966e+002 +1.8630e+000 +7.2983e-001
1854 0 +2.130903246e+000 +1.194009032e+002 +1.194009032e+002 +1.8761e+000 +7.2689e-001
1954 0 +1.474358995e+000 +1.187443590e+002 +1.187443590e+002 +2.4444e+000 +5.5350e-001
2060 0 +1.063609990e+000 +1.183336100e+002 +1.183336100e+002 +2.6471e+000 +4.9137e-001
2101 0 +1.037367361e+000 +1.183073674e+002 +1.183073674e+002 +2.2598e+000 +6.0902e-001
2201 0 +8.232050938e-001 +1.180932051e+002 +1.180932051e+002 +2.4246e+000 +5.5896e-001
2207 0 +4.807759226e-001 +1.177507759e+002 +1.177507759e+002 +2.5731e+000 +5.1310e-001
2306 0 +4.567931156e-001 +1.177267931e+002 +1.177267931e+002 +2.8932e+000 +4.1456e-001
2355 0 +4.152944501e-001 +1.176852945e+002 +1.176852945e+002 +2.6318e+000 +4.9503e-001
2379 0 +3.451224895e-001 +1.176151225e+002 +1.176151225e+002 +2.7633e+000 +4.5528e-001
2402 0 +3.334630429e-001 +1.176034630e+002 +1.176034630e+002 +2.6878e+000 +4.7816e-001
2419 0 +1.884416005e-001 +1.174584416e+002 +1.174584416e+002 +3.2994e+000 +2.8841e-001
2459 0 +1.515885853e-001 +1.174215886e+002 +1.174215886e+002 +2.8654e+000 +4.2373e-001
2491 0 +3.597009096e-002 +1.173059701e+002 +1.173059701e+002 +3.3481e+000 +2.6991e-001
2654 0 +4.771643651e-003 +1.172747716e+002 +1.172747716e+002 +3.2853e+000 +2.9284e-001
2838 0 +2.578887024e-003 +1.172725789e+002 +1.172725789e+002 +3.2811e+000 +2.9445e-001
2975 0 +2.514847028e-003 +1.172725148e+002 +1.172725148e+002 +3.2607e+000 +3.0167e-001
3073 0 +2.202579408e-003 +1.172722026e+002 +1.172722026e+002 +3.2435e+000 +3.0763e-001
3102 0 +9.959027477e-005 +1.172700996e+002 +1.172700996e+002 +3.2283e+000 +3.1256e-001
3602 0 +6.792836660e-005 +1.172700679e+002 +1.172700679e+002 +3.2338e+000 +3.1089e-001
3979 0 +4.255677055e-005 +1.172700426e+002 +1.172700426e+002 +3.2309e+000 +3.1177e-001
4230 0 +1.536629554e-006 +1.172700015e+002 +1.172700015e+002 +3.2317e+000 +3.1154e-001
4242 0 +4.547596006e-007 +1.172700005e+002 +1.172700005e+002 +3.2329e+000 +3.1118e-001
4312 0 +4.453046500e-007 +1.172700004e+002 +1.172700004e+002 +3.2334e+000 +3.1103e-001
4658 0 +2.350549408e-007 +1.172700002e+002 +1.172700002e+002 +3.2332e+000 +3.1107e-001
4942 0 +1.413515776e-007 +1.172700001e+002 +1.172700001e+002 +3.2325e+000 +3.1130e-001
5102 0 +6.437177547e-008 +1.172700001e+002 +1.172700001e+002 +3.2326e+000 +3.1125e-001
5179 0 +5.972329120e-008 +1.172700001e+002 +1.172700001e+002 +3.2330e+000 +3.1115e-001
5206 0 +2.114416020e-008 +1.172700000e+002 +1.172700000e+002 +3.2329e+000 +3.1116e-001
5271 0 +1.500025348e-008 +1.172700000e+002 +1.172700000e+002 +3.2327e+000 +3.1124e-001
5303 0 +4.741238513e-009 +1.172700000e+002 +1.172700000e+002 +3.2328e+000 +3.1121e-001
7971 0 +0.000000000e+000 +1.172700000e+002 +1.172700000e+002 +3.2328e+000 +3.1120e-001
% f evaluations | g evaluations | best noise-free fitness - Fopt (7.789000000000e+001) + sum g_i+ | measured fitness | best measured fitness or single-digit g-values | x1 | x2...
1 0 +1.469244732e+007 +1.469252521e+007 +1.469252521e+007 +0.0000e+000 +0.0000e+000
5 0 +5.339128943e+006 +5.339206833e+006 +5.339206833e+006 +2.6971e+000 +4.4891e+000
13 0 +4.364281234e+005 +4.365060134e+005 +4.365060134e+005 +1.7361e+000 +2.8390e+000
34 0 +1.490670053e+004 +1.498459053e+004 +1.498459053e+004 +2.1887e+000 +2.3005e+000
144 0 +7.521849469e+003 +7.599739469e+003 +7.599739469e+003 +2.7998e+000 +2.0917e+000
211 0 +1.731057461e+001 +9.520057461e+001 +9.520057461e+001 +3.1968e+000 +2.1822e+000
372 0 +1.182731282e+001 +8.971731282e+001 +8.971731282e+001 +3.2623e+000 +2.1813e+000
722 0 +3.724830993e+000 +8.161483099e+001 +8.161483099e+001 +3.1430e+000 +2.1775e+000
1033 0 +3.233120143e+000 +8.112312014e+001 +8.112312014e+001 +3.1503e+000 +2.1790e+000
1422 0 +2.900941809e+000 +8.079094181e+001 +8.079094181e+001 +3.1460e+000 +2.1786e+000
1505 0 +2.179227159e+000 +8.006922716e+001 +8.006922716e+001 +2.8745e+000 +2.1788e+000
1747 0 +2.066693549e+000 +7.995669355e+001 +7.995669355e+001 +2.8929e+000 +2.1784e+000
1900 0 +1.168106628e+000 +7.905810663e+001 +7.905810663e+001 +2.5196e+000 +2.1782e+000
2061 0 +1.012762036e+000 +7.890276204e+001 +7.890276204e+001 +2.4624e+000 +2.1784e+000
2077 0 +2.240252819e-001 +7.811402528e+001 +7.811402528e+001 +1.6935e+000 +2.1788e+000
2135 0 +2.131151552e-001 +7.810311516e+001 +7.810311516e+001 +1.8156e+000 +2.1787e+000
2291 0 +1.397954959e-001 +7.802979550e+001 +7.802979550e+001 +1.6566e+000 +2.1787e+000
2334 0 +3.019182480e-002 +7.792019182e+001 +7.792019182e+001 +1.4628e+000 +2.1786e+000
2383 0 +2.106677296e-002 +7.791106677e+001 +7.791106677e+001 +1.5839e+000 +2.1783e+000
2422 0 +1.726185357e-002 +7.790726185e+001 +7.790726185e+001 +1.5482e+000 +2.1785e+000
2534 0 +2.163825874e-003 +7.789216383e+001 +7.789216383e+001 +1.4774e+000 +2.1784e+000
2651 0 +2.017450175e-003 +7.789201745e+001 +7.789201745e+001 +1.4823e+000 +2.1784e+000
2927 0 +9.195946274e-005 +7.789009196e+001 +7.789009196e+001 +1.4656e+000 +2.1784e+000
3205 0 +3.591397281e-005 +7.789003591e+001 +7.789003591e+001 +1.4576e+000 +2.1784e+000
3305 0 +2.572711651e-005 +7.789002573e+001 +7.789002573e+001 +1.4599e+000 +2.1784e+000
3391 0 +2.544619325e-005 +7.789002545e+001 +7.789002545e+001 +1.4557e+000 +2.1784e+000
3405 0 +1.555977808e-005 +7.789001556e+001 +7.789001556e+001 +1.4599e+000 +2.1784e+000
3805 0 +1.537071191e-005 +7.789001537e+001 +7.789001537e+001 +1.4599e+000 +2.1784e+000
3815 0 +1.381999152e-005 +7.789001382e+001 +7.789001382e+001 +1.4577e+000 +2.1784e+000
3905 0 +9.781913306e-006 +7.789000978e+001 +7.789000978e+001 +1.4585e+000 +2.1784e+000
3927 0 +5.953175133e-006 +7.789000595e+001 +7.789000595e+001 +1.4584e+000 +2.1784e+000
4005 0 +4.826728045e-006 +7.789000483e+001 +7.789000483e+001 +1.4578e+000 +2.1784e+000
4027 0 +1.345838754e-006 +7.789000135e+001 +7.789000135e+001 +1.4568e+000 +2.1784e+000
4105 0 +1.088177001e-006 +7.789000109e+001 +7.789000109e+001 +1.4567e+000 +2.1784e+000
4134 0 +9.300794375e-007 +7.789000093e+001 +7.789000093e+001 +1.4561e+000 +2.1784e+000
4427 0 +7.425246622e-007 +7.789000074e+001 +7.789000074e+001 +1.4565e+000 +2.1784e+000
4433 0 +8.088960612e-008 +7.789000008e+001 +7.789000008e+001 +1.4559e+000 +2.1784e+000
4638 0 +1.380122683e-008 +7.789000001e+001 +7.789000001e+001 +1.4559e+000 +2.1784e+000
5961 0 +1.111307313e-008 +7.789000001e+001 +7.789000001e+001 +1.4559e+000 +2.1784e+000
6083 0 +6.269857522e-009 +7.789000001e+001 +7.789000001e+001 +1.4559e+000 +2.1784e+000
8728 0 +0.000000000e+000 +7.789000000e+001 +7.789000000e+001 +1.4560e+000 +2.1784e+000
