% f evaluations | g evaluations | best noise-free fitness - Fopt (-1.694000000000e+001) + sum g_i+ | measured fitness | best measured fitness or single-digit g-values | x1 | x2...
1 0 +9.470123986e+001 +7.776123986e+001 +7.776123986e+001 +0.0000e+000 +0.0000e+000 +0.0000e+000 +0.0000e+000 +0.0000e+000
3 0 +4.155877064e+001 +2.461877064e+001 +2.461877064e+001 +2.0143e+000 +3.6510e-001 -2.1372e+000 +3.6718e-001 -1.6424e+000
31 0 +3.632285851e+001 +1.938285851e+001 +1.938285851e+001 +1.3820e+000 -1.0193e+000 -4.2737e+000 +5.6837e-001 +4.9587e+000
49 0 +1.104098268e+001 -5.899017318e+000 -5.899017318e+000 +1.3846e+000 +1.0759e+000 -2.1250e+000 +2.6323e+000 +1.7423e-002
530 0 +9.946911943e+000 -6.993088057e+000 -6.993088057e+000 +4.4202e+000 -1.8114e-002 -1.2531e+000 +3.1076e+000 +5.3539e-001
818 0 +8.759385702e+000 -8.180614298e+000 -8.180614298e+000 +3.5224e+000 +7.2341e-001 -1.4124e+000 +3.1001e+000 +2.3429e-001
885 0 +7.949051453e+000 -8.990948547e+000 -8.990948547e+000 +3.9144e+000 -1.5487e-001 -1.2491e+000 +3.6387e+000 +1.3035e-001
1758 0 +7.653645129e+000 -9.286354871e+000 -9.286354871e+000 +3.7837e+000 +2.4844e+000 -9.2786e-001 +2.0191e+000 +8.0901e-001
1875 0 +6.561326830e+000 -1.037867317e+001 -1.037867317e+001 +3.0309e+000 +2.1689e+000 -1.6284e+000 +2.0446e+000 +3.2459e-001
1950 0 +5.373545309e+000 -1.156645469e+001 -1.156645469e+001 +2.7936e+000 +2.3580e+000 -1.5015e+000 +2.0427e+000 +4.9997e-001
2027 0 +4.446932766e+000 -1.249306723e+001 -1.249306723e+001 +2.7883e+000 +2.1681e+000 -1.3849e+000 +2.3759e+000 +3.9222e-001
3236 0 +4.168107819e+000 -1.277189218e+001 -1.277189218e+001 +2.9633e+000 +2.3232e+000 -1.6368e+000 +2.1366e+000 +4.2229e-001
6596 0 +3.574252470e+000 -1.336574753e+001 -1.336574753e+001 +2.4945e+000 +2.9961e+000 -1.9745e+000 +1.3985e+000 +9.4035e-001
6946 0 +3.500686919e+000 -1.343931308e+001 -1.343931308e+001 +2.7309e+000 +2.3920e+000 -2.1086e+000 +1.8168e+000 +9.7068e-001
7726 0 +2.234796541e+000 -1.470520346e+001 -1.470520346e+001 +3.1083e+000 +2.0564e+000 -1.9470e+000 +2.0130e+000 +1.1403e+000
7832 0 +1.982718529e+000 -1.495728147e+001 -1.495728147e+001 +3.3099e+000 +1.8475e+000 -1.8834e+000 +2.0901e+000 +1.1803e+000
7846 0 +1.743659127e+000 -1.519634087e+001 -1.519634087e+001 +3.0149e+000 +2.0725e+000 -2.0262e+000 +2.0160e+000 +1.0829e+000
8246 0 +1.721734277e+000 -1.521826572e+001 -1.521826572e+001 +2.9936e+000 +2.1087e+000 -2.0252e+000 +1.9916e+000 +1.0773e+000
% f evaluations | g evaluations | best noise-free fitness - Fopt (1.881000000000e+001) + sum g_i+ | measured fitness | best measured fitness or single-digit g-values | x1 | x2...
1 0 +3.169183622e+001 +5.050183622e+001 +5.050183622e+001 +0.0000e+000 +0.0000e+000 +0.0000e+000 +0.0000e+000 +0.0000e+000
6 0 +3.090489237e+001 +4.971489237e+001 +4.971489237e+001 -1.7139e+000 +2.6896e+000 +8.5414e-001 +1.8297e+000 +4.6747e+000
51 0 +2.669893487e+001 +4.550893487e+001 +4.550893487e+001 +3.0328e-001 +3.8967e+000 +1.0067e-001 -5.9154e-002 -1.0601e+000
60 0 +2.283709706e+001 +4.164709706e+001 +4.164709706e+001 +1.3754e+000 -1.3458e+000 -2.6205e-001 -1.1935e+000 +2.4342e+000
229 0 +1.530096423e+001 +3.411096423e+001 +3.411096423e+001 +9.7718e-001 -1.2724e+000 -3.7703e-001 -2.1471e+000 +3.0826e+000
242 0 +1.430126267e+001 +3.311126267e+001 +3.311126267e+001 -3.5150e-001 -2.0890e+000 -5.8656e-001 -1.0674e+000 +2.5156e+000
295 0 +8.370679373e+000 +2.718067937e+001 +2.718067937e+001 -2.0013e-001 -2.9380e-001 -8.4638e-001 -1.5070e+000 +2.8605e+000
392 0 +6.371583344e+000 +2.518158334e+001 +2.518158334e+001 +1.5988e-001 -2.8987e-001 -8.1762e-001 -1.8495e+000 +3.0988e+000
970 0 +2.217445231e+000 +2.102744523e+001 +2.102744523e+001 +3.7867e-001 +7.7503e-001 -3.0837e-001 -1.6042e+000 +3.0906e+000
2150 0 +1.622642568e+000 +2.043264257e+001 +2.043264257e+001 +3.6082e-001 +7.7484e-001 -4.2701e-001 -1.5591e+000 +3.1788e+000
2518 0 +1.419283726e+000 +2.022928373e+001 +2.022928373e+001 +7.9176e-002 +8.0919e-001 -6.1604e-001 -1.1405e+000 +2.5641e+000
2718 0 +1.023253062e+000 +1.983325306e+001 +1.983325306e+001 +1.1835e-001 +8.0828e-001 -5.9737e-001 -1.1784e+000 +2.6202e+000
4045 0 +7.678963413e-001 +1.957789634e+001 +1.957789634e+001 +1.5194e-001 +8.2219e-001 -6.2332e-001 -1.2053e+000 +2.6294e+000
4845 0 +5.380707685e-001 +1.934807077e+001 +1.934807077e+001 +1.3768e-001 +8.1830e-001 -6.1408e-001 -1.1923e+000 +2.6229e+000
5231 0 +4.340883534e-001 +1.924408835e+001 +1.924408835e+001 +1.6725e-001 +8.2123e-001 -6.0245e-001 -1.2339e+000 +2.6819e+000
8231 0 +4.041209225e-001 +1.921412092e+001 +1.921412092e+001 +1.6844e-001 +8.2136e-001 -6.0201e-001 -1.2356e+000 +2.6842e+000
8431 0 +3.945062642e-001 +1.920450626e+001 +1.920450626e+001 +1.6961e-001 +8.2148e-001 -6.0158e-001 -1.2372e+000 +2.6865e+000
% f evaluations | g evaluations | best noise-free fitness - Fopt (2.731500000000e+002) + sum g_i+ | measured fitness | best measured fitness or single-digit g-values | x1 | x2...
1 0 +8.700664503e+001 +3.601566450e+002 +3.601566450e+002 +0.0000e+000 +0.0000e+000 +0.0000e+000 +0.0000e+000 +0.0000e+000
6 0 +5.473391125e+001 +3.278839112e+002 +3.278839112e+002 -3.0955e+000 -8.7887e-001 +1.1645e+000 +2.3903e-001 +2.4944e+000
9 0 +3.890711384e+001 +3.120571138e+002 +3.120571138e+002 +8.1165e-001 +7.4093e-002 +3.1665e-001 +1.4902e+000 -5.8504e-001
14 0 +3.029167442e+001 +3.034416744e+002 +3.034416744e+002 -9.2562e-001 +6.7216e-001 -1.3761e+000 +4.3614e+000 +4.7586e-001
28 0 +3.003714346e+001 +3.031871435e+002 +3.031871435e+002 -1.9940e+000 -1.4254e+000 +3.6692e+000 +3.4429e+000 +4.0648e+000
64 0 +1.046953425e+001 +2.836195342e+002 +2.836195342e+002 +3.0836e+000 +4.4840e+000 +1.8713e+000 +1.7779e+000 +6.2717e-001
896 0 +1.014450994e+001 +2.832945099e+002 +2.832945099e+002 +2.8110e+000 +4.3995e+000 +1.0834e-001 +1.1312e+000 +1.1432e+000
1142 0 +9.550827246e+000 +2.827008272e+002 +2.827008272e+002 +1.8573e+000 +3.9228e+000 +1.7278e-001 +1.4455e+000 +8.3017e-001
1160 0 +8.057531855e+000 +2.812075319e+002 +2.812075319e+002 +3.0262e+000 +4.1585e+000 +4.5107e-002 +1.4013e+000 +1.1746e+000
1342 0 +3.840030853e+000 +2.769900309e+002 +2.769900309e+002 +2.2609e+000 +3.9657e+000 +1.2548e-001 +1.4677e+000 +9.4457e-001
1516 0 +1.783505080e+000 +2.749335051e+002 +2.749335051e+002 +2.4200e+000 +3.8682e+000 +3.2853e-001 +1.6254e+000 +9.9303e-001
2994 0 +1.549261083e+000 +2.746992611e+002 +2.746992611e+002 +2.3971e+000 +3.8616e+000 +3.6160e-001 +1.6429e+000 +9.6999e-001
4099 0 +1.248633679e+000 +2.743986337e+002 +2.743986337e+002 +2.4037e+000 +3.8567e+000 +3.2048e-001 +1.6366e+000 +9.8260e-001
% f evaluations | g evaluations | best noise-free fitness - Fopt (3.718000000000e+001) + sum g_i+ | measured fitness | best measured fitness or single-digit g-values | x1 | x2...
1 0 +1.334312491e+002 +1.706112491e+002 +1.706112491e+002 +0.0000e+000 +0.0000e+000 +0.0000e+000 +0.0000e+000 +0.0000e+000
9 0 +1.268322055e+002 +1.640122055e+002 +1.640122055e+002 +1.2469e+000 -1.7235e+000 +3.7522e+000 -1.2415e+000 -1.6301e+000
10 0 +4.285234482e+001 +8.003234482e+001 +8.003234482e+001 +9.5254e-001 +1.2897e+000 +3.2897e+000 +7.6496e-001 +1.5651e+000
22 0 +1.332889044e+001 +5.050889044e+001 +5.050889044e+001 -1.4238e+000 -5.6591e-001 +3.9851e+000 +1.9323e+000 -4.6655e+000
221 0 +1.002347516e+001 +4.720347516e+001 +4.720347516e+001 -1.9858e+000 -3.1300e-001 +2.8989e+000 +1.8867e+000 -3.0366e+000
421 0 +9.447582967e+000 +4.662758297e+001 +4.662758297e+001 -2.0481e+000 +4.3400e-001 +2.9807e+000 +1.8591e+000 -3.1810e+000
988 0 +8.877034895e+000 +4.605703489e+001 +4.605703489e+001 -2.5517e+000 +4.5260e-001 +2.9770e+000 +1.6689e+000 -3.3397e+000
1143 0 +7.555879679e+000 +4.473587968e+001 +4.473587968e+001 -2.4144e+000 +1.0061e+000 +2.7757e+000 +1.4099e+000 -2.9379e+000
1169 0 +2.662119183e+000 +3.984211918e+001 +3.984211918e+001 -3.1329e+000 +1.5805e+000 +2.7690e+000 +1.2985e+000 -3.2194e+000
2033 0 +1.904372983e+000 +3.908437298e+001 +3.908437298e+001 -3.0683e+000 +1.5162e+000 +2.6988e+000 +1.4728e+000 -3.1983e+000
2304 0 +1.477856608e+000 +3.865785661e+001 +3.865785661e+001 -3.1076e+000 +1.5979e+000 +2.7706e+000 +1.3766e+000 -3.2224e+000
2985 0 +1.176486470e+000 +3.835648647e+001 +3.835648647e+001 -3.1318e+000 +1.7273e+000 +2.7956e+000 +1.4100e+000 -3.2207e+000
6290 0 +1.006430651e+000 +3.818643065e+001 +3.818643065e+001 -3.1266e+000 +1.7302e+000 +2.8030e+000 +1.4090e+000 -3.2182e+000
7196 0 +9.567285923e-001 +3.813672859e+001 +3.813672859e+001 -3.0918e+000 +1.7259e+000 +2.8581e+000 +1.3466e+000 -3.2115e+000
9464 0 +8.352234544e-001 +3.801522345e+001 +3.801522345e+001 -3.0958e+000 +1.7290e+000 +2.8586e+000 +1.3460e+000 -3.2109e+000
% f evaluations | g evaluations | best noise-free fitness - Fopt (-1.479000000000e+002) + sum g_i+ | measured fitness | best measured fitness or single-digit g-values | x1 | x2...
1 0 +6.898756762e+001 -7.891243238e+001 -7.891243238e+001 +0.0000e+000 +0.0000e+000 +0.0000e+000 +0.0000e+000 +0.0000e+000
3 0 +4.734137193e+001 -1.005586281e+002 -1.005586281e+002 +4.1808e+000 +9.7675e-001 +3.4107e+000 -2.9485e+000 -1.8039e+000
6 0 +4.430244311e+001 -1.035975569e+002 -1.035975569e+002 -9.0360e-001 -1.6660e+000 -2.6072e+000 -1.9851e+000 -9.5746e-001
17 0 +1.973199643e+001 -1.281680036e+002 -1.281680036e+002 -3.9581e+000 +3.9938e-001 +3.4973e+000 +7.4887e-001 +5.5867e-001
330 0 +4.108799066e+000 -1.437912009e+002 -1.437912009e+002 -1.9613e+000 -6.8763e-001 +4.0761e+000 -8.7855e-001 -1.4934e+000
543 0 +3.100975781e+000 -1.447990242e+002 -1.447990242e+002 -1.6958e+000 -6.3994e-001 +4.3019e+000 -7.2538e-001 -1.5231e+000
1207 0 +2.935386284e+000 -1.449646137e+002 -1.449646137e+002 -1.6520e+000 -8.4234e-001 +4.1295e+000 -9.9280e-001 -1.5550e+000
2645 0 +2.859908302e+000 -1.450400917e+002 -1.450400917e+002 -1.6599e+000 -8.4589e-001 +4.1239e+000 -9.9098e-001 -1.5529e+000
2985 0 +2.200360919e+000 -1.456996391e+002 -1.456996391e+002 -1.3951e+000 -8.4757e-001 +4.2980e+000 -9.1310e-001 -1.6345e+000
4423 0 +1.393271465e+000 -1.465067285e+002 -1.465067285e+002 -1.3951e+000 -8.5940e-001 +4.2499e+000 -9.8650e-001 -1.7111e+000
6937 0 +1.358132256e+000 -1.465418677e+002 -1.465418677e+002 -1.4042e+000 -8.5454e-001 +4.2570e+000 -9.6746e-001 -1.6853e+000
7346 0 +1.272127721e+000 -1.466278723e+002 -1.466278723e+002 -1.3872e+000 -8.5344e-001 +4.2376e+000 -9.9446e-001 -1.7023e+000
9635 0 +1.149232027e+000 -1.467507680e+002 -1.467507680e+002 -1.3841e+000 -8.5358e-001 +4.2721e+000 -9.6504e-001 -1.6983e+000
% f evaluations | g evaluations | best noise-free fitness - Fopt (4.817100000000e+002) + sum g_i+ | measured fitness | best measured fitness or single-digit g-values | x1 | x2...
1 0 +1.098420059e+002 +5.915520059e+002 +5.915520059e+002 +0.0000e+000 +0.0000e+000 +0.0000e+000 +0.0000e+000 +0.0000e+000
2 0 +4.319549675e+001 +5.249054967e+002 +5.249054967e+002 +4.0851e+000 -2.8204e+000 -2.4657e+000 +7.8914e-001 +5.8399e-001
14 0 +3.519250364e+001 +5.169025036e+002 +5.169025036e+002 -2.1219e+000 -4.0971e+000 -3.7197e+000 +4.5395e+000 -1.9762e+000
38 0 +1.959621854e+001 +5.013062185e+002 +5.013062185e+002 +3.0256e-001 -3.1205e+000 -4.2355e+000 +3.7659e+000 -2.1950e+000
186 0 +1.845600616e+001 +5.001660062e+002 +5.001660062e+002 +1.5564e-001 -3.2080e+000 -3.8656e+000 +3.5968e+000 -4.7256e-001
213 0 +1.567170261e+001 +4.973817026e+002 +4.973817026e+002 +1.2174e-001 -4.0079e+000 -2.7623e+000 +1.8781e+000 -9.4236e-001
218 0 +8.252301962e+000 +4.899623020e+002 +4.899623020e+002 -4.9489e-001 -2.6459e+000 -2.6766e+000 +3.1379e+000 -1.2620e+000
852 0 +7.210839859e+000 +4.889208399e+002 +4.889208399e+002 -4.7315e-001 -2.9565e+000 -2.8898e+000 +3.3917e+000 -1.2290e+000
877 0 +6.564539254e+000 +4.882745393e+002 +4.882745393e+002 -4.4021e-001 -2.7212e+000 -2.8042e+000 +3.2105e+000 -1.1334e+000
925 0 +4.345658068e+000 +4.860556581e+002 +4.860556581e+002 +4.3206e-001 -2.7225e+000 -2.8775e+000 +2.5517e+000 -8.0739e-001
1037 0 +3.908920975e+000 +4.856189210e+002 +4.856189210e+002 +4.1410e-001 -2.9529e+000 -3.2438e+000 +3.0492e+000 -7.2265e-001
1376 0 +2.020687193e+000 +4.837306872e+002 +4.837306872e+002 -8.3904e-003 -2.7617e+000 -2.8764e+000 +2.9509e+000 -8.1796e-001
2076 0 +1.284480330e+000 +4.829944803e+002 +4.829944803e+002 +6.7484e-002 -2.7225e+000 -2.8550e+000 +2.9181e+000 -7.9037e-001
3193 0 +1.170787274e+000 +4.828807873e+002 +4.828807873e+002 +1.8968e-001 -2.6754e+000 -2.9864e+000 +2.9932e+000 -7.9541e-001
3676 0 +8.021625675e-001 +4.825121626e+002 +4.825121626e+002 +3.9052e-002 -2.7402e+000 -2.8945e+000 +2.9546e+000 -8.1009e-001
6509 0 +7.319284369e-001 +4.824419284e+002 +4.824419284e+002 +1.4050e-001 -2.7770e+000 -2.9004e+000 +2.9288e+000 -8.1598e-001
8435 0 +6.080910273e-001 +4.823180910e+002 +4.823180910e+002 +1.0976e-001 -2.7819e+000 -2.9099e+000 +2.9520e+000 -8.0351e-001
8635 0 +4.474285058e-001 +4.821574285e+002 +4.821574285e+002 +1.0398e-001 -2.7820e+000 -2.9117e+000 +2.9554e+000 -8.0101e-001
% f evaluations | g evaluations | best noise-free fitness - Fopt (-3.646000000000e+001) + sum g_i+ | measured fitness | best measured fitness or single-digit g-values | x1 | x2...
1 0 +2.575512727e+001 -1.070487273e+001 -1.070487273e+001 +0.0000e+000 +0.0000e+000 +0.0000e+000 +0.0000e+000 +0.0000e+000
16 0 +2.438480092e+001 -1.207519908e+001 -1.207519908e+001 +2.8535e+000 -2.4240e+000 +4.3813e-001 +2.0327e+000 -1.2035e+000
18 0 +1.631986069e+001 -2.014013931e+001 -2.014013931e+001 -9.8427e-001 -1.7619e+000 -1.0888e+000 +1.2089e+000 +1.0196e+000
234 0 +1.482021392e+001 -2.163978608e+001 -2.163978608e+001 -1.8678e+000 -2.1256e+000 -1.5180e+000 +1.5217e+000 +1.9447e+000
371 0 +7.938924101e+000 -2.852107590e+001 -2.852107590e+001 -3.2332e-001 -2.6928e+000 -1.0408e+000 +2.8286e+000 +1.7048e+000
769 0 +7.457416358e+000 -2.900258364e+001 -2.900258364e+001 -4.5852e-001 -3.4064e+000 -7.2552e-001 +2.7288e+000 +8.4552e-001
954 0 +6.438039825e+000 -3.002196018e+001 -3.002196018e+001 -6.2265e-001 -2.7172e+000 -9.4854e-001 +1.7497e+000 +1.4017e+000
1730 0 +6.102514734e+000 -3.035748527e+001 -3.035748527e+001 +1.1801e+000 -2.4049e+000 -1.4588e+000 +1.6120e+000 +2.0947e+000
2255 0 +4.310675064e+000 -3.214932494e+001 -3.214932494e+001 +8.8353e-001 -2.8791e+000 -1.3036e+000 +1.8229e+000 +1.8560e+000
2431 0 +3.538124479e+000 -3.292187552e+001 -3.292187552e+001 +8.9846e-001 -2.8970e+000 -1.2333e+000 +1.7880e+000 +1.8934e+000
2639 0 +2.823366574e+000 -3.363663343e+001 -3.363663343e+001 +7.6498e-001 -3.1256e+000 -1.4897e+000 +2.2376e+000 +1.9627e+000
3139 0 +1.706845189e+000 -3.475315481e+001 -3.475315481e+001 +6.2086e-001 -3.4636e+000 -1.7696e+000 +2.6498e+000 +2.1420e+000
4139 0 +1.546025728e+000 -3.491397427e+001 -3.491397427e+001 +7.3540e-001 -3.1950e+000 -1.5471e+000 +2.3222e+000 +1.9995e+000
5311 0 +1.447368252e+000 -3.501263175e+001 -3.501263175e+001 +6.8903e-001 -3.3111e+000 -1.7116e+000 +2.4935e+000 +2.0093e+000
5422 0 +1.111780726e+000 -3.534821927e+001 -3.534821927e+001 +6.7342e-001 -3.2520e+000 -1.6318e+000 +2.4633e+000 +1.9250e+000
5539 0 +1.060390380e+000 -3.539960962e+001 -3.539960962e+001 +6.4698e-001 -3.3375e+000 -1.6906e+000 +2.5475e+000 +1.9999e+000
5626 0 +9.917535569e-001 -3.546824644e+001 -3.546824644e+001 +6.7237e-001 -3.3029e+000 -1.6603e+000 +2.4908e+000 +2.0033e+000
6039 0 +8.043330626e-001 -3.565566694e+001 -3.565566694e+001 +6.5344e-001 -3.3010e+000 -1.6610e+000 +2.5162e+000 +1.9623e+000
8354 0 +7.460256099e-001 -3.571397439e+001 -3.571397439e+001 +6.4868e-001 -3.3116e+000 -1.6610e+000 +2.5257e+000 +1.9583e+000
9331 0 +6.338821632e-001 -3.582611784e+001 -3.582611784e+001 +6.4214e-001 -3.3154e+000 -1.6567e+000 +2.5342e+000 +1.9545e+000
9854 0 +5.590116094e-001 -3.590098839e+001 -3.590098839e+001 +6.3976e-001 -3.3166e+000 -1.6424e+000 +2.5293e+000 +1.9422e+000
% f evaluations | g evaluations | best noise-free fitness - Fopt (3.920000000000e+001) + sum g_i+ | measured fitness | best measured fitness or single-digit g-values | x1 | x2...
1 0 +1.031206292e+002 +1.423206292e+002 +1.423206292e+002 +0.0000e+000 +0.0000e+000 +0.0000e+000 +0.0000e+000 +0.0000e+000
2 0 +9.564911783e+001 +1.348491178e+002 +1.348491178e+002 -3.8010e+000 +4.1548e+000 +1.2474e+000 -2.5655e+000 +2.3095e+000
3 0 +8.246755408e+001 +1.216675541e+002 +1.216675541e+002 +1.0669e+000 -1.9782e+000 -2.1138e+000 +2.5625e+000 +1.6876e-001
7 0 +7.963421601e+001 +1.188342160e+002 +1.188342160e+002 -3.3305e-001 -4.6804e-001 +1.4747e+000 +2.5585e+000 +3.4074e+000
8 0 +2.120311514e+001 +6.040311514e+001 +6.040311514e+001 +9.7067e-001 +4.9580e+000 +2.0401e+000 +3.4702e+000 +1.9863e+000
208 0 +1.955138741e+001 +5.875138741e+001 +5.875138741e+001 -1.3018e-001 +4.9138e+000 +2.7507e+000 +3.9879e+000 +2.3192e+000
315 0 +1.310410157e+001 +5.230410157e+001 +5.230410157e+001 +4.9926e+000 +2.4600e+000 +4.0291e+000 +3.3335e+000 +9.2037e-001
522 0 +1.194493956e+001 +5.114493956e+001 +5.114493956e+001 +3.2942e+000 +3.3319e+000 +3.2368e+000 +3.2776e+000 +1.3094e+000
642 0 +8.754566886e+000 +4.795456689e+001 +4.795456689e+001 +3.8455e+000 +3.0136e+000 +2.7260e+000 +3.8636e+000 +1.4241e+000
918 0 +7.019514060e+000 +4.621951406e+001 +4.621951406e+001 +3.8270e+000 +2.9888e+000 +2.7251e+000 +4.0739e+000 +1.2790e+000
1042 0 +5.913255132e+000 +4.511325513e+001 +4.511325513e+001 +3.9429e+000 +2.9363e+000 +2.9362e+000 +3.9708e+000 +1.2390e+000
3624 0 +5.820419972e+000 +4.502041997e+001 +4.502041997e+001 +3.9116e+000 +2.9322e+000 +2.9016e+000 +3.9384e+000 +1.2211e+000
4000 0 +4.761301539e+000 +4.396130154e+001 +4.396130154e+001 +3.9442e+000 +2.9331e+000 +2.9047e+000 +3.9748e+000 +1.2189e+000
6485 0 +4.401542593e+000 +4.360154259e+001 +4.360154259e+001 +3.9440e+000 +2.8945e+000 +2.8981e+000 +4.0204e+000 +1.2128e+000
6911 0 +4.187053739e+000 +4.338705374e+001 +4.338705374e+001 +3.9498e+000 +2.9224e+000 +2.9162e+000 +3.9941e+000 +1.2208e+000
7185 0 +3.970052441e+000 +4.317005244e+001 +4.317005244e+001 +3.9606e+000 +2.9064e+000 +2.9137e+000 +4.0061e+000 +1.2182e+000
8167 0 +3.315269224e+000 +4.251526922e+001 +4.251526922e+001 +4.9586e+000 +1.3112e+000 +3.3437e+000 +2.4258e+000 +2.0323e+000
9307 0 +2.272529657e+000 +4.147252966e+001 +4.147252966e+001 +4.3210e+000 +1.3909e+000 +3.0265e+000 +2.4124e+000 +2.1996e+000
% f evaluations | g evaluations | best noise-free fitness - Fopt (-3.225000000000e+001) + sum g_i+ | measured fitness | best measured fitness or single-digit g-values | x1 | x2...
1 0 +1.456730525e+002 +1.134230525e+002 +1.134230525e+002 +0.0000e+000 +0.0000e+000 +0.0000e+000 +0.0000e+000 +0.0000e+000
3 0 +8.468617945e+001 +5.243617945e+001 +5.243617945e+001 +1.5687e+000 -4.2245e+000 +3.8581e+000 -1.2118e+000 -6.4037e-001
7 0 +7.989101788e+001 +4.764101788e+001 +4.764101788e+001 +4.9807e+000 +4.0318e-001 +3.2016e+000 +1.6030e+000 -2.8616e+000
9 0 +3.491990698e+001 +2.669906976e+000 +2.669906976e+000 +1.5830e+000 +4.5849e-001 -1.1077e+000 -3.6150e+000 +4.2730e+000
36 0 +2.299390913e+001 -9.256090867e+000 -9.256090867e+000 +4.3497e+000 +2.2642e+000 +1.4721e+000 -2.2477e+000 +2.6191e+000
204 0 +1.535133780e+001 -1.689866220e+001 -1.689866220e+001 +3.8717e+000 -4.2434e-002 -3.4595e+000 -2.4071e+000 +2.3861e+000
252 0 +1.446354503e+001 -1.778645497e+001 -1.778645497e+001 +4.1118e+000 +1.7206e+000 +1.6001e-002 -7.9570e-001 +3.1683e+000
390 0 +1.282803441e+001 -1.942196559e+001 -1.942196559e+001 +3.5649e+000 +2.3219e+000 -3.8693e-001 -3.0256e+000 +5.0000e+000
466 0 +7.144537763e+000 -2.510546224e+001 -2.510546224e+001 +3.8702e+000 +1.7747e+000 +1.3411e-001 -2.1387e+000 +4.0850e+000
714 0 +5.305394968e+000 -2.694460503e+001 -2.694460503e+001 +3.6271e+000 +1.9432e+000 -3.4471e-001 -2.1115e+000 +4.6753e+000
928 0 +4.778738935e+000 -2.747126107e+001 -2.747126107e+001 +3.6800e+000 +1.9484e+000 -9.9954e-002 -2.1695e+000 +4.3640e+000
1080 0 +3.783363130e+000 -2.846663687e+001 -2.846663687e+001 +3.2580e+000 +2.1982e+000 -1.5606e-001 -1.9247e+000 +5.0000e+000
1367 0 +3.603701991e+000 -2.864629801e+001 -2.864629801e+001 +3.5646e+000 +2.2777e+000 -1.8800e-001 -1.8756e+000 +5.0000e+000
2116 0 +2.894510292e+000 -2.935548971e+001 -2.935548971e+001 +3.4490e+000 +2.4634e+000 -3.3190e-001 -1.7689e+000 +5.0000e+000
2371 0 +1.331189061e+000 -3.091881094e+001 -3.091881094e+001 +3.4210e+000 +2.5203e+000 -4.0372e-001 -1.7837e+000 +4.9974e+000
2703 0 +8.101507125e-001 -3.143984929e+001 -3.143984929e+001 +3.4137e+000 +2.4931e+000 -4.8712e-001 -1.7265e+000 +5.0000e+000
5787 0 +7.705723244e-001 -3.147942768e+001 -3.147942768e+001 +3.4220e+000 +2.4965e+000 -4.7635e-001 -1.7262e+000 +5.0000e+000
6724 0 +6.661843891e-001 -3.158381561e+001 -3.158381561e+001 +3.4190e+000 +2.4972e+000 -4.7509e-001 -1.7222e+000 +5.0000e+000
8824 0 +6.381156790e-001 -3.161188432e+001 -3.161188432e+001 +3.4154e+000 +2.4984e+000 -4.7453e-001 -1.7180e+000 +5.0000e+000
9158 0 +5.038204268e-001 -3.174617957e+001 -3.174617957e+001 +3.4153e+000 +2.4945e+000 -4.9109e-001 -1.7402e+000 +5.0000e+000
% f evaluations | g evaluations | best noise-free fitness - Fopt (3.681200000000e+002) + sum g_i+ | measured fitness | best measured fitness or single-digit g-values | x1 | x2...
1 0 +4.418984040e+001 +4.123098404e+002 +4.123098404e+002 +0.0000e+000 +0.0000e+000 +0.0000e+000 +0.0000e+000 +0.0000e+000
17 0 +4.276158859e+001 +4.108815886e+002 +4.108815886e+002 -4.0189e+000 +6.4622e-001 +3.4874e+000 -2.8487e+000 -9.7655e-001
19 0 +3.265270194e+001 +4.007727019e+002 +4.007727019e+002 -2.4460e+000 +8.0177e-001 +1.9628e+000 -4.0288e+000 -1.1335e+000
30 0 +2.496170019e+001 +3.930817002e+002 +3.930817002e+002 -1.9941e+000 +3.1143e+000 +2.4743e+000 -1.2428e+000 -3.4354e-001
78 0 +1.776551522e+001 +3.858855152e+002 +3.858855152e+002 -2.6098e+000 +7.6022e-001 +3.1953e+000 -6.9364e-001 -3.7685e+000
284 0 +1.665080469e+001 +3.847708047e+002 +3.847708047e+002 -1.1674e+000 -1.2241e+000 +1.9385e+000 -2.3474e+000 -2.3084e+000
365 0 +1.515464354e+001 +3.832746435e+002 +3.832746435e+002 -1.1191e+000 -4.5083e+000 +3.4573e-001 -4.3555e+000 -2.1257e+000
414 0 +1.204178182e+001 +3.801617818e+002 +3.801617818e+002 -1.5320e+000 -3.9763e+000 +1.2868e-001 -2.7455e+000 -2.8368e+000
505 0 +1.199542982e+001 +3.801154298e+002 +3.801154298e+002 -1.8991e+000 -4.8471e+000 -3.9099e-001 -2.6940e+000 -1.5519e+000
1503 0 +6.622043681e+000 +3.747420437e+002 +3.747420437e+002 -1.8527e+000 -4.0919e+000 +8.7846e-001 -2.6617e+000 -1.1830e+000
1917 0 +5.712275648e+000 +3.738322756e+002 +3.738322756e+002 -2.4398e+000 -2.7987e+000 +6.7515e-001 -2.5842e+000 -1.0018e+000
1950 0 +5.403648683e+000 +3.735236487e+002 +3.735236487e+002 -1.7522e+000 -4.0594e+000 +1.9003e-001 -2.7206e+000 -1.5338e+000
2074 0 +5.014136014e+000 +3.731341360e+002 +3.731341360e+002 -1.7941e+000 -4.1904e+000 -2.3604e-001 -2.9019e+000 -1.6503e+000
2103 0 +3.993639416e+000 +3.721136394e+002 +3.721136394e+002 -1.7553e+000 -4.0662e+000 +1.2451e-001 -2.7448e+000 -1.5498e+000
2817 0 +3.628638729e+000 +3.717486387e+002 +3.717486387e+002 -1.9003e+000 -3.7426e+000 +2.3127e-001 -2.6900e+000 -1.4442e+000
3225 0 +2.795060755e+000 +3.709150608e+002 +3.709150608e+002 -2.0944e+000 -3.1640e+000 +2.7201e-001 -2.6841e+000 -1.1997e+000
3774 0 +2.472228153e+000 +3.705922282e+002 +3.705922282e+002 -2.1471e+000 -3.1273e+000 +1.5022e-001 -2.7625e+000 -1.0856e+000
3806 0 +1.987753152e+000 +3.701077532e+002 +3.701077532e+002 -2.0726e+000 -3.0961e+000 +1.7062e-001 -2.6820e+000 -1.1856e+000
4046 0 +1.619707297e+000 +3.697397073e+002 +3.697397073e+002 -2.0515e+000 -3.1082e+000 +2.4449e-001 -2.6827e+000 -1.0774e+000
4946 0 +1.556354750e+000 +3.696763548e+002 +3.696763548e+002 -2.0383e+000 -3.1201e+000 +2.6793e-001 -2.6779e+000 -1.0750e+000
5588 0 +1.383668589e+000 +3.695036686e+002 +3.695036686e+002 -2.0178e+000 -3.1039e+000 +2.8830e-001 -2.6843e+000 -1.0722e+000
6500 0 +1.128614943e+000 +3.692486149e+002 +3.692486149e+002 -1.9895e+000 -3.1360e+000 +2.9809e-001 -2.6671e+000 -8.8644e-001
7135 0 +1.069383172e+000 +3.691893832e+002 +3.691893832e+002 -1.9952e+000 -3.1295e+000 +2.9693e-001 -2.6730e+000 -8.9866e-001
7316 0 +9.183257535e-001 +3.690383258e+002 +3.690383258e+002 -1.9977e+000 -3.1123e+000 +2.9934e-001 -2.6728e+000 -9.1586e-001
9228 0 +8.902298548e-001 +3.690102299e+002 +3.690102299e+002 -1.9977e+000 -3.1119e+000 +2.9983e-001 -2.6723e+000 -9.1678e-001
% f evaluations | g evaluations | best noise-free fitness - Fopt (4.739000000000e+001) + sum g_i+ | measured fitness | best measured fitness or single-digit g-values | x1 | x2...
1 0 +4.522224235e+001 +9.261224235e+001 +9.261224235e+001 +0.0000e+000 +0.0000e+000 +0.0000e+000 +0.0000e+000 +0.0000e+000
2 0 +2.981212948e+001 +7.720212948e+001 +7.720212948e+001 -4.6882e-001 +4.7913e+000 -2.0300e+000 +9.6406e-001 +4.4287e+000
30 0 +1.558267966e+001 +6.297267966e+001 +6.297267966e+001 +1.3525e-002 +4.8772e+000 +1.6897e+000 +1.2268e+000 -5.7851e-001
238 0 +1.509253114e+001 +6.248253114e+001 +6.248253114e+001 -1.9349e+000 +4.6614e+000 -4.2336e-001 -1.2188e+000 -1.7755e+000
433 0 +1.313878816e+001 +6.052878816e+001 +6.052878816e+001 -8.7058e-001 +4.9943e+000 +9.8199e-002 -1.3559e+000 -1.3396e+000
864 0 +1.095230205e+001 +5.834230205e+001 +5.834230205e+001 -4.8564e-001 +4.5741e+000 -3.3597e-002 +4.0179e-002 -4.8739e-001
877 0 +1.070745782e+001 +5.809745782e+001 +5.809745782e+001 -1.1259e+000 +4.3227e+000 -2.0828e-001 -7.7538e-001 -3.9606e-001
1107 0 +5.874890984e+000 +5.326489098e+001 +5.326489098e+001 -2.0010e-001 +3.4753e+000 +1.0083e-001 +2.1464e-001 +9.0433e-001
1641 0 +5.663436304e+000 +5.305343630e+001 +5.305343630e+001 -5.8564e-001 +3.6543e+000 -1.6128e-001 -6.0849e-001 +1.5966e-001
1687 0 +3.783970863e+000 +5.117397086e+001 +5.117397086e+001 -4.1738e-001 +3.6702e+000 -1.5043e-001 -3.9579e-001 +1.9306e-001
2223 0 +3.184949766e+000 +5.057494977e+001 +5.057494977e+001 -4.0866e-001 +3.7658e+000 -7.6612e-001 -5.8213e-002 +4.6092e-002
3137 0 +2.456630263e+000 +4.984663026e+001 +4.984663026e+001 -5.8804e-001 +3.7096e+000 -5.6672e-001 -3.0419e-001 -1.3057e-002
3209 0 +2.214884189e+000 +4.960488419e+001 +4.960488419e+001 -5.6100e-001 +3.7400e+000 -6.1395e-001 -3.2572e-001 -5.5537e-002
6941 0 +2.147377173e+000 +4.953737717e+001 +4.953737717e+001 -4.2007e-001 +3.8137e+000 -2.9958e-001 -2.5097e-001 +3.7742e-002
7110 0 +2.024780053e+000 +4.941478005e+001 +4.941478005e+001 -5.2084e-001 +3.7676e+000 -4.5596e-001 -3.0889e-001 -8.1428e-003
7925 0 +1.868509512e+000 +4.925850951e+001 +4.925850951e+001 -5.1380e-001 +3.7809e+000 -4.5767e-001 -2.9583e-001 -1.1439e-002
% f evaluations | g evaluations | best noise-free fitness - Fopt (-3.428900000000e+002) + sum g_i+ | measured fitness | best measured fitness or single-digit g-values | x1 | x2...
1 0 +9.490063186e+001 -2.479893681e+002 -2.479893681e+002 +0.0000e+000 +0.0000e+000 +0.0000e+000 +0.0000e+000 +0.0000e+000
5 0 +6.700221006e+001 -2.758877899e+002 -2.758877899e+002 -3.5030e+000 -4.7718e+000 +5.4899e-001 -1.5293e+000 -1.8926e+000
8 0 +5.810694981e+001 -2.847830502e+002 -2.847830502e+002 +4.1721e+000 -1.7776e+000 -3.8323e-002 +1.0513e+000 -9.5634e-001
11 0 +5.238910649e+001 -2.905008935e+002 -2.905008935e+002 +3.9607e+000 -2.5342e+000 -4.7973e+000 -2.1869e+000 -3.5841e-001
12 0 +4.970173475e+001 -2.931882653e+002 -2.931882653e+002 -2.1871e+000 -2.9416e+000 -3.0265e+000 -3.0000e+000 -5.7654e-001
15 0 +4.434115914e+001 -2.985488409e+002 -2.985488409e+002 +4.6737e-001 -3.7979e+000 -3.6460e+000 -2.0773e+000 -1.5390e+000
17 0 +3.615618657e+001 -3.067338134e+002 -3.067338134e+002 -2.2577e+000 -2.8287e+000 -6.5849e-001 +3.0117e+000 -2.5033e+000
53 0 +2.326841011e+001 -3.196215899e+002 -3.196215899e+002 +4.3053e+000 -4.3847e+000 +2.3735e+000 -8.9208e-001 +2.9280e-001
244 0 +1.871591803e+001 -3.241740820e+002 -3.241740820e+002 +2.3570e+000 -3.7626e+000 +1.8320e+000 -3.2342e+000 -1.8021e+000
371 0 +1.684856874e+001 -3.260414313e+002 -3.260414313e+002 +2.2201e+000 -3.8407e+000 +2.1523e+000 -2.2860e+000 -6.8957e-001
384 0 +9.109377822e+000 -3.337806222e+002 -3.337806222e+002 +3.1726e+000 -1.9130e+000 +4.1330e+000 -4.3082e+000 -2.1960e-001
678 0 +8.325843402e+000 -3.345641566e+002 -3.345641566e+002 +3.2273e+000 -2.6373e+000 +3.7305e+000 -3.4315e+000 -4.6521e-001
771 0 +2.153608304e+000 -3.407363917e+002 -3.407363917e+002 +2.0843e+000 -3.0287e+000 +3.5852e+000 -3.5628e+000 +1.1384e-001
1171 0 +1.697192350e+000 -3.411928076e+002 -3.411928076e+002 +2.2569e+000 -2.7828e+000 +3.7783e+000 -3.7796e+000 +1.1495e-001
2271 0 +1.595415247e+000 -3.412945848e+002 -3.412945848e+002 +2.2070e+000 -2.8554e+000 +3.7305e+000 -3.7054e+000 +8.8026e-002
2440 0 +1.081983146e+000 -3.418080169e+002 -3.418080169e+002 +2.3017e+000 -2.9454e+000 +3.7346e+000 -3.6572e+000 +1.1734e-001
3597 0 +7.331592831e-001 -3.421568407e+002 -3.421568407e+002 +2.3118e+000 -2.8888e+000 +3.7305e+000 -3.6588e+000 +1.0230e-001
4721 0 +4.448384994e-001 -3.424451615e+002 -3.424451615e+002 +2.3228e+000 -2.8837e+000 +3.7346e+000 -3.6644e+000 +1.0176e-001
6321 0 +4.255628429e-001 -3.424644372e+002 -3.424644372e+002 +2.3056e+000 -2.8811e+000 +3.7267e+000 -3.6552e+000 +1.0136e-001
7393 0 +3.606282574e-001 -3.425293717e+002 -3.425293717e+002 +2.3281e+000 -2.8851e+000 +3.7350e+000 -3.6733e+000 +9.9925e-002
7866 0 +3.118922553e-001 -3.425781077e+002 -3.425781077e+002 +2.3099e+000 -2.8768e+000 +3.7254e+000 -3.6599e+000 +8.7007e-002
% f evaluations | g evaluations | best noise-free fitness - Fopt (9.102000000000e+001) + sum g_i+ | measured fitness | best measured fitness or single-digit g-values | x1 | x2...
1 0 +5.653923391e+001 +1.475592339e+002 +1.475592339e+002 +0.0000e+000 +0.0000e+000 +0.0000e+000 +0.0000e+000 +0.0000e+000
28 0 +2.638190606e+001 +1.174019061e+002 +1.174019061e+002 +1.5827e+000 +1.6383e+000 +1.7216e+000 -1.4341e-001 -3.3303e+000
267 0 +2.037242045e+001 +1.113924205e+002 +1.113924205e+002 +2.3667e+000 +3.7261e+000 +3.8341e+000 +7.3988e-001 -3.6130e+000
678 0 +1.058997134e+001 +1.016099713e+002 +1.016099713e+002 +3.8603e-001 +9.5160e-004 +4.6761e+000 -5.2556e-001 -2.9099e+000
785 0 +1.033937424e+001 +1.013593742e+002 +1.013593742e+002 +7.7874e-001 +7.8785e-001 +4.5031e+000 -3.5038e-001 -3.1974e+000
1078 0 +7.301885802e+000 +9.832188580e+001 +9.832188580e+001 +2.5552e-001 -4.2298e-001 +4.6944e+000 -8.2369e-001 -2.8440e+000
1411 0 +6.954266488e+000 +9.797426649e+001 +9.797426649e+001 +3.6197e-001 -7.7323e-001 +4.5514e+000 -9.3512e-001 -3.2661e+000
1721 0 +3.709845782e+000 +9.472984578e+001 +9.472984578e+001 +3.7618e-001 -5.9779e-001 +4.7005e+000 -1.0005e+000 -2.9731e+000
2667 0 +3.339338686e+000 +9.435933869e+001 +9.435933869e+001 +3.8664e-001 -5.8298e-001 +4.6920e+000 -9.9812e-001 -2.9764e+000
4018 0 +3.234278744e+000 +9.425427874e+001 +9.425427874e+001 +4.1866e-001 -5.3256e-001 +4.7520e+000 -9.9817e-001 -2.9422e+000
5283 0 +2.943099368e+000 +9.396309937e+001 +9.396309937e+001 +4.0480e-001 -5.0240e-001 +4.7367e+000 -9.8986e-001 -2.9463e+000
6483 0 +2.808846749e+000 +9.382884675e+001 +9.382884675e+001 +4.0889e-001 -5.2042e-001 +4.7393e+000 -9.9376e-001 -2.9470e+000
6683 0 +2.601456801e+000 +9.362145680e+001 +9.362145680e+001 +4.0817e-001 -5.1726e-001 +4.7388e+000 -9.9308e-001 -2.9468e+000
% f evaluations | g evaluations | best noise-free fitness - Fopt (7.324200000000e+002) + sum g_i+ | measured fitness | best measured fitness or single-digit g-values | x1 | x2...
1 0 +8.848403910e+001 +8.209040391e+002 +8.209040391e+002 +0.0000e+000 +0.0000e+000 +0.0000e+000 +0.0000e+000 +0.0000e+000
2 0 +4.979694283e+001 +7.822169428e+002 +7.822169428e+002 -3.5886e-001 -1.0310e+000 +1.3861e+000 +2.9256e+000 -9.3221e-001
72 0 +3.934657576e+001 +7.717665758e+002 +7.717665758e+002 -2.1195e-001 -4.1638e+000 +1.8546e-001 +4.0085e+000 -2.6755e+000
79 0 +3.694151654e+001 +7.693615165e+002 +7.693615165e+002 -2.3265e-001 -9.6988e-001 +2.8021e+000 +4.7701e-001 -3.2119e+000
167 0 +1.563317896e+001 +7.480531790e+002 +7.480531790e+002 -2.4895e+000 +7.4449e-001 +1.7600e+000 +1.0253e+000 -5.0000e+000
242 0 +1.480356968e+001 +7.472235697e+002 +7.472235697e+002 -2.8896e+000 -1.4289e+000 +4.8862e+000 +3.8859e+000 -2.2334e+000
743 0 +1.263826235e+001 +7.450582623e+002 +7.450582623e+002 -2.2835e+000 -1.2551e+000 +3.1596e+000 +2.2852e+000 -3.6082e+000
782 0 +8.659157489e+000 +7.410791575e+002 +7.410791575e+002 -3.0302e+000 -2.1741e+000 +2.8142e+000 +3.6519e+000 -2.9163e+000
809 0 +7.366368461e+000 +7.397863685e+002 +7.397863685e+002 -3.4878e+000 -2.4260e+000 +3.1997e+000 +3.2082e+000 -2.8069e+000
1104 0 +5.586877576e+000 +7.380068776e+002 +7.380068776e+002 -3.1747e+000 -2.2288e+000 +3.0985e+000 +3.3608e+000 -2.7110e+000
1270 0 +5.258464303e+000 +7.376784643e+002 +7.376784643e+002 -3.1498e+000 -2.2497e+000 +1.9682e+000 +3.2900e+000 -2.4815e+000
1495 0 +2.266047385e+000 +7.346860474e+002 +7.346860474e+002 -2.8398e+000 -2.6272e+000 +2.1528e+000 +3.5855e+000 -2.6591e+000
1815 0 +1.670648664e+000 +7.340906487e+002 +7.340906487e+002 -2.6670e+000 -2.6336e+000 +2.2481e+000 +3.6145e+000 -2.7256e+000
2669 0 +1.558017082e+000 +7.339780171e+002 +7.339780171e+002 -2.6026e+000 -2.5788e+000 +2.2114e+000 +3.6204e+000 -2.6734e+000
2704 0 +1.143592851e+000 +7.335635929e+002 +7.335635929e+002 -2.6188e+000 -2.6012e+000 +2.2251e+000 +3.6216e+000 -2.6939e+000
2928 0 +1.096539635e+000 +7.335165396e+002 +7.335165396e+002 -2.7689e+000 -2.5487e+000 +2.1520e+000 +3.5452e+000 -2.7208e+000
3228 0 +7.971085272e-001 +7.332171085e+002 +7.332171085e+002 -2.6578e+000 -2.5987e+000 +2.2101e+000 +3.6096e+000 -2.6984e+000
7678 0 +7.847832619e-001 +7.332047833e+002 +7.332047833e+002 -2.6872e+000 -2.5837e+000 +2.2105e+000 +3.6304e+000 -2.7025e+000
8178 0 +7.705099652e-001 +7.331905100e+002 +7.331905100e+002 -2.6635e+000 -2.5986e+000 +2.2056e+000 +3.6112e+000 -2.7043e+000
8204 0 +6.050753507e-001 +7.330250754e+002 +7.330250754e+002 -2.6873e+000 -2.5975e+000 +2.1886e+000 +3.6167e+000 -2.7096e+000
% f evaluations | g evaluations | best noise-free fitness - Fopt (3.542000000000e+001) + sum g_i+ | measured fitness | best measured fitness or single-digit g-values | x1 | x2...
1 0 +7.129604431e+001 +1.067160443e+002 +1.067160443e+002 +0.0000e+000 +0.0000e+000 +0.0000e+000 +0.0000e+000 +0.0000e+000
6 0 +5.184291350e+001 +8.726291350e+001 +8.726291350e+001 -1.3152e-001 +2.8835e+000 -3.3693e+000 +2.3038e+000 +2.1801e+000
24 0 +2.083494468e+001 +5.625494468e+001 +5.625494468e+001 +3.5246e+000 -4.4962e+000 -4.3429e-001 +5.3198e-001 +1.8850e+000
113 0 +1.823116861e+001 +5.365116861e+001 +5.365116861e+001 +2.2575e+000 +8.4954e-001 -2.8582e+000 +2.0774e+000 -1.4363e+000
249 0 +1.069395160e+001 +4.611395160e+001 +4.611395160e+001 +2.1351e+000 -1.3877e+000 -1.9649e+000 +4.7372e-001 +1.6644e+000
334 0 +6.306197283e+000 +4.172619728e+001 +4.172619728e+001 +2.2086e+000 -8.6450e-001 -2.1228e+000 +7.5548e-001 +1.7750e+000
763 0 +3.717266686e+000 +3.913726669e+001 +3.913726669e+001 +2.2842e+000 -1.0155e+000 -1.8317e+000 +5.2434e-001 +1.7042e+000
1283 0 +2.460014428e+000 +3.788001443e+001 +3.788001443e+001 +2.1597e+000 -9.5029e-001 -1.9577e+000 +8.3201e-001 +1.5583e+000
3128 0 +2.069128034e+000 +3.748912803e+001 +3.748912803e+001 +2.2878e+000 -8.1674e-001 -1.8516e+000 +6.1402e-001 +1.3852e+000
3828 0 +1.793805869e+000 +3.721380587e+001 +3.721380587e+001 +2.2453e+000 -8.6104e-001 -1.8869e+000 +6.8641e-001 +1.4426e+000
4468 0 +1.521632856e+000 +3.694163286e+001 +3.694163286e+001 +2.2289e+000 -9.1217e-001 -1.9369e+000 +5.7554e-001 +1.3627e+000
5645 0 +1.291844065e+000 +3.671184406e+001 +3.671184406e+001 +2.2608e+000 -8.5715e-001 -2.0337e+000 +5.8394e-001 +1.2865e+000
6942 0 +1.217984210e+000 +3.663798421e+001 +3.663798421e+001 +2.2586e+000 -9.2314e-001 -1.9210e+000 +5.2424e-001 +1.3764e+000
6978 0 +1.143287352e+000 +3.656328735e+001 +3.656328735e+001 +2.2656e+000 -8.5147e-001 -2.0220e+000 +5.7669e-001 +1.2856e+000
